//Version: PianoFingering_v170101
1	0.000000	0.394737	E4	90	80	0	1	-0.925785
2	0.000000	0.250000	E3	90	80	1	-5	-0.504576
3	0.250000	1.250000	D#4	90	80	1	-1	-5.964413
4	0.394737	0.789474	A4	90	80	0	2	-2.963617
5	0.789474	1.184211	B4	90	80	0	3	-2.675961
6	1.184211	1.578947	C5	90	80	0	4	-2.883688
7	1.250000	2.250000	C#4	90	80	1	-2	-2.745489
8	1.578947	1.776316	B4	90	80	0	3	-2.238713
9	1.776316	1.973684	A4	90	80	0	2	-2.287533
10	1.973684	2.368421	G4	90	80	0	1	-2.609267
11	2.250000	2.750000	C4	90	80	1	-3	-3.281947
12	2.368421	2.960526	A4	90	80	0	2	-2.867384
13	2.750000	3.000000	B-3	90	80	1	-4	-4.210732
14	2.960526	3.157895	B4	90	80	0	3	-2.675961
15	3.157895	3.552632	C5	90	80	0	4	-2.883688
16	3.250000	3.500000	G3	90	80	1	-5	-4.987940
17	3.500000	4.750000	F#4	90	80	1	-2	-6.336491
18	3.552632	3.947368	B4	90	80	0	3	-2.238713
19	3.947368	4.342105	G4	90	80	0	2	-3.674662
20	4.342105	5.131579	A4	90	80	0	3	-2.675961
21	4.750000	5.500000	F4	90	80	1	-1	-3.931111
22	5.131579	5.526316	E4	90	80	0	1	-2.905888
23	5.500000	6.000000	E-4	90	80	1	-2	-3.299403
24	5.526316	5.921053	C5	90	80	0	2	-5.302163
25	5.921053	6.315789	D5	90	80	0	3	-2.675961
26	6.000000	6.250000	C#4	90	80	1	-3	-2.891080
27	6.315789	6.710526	E5	90	80	0	4	-2.883688
28	6.500000	6.750000	B3	90	80	1	-4	-4.404178
29	6.710526	6.907895	D5	90	80	0	3	-2.238713
30	6.750000	7.500000	G#4	90	80	1	-1	-4.244654
31	6.907895	7.105263	C5	90	80	0	2	-2.287533
32	7.105263	7.500000	A4	90	80	0	1	-3.157580
33	7.500000	8.092105	C5	90	80	0	2	-2.525967
34	7.750000	8.000000	G#3	90	80	1	-5	-2.314770
35	8.000000	8.750000	F4	90	80	1	-1	-5.006981
36	8.092105	8.289474	D5	90	80	0	3	-2.675961
37	8.289474	8.684211	E5	90	80	0	4	-2.883688
38	8.684211	9.078947	D5	90	80	0	3	-2.238713
39	9.000000	9.250000	F#3	90	80	1	-5	-4.582913
40	9.078947	9.473684	B4	90	80	0	2	-3.674662
41	9.250000	9.500000	D#4	90	80	1	-1	-4.009362
42	9.473684	10.263158	C5	90	80	0	3	-2.675961
43	9.500000	9.750000	B3	90	80	1	-2	-4.597368
44	9.750000	10.000000	A3	90	80	1	-3	-2.891080
45	10.250000	10.500000	E3	90	80	1	-5	-4.227379
46	10.263158	10.657895	G4	90	80	0	1	-2.905888
47	10.500000	10.750000	A3	90	80	1	-3	-3.463793
48	10.657895	11.250000	E5	90	80	0	2	-5.302163
49	10.750000	11.000000	B3	90	80	1	-2	-2.510186
50	11.000000	11.250000	C4	90	80	1	-1	-2.578439
51	11.250000	11.447368	F#5	90	80	0	3	-3.409656
52	11.250000	11.375000	B3	90	80	1	-2	-2.745489
53	11.375000	11.500000	A3	90	80	1	-3	-2.891080
54	11.447368	11.842105	G5	90	80	0	4	-3.868143
55	11.500000	11.750000	G3	90	80	1	-4	-3.061136
56	11.750000	12.125000	A3	90	80	1	-3	-2.915060
57	11.842105	12.039474	F#5	90	80	0	3	-3.226506
58	12.039474	12.236842	E5	90	80	0	2	-3.286699
59	12.125000	12.250000	B3	90	80	1	-2	-2.510186
60	12.236842	12.631579	D5	90	80	0	1	-2.609267
61	12.250000	12.500000	C4	90	80	1	-1	-2.578439
62	12.500000	12.750000	B3	90	80	1	-2	-2.745489
63	12.631579	13.223684	E5	90	80	0	2	-2.867384
64	12.750000	13.000000	G3	90	80	1	-3	-4.063676
65	13.000000	13.250000	A3	90	80	1	-2	-2.510186
66	13.223684	13.421053	D5	90	80	0	1	-2.609267
67	13.250000	13.500000	E3	90	80	1	-4	-4.045906
68	13.421053	13.815789	C5	90	80	0	3	-4.737465
69	13.500000	13.750000	G3	90	80	1	-2	-2.359478
70	13.750000	14.000000	C4	90	80	1	-1	-2.320150
71	13.815789	14.013158	D5	90	80	0	4	-2.883688
72	14.000000	14.250000	D4	90	80	1	-3	-4.611792
73	14.013158	14.210526	C5	90	80	0	3	-2.238713
74	14.210526	14.605263	B4	90	80	0	2	-2.287533
75	14.250000	14.500000	E-4	90	80	1	-2	-3.081523
76	14.500000	14.625000	D4	90	80	1	-1	-3.931111
77	14.605263	15.000000	C5	90	80	0	3	-2.675961
78	14.625000	14.750000	C4	90	80	1	-2	-2.745489
79	14.750000	15.000000	B-3	90	80	1	-3	-3.464153
80	15.000000	15.394737	B4	90	80	0	2	-2.287533
81	15.000000	15.375000	C4	90	80	1	-2	-2.872099
82	15.375000	15.500000	D4	90	80	1	-1	-2.578439
83	15.394737	15.789474	A4	90	80	0	1	-2.609267
84	15.500000	15.750000	E-4	90	80	1	-2	-4.643648
85	15.750000	16.000000	D4	90	80	1	-1	-3.931111
86	15.789474	16.184211	B4	90	80	0	2	-2.867384
87	16.000000	16.250000	B-3	90	80	1	-3	-4.924354
88	16.184211	16.578947	G4	90	80	0	1	-3.157580
89	16.250000	16.500000	C4	90	80	1	-2	-2.872099
90	16.500000	16.750000	G3	90	80	1	-5	-3.713619
91	16.578947	16.973684	A4	90	80	0	2	-2.867384
92	16.750000	17.000000	B-3	90	80	1	-4	-4.807638
93	17.000000	17.125000	E-4	90	80	1	-2	-2.507290
94	17.125000	17.250000	F4	90	80	1	-1	-2.464298
95	17.250000	17.500000	G-4	90	80	1	-2	-4.643648
96	17.500000	17.875000	F4	90	80	1	-1	-3.931111
97	17.875000	18.000000	E-4	90	80	1	-2	-3.299403
98	18.000000	18.250000	D4	90	80	1	-3	-3.281947
99	18.250000	18.375000	E-4	90	80	1	-2	-3.081523
100	18.375000	18.500000	D4	90	80	1	-1	-3.931111
101	18.500000	18.750000	C4	90	80	1	-2	-2.745489
102	18.552632	18.947368	E4	90	80	0	1	-3.434905
103	18.750000	19.125000	D4	90	80	1	-1	-2.578439
104	18.947368	20.131579	C#5	90	80	0	5	-4.874096
105	19.125000	19.250000	C4	90	80	1	-2	-2.745489
106	19.250000	19.500000	B-3	90	80	1	-3	-3.464153
107	19.500000	19.750000	C4	90	80	1	-1	-3.288065
108	19.750000	20.000000	B-3	90	80	1	-2	-3.299403
109	20.000000	20.250000	A-3	90	80	1	-3	-2.891080
110	20.131579	20.526316	G4	90	80	0	2	-4.646957
111	20.250000	20.500000	G3	90	80	1	-1	-3.371140
112	20.500000	20.625000	F3	90	80	1	-2	-2.745489
113	20.526316	20.921053	A4	90	80	0	3	-2.675961
114	20.625000	20.750000	G3	90	80	1	-1	-2.578439
115	20.750000	21.000000	A3	90	80	1	-4	-5.653337
116	20.921053	21.315789	D4	90	80	0	1	-3.310457
117	21.250000	21.500000	B-3	63	80	1	-3	-2.906925
118	21.315789	21.710526	G4	90	80	0	3	-3.401091
119	21.500000	21.750000	E-4	63	80	1	-2	-3.936874
120	21.710526	22.500000	F#4	90	80	0	2	-3.151465
121	21.750000	22.000000	F4	63	80	1	-1	-2.464298
122	22.000000	22.250000	G-4	63	80	1	-2	-4.643648
123	22.250000	22.500000	F4	63	80	1	-1	-3.931111
124	22.500000	22.894737	E4	90	80	0	1	-3.360143
125	22.500000	22.750000	B-3	63	80	1	-4	-4.339145
126	22.750000	23.000000	E-4	63	80	1	-1	-3.219441
127	23.000000	23.250000	D-4	63	80	1	-2	-2.745489
128	23.250000	23.500000	C4	63	80	1	-3	-3.281947
129	23.500000	23.750000	D-4	63	80	1	-2	-3.081523
130	23.684211	24.078947	G4	90	80	0	2	-2.525967
131	23.750000	24.000000	G-3	63	80	1	-5	-3.155341
132	24.000000	24.250000	C4	63	80	1	-2	-4.656382
133	24.078947	25.263158	E5	90	80	0	5	-3.767315
134	24.250000	24.500000	B-3	63	80	1	-3	-3.464153
135	24.500000	24.750000	A-3	63	80	1	-4	-3.061136
136	24.750000	25.000000	G3	63	80	1	-1	-4.652270
137	25.000000	25.250000	F3	63	80	1	-2	-2.745489
138	25.250000	25.750000	A3	63	80	1	-1	-2.415329
139	25.263158	25.657895	B-4	90	80	0	2	-4.412763
140	25.657895	26.052632	C5	90	80	0	4	-3.580467
141	26.052632	26.447368	F4	90	80	0	1	-2.857522
142	26.447368	26.842105	B-4	90	80	0	3	-3.998423
143	26.842105	27.631579	A4	90	80	0	2	-2.803601
144	27.631579	28.026316	G4	90	80	0	1	-2.609267
145	28.421053	28.815789	B-4	90	80	0	2	-3.246278
146	28.815789	30.000000	B-4	90	80	0	2	-4.554564
147	28.815789	30.000000	G5	90	80	0	5	-4.457166
148	30.394737	30.789474	A-4	90	80	0	1	-4.221033
149	30.789474	31.973684	A-4	90	80	0	2	-4.712397
150	30.789474	31.973684	F5	90	80	0	5	-4.457166
151	32.763158	33.157895	F4	90	80	0	1	-1.922714
152	33.157895	33.552632	F4	90	80	0	1	-4.507997
153	33.157895	33.552632	D5	90	80	0	5	-3.707830
154	33.947368	34.342105	E4	90	80	0	1	-3.027253
155	33.947368	34.342105	C#5	90	80	0	4	-4.568866
156	35.921053	36.315789	B-4	90	80	0	2	-3.359779
157	36.315789	37.105263	B-4	90	80	0	2	-4.554564
158	36.315789	37.105263	G5	90	80	0	5	-4.457166
159	37.894737	38.289474	A4	90	80	0	1	-3.027253
160	38.289474	39.078947	A4	90	80	0	1	-4.507997
161	38.289474	39.078947	G-5	90	80	0	4	-4.568866
162	39.868421	40.263158	C5	90	80	0	1	-3.845468
163	39.868421	40.263158	D5	90	80	0	2	-2.867384
164	40.263158	41.052632	B4	90	80	0	1	-3.157580
165	40.263158	41.052632	F5	90	80	0	4	-4.054949
166	41.052632	41.842105	C#5	90	80	0	2	-3.901124
167	41.052632	41.842105	E5	90	80	0	3	-3.265372
