//Version: PianoFingering_v170101
1	0.000000	1.250000	E-3	63	80	1	-5	-0.504576
2	0.272727	0.545455	A3	90	80	0	1	-0.925785
3	0.545455	0.818182	B3	90	80	0	2	-2.867384
4	0.818182	1.090909	C4	90	80	0	3	-2.675961
5	1.090909	1.636364	D4	90	80	0	4	-2.883688
6	1.250000	1.500000	A-3	63	80	1	-2	-3.272976
7	1.500000	1.750000	G-3	63	80	1	-3	-2.891080
8	1.636364	2.454545	A3	90	80	0	2	-3.266530
9	1.750000	2.000000	F3	63	80	1	-1	-3.371140
10	2.000000	3.250000	E-3	63	80	1	-2	-3.299403
11	2.454545	2.727273	A3	90	80	0	2	-4.554564
12	2.727273	3.000000	B3	90	80	0	3	-2.675961
13	3.000000	3.272727	C4	90	80	0	4	-2.883688
14	3.250000	3.500000	E-3	63	80	1	-2	-3.999177
15	3.272727	3.545455	D4	90	80	0	5	-2.706622
16	3.500000	3.750000	F3	63	80	1	-1	-2.464298
17	3.545455	3.818182	C4	90	80	0	4	-2.814339
18	3.750000	4.000000	G-3	63	80	1	-2	-4.643648
19	3.818182	4.090909	B3	90	80	0	3	-2.238713
20	4.000000	4.500000	A-3	63	80	1	-1	-2.578439
21	4.090909	4.363636	A3	90	80	0	2	-2.287533
22	4.363636	4.636364	C4	90	80	0	3	-3.012122
23	4.500000	4.750000	E-3	63	80	1	-3	-3.831713
24	4.636364	4.909091	B3	90	80	0	2	-2.287533
25	4.909091	5.181818	A3	90	80	0	1	-2.609267
26	5.000000	6.250000	D4	63	80	1	-1	-6.473904
27	5.727273	6.000000	E-4	90	80	0	2	-5.017340
28	6.000000	6.272727	F4	90	80	0	3	-3.265372
29	6.250000	6.500000	A3	63	80	1	-4	-4.223116
30	6.272727	6.545455	G-4	90	80	0	4	-4.152325
31	6.500000	6.750000	B3	63	80	1	-3	-2.915060
32	6.545455	7.090909	A-4	90	80	0	5	-2.706622
33	6.750000	7.000000	C4	63	80	1	-2	-2.510186
34	7.000000	7.500000	D4	63	80	1	-1	-2.578439
35	7.090909	7.909091	E-4	90	80	0	2	-3.071676
36	7.500000	8.250000	A3	63	80	1	-4	-4.223116
37	7.909091	8.181818	E-4	90	80	0	1	-4.802885
38	8.181818	8.454545	F4	90	80	0	2	-3.493146
39	8.250000	8.500000	A3	63	80	1	-4	-5.412714
40	8.454545	8.727273	G-4	90	80	0	3	-3.190537
41	8.500000	8.750000	B3	63	80	1	-3	-2.915060
42	8.727273	9.000000	A-4	90	80	0	4	-2.883688
43	8.750000	9.000000	C4	63	80	1	-2	-2.510186
44	9.000000	9.272727	G-4	90	80	0	3	-2.238713
45	9.000000	9.750000	D4	63	80	1	-1	-2.578439
46	9.272727	9.545455	F4	90	80	0	2	-2.803601
47	9.545455	9.818182	E-4	90	80	0	1	-3.967913
48	9.750000	10.000000	C#4	63	80	1	-2	-3.720116
49	9.818182	10.090909	F4	90	80	0	2	-3.493146
50	10.000000	10.500000	D4	63	80	1	-1	-3.404249
51	10.090909	10.363636	G-4	90	80	0	3	-3.190537
52	10.363636	10.636364	E-4	90	80	0	1	-3.281335
53	10.500000	10.750000	B3	63	80	1	-2	-3.291596
54	10.636364	10.909091	F4	90	80	0	2	-3.493146
55	10.909091	11.181818	A-4	90	80	0	3	-3.409656
56	11.181818	11.454545	G-4	90	80	0	2	-2.287533
57	11.250000	11.500000	C4	63	80	1	-1	-2.578439
58	11.454545	11.727273	E-4	90	80	0	1	-3.157580
59	11.500000	11.750000	A3	63	80	1	-2	-3.291596
60	11.750000	12.000000	C4	63	80	1	-1	-2.415329
61	12.000000	13.363636	D-4	81	80	0	2	-4.891425
62	12.000000	13.000000	G3	63	80	1	-2	-3.456527
63	13.000000	13.250000	G3	63	80	1	-2	-3.999177
64	13.250000	13.500000	C4	63	80	1	-1	-2.320150
65	13.363636	13.636364	E-4	81	80	0	3	-2.675961
66	13.500000	13.750000	A3	63	80	1	-2	-3.291596
67	13.636364	13.909091	D-4	81	80	0	2	-2.287533
68	13.750000	14.000000	C4	63	80	1	-1	-2.415329
69	13.909091	14.181818	G-4	81	80	0	4	-2.909306
70	14.000000	14.500000	G3	63	80	1	-2	-3.456527
71	14.181818	15.000000	D-4	81	80	0	2	-3.266530
72	14.500000	14.750000	C4	63	80	1	-1	-2.320150
73	14.750000	15.000000	G3	63	80	1	-2	-3.456527
74	15.000000	15.272727	E-4	81	80	0	3	-2.675961
75	15.250000	15.500000	A3	63	80	1	-1	-2.578439
76	15.272727	15.545455	D-4	81	80	0	2	-2.287533
77	15.500000	15.750000	F#3	63	80	1	-2	-3.299403
78	15.545455	15.818182	G-4	81	80	0	4	-2.909306
79	15.750000	16.000000	A3	63	80	1	-1	-2.464298
80	15.818182	16.090909	D-4	81	80	0	2	-3.266530
81	16.000000	16.750000	E3	63	80	1	-4	-4.223116
82	16.090909	16.363636	E-4	81	80	0	3	-2.675961
83	16.363636	17.727273	B-3	81	80	0	1	-2.905888
84	16.750000	17.000000	A3	63	80	1	-2	-2.507290
85	17.000000	17.250000	F#3	63	80	1	-3	-3.464153
86	17.250000	17.500000	A3	63	80	1	-2	-2.872099
87	17.500000	18.000000	E3	63	80	1	-5	-3.713619
88	17.727273	18.000000	E-4	81	80	0	3	-3.401091
89	18.000000	18.272727	B-3	81	80	0	1	-2.905888
90	18.000000	19.000000	F#3	63	80	1	-4	-4.807638
91	18.272727	18.545455	C4	81	80	0	2	-3.493146
92	18.545455	19.363636	B-3	81	80	0	1	-3.967913
93	19.000000	20.000000	B4	63	80	1	-1	-6.822085
94	19.250000	19.500000	A-3	63	80	1	-4	-6.237620
95	19.363636	19.636364	C4	81	80	0	2	-3.493146
96	19.500000	19.750000	G-3	63	80	1	-1	-4.817923
97	19.750000	20.000000	F3	63	80	1	-2	-4.597368
98	19.909091	20.181818	E-4	81	80	0	4	-4.064995
99	20.000000	21.250000	E-3	63	80	1	-3	-3.464153
100	20.181818	20.454545	C4	81	80	0	3	-3.914844
101	20.454545	20.727273	B-3	81	80	0	2	-3.032881
102	20.727273	21.818182	A3	81	80	0	1	-3.290753
103	21.250000	21.500000	A-3	63	80	1	-1	-2.717521
104	21.500000	21.750000	G-3	63	80	1	-2	-2.745489
105	21.750000	22.000000	F3	63	80	1	-1	-3.931111
106	21.818182	22.090909	A3	81	80	0	2	-4.712397
107	22.000000	22.500000	E-3	63	80	1	-2	-3.299403
108	22.090909	22.363636	D4	81	80	0	5	-3.228870
109	22.363636	22.636364	C4	81	80	0	4	-2.814339
110	22.500000	22.750000	A-3	63	80	1	-1	-2.320150
111	22.636364	22.909091	B3	81	80	0	3	-2.238713
112	22.750000	23.000000	G-3	63	80	1	-2	-2.745489
113	22.909091	23.454545	A3	81	80	0	2	-2.287533
114	23.000000	23.250000	F3	63	80	1	-3	-3.281947
115	23.250000	23.500000	G-3	63	80	1	-2	-3.081523
116	23.454545	24.272727	D4	81	80	0	4	-2.909306
117	23.500000	24.000000	E-3	63	80	1	-4	-3.718276
118	24.000000	24.500000	A-3	63	80	1	-2	-2.507290
119	24.272727	24.545455	C4	81	80	0	3	-2.238713
120	24.500000	24.750000	G-3	63	80	1	-3	-2.891080
121	24.545455	24.818182	B3	81	80	0	2	-2.287533
122	24.818182	25.090909	C4	81	80	0	3	-2.675961
123	25.090909	25.636364	A3	81	80	0	2	-3.674662
124	25.250000	25.500000	E4	63	80	1	-1	-4.531747
125	25.500000	25.750000	C#4	63	80	1	-2	-3.299403
126	25.636364	25.909091	D4	81	80	0	4	-2.909306
127	25.750000	26.000000	D4	63	80	1	-1	-3.404249
128	25.909091	26.181818	C4	81	80	0	3	-2.238713
129	26.000000	26.750000	B3	63	80	1	-2	-3.291596
130	26.181818	26.454545	B3	81	80	0	2	-2.287533
131	26.454545	26.727273	C4	81	80	0	3	-2.675961
132	26.727273	27.000000	A3	81	80	0	1	-3.281335
133	26.750000	27.000000	E4	63	80	1	-1	-2.320150
134	27.000000	27.250000	C#4	63	80	1	-2	-3.299403
135	27.250000	27.500000	D4	63	80	1	-1	-3.404249
136	27.272727	28.636364	F4	99	80	0	2	-5.302163
137	27.500000	28.250000	B3	63	80	1	-2	-3.291596
138	28.250000	28.500000	D4	63	80	1	-1	-2.415329
139	28.500000	28.750000	B3	63	80	1	-2	-3.291596
140	28.636364	28.909091	A-4	99	80	0	3	-3.409656
141	28.750000	29.000000	C#4	63	80	1	-1	-3.101885
142	28.909091	29.181818	G4	99	80	0	2	-2.803601
143	29.000000	29.750000	A3	63	80	1	-2	-4.597368
144	29.181818	29.454545	B-4	99	80	0	3	-3.409656
145	29.454545	30.000000	F4	99	80	0	1	-3.996553
146	29.750000	30.000000	C4	63	80	1	-1	-2.415329
147	30.000000	30.272727	B-4	99	80	0	3	-3.998423
148	30.000000	30.250000	A3	63	80	1	-3	-4.276897
149	30.250000	30.500000	B-3	63	80	1	-2	-3.081523
150	30.272727	30.545455	G4	99	80	0	2	-3.286699
151	30.500000	31.000000	G3	63	80	1	-3	-4.407505
152	30.545455	31.363636	E-4	99	80	0	1	-3.898407
153	31.250000	31.500000	A3	63	80	1	-2	-2.510186
154	31.363636	31.636364	F4	99	80	0	2	-3.493146
155	31.500000	31.750000	F#3	63	80	1	-3	-3.464153
156	31.636364	31.909091	A-4	99	80	0	3	-3.409656
157	31.750000	32.000000	G3	63	80	1	-2	-3.642491
158	31.909091	32.181818	F4	99	80	0	2	-3.286699
159	32.000000	32.750000	E3	63	80	1	-4	-3.718276
160	32.181818	33.000000	D-4	99	80	0	1	-3.898407
161	32.750000	33.000000	F#3	63	80	1	-3	-3.762277
162	33.000000	33.272727	G-4	99	80	0	3	-3.401091
163	33.000000	33.500000	G3	63	80	1	-2	-3.642491
164	33.272727	33.545455	D-4	99	80	0	1	-2.905888
165	33.545455	33.818182	E-4	99	80	0	2	-2.867384
166	33.818182	34.363636	B-3	99	80	0	1	-3.434905
167	34.250000	34.500000	A-3	45	80	1	-1	-4.284379
168	34.363636	34.636364	C4	99	80	0	2	-3.493146
169	34.500000	34.750000	G-3	45	80	1	-2	-2.745489
170	34.636364	34.909091	B-3	99	80	0	1	-3.967913
171	34.750000	35.000000	F3	45	80	1	-3	-3.281947
172	35.000000	35.500000	A-3	45	80	1	-2	-3.407298
173	35.454545	36.000000	E-4	99	80	0	3	-3.401091
174	35.500000	36.250000	E-3	45	80	1	-5	-3.713619
175	36.000000	36.545455	B-3	99	80	0	1	-2.905888
176	36.250000	36.500000	E-3	45	80	1	-5	-4.242005
177	36.500000	36.750000	F3	45	80	1	-3	-4.282909
178	36.545455	37.090909	C4	99	80	0	2	-3.493146
179	36.750000	37.000000	G-3	45	80	1	-2	-3.081523
180	37.000000	37.500000	A-3	45	80	1	-1	-2.578439
181	37.090909	38.181818	A3	99	80	0	1	-3.157580
182	37.500000	38.250000	E-3	45	80	1	-2	-3.456527
183	38.181818	38.454545	A3	99	80	0	1	-4.507997
184	38.250000	38.500000	F3	45	80	1	-1	-2.464298
185	38.454545	38.727273	A3	63	80	0	2	-4.712397
186	38.500000	38.750000	G-3	45	80	1	-2	-4.643648
187	38.727273	39.000000	B3	63	80	0	3	-2.675961
188	38.750000	39.000000	A-3	45	80	1	-1	-2.578439
189	39.000000	39.272727	C4	63	80	0	4	-2.883688
190	39.000000	39.500000	E-3	45	80	1	-2	-3.456527
191	39.272727	39.818182	D4	63	80	0	5	-2.706622
192	39.500000	39.750000	F3	45	80	1	-1	-2.464298
193	39.750000	40.000000	G-3	45	80	1	-2	-4.643648
194	39.818182	40.636364	A3	63	80	0	2	-3.071676
195	40.000000	40.250000	A-3	45	80	1	-1	-2.578439
196	40.250000	40.500000	E-3	45	80	1	-3	-3.831713
197	40.500000	40.750000	F3	45	80	1	-2	-2.872099
198	40.636364	40.909091	B3	63	80	0	3	-2.675961
199	40.750000	41.000000	A-3	45	80	1	-1	-3.101885
200	40.909091	41.181818	C4	63	80	0	4	-2.883688
201	41.000000	42.500000	G-3	45	80	1	-2	-2.745489
202	41.181818	41.454545	D4	63	80	0	5	-2.706622
203	41.454545	41.727273	C4	63	80	0	4	-2.814339
204	41.727273	42.000000	B3	63	80	0	3	-2.238713
205	42.000000	42.545455	A3	63	80	0	2	-2.287533
206	42.500000	43.000000	D-3	45	80	1	-4	-4.045906
207	42.545455	42.818182	D4	63	80	0	4	-2.909306
208	42.818182	43.090909	C4	63	80	0	3	-2.238713
209	43.000000	44.000000	E-3	45	80	1	-3	-2.915060
210	43.090909	43.363636	B3	63	80	0	2	-2.287533
211	43.363636	43.636364	A3	63	80	0	1	-2.609267
212	43.636364	43.909091	B3	63	80	0	2	-2.867384
213	43.909091	44.181818	C4	63	80	0	3	-2.675961
214	44.181818	44.454545	D4	63	80	0	4	-2.883688
215	44.454545	44.727273	B3	63	80	0	2	-3.359779
216	44.727273	45.272727	C4	63	80	0	3	-2.675961
217	45.272727	45.818182	G3	63	80	0	1	-2.905888
218	45.818182	48.000000	A3	63	80	0	2	-2.867384
