//Version: PianoFingering_v170101
1	0.000000	1.500000	B3	90	80	1	-5	-0.504576
2	0.000000	1.500000	D4	90	80	1	-3	-3.170876
3	0.000000	1.500000	F#4	90	80	1	-2	-3.749711
4	1.090909	1.636364	B2	90	80	0	1	-0.925785
5	1.090909	1.636364	D#3	90	80	0	2	-3.275273
6	1.090909	1.636364	F#3	90	80	0	4	-2.758588
7	1.636364	2.181818	F#5	63	80	0	5	-14.692240
8	2.181818	2.727273	D#5	63	80	0	3	-3.509161
9	2.727273	3.272727	F#5	63	80	0	5	-2.681011
10	3.272727	3.818182	D#5	63	80	0	3	-3.509161
11	3.818182	4.909091	B4	63	80	0	1	-3.996553
12	4.909091	5.454545	C#5	63	80	0	2	-3.246278
13	5.454545	5.727273	A4	63	80	0	1	-4.134704
14	5.727273	6.000000	B4	63	80	0	2	-2.867384
15	6.000000	6.272727	C#5	63	80	0	4	-4.064995
16	6.272727	6.545455	A4	63	80	0	2	-4.058569
17	6.545455	7.636364	B4	63	80	0	3	-2.675961
18	7.636364	9.272727	B4	63	80	0	3	-4.378151
19	9.272727	9.818182	B2	90	80	0	1	-8.219875
20	9.272727	9.818182	D#3	90	80	0	2	-3.275273
21	9.272727	9.818182	F#3	90	80	0	4	-2.758588
22	9.818182	10.363636	F#5	127	80	0	4	-14.784565
23	10.363636	10.636364	D#5	127	80	0	2	-3.359779
24	10.636364	10.909091	E5	127	80	0	1	-4.072488
25	10.909091	11.181818	F#5	127	80	0	2	-3.246278
26	11.181818	11.454545	G#5	127	80	0	3	-2.675961
27	11.454545	11.727273	F#5	127	80	0	2	-2.287533
28	11.727273	12.000000	D#5	127	80	0	1	-3.157580
29	12.000000	12.272727	F#5	127	80	0	2	-2.525967
30	12.272727	12.545455	D#5	127	80	0	1	-3.157580
31	12.545455	13.090909	C#5	127	80	0	3	-4.737465
32	13.090909	13.363636	E5	127	80	0	5	-3.635747
33	13.363636	13.636364	D#5	127	80	0	4	-3.640665
34	13.636364	13.909091	C#5	127	80	0	3	-2.238713
35	13.909091	14.454545	B4	127	80	0	2	-3.286699
36	14.454545	14.727273	A4	127	80	0	1	-2.609267
37	14.727273	15.272727	C#5	127	80	0	2	-3.275273
38	15.272727	15.454545	A4	127	80	0	1	-4.134704
39	15.454545	15.636364	B4	127	80	0	2	-2.867384
40	15.636364	15.818182	C#5	127	80	0	3	-3.409656
41	15.818182	16.000000	E5	127	80	0	4	-4.111873
42	16.000000	16.181818	D#5	127	80	0	3	-3.226506
43	16.000000	16.500000	A4	90	80	1	-1	-2.464298
44	16.181818	16.363636	C#5	127	80	0	2	-2.287533
45	16.363636	16.636364	B4	127	80	0	1	-3.360143
46	16.500000	22.500000	B3	90	80	1	-5	-3.181034
47	16.500000	22.500000	D4	90	80	1	-3	-3.170876
48	16.500000	22.500000	F4	90	80	1	-2	-3.046717
49	16.500000	22.500000	A4	90	80	1	-1	-2.415329
50	16.636364	16.909091	G#4	127	80	0	3	-5.389440
51	16.909091	18.000000	B4	127	80	0	5	-3.635747
52	18.000000	18.545455	D3	90	80	0	1	-6.163296
53	18.000000	18.545455	F3	90	80	0	2	-2.525967
54	18.000000	18.545455	A3	90	80	0	4	-2.758588
55	18.545455	19.090909	F5	63	80	0	2	-14.696216
56	19.090909	19.636364	A5	63	80	0	4	-2.758588
57	19.636364	20.181818	F5	63	80	0	2	-3.359779
58	20.181818	20.727273	D5	63	80	0	1	-3.157580
59	20.727273	21.272727	B4	63	80	0	3	-5.936950
60	21.272727	21.818182	D5	63	80	0	5	-2.681011
61	21.818182	22.909091	D5	63	80	0	5	-4.495609
62	22.500000	24.000000	B3	90	80	1	-5	-3.181034
63	22.500000	24.000000	D4	90	80	1	-3	-3.170876
64	22.500000	24.000000	F4	90	80	1	-2	-3.046717
65	22.500000	24.000000	A4	90	80	1	-1	-2.415329
66	22.909091	23.181818	D3	90	80	0	1	-6.163296
67	22.909091	23.181818	F3	90	80	0	2	-2.525967
68	22.909091	23.181818	A3	90	80	0	3	-3.012122
69	23.181818	23.454545	E3	127	80	0	1	-2.905888
70	23.454545	24.000000	F3	90	80	0	2	-2.867384
71	23.454545	24.000000	A3	90	80	0	3	-3.012122
72	23.454545	24.000000	C4	90	80	0	4	-4.820507
73	24.000000	24.272727	F5	63	80	0	2	-7.368465
74	24.272727	24.545455	A5	63	80	0	3	-3.012122
75	24.545455	25.090909	C6	63	80	0	5	-2.681011
76	25.090909	25.363636	B5	63	80	0	4	-2.814339
77	25.363636	25.636364	C6	63	80	0	5	-2.706622
78	25.636364	25.909091	A5	63	80	0	3	-3.509161
79	25.909091	26.181818	F5	63	80	0	1	-3.281335
80	26.181818	26.454545	A5	63	80	0	2	-2.525967
81	26.454545	26.727273	F5	63	80	0	1	-3.157580
82	26.727273	27.000000	D5	63	80	0	3	-5.936950
83	27.000000	27.272727	B4	63	80	0	1	-3.281335
84	27.272727	27.818182	E5	63	80	0	2	-2.963617
85	27.818182	28.090909	F5	63	80	0	3	-2.675961
86	28.090909	28.363636	E-5	63	80	0	2	-3.032881
87	28.363636	28.636364	F5	63	80	0	3	-3.265372
88	28.636364	28.909091	D5	63	80	0	2	-3.674662
89	28.909091	30.000000	F5	63	80	0	4	-2.758588
90	30.000000	30.272727	F3	90	80	0	2	-7.368465
91	30.000000	30.272727	A3	90	80	0	3	-3.012122
92	30.000000	30.272727	C4	90	80	0	5	-2.681011
93	30.272727	30.545455	E3	127	80	0	2	-4.028221
94	30.545455	31.090909	D3	90	80	0	1	-2.609267
95	30.545455	31.090909	F3	90	80	0	2	-2.525967
96	30.545455	31.090909	A3	90	80	0	4	-2.758588
97	31.090909	31.227273	A5	127	80	0	2	-14.696216
98	31.227273	31.363636	B5	127	80	0	3	-2.675961
99	31.363636	31.500000	C6	127	80	0	4	-2.883688
100	31.500000	31.636364	B5	127	80	0	3	-2.238713
101	31.636364	31.772727	C6	127	80	0	4	-2.883688
102	31.772727	31.909091	B5	127	80	0	3	-2.238713
103	31.909091	32.045455	A5	127	80	0	2	-2.287533
104	32.045455	32.181818	B5	127	80	0	3	-2.675961
105	32.181818	32.318182	A5	127	80	0	2	-2.287533
106	32.318182	32.454545	B5	127	80	0	3	-2.675961
107	32.454545	32.590909	C6	127	80	0	4	-2.883688
108	32.590909	32.727273	D6	127	80	0	5	-2.706622
109	32.727273	32.863636	C6	127	80	0	4	-2.814339
110	32.863636	33.000000	B5	127	80	0	3	-2.238713
111	33.000000	33.136364	C6	127	80	0	4	-2.883688
112	33.000000	34.000000	D4	90	80	1	-2	-4.659581
113	33.136364	33.272727	B5	127	80	0	3	-2.238713
114	33.272727	33.409091	A#5	127	80	0	2	-3.151465
115	33.409091	33.545455	B5	127	80	0	1	-4.072488
116	33.545455	33.681818	C6	127	80	0	2	-2.867384
117	33.681818	33.818182	D6	127	80	0	3	-2.675961
118	33.818182	34.363636	E6	127	80	0	4	-2.883688
119	34.000000	41.500000	D4	90	80	1	-2	-3.999177
120	34.363636	34.567718	G#5	81	80	0	1	-3.577835
121	34.567718	34.771800	F#5	81	80	0	3	-4.737465
122	34.771800	34.975881	G#5	81	80	0	4	-2.883688
123	34.975881	35.179963	F#5	81	80	0	3	-2.238713
124	35.179963	35.384045	D#5	81	80	0	2	-3.674662
125	35.384045	35.588126	C#5	81	80	0	1	-2.609267
126	35.588126	35.894249	D#5	81	80	0	2	-2.867384
127	35.894249	36.200371	F#5	81	80	0	4	-2.758588
128	39.194805	39.467532	D3	90	80	0	1	-7.338864
129	39.194805	39.467532	F3	90	80	0	3	-3.473158
130	39.194805	39.467532	A3	90	80	0	5	-2.681011
131	39.467532	39.740260	C3	127	80	0	2	-4.028221
132	39.740260	40.285714	B2	90	80	0	1	-2.609267
133	39.740260	40.285714	D3	90	80	0	2	-2.525967
134	39.740260	40.285714	F3	90	80	0	4	-2.758588
135	40.285714	40.422078	F5	63	80	0	4	-14.784565
136	40.422078	40.558442	E5	63	80	0	3	-2.238713
137	40.558442	40.694805	D5	63	80	0	2	-2.287533
138	40.694805	40.831169	E5	126	80	0	3	-2.675961
139	40.831169	40.967532	F5	126	80	0	4	-2.883688
140	40.967532	41.103896	E5	126	80	0	3	-2.238713
141	41.103896	41.240260	D5	126	80	0	2	-2.287533
142	41.240260	41.376623	C5	126	80	0	1	-2.609267
143	41.376623	41.922078	B4	63	80	0	4	-5.839612
144	41.922078	42.075139	G#3	127	80	0	1	-6.948157
145	42.000000	44.000000	G3	90	80	1	-5	-3.155341
146	42.000000	44.000000	B3	90	80	1	-3	-3.170876
147	42.000000	44.000000	D4	90	80	1	-2	-3.046717
148	42.075139	42.228200	A#3	127	80	0	2	-2.867384
149	42.228200	42.381262	C#4	127	80	0	4	-2.758588
150	42.381262	42.534323	A#3	127	80	0	2	-3.359779
151	42.534323	42.687384	C#4	127	80	0	4	-2.758588
152	42.687384	42.840445	A#3	127	80	0	2	-3.359779
153	42.840445	42.993506	G#3	127	80	0	1	-2.609267
154	42.993506	43.146568	A#3	127	80	0	2	-2.867384
155	43.146568	43.350649	C#4	127	80	0	3	-3.012122
156	43.350649	43.554731	D#4	127	80	0	4	-2.883688
157	43.554731	43.758813	F#4	127	80	0	5	-3.402079
158	43.758813	43.962894	D#4	127	80	0	3	-3.509161
159	43.962894	44.166976	C#4	127	80	0	2	-2.287533
160	44.166976	44.371058	D#4	127	80	0	3	-2.675961
161	44.371058	44.983302	C#4	127	80	0	2	-2.287533
162	44.500000	64.500000	B3	90	80	1	-4	-3.718276
163	44.500000	64.500000	D#4	90	80	1	-2	-3.159098
164	44.500000	64.500000	F#4	90	80	1	-1	-2.415329
165	44.983302	45.289425	A#3	127	80	0	1	-3.157580
166	45.595547	46.207792	G2	99	80	0	2	-8.642198
167	46.207792	47.432282	G2	99	80	0	1	-4.802885
168	47.432282	47.912282	G4	90	80	0	1	-7.395652
169	47.432282	47.912282	B4	90	80	0	2	-2.525967
170	47.432282	47.912282	D5	90	80	0	4	-2.758588
171	47.912282	48.392282	F4	126	80	0	1	-2.969918
172	48.392282	48.872282	A4	90	80	0	2	-2.525967
173	48.392282	48.872282	B4	90	80	0	3	-2.675961
174	48.392282	48.872282	D5	90	80	0	5	-2.681011
175	48.872282	49.352282	G4	126	80	0	2	-3.263552
176	49.352282	50.312282	B4	90	80	0	3	-3.012122
177	49.352282	50.312282	D5	90	80	0	5	-2.681011
178	50.312282	50.585009	G2	90	80	0	1	-6.163296
179	50.312282	50.585009	B2	90	80	0	2	-2.525967
180	50.312282	50.585009	D#3	90	80	0	4	-3.522723
181	50.585009	50.857737	A2	126	80	0	1	-3.845468
182	50.857737	51.130464	B2	90	80	0	2	-2.867384
183	50.857737	51.130464	D#3	90	80	0	4	-3.522723
184	50.857737	51.130464	F#3	90	80	0	5	-3.402079
185	51.130464	51.403191	C#3	126	80	0	2	-3.071676
186	51.403191	51.675918	B2	90	80	0	1	-3.360143
187	51.403191	51.675918	D#3	90	80	0	2	-3.275273
188	51.403191	51.675918	F#3	90	80	0	4	-2.758588
189	51.675918	51.948646	A2	126	80	0	1	-3.493957
190	51.948646	52.494100	B2	126	80	0	2	-2.867384
191	52.494100	53.585009	D3	90	80	0	3	-3.012122
192	52.494100	53.585009	F3	90	80	0	4	-4.820507
193	52.494100	53.585009	A3	90	80	0	5	-3.402079
194	53.585009	54.032770	A4	90	80	0	1	-7.499323
195	53.585009	54.032770	C5	90	80	0	2	-2.525967
196	53.585009	54.032770	E5	90	80	0	3	-3.012122
197	54.032770	54.480532	B4	90	80	0	1	-2.905888
198	54.032770	54.480532	D5	90	80	0	2	-2.525967
199	54.032770	54.480532	F#5	90	80	0	4	-3.522723
200	54.480532	54.928293	C5	90	80	0	1	-3.845468
201	54.480532	54.928293	E5	90	80	0	2	-2.525967
202	54.480532	54.928293	G#5	90	80	0	4	-3.522723
203	54.928293	55.376054	D5	90	80	0	1	-3.845468
204	54.928293	55.376054	F5	90	80	0	2	-2.525967
205	54.928293	55.376054	A5	90	80	0	4	-2.758588
206	55.376054	55.823815	C5	90	80	0	1	-2.969918
207	55.376054	55.823815	E5	90	80	0	2	-2.525967
208	55.376054	55.823815	G5	90	80	0	4	-2.758588
209	55.823815	56.047696	B4	90	80	0	1	-2.969918
210	55.823815	56.047696	D#5	90	80	0	2	-3.275273
211	55.823815	56.047696	F#5	90	80	0	4	-2.758588
212	56.047696	56.271576	A4	90	80	0	1	-3.493957
213	56.047696	56.271576	C#5	90	80	0	2	-3.275273
214	56.047696	56.271576	E5	90	80	0	3	-3.265372
215	56.271576	56.719338	B4	90	80	0	1	-2.905888
216	56.271576	56.719338	D#5	90	80	0	2	-3.275273
217	56.271576	56.719338	F#5	90	80	0	4	-2.758588
218	56.719338	57.167099	D3	90	80	0	1	-7.338864
219	56.719338	57.167099	F3	90	80	0	3	-3.473158
220	56.719338	57.167099	A3	90	80	0	5	-2.681011
221	57.167099	57.614860	G2	90	80	0	1	-3.460971
222	57.167099	57.614860	B2	90	80	0	2	-2.525967
223	57.167099	57.614860	D3	90	80	0	3	-3.012122
224	57.614860	58.062621	A2	90	80	0	1	-2.905888
225	57.614860	58.062621	C#3	90	80	0	2	-3.275273
226	57.614860	58.062621	E3	90	80	0	3	-3.265372
227	58.062621	58.510382	B2	90	80	0	1	-2.905888
228	58.062621	58.510382	D#3	90	80	0	2	-3.275273
229	58.062621	58.510382	F#3	90	80	0	4	-2.758588
230	58.510382	58.958144	B4	90	80	0	1	-14.666617
231	58.510382	58.958144	D#5	90	80	0	2	-3.275273
232	58.510382	58.958144	F#5	90	80	0	4	-2.758588
233	58.958144	59.405905	A2	90	80	0	1	-7.338864
234	58.958144	59.405905	C3	90	80	0	1	-6.856287
235	58.958144	59.405905	E#3	90	80	0	2	-2.963617
236	59.405905	59.853666	C5	90	80	0	2	-7.910011
237	59.405905	59.853666	E5	90	80	0	3	-3.012122
238	59.405905	59.853666	G5	90	80	0	5	-2.681011
239	59.853666	60.301427	A2	90	80	0	1	-6.163296
240	59.853666	60.301427	C#3	90	80	0	2	-3.275273
241	59.853666	60.301427	E3	90	80	0	3	-3.265372
242	60.301427	61.196950	D5	90	80	0	1	-14.879915
243	60.301427	61.196950	F#5	90	80	0	2	-3.275273
244	60.301427	61.196950	A5	90	80	0	3	-3.265372
245	61.196950	61.644711	G#2	90	80	0	1	-8.219875
246	61.196950	61.644711	B2	90	80	0	2	-3.493146
247	61.196950	61.644711	D#3	90	80	0	3	-4.632489
248	62.092472	62.540233	C3	90	80	0	1	-3.984578
249	62.092472	62.540233	E3	90	80	0	1	-6.856287
250	62.092472	62.540233	G#3	90	80	0	2	-3.275273
251	62.540233	62.987994	E4	90	80	0	1	-7.413148
252	62.540233	62.987994	G#4	90	80	0	3	-3.998423
253	62.540233	62.987994	B4	90	80	0	5	-3.635747
254	63.211875	63.435756	A2	90	80	0	1	-6.163296
255	63.211875	63.435756	C#3	90	80	0	2	-3.275273
256	63.211875	63.435756	E3	90	80	0	3	-3.265372
257	63.435756	64.331278	B2	90	80	0	1	-2.905888
258	63.435756	64.331278	D#3	90	80	0	1	-7.395652
259	63.435756	64.331278	F#3	90	80	0	2	-2.525967
260	64.331278	64.484339	D4	90	80	0	1	-7.413148
261	64.331278	64.484339	F4	90	80	0	2	-2.525967
262	64.331278	64.484339	A4	90	80	0	3	-3.012122
263	64.331278	64.484339	C5	90	80	0	5	-2.681011
264	66.168013	66.321074	D4	90	80	0	1	-3.027253
265	66.168013	66.321074	F4	90	80	0	2	-2.525967
266	66.168013	66.321074	A4	90	80	0	3	-3.012122
267	66.168013	66.321074	C5	90	80	0	5	-2.681011
