//Version: PianoFingering_v170101
1	0.000000	0.250000	A2	126	80	1	-5	-0.504576
2	0.250000	0.500000	B2	126	80	1	-4	-3.907966
3	0.500000	0.750000	C3	126	80	1	-3	-2.915060
4	0.750000	1.000000	D3	126	80	1	-2	-2.510186
5	1.000000	1.250000	E3	126	80	1	-1	-2.578439
6	1.250000	1.500000	D3	126	80	1	-2	-2.745489
7	1.467391	1.630435	B3	126	80	0	1	-0.925785
8	1.500000	1.750000	C3	126	80	1	-3	-2.891080
9	1.630435	1.793478	C#4	126	80	0	2	-3.246278
10	1.750000	2.000000	B2	126	80	1	-4	-3.061136
11	1.793478	1.956522	D#4	126	80	0	3	-2.675961
12	1.956522	2.119565	E4	126	80	0	4	-3.868143
13	2.000000	2.250000	A2	126	80	1	-5	-3.249332
14	2.119565	2.282609	F#4	126	80	0	5	-4.070264
15	2.250000	4.250000	B2	126	80	1	-4	-3.907966
16	2.282609	2.445652	E4	126	80	0	4	-4.503222
17	2.445652	2.608696	D#4	126	80	0	3	-3.226506
18	2.608696	2.771739	C#4	126	80	0	2	-2.287533
19	2.771739	2.934783	B3	126	80	0	1	-3.360143
20	2.934783	4.239130	E4	126	80	0	3	-3.401091
21	4.239130	4.402174	C#4	126	80	0	2	-3.032881
22	4.250000	4.500000	D3	126	80	1	-2	-2.359478
23	4.402174	4.565217	D#4	126	80	0	3	-2.675961
24	4.500000	4.750000	C3	126	80	1	-3	-2.891080
25	4.565217	4.728261	B3	126	80	0	1	-3.996553
26	4.728261	4.891304	D#4	126	80	0	2	-3.275273
27	4.750000	5.000000	B2	126	80	1	-4	-3.061136
28	4.891304	5.054348	E4	126	80	0	3	-3.686981
29	5.000000	5.250000	C3	126	80	1	-3	-2.915060
30	5.054348	5.217391	F#4	126	80	0	5	-3.990232
31	5.217391	5.380435	D#4	126	80	0	3	-3.509161
32	5.250000	5.500000	D3	126	80	1	-2	-2.510186
33	5.380435	5.543478	C#4	126	80	0	2	-2.287533
34	5.500000	5.750000	E3	126	80	1	-1	-2.578439
35	5.543478	5.706522	F#4	126	80	0	4	-2.909306
36	5.706522	5.869565	B3	126	80	0	1	-3.549056
37	5.750000	6.000000	C3	126	80	1	-2	-3.291596
38	5.869565	6.032609	E4	126	80	0	3	-3.401091
39	6.000000	6.250000	D3	126	80	1	-1	-2.578439
40	6.032609	6.195652	C#4	126	80	0	2	-3.032881
41	6.195652	6.358696	F#4	126	80	0	4	-2.909306
42	6.250000	6.500000	A2	126	80	1	-3	-3.831713
43	6.358696	6.521739	E4	126	80	0	3	-3.914844
44	6.500000	6.750000	E3	126	80	1	-1	-3.342645
45	6.521739	6.684783	C#4	126	80	0	2	-3.032881
46	6.684783	6.847826	E4	126	80	0	3	-3.265372
47	6.750000	8.750000	B2	126	80	1	-2	-3.456527
48	6.847826	7.010870	C#4	126	80	0	2	-3.032881
49	7.010870	7.173913	E4	126	80	0	3	-3.265372
50	7.173913	7.500000	F#4	126	80	0	4	-4.476680
51	7.500000	7.663043	E4	126	80	0	3	-3.914844
52	7.663043	7.826087	C#4	126	80	0	2	-3.032881
53	7.826087	7.989130	E4	126	80	0	3	-3.265372
54	7.989130	8.315217	C#4	126	80	0	2	-3.032881
55	8.315217	8.478261	E4	126	80	0	3	-3.265372
56	8.478261	8.641304	F4	126	80	0	4	-2.883688
57	8.641304	8.804348	C#4	126	80	0	2	-3.901124
58	8.750000	9.000000	D3	126	80	1	-1	-2.415329
59	8.804348	8.967391	E4	126	80	0	3	-3.265372
60	8.967391	9.130435	F4	126	80	0	4	-2.883688
61	9.000000	9.250000	C3	126	80	1	-2	-2.745489
62	9.130435	9.293478	C#4	126	80	0	2	-3.901124
63	9.250000	9.500000	A2	126	80	1	-3	-4.063676
64	9.293478	9.456522	E4	126	80	0	3	-3.265372
65	9.456522	9.782609	F#4	126	80	0	4	-4.476680
66	9.500000	9.750000	D3	126	80	1	-1	-2.717521
67	9.750000	10.000000	C3	126	80	1	-2	-2.745489
68	9.782609	9.945652	E4	126	80	0	3	-3.914844
69	9.945652	10.108696	C#4	126	80	0	2	-3.032881
70	10.000000	10.250000	A2	126	80	1	-4	-3.718276
71	10.108696	10.271739	E4	126	80	0	3	-3.265372
72	10.250000	10.500000	C3	126	80	1	-2	-2.359478
73	10.271739	10.597826	C#4	126	80	0	2	-3.032881
74	10.500000	10.750000	A2	126	80	1	-4	-3.718276
75	10.597826	10.760870	E4	126	80	0	3	-3.265372
76	10.750000	11.000000	C3	126	80	1	-2	-2.359478
77	10.760870	10.923913	C#4	126	80	0	2	-3.032881
78	10.923913	11.086957	E4	126	80	0	3	-3.265372
79	11.000000	11.500000	D3	126	80	1	-1	-2.578439
80	11.413043	11.576087	E4	126	80	0	3	-4.378151
81	11.500000	11.750000	C3	126	80	1	-2	-2.745489
82	11.576087	11.739130	C#4	126	80	0	2	-3.032881
83	11.739130	11.902174	B3	126	80	0	1	-3.360143
84	11.750000	12.000000	A2	126	80	1	-4	-3.718276
85	11.902174	12.065217	E4	126	80	0	3	-3.401091
86	12.000000	12.250000	C3	126	80	1	-2	-2.359478
87	12.065217	12.228261	C#4	126	80	0	2	-3.032881
88	12.228261	12.391304	B3	126	80	0	1	-3.360143
89	12.250000	12.750000	A2	126	80	1	-4	-3.718276
90	12.391304	12.554348	E4	126	80	0	3	-3.401091
91	12.554348	12.880435	C#4	126	80	0	2	-3.032881
92	12.750000	13.000000	C3	126	80	1	-2	-2.359478
93	12.880435	13.043478	B3	126	80	0	1	-3.360143
94	13.000000	13.250000	D3	126	80	1	-1	-2.578439
95	13.043478	13.206522	C#4	126	80	0	2	-3.246278
96	13.206522	13.369565	E4	126	80	0	3	-3.265372
97	13.250000	13.500000	A2	126	80	1	-4	-4.223116
98	13.369565	13.695652	C#4	126	80	0	2	-3.032881
99	13.500000	13.750000	C3	126	80	1	-2	-2.359478
100	13.695652	13.858696	B3	126	80	0	1	-3.360143
101	13.750000	14.000000	D3	126	80	1	-1	-2.578439
102	13.858696	18.750000	C#4	127	80	0	2	-3.246278
103	14.000000	14.250000	A2	126	80	1	-4	-4.223116
104	14.250000	14.500000	C3	126	80	1	-2	-2.359478
105	14.500000	15.000000	D3	126	80	1	-1	-2.578439
106	15.000000	15.250000	C3	126	80	1	-2	-2.745489
107	15.250000	15.500000	A2	126	80	1	-4	-3.718276
108	15.500000	15.750000	C3	126	80	1	-2	-2.359478
109	16.250000	16.500000	C3	126	80	1	-2	-3.999177
110	16.500000	16.750000	A2	126	80	1	-4	-3.718276
111	16.750000	17.000000	C3	126	80	1	-2	-2.359478
112	17.000000	17.500000	A2	126	80	1	-4	-3.718276
113	17.500000	17.750000	C3	126	80	1	-2	-2.359478
114	17.750000	18.000000	A2	126	80	1	-4	-3.718276
115	18.000000	18.250000	E3	126	80	1	-1	-2.959487
116	18.250000	18.500000	C3	126	80	1	-2	-3.291596
117	18.500000	18.750000	A2	126	80	1	-4	-3.718276
118	18.750000	19.000000	E3	126	80	1	-1	-2.959487
119	19.000000	19.250000	C3	126	80	1	-2	-3.291596
120	19.083333	19.416667	C#4	127	80	0	2	-4.554564
121	19.416667	19.750000	D#4	63	80	0	3	-2.675961
122	19.500000	19.750000	A2	126	80	1	-4	-3.718276
123	19.750000	20.083333	F#4	63	80	0	5	-2.681011
124	19.750000	20.000000	E3	126	80	1	-1	-2.959487
125	20.083333	20.416667	D#4	63	80	0	3	-3.509161
126	20.250000	20.500000	C3	126	80	1	-2	-3.291596
127	20.416667	20.750000	F#4	63	80	0	5	-2.681011
128	20.500000	20.750000	A2	126	80	1	-4	-3.718276
129	20.750000	21.416667	D#4	63	80	0	3	-3.509161
130	20.750000	21.250000	E3	126	80	1	-1	-2.959487
131	21.416667	21.750000	C#4	63	80	0	2	-2.287533
132	21.750000	22.000000	D3	126	80	1	-2	-2.745489
133	22.000000	22.250000	E3	126	80	1	-1	-2.578439
134	22.083333	22.416667	D#4	63	80	0	3	-2.675961
135	22.250000	22.500000	D3	126	80	1	-2	-2.745489
136	22.416667	22.750000	F#4	63	80	0	5	-2.681011
137	22.500000	23.000000	E3	126	80	1	-1	-2.578439
138	22.750000	24.416667	D#4	63	80	0	4	-4.387405
139	23.000000	23.250000	D3	126	80	1	-2	-2.745489
140	23.250000	23.500000	E3	126	80	1	-1	-2.578439
141	23.500000	23.750000	D3	126	80	1	-2	-2.745489
142	23.750000	24.250000	E3	126	80	1	-1	-2.578439
143	24.250000	24.500000	D3	126	80	1	-2	-2.745489
144	24.416667	24.750000	C#4	63	80	0	3	-2.238713
145	24.500000	24.750000	E3	126	80	1	-1	-2.578439
146	24.750000	25.416667	B3	63	80	0	2	-3.286699
147	24.750000	25.000000	D3	126	80	1	-2	-2.745489
148	25.000000	25.500000	E3	126	80	1	-1	-2.578439
149	25.416667	25.750000	C#4	63	80	0	3	-3.409656
150	25.500000	25.750000	D3	126	80	1	-2	-2.745489
151	25.750000	29.416667	D#4	63	80	0	4	-2.883688
152	25.750000	26.000000	E3	126	80	1	-1	-2.578439
153	26.000000	26.250000	D3	126	80	1	-2	-2.745489
154	26.250000	26.750000	E3	126	80	1	-1	-2.578439
155	26.750000	27.250000	D3	63	80	1	-4	-5.901873
156	28.750000	29.500000	C4	99	80	1	-1	-4.427076
157	29.416667	29.750000	C#4	63	80	0	3	-2.238713
158	29.500000	30.500000	A3	99	80	1	-2	-3.291596
159	29.750000	30.750000	D#4	63	80	0	4	-2.883688
160	30.500000	31.000000	E4	99	80	1	-1	-4.047397
161	31.000000	32.250000	A3	99	80	1	-4	-3.752799
162	31.416667	31.750000	F#3	63	80	0	1	-2.969918
163	31.750000	33.416667	D#3	63	80	0	3	-5.936950
164	32.250000	32.500000	C4	99	80	1	-2	-2.359478
165	32.500000	34.000000	E4	99	80	1	-1	-2.415329
166	33.416667	33.750000	C#3	63	80	0	2	-2.287533
167	34.000000	34.500000	C4	99	80	1	-2	-3.291596
168	34.083333	34.416667	B2	63	80	0	1	-3.360143
169	34.416667	34.750000	D#3	63	80	0	3	-3.998423
170	34.500000	34.750000	D4	99	80	1	-1	-2.578439
171	34.750000	36.083333	F#3	63	80	0	5	-2.681011
172	34.750000	35.000000	C4	99	80	1	-2	-2.745489
173	35.000000	35.500000	D4	99	80	1	-1	-2.578439
174	35.500000	36.000000	A3	99	80	1	-4	-4.223116
175	36.000000	36.250000	B3	99	80	1	-3	-2.915060
176	36.083333	36.416667	D#3	63	80	0	3	-3.509161
177	36.250000	37.500000	C4	99	80	1	-2	-2.510186
178	36.416667	36.750000	C#3	63	80	0	2	-2.287533
179	36.750000	37.416667	B2	63	80	0	1	-3.360143
180	37.416667	37.750000	C#3	63	80	0	2	-3.246278
181	37.500000	37.750000	D4	99	80	1	-1	-2.578439
182	37.750000	39.750000	D#3	63	80	0	3	-2.675961
183	37.750000	39.000000	A3	99	80	1	-4	-4.223116
184	39.000000	39.250000	C4	99	80	1	-2	-2.359478
185	39.250000	40.000000	E4	99	80	1	-1	-2.415329
186	39.750000	40.416667	D#3	63	80	0	3	-4.378151
187	40.000000	40.750000	A3	99	80	1	-5	-3.242781
188	40.416667	40.750000	F#3	63	80	0	5	-2.681011
189	40.750000	41.416667	D#3	63	80	0	3	-3.509161
190	41.000000	41.250000	A3	99	80	1	-5	-4.242005
191	41.250000	41.500000	C4	99	80	1	-3	-3.170876
192	41.416667	41.750000	C#3	63	80	0	2	-2.287533
193	41.500000	43.250000	E4	99	80	1	-1	-2.967507
194	41.750000	42.083333	B2	63	80	0	1	-3.360143
195	42.083333	42.416667	D#3	63	80	0	2	-3.275273
196	42.416667	42.750000	F#3	63	80	0	3	-3.012122
197	42.750000	45.416667	D#3	63	80	0	1	-3.281335
198	43.250000	43.500000	D4	99	80	1	-2	-2.745489
199	43.500000	43.750000	C4	99	80	1	-3	-2.891080
200	43.750000	44.250000	B3	99	80	1	-4	-3.061136
201	44.250000	44.500000	D4	99	80	1	-2	-2.359478
202	44.500000	44.750000	B3	99	80	1	-3	-4.063676
203	44.750000	45.250000	A3	99	80	1	-4	-3.061136
204	45.250000	45.500000	B3	99	80	1	-3	-2.915060
205	45.416667	45.750000	F#3	63	80	0	2	-2.525967
206	45.500000	45.750000	D4	99	80	1	-2	-3.046717
207	45.750000	46.000000	E4	99	80	1	-1	-2.578439
208	46.000000	46.250000	D4	99	80	1	-2	-2.745489
209	46.250000	46.500000	B3	99	80	1	-3	-4.063676
210	46.500000	46.750000	A3	99	80	1	-4	-3.061136
211	46.750000	48.500000	B3	99	80	1	-3	-2.915060
212	48.416667	48.750000	B3	63	80	0	1	-5.799694
213	48.500000	48.750000	A3	99	80	1	-1	-3.930078
214	48.750000	49.083333	D#4	63	80	0	2	-3.275273
215	49.000000	49.250000	E3	63	80	1	-2	-3.456527
216	49.083333	49.416667	F#4	63	80	0	4	-2.758588
217	49.250000	49.500000	C3	63	80	1	-3	-4.063676
218	49.416667	49.750000	D#4	63	80	0	2	-3.359779
219	49.500000	49.750000	E3	63	80	1	-1	-2.967507
220	49.750000	50.083333	B3	63	80	0	1	-4.134704
221	49.750000	50.000000	C3	63	80	1	-2	-3.291596
222	50.000000	50.250000	A2	63	80	1	-3	-4.063676
223	50.083333	51.416667	E4	63	80	0	3	-3.401091
224	50.250000	51.250000	B2	63	80	1	-2	-2.510186
225	51.250000	51.500000	D3	63	80	1	-1	-2.415329
226	51.416667	51.750000	C#4	63	80	0	2	-3.032881
227	51.500000	51.750000	C3	63	80	1	-2	-2.745489
228	51.750000	52.083333	D#4	63	80	0	3	-2.675961
229	51.750000	52.000000	A2	63	80	1	-4	-3.718276
230	52.000000	52.250000	E3	63	80	1	-1	-2.959487
231	52.083333	52.416667	B3	63	80	0	1	-3.996553
232	52.250000	52.500000	C3	63	80	1	-2	-3.291596
233	52.416667	52.750000	F4	63	80	0	3	-3.751952
234	52.500000	52.750000	A2	63	80	1	-3	-4.063676
235	52.750000	53.083333	D#4	63	80	0	2	-3.032881
236	52.750000	53.750000	B2	63	80	1	-2	-2.510186
237	53.083333	53.416667	B3	63	80	0	1	-4.134704
238	53.416667	53.750000	E4	63	80	0	3	-3.401091
239	53.750000	54.083333	C#4	63	80	0	2	-3.032881
240	53.750000	54.000000	D3	63	80	1	-1	-2.415329
241	54.000000	54.250000	C3	63	80	1	-2	-2.745489
242	54.083333	54.416667	F#4	63	80	0	4	-2.909306
243	54.250000	54.500000	A2	63	80	1	-3	-4.063676
244	54.416667	54.750000	D#4	63	80	0	2	-3.359779
245	54.500000	54.750000	D3	63	80	1	-1	-2.717521
246	54.750000	55.083333	B3	63	80	0	1	-4.134704
247	54.750000	55.000000	B2	63	80	1	-2	-3.291596
248	55.000000	55.250000	E3	63	80	1	-1	-2.320150
249	55.083333	55.416667	E4	63	80	0	3	-3.401091
250	55.250000	55.500000	C3	63	80	1	-2	-3.291596
251	55.416667	55.750000	C#4	63	80	0	2	-3.032881
252	55.500000	55.750000	A2	63	80	1	-3	-4.063676
253	55.750000	56.083333	F#4	63	80	0	4	-2.909306
254	55.750000	56.000000	D3	63	80	1	-1	-2.717521
255	56.000000	56.250000	B2	63	80	1	-2	-3.291596
256	56.083333	56.416667	D#4	63	80	0	2	-3.359779
257	56.250000	56.500000	E3	63	80	1	-1	-2.320150
258	56.416667	56.750000	B3	63	80	0	1	-4.134704
259	56.500000	56.750000	C3	63	80	1	-2	-3.291596
260	56.750000	57.083333	E4	63	80	0	3	-3.401091
261	56.750000	57.000000	A2	63	80	1	-3	-4.063676
262	57.000000	57.250000	D3	63	80	1	-1	-2.717521
263	57.083333	57.416667	C#4	63	80	0	2	-3.032881
264	57.250000	57.500000	B2	63	80	1	-2	-3.291596
265	57.416667	57.750000	F#4	63	80	0	4	-2.909306
266	57.500000	57.750000	E3	63	80	1	-1	-2.320150
267	57.750000	58.083333	D#4	63	80	0	2	-3.359779
268	57.750000	58.000000	C3	63	80	1	-2	-3.291596
269	58.000000	58.250000	A2	63	80	1	-3	-4.063676
270	58.083333	58.416667	B3	63	80	0	1	-4.134704
271	58.250000	58.500000	D3	63	80	1	-1	-2.717521
272	58.416667	58.750000	E4	63	80	0	3	-3.401091
273	58.500000	58.750000	B2	63	80	1	-2	-3.291596
274	58.750000	59.083333	C#4	63	80	0	2	-3.032881
275	58.750000	59.000000	E3	63	80	1	-1	-2.320150
276	59.000000	59.250000	C3	63	80	1	-2	-3.291596
277	59.083333	59.416667	F#4	63	80	0	4	-2.909306
278	59.250000	59.500000	A2	63	80	1	-3	-4.063676
279	59.416667	59.750000	D#4	63	80	0	2	-3.359779
280	59.500000	59.750000	D3	63	80	1	-1	-2.717521
281	59.750000	60.083333	B3	63	80	0	1	-4.134704
282	59.750000	60.000000	B2	81	80	1	-2	-3.291596
283	60.000000	60.250000	E3	81	80	1	-1	-2.320150
284	60.083333	60.416667	E4	63	80	0	3	-3.401091
285	60.250000	60.500000	C3	81	80	1	-2	-3.291596
286	60.416667	60.750000	C#4	63	80	0	2	-3.032881
287	60.500000	60.750000	A2	81	80	1	-3	-4.063676
288	60.750000	61.083333	F#4	63	80	0	4	-2.909306
289	60.750000	61.000000	D3	81	80	1	-1	-2.717521
290	61.000000	61.250000	B2	81	80	1	-2	-3.291596
291	61.083333	61.416667	D#4	63	80	0	2	-3.359779
292	61.250000	61.500000	E3	81	80	1	-1	-2.320150
293	61.416667	61.750000	B3	63	80	0	1	-4.134704
294	61.500000	61.750000	C3	81	80	1	-2	-3.291596
295	61.750000	62.083333	E4	63	80	0	3	-3.401091
296	61.750000	62.000000	A2	81	80	1	-3	-4.063676
297	62.000000	62.250000	D3	81	80	1	-1	-2.717521
298	62.083333	62.416667	C#4	63	80	0	2	-3.032881
299	62.250000	62.500000	B2	81	80	1	-2	-3.291596
300	62.416667	62.750000	F#4	63	80	0	4	-2.909306
301	62.500000	62.750000	E3	81	80	1	-1	-2.320150
302	62.750000	63.083333	D#4	63	80	0	2	-3.359779
303	63.083333	63.416667	B3	63	80	0	1	-4.134704
304	63.416667	63.750000	E4	63	80	0	3	-3.401091
305	63.750000	64.083333	C#4	63	80	0	2	-3.032881
306	64.083333	64.416667	F#4	63	80	0	4	-2.909306
307	64.416667	64.750000	D#4	63	80	0	2	-3.359779
308	64.750000	65.083333	B3	63	80	0	1	-4.134704
309	65.250000	65.500000	B2	81	80	1	-2	-3.456527
310	65.500000	65.750000	A2	81	80	1	-3	-2.891080
311	65.750000	66.000000	B2	81	80	1	-2	-2.510186
312	66.000000	66.250000	C3	81	80	1	-1	-2.578439
313	66.250000	66.500000	D3	81	80	1	-3	-4.611792
314	66.500000	69.000000	E3	81	80	1	-2	-2.510186
315	66.750000	67.083333	E5	63	80	0	4	-8.009427
316	67.083333	67.416667	F#5	63	80	0	5	-4.070264
317	67.416667	67.750000	E5	63	80	0	4	-4.503222
318	67.750000	68.083333	D#5	63	80	0	3	-3.226506
319	68.083333	68.416667	C#5	63	80	0	2	-2.287533
320	68.416667	69.750000	B4	63	80	0	1	-3.360143
321	69.750000	70.083333	E5	63	80	0	3	-3.401091
322	70.083333	73.416667	B4	127	80	0	1	-2.905888
