//Version: PianoFingering_v170101
1	0.000000	0.869565	E4	90	80	0	3	-1.701607
2	0.000000	0.500000	G3	90	80	1	-5	-0.504576
3	0.000000	0.500000	A3	90	80	1	-4	-3.907966
4	0.000000	0.500000	C4	90	80	1	-2	-2.359478
5	0.000000	0.500000	D4	90	80	1	-1	-2.578439
6	0.869565	1.304348	A3	90	80	0	1	-3.310457
7	0.869565	1.304348	B3	90	80	0	2	-2.867384
8	0.869565	1.304348	C4	90	80	0	3	-2.675961
9	0.869565	1.304348	E4	90	80	0	5	-2.681011
10	1.000000	1.500000	G3	90	80	1	-5	-3.242781
11	1.000000	1.500000	A3	90	80	1	-4	-3.907966
12	1.000000	1.500000	C4	90	80	1	-2	-2.359478
13	1.000000	1.500000	D4	90	80	1	-1	-2.578439
14	1.304348	1.739130	A3	90	80	0	1	-3.425130
15	1.304348	1.739130	B-3	90	80	0	2	-3.900292
16	1.304348	1.739130	C#4	90	80	0	3	-3.012122
17	1.304348	1.739130	E-4	90	80	0	4	-2.883688
18	2.000000	2.500000	G3	90	80	1	-5	-3.242781
19	2.000000	2.500000	A3	90	80	1	-4	-3.907966
20	2.000000	2.500000	C4	90	80	1	-2	-2.359478
21	2.000000	2.500000	D4	90	80	1	-1	-2.578439
22	2.173913	2.608696	A3	90	80	0	1	-3.845468
23	2.173913	2.608696	B-3	90	80	0	2	-3.900292
24	2.173913	2.608696	C#4	90	80	0	3	-3.012122
25	2.173913	2.608696	E-4	90	80	0	4	-2.883688
26	3.000000	5.000000	G3	90	80	1	-5	-3.242781
27	3.000000	5.000000	A3	90	80	1	-4	-3.907966
28	3.000000	5.000000	C4	90	80	1	-2	-2.359478
29	3.000000	5.000000	D4	90	80	1	-1	-2.578439
30	4.500000	6.000000	D3	126	80	1	-2	-6.879129
31	6.000000	7.000000	C3	126	80	1	-3	-2.891080
32	7.000000	7.500000	D3	126	80	1	-2	-2.510186
33	7.500000	8.000000	C3	126	80	1	-3	-2.891080
34	8.000000	9.000000	G2	126	80	1	-5	-4.227379
35	9.000000	10.500000	G2	126	80	1	-5	-4.242005
36	9.130435	9.565217	A-3	90	80	0	1	-2.857522
37	9.130435	9.565217	B-3	90	80	0	2	-2.867384
38	9.130435	9.565217	C#4	90	80	0	3	-3.012122
39	9.130435	9.565217	E-4	90	80	0	4	-2.883688
40	10.000000	10.434783	A-3	90	80	0	1	-2.857522
41	10.000000	10.434783	B-3	90	80	0	2	-2.867384
42	10.000000	10.434783	C#4	90	80	0	4	-2.758588
43	10.000000	10.434783	E-4	90	80	0	5	-2.706622
44	10.869565	11.304348	A#3	90	80	0	2	-3.071676
45	10.869565	11.304348	B-3	90	80	0	2	-4.554564
46	10.869565	11.304348	C#4	90	80	0	3	-3.012122
47	10.869565	11.304348	E-4	90	80	0	4	-2.883688
48	11.739130	12.173913	A-3	90	80	0	1	-2.857522
49	11.739130	12.173913	B-3	90	80	0	2	-2.867384
50	11.739130	12.173913	C#4	90	80	0	3	-3.012122
51	11.739130	12.173913	E-4	90	80	0	4	-2.883688
52	12.000000	12.500000	G3	90	80	1	-4	-4.924626
53	12.000000	12.500000	A3	90	80	1	-3	-2.915060
54	12.000000	12.500000	C4	90	80	1	-2	-3.046717
55	12.000000	12.500000	D4	90	80	1	-1	-2.578439
56	12.608696	13.043478	A-3	90	80	0	1	-2.857522
57	12.608696	13.043478	B-3	90	80	0	2	-2.867384
58	12.608696	13.043478	C#4	90	80	0	3	-3.012122
59	12.608696	13.043478	E-4	90	80	0	4	-2.883688
60	13.000000	13.500000	G3	90	80	1	-5	-3.242781
61	13.000000	13.500000	A3	90	80	1	-4	-3.907966
62	13.000000	13.500000	C4	90	80	1	-2	-2.359478
63	13.000000	13.500000	D4	90	80	1	-1	-2.578439
64	14.000000	14.500000	G3	90	80	1	-5	-3.242781
65	14.000000	14.500000	A3	90	80	1	-4	-3.907966
66	14.000000	14.500000	C4	90	80	1	-2	-2.359478
67	14.000000	14.500000	D4	90	80	1	-1	-2.578439
68	14.347826	15.652174	G4	126	80	0	1	-6.948157
69	15.000000	16.500000	G3	90	80	1	-5	-3.242781
70	15.000000	16.500000	A3	90	80	1	-4	-3.907966
71	15.000000	16.500000	C4	90	80	1	-2	-2.359478
72	15.000000	16.500000	D4	90	80	1	-1	-2.578439
73	15.652174	16.086957	A4	126	80	0	2	-2.867384
74	16.086957	16.956522	G4	126	80	0	1	-2.609267
75	16.956522	17.826087	A4	126	80	0	2	-2.867384
76	17.826087	18.260870	C5	126	80	0	4	-2.758588
77	18.260870	19.565217	D5	126	80	0	5	-2.706622
78	19.565217	20.000000	A-3	90	80	0	1	-7.499323
79	19.565217	20.000000	B-3	90	80	0	2	-2.867384
80	19.565217	20.000000	C#4	90	80	0	3	-3.012122
81	19.565217	20.000000	E-4	90	80	0	4	-2.883688
82	20.434783	20.869565	A-3	90	80	0	1	-2.857522
83	20.434783	20.869565	B-3	90	80	0	2	-2.867384
84	20.434783	20.869565	C#4	90	80	0	3	-3.012122
85	20.434783	20.869565	E-4	90	80	0	4	-2.883688
86	21.304348	21.739130	A-3	90	80	0	1	-2.857522
87	21.304348	21.739130	B-3	90	80	0	2	-2.867384
88	21.304348	21.739130	C#4	90	80	0	3	-3.012122
89	21.304348	21.739130	E-4	90	80	0	4	-2.883688
90	22.173913	22.608696	A-3	90	80	0	1	-2.857522
91	22.173913	22.608696	B3	90	80	0	2	-3.493146
92	22.173913	22.608696	C#4	90	80	0	3	-3.409656
93	22.173913	22.608696	E-4	90	80	0	4	-2.883688
94	23.000000	23.500000	G3	90	80	1	-5	-3.242781
95	23.000000	23.500000	A3	90	80	1	-4	-3.907966
96	23.000000	23.500000	C4	90	80	1	-2	-2.359478
97	23.000000	23.500000	D4	90	80	1	-1	-2.578439
98	23.043478	23.478261	A-3	90	80	0	1	-2.857522
99	23.043478	23.478261	B3	90	80	0	2	-3.493146
100	23.043478	23.478261	C#4	90	80	0	3	-3.409656
101	23.043478	23.478261	E-4	90	80	0	4	-2.883688
102	24.000000	24.500000	A3	90	80	1	-4	-4.223116
103	24.000000	24.500000	B3	90	80	1	-3	-2.915060
104	24.000000	24.500000	D4	90	80	1	-2	-3.046717
105	24.000000	24.500000	E4	90	80	1	-1	-2.578439
106	24.782609	26.086957	D4	126	80	0	1	-6.002837
107	24.782609	26.086957	D5	126	80	0	5	-2.242366
108	25.000000	25.500000	G3	90	80	1	-5	-3.730225
109	25.000000	25.500000	A3	90	80	1	-4	-3.907966
110	25.000000	25.500000	C4	90	80	1	-2	-2.359478
111	25.000000	25.500000	D4	90	80	1	-1	-2.578439
112	26.000000	26.500000	A3	90	80	1	-4	-4.223116
113	26.000000	26.500000	B3	90	80	1	-3	-2.915060
114	26.000000	26.500000	D4	90	80	1	-2	-3.046717
115	26.000000	26.500000	E4	90	80	1	-1	-2.578439
116	26.086957	26.956522	C4	126	80	0	1	-3.460971
117	26.086957	26.956522	C5	126	80	0	5	-2.242366
118	26.956522	27.391304	D4	126	80	0	1	-3.027253
119	26.956522	27.391304	D5	126	80	0	5	-2.242366
120	27.000000	28.500000	G3	90	80	1	-5	-3.730225
121	27.000000	28.500000	A3	90	80	1	-4	-3.907966
122	27.000000	28.500000	C4	90	80	1	-2	-2.359478
123	27.391304	27.826087	F#4	126	80	0	1	-3.862851
124	27.391304	27.826087	F#5	126	80	0	5	-2.242366
125	27.826087	28.695652	D4	126	80	0	1	-5.695314
126	27.826087	28.695652	D5	126	80	0	5	-2.242366
127	28.695652	29.565217	G4	126	80	0	1	-3.425130
128	28.695652	30.000000	G5	126	80	0	5	-2.242366
129	30.000000	30.434783	A-3	90	80	0	1	-8.167035
130	30.000000	30.434783	B-3	90	80	0	2	-2.867384
131	30.000000	30.434783	C#4	90	80	0	3	-3.012122
132	30.000000	30.434783	E-4	90	80	0	4	-2.883688
133	30.869565	31.304348	A-3	90	80	0	1	-2.857522
134	30.869565	31.304348	B-3	90	80	0	2	-2.867384
135	30.869565	31.304348	C#4	90	80	0	3	-3.012122
136	30.869565	31.304348	E-4	90	80	0	4	-2.883688
137	31.739130	32.173913	A-3	90	80	0	1	-2.857522
138	31.739130	32.173913	B-3	90	80	0	2	-2.867384
139	31.739130	32.173913	C#4	90	80	0	4	-2.758588
140	31.739130	32.173913	E-4	90	80	0	5	-2.706622
141	32.608696	33.043478	F#3	90	80	0	1	-2.845304
142	32.608696	33.043478	A3	90	80	0	2	-3.493146
143	32.608696	33.043478	B3	90	80	0	3	-2.675961
144	32.608696	33.043478	C#4	90	80	0	4	-4.476680
145	33.478261	33.913043	A-3	90	80	0	1	-3.216633
146	33.478261	33.913043	B-3	90	80	0	2	-2.867384
147	33.478261	33.913043	C#4	90	80	0	4	-2.758588
148	33.478261	33.913043	E-4	90	80	0	5	-2.706622
149	35.000000	35.500000	G3	90	80	1	-5	-3.713619
150	35.000000	35.500000	A3	90	80	1	-4	-3.907966
151	35.000000	35.500000	C4	90	80	1	-2	-2.359478
152	35.000000	35.500000	D4	90	80	1	-1	-2.578439
153	35.217391	36.521739	G5	126	80	0	4	-14.873861
154	36.000000	36.500000	A3	90	80	1	-4	-4.223116
155	36.000000	36.500000	B3	90	80	1	-3	-2.915060
156	36.000000	36.500000	D4	90	80	1	-2	-3.046717
157	36.000000	36.500000	E4	90	80	1	-1	-2.578439
158	36.521739	36.956522	F#5	126	80	0	3	-3.226506
159	36.956522	37.826087	D5	126	80	0	1	-3.996553
160	37.000000	37.500000	G3	90	80	1	-5	-3.730225
161	37.000000	37.500000	A3	90	80	1	-4	-3.907966
162	37.000000	37.500000	C4	90	80	1	-2	-2.359478
163	37.000000	37.500000	D4	90	80	1	-1	-2.578439
164	37.826087	38.695652	D5	126	80	0	2	-4.712397
165	38.000000	38.500000	G3	90	80	1	-5	-3.242781
166	38.000000	38.500000	A3	90	80	1	-4	-3.907966
167	38.000000	38.500000	C4	90	80	1	-2	-2.359478
168	38.000000	38.500000	D4	90	80	1	-1	-2.578439
169	38.695652	39.130435	C5	126	80	0	1	-2.609267
170	39.000000	42.000000	G3	90	80	1	-5	-3.242781
171	39.000000	42.000000	A3	90	80	1	-4	-3.907966
172	39.000000	42.000000	C4	90	80	1	-2	-2.359478
173	39.000000	42.000000	D4	90	80	1	-1	-2.578439
174	39.130435	40.434783	G4	126	80	0	5	-7.995723
175	40.434783	40.869565	A-3	90	80	0	1	-4.221033
176	40.434783	40.869565	B3	90	80	0	2	-3.493146
177	40.434783	40.869565	C#4	90	80	0	3	-3.409656
178	40.434783	40.869565	E-4	90	80	0	4	-2.883688
179	41.304348	41.739130	A-3	90	80	0	1	-2.857522
180	41.304348	41.739130	B3	90	80	0	2	-3.493146
181	41.304348	41.739130	C#4	90	80	0	3	-3.409656
182	41.304348	41.739130	E-4	90	80	0	4	-2.883688
183	42.000000	42.500000	F#3	126	80	1	-4	-4.339145
184	42.500000	43.500000	D3	126	80	1	-1	-7.489798
185	43.043478	43.478261	C5	126	80	0	2	-8.036179
186	43.478261	44.347826	G4	126	80	0	1	-3.434905
187	43.500000	44.500000	D3	126	80	1	-1	-4.426668
188	44.347826	45.652174	G4	126	80	0	5	-7.605012
189	44.500000	45.000000	C3	126	80	1	-2	-2.745489
190	45.000000	46.500000	G2	126	80	1	-5	-3.713619
191	45.652174	46.521739	F#3	90	80	0	1	-4.270482
192	45.652174	46.521739	B3	90	80	0	2	-3.465862
193	45.652174	46.521739	C#4	90	80	0	3	-3.409656
194	46.956522	48.260870	A-3	90	80	0	1	-2.905888
195	46.956522	48.260870	B-3	90	80	0	2	-2.867384
196	46.956522	48.260870	C#4	90	80	0	3	-3.012122
197	46.956522	48.260870	E-4	90	80	0	4	-2.883688
198	47.000000	47.500000	G3	90	80	1	-1	-1.202832
199	48.000000	49.500000	A3	90	80	1	-4	-5.653337
200	48.000000	49.500000	B3	90	80	1	-3	-2.915060
201	48.000000	49.500000	D4	90	80	1	-2	-3.046717
202	48.000000	49.500000	E4	90	80	1	-1	-2.578439
203	48.260870	49.130435	C4	63	80	0	2	-4.043146
204	49.130435	49.565217	F4	63	80	0	4	-2.909306
205	49.500000	50.000000	C3	126	80	1	-5	-4.233080
206	49.565217	50.869565	G4	63	80	0	5	-2.706622
207	50.000000	51.000000	G2	126	80	1	-5	-6.929501
208	50.869565	51.739130	A-3	90	80	0	1	-4.221033
209	50.869565	51.739130	B-3	90	80	0	1	-5.893792
210	50.869565	51.739130	C#4	90	80	0	2	-2.525967
211	50.869565	51.739130	E-4	90	80	0	3	-2.675961
212	50.869565	51.739130	G4	90	80	0	5	-3.340065
213	51.000000	52.500000	G2	126	80	1	-5	-4.242005
214	52.173913	53.043478	A-3	90	80	0	1	-4.221033
215	52.173913	53.043478	B-3	90	80	0	1	-5.893792
216	52.173913	53.043478	C#4	90	80	0	2	-2.525967
217	52.173913	53.043478	E-4	90	80	0	3	-2.675961
218	52.173913	53.043478	G4	90	80	0	5	-3.340065
219	53.478261	54.347826	G4	63	80	0	5	-4.495609
220	53.500000	54.000000	G3	90	80	1	-4	-4.924626
221	53.500000	54.000000	A3	90	80	1	-3	-2.915060
222	53.500000	54.000000	C4	90	80	1	-2	-3.046717
223	53.500000	54.000000	D4	90	80	1	-1	-2.578439
224	54.347826	54.782609	A-3	90	80	0	1	-4.221033
225	54.347826	54.782609	B-3	90	80	0	2	-2.867384
226	54.347826	54.782609	C#4	90	80	0	3	-3.012122
227	54.347826	54.782609	E-4	90	80	0	4	-2.883688
228	54.782609	55.652174	A-3	90	80	0	1	-2.857522
229	54.782609	55.652174	B-3	90	80	0	1	-5.893792
230	54.782609	55.652174	C#4	90	80	0	2	-2.525967
231	54.782609	55.652174	E-4	90	80	0	3	-2.675961
232	54.782609	55.652174	G4	63	80	0	5	-3.340065
233	55.500000	56.500000	C2	126	80	1	-5	-4.456078
234	56.086957	57.391304	G4	63	80	0	5	-4.495609
235	56.500000	57.000000	F2	126	80	1	-2	-3.272976
236	57.000000	58.500000	G2	126	80	1	-1	-2.578439
237	58.500000	60.000000	G2	126	80	1	-5	-4.801795
238	58.500000	59.500000	G3	90	80	1	-4	-4.924626
239	58.500000	59.500000	A3	90	80	1	-3	-2.915060
240	58.500000	59.500000	C4	90	80	1	-2	-3.046717
241	58.500000	59.500000	D4	90	80	1	-1	-2.578439
242	60.000000	61.000000	G3	90	80	1	-5	-3.242781
243	60.000000	61.000000	A3	90	80	1	-4	-3.907966
244	60.000000	61.000000	C4	90	80	1	-2	-2.359478
245	60.000000	61.000000	D4	90	80	1	-1	-2.578439
246	61.500000	62.000000	G3	90	80	1	-5	-3.242781
247	61.500000	62.000000	A3	90	80	1	-4	-3.907966
248	61.500000	62.000000	C4	90	80	1	-2	-2.359478
249	61.500000	62.000000	D4	90	80	1	-1	-2.578439
250	62.000000	62.500000	G3	90	80	1	-5	-3.242781
251	62.000000	62.500000	A3	90	80	1	-4	-3.907966
252	62.000000	62.500000	C4	90	80	1	-2	-2.359478
253	62.000000	62.500000	D4	90	80	1	-1	-2.578439
254	63.000000	66.000000	G2	126	80	1	-5	-4.212346
