//Version: PianoFingering_v170101
1	0.000000	1.875000	F#4	90	80	0	3	-1.701607
2	0.000000	3.000000	F#3	127	80	1	-3	-2.360819
3	1.500000	1.750000	F3	126	80	1	-1	-3.371140
4	1.607143	2.678571	F#4	90	80	0	3	-4.378151
5	3.000000	4.000000	F3	63	80	1	-2	-4.675782
6	3.000000	3.250000	F3	63	80	1	-2	-3.999177
7	3.214286	4.285714	F4	90	80	0	2	-2.803601
8	3.750000	4.000000	D3	63	80	1	-4	-3.718276
9	4.000000	4.250000	F3	63	80	1	-2	-2.359478
10	4.017857	4.285714	D4	90	80	0	1	-3.157580
11	4.250000	4.500000	A3	63	80	1	-1	-2.415329
12	4.285714	4.553571	F4	90	80	0	2	-2.525967
13	4.500000	6.000000	F3	63	80	1	-2	-3.291596
14	4.500000	4.750000	F3	63	80	1	-2	-3.999177
15	4.553571	4.821429	A4	90	80	0	4	-2.758588
16	4.821429	5.892857	F4	90	80	0	2	-3.359779
17	5.250000	5.500000	A3	63	80	1	-1	-2.415329
18	5.500000	5.750000	F3	63	80	1	-3	-4.276897
19	5.625000	5.892857	A4	90	80	0	4	-2.758588
20	5.750000	6.000000	A3	63	80	1	-2	-3.046717
21	5.892857	6.160714	F4	90	80	0	2	-3.359779
22	6.000000	6.250000	F3	63	80	1	-4	-3.718276
23	6.000000	6.500000	F#3	63	80	1	-3	-2.906925
24	6.160714	6.428571	A4	90	80	0	4	-2.758588
25	6.250000	6.500000	D3	63	80	1	-5	-3.859206
26	6.428571	6.696429	F4	90	80	0	2	-3.359779
27	6.428571	6.964286	F#4	90	80	0	3	-3.190537
28	6.500000	7.750000	F#3	63	80	1	-3	-3.351805
29	6.696429	6.964286	D4	90	80	0	1	-3.996553
30	6.750000	7.000000	F3	63	80	1	-1	-3.371140
31	6.964286	9.107143	F#4	127	80	0	3	-3.998423
32	7.000000	7.250000	D3	63	80	1	-2	-3.291596
33	7.232143	7.500000	F4	127	80	0	2	-2.803601
34	7.250000	7.500000	F3	63	80	1	-1	-2.415329
35	7.500000	7.767857	D4	127	80	0	1	-3.157580
36	7.500000	9.000000	F3	63	80	1	-2	-4.675782
37	7.500000	7.750000	A3	63	80	1	-1	-2.415329
38	7.767857	8.035714	F4	127	80	0	2	-2.525967
39	8.035714	8.303571	A4	127	80	0	4	-2.758588
40	8.250000	8.500000	A3	63	80	1	-1	-4.426668
41	8.750000	9.000000	D3	63	80	1	-4	-3.752799
42	8.839286	9.107143	A4	127	80	0	4	-4.784491
43	9.000000	9.250000	E3	63	80	1	-3	-2.915060
44	9.000000	9.500000	F3	63	80	1	-2	-2.510186
45	9.107143	9.375000	F4	127	80	0	2	-3.359779
46	9.250000	9.500000	D3	63	80	1	-4	-3.718276
47	9.375000	9.642857	D4	127	80	0	1	-3.157580
48	9.500000	11.000000	F#3	127	80	1	-2	-3.159098
49	9.642857	9.910714	E4	127	80	0	2	-2.867384
50	9.642857	10.178571	F4	127	80	0	3	-2.675961
51	9.750000	10.000000	F3	127	80	1	-1	-3.931111
52	9.910714	10.178571	D4	127	80	0	1	-3.281335
53	10.000000	10.250000	D3	127	80	1	-2	-3.291596
54	10.178571	11.785714	F#4	127	80	0	3	-3.998423
55	10.250000	10.500000	E3	127	80	1	-1	-2.578439
56	10.446429	10.714286	F4	127	80	0	2	-2.803601
57	10.500000	10.750000	F3	127	80	1	-4	-5.653337
58	10.714286	10.982143	D4	127	80	0	1	-3.157580
59	10.982143	11.250000	E4	127	80	0	2	-2.867384
60	11.000000	12.750000	F#3	127	80	1	-3	-2.906925
61	11.250000	11.517857	F4	127	80	0	3	-2.675961
62	11.250000	11.500000	D3	127	80	1	-5	-3.859206
63	11.500000	11.750000	E3	127	80	1	-4	-3.907966
64	11.750000	12.000000	F3	127	80	1	-3	-2.915060
65	11.785714	12.857143	F#4	127	80	0	4	-4.152325
66	12.000000	12.250000	F#3	127	80	1	-2	-3.081523
67	12.053571	12.321429	D4	127	80	0	1	-4.866697
68	12.250000	12.500000	D3	127	80	1	-4	-4.761119
69	12.321429	12.589286	E4	127	80	0	2	-2.867384
70	12.589286	12.857143	F#4	127	80	0	3	-3.409656
71	12.750000	13.750000	F#3	127	80	1	-2	-3.159098
72	12.857143	13.392857	E4	127	80	0	2	-3.286699
73	12.857143	13.392857	F#4	127	80	0	3	-3.409656
74	13.000000	13.250000	F3	127	80	1	-3	-3.281947
75	13.250000	13.500000	E3	127	80	1	-4	-3.061136
76	13.392857	13.660714	D4	127	80	0	1	-3.996553
77	13.500000	13.750000	F#3	127	80	1	-2	-3.337019
78	13.660714	15.803571	F#4	127	80	0	3	-3.998423
79	13.750000	14.000000	F#3	127	80	1	-2	-3.999177
80	13.928571	14.196429	F4	127	80	0	2	-2.803601
81	14.196429	14.464286	E4	127	80	0	1	-2.609267
82	14.250000	14.750000	A3	127	80	1	-1	-2.464298
83	14.464286	14.732143	E4	127	80	0	2	-4.712397
84	14.464286	14.732143	F4	127	80	0	3	-2.675961
85	14.500000	14.750000	F3	127	80	1	-2	-3.291596
86	14.750000	15.000000	E3	127	80	1	-3	-2.891080
87	15.000000	15.250000	D3	127	80	1	-4	-3.061136
88	15.267857	15.535714	A4	127	80	0	5	-2.681011
89	15.500000	17.500000	E-3	127	80	1	-3	-2.906925
90	15.535714	15.803571	F4	127	80	0	3	-3.509161
91	15.803571	16.071429	E4	127	80	0	2	-2.287533
92	16.071429	16.339286	D4	127	80	0	1	-2.609267
93	16.071429	16.339286	F4	127	80	0	3	-3.473158
94	16.500000	16.750000	E3	127	80	1	-2	-3.642491
95	16.607143	18.750000	E-4	127	80	0	2	-3.032881
96	16.750000	17.000000	F3	127	80	1	-1	-2.578439
97	17.000000	17.250000	G3	127	80	1	-3	-4.611792
98	17.250000	17.500000	A3	127	80	1	-2	-2.510186
99	17.500000	17.750000	G#3	127	80	1	-3	-3.848567
100	17.678571	17.946429	E4	127	80	0	1	-4.072488
101	17.750000	18.000000	F#3	127	80	1	-1	-3.930078
102	17.946429	18.214286	F4	127	80	0	2	-2.867384
103	18.000000	19.000000	E-3	127	80	1	-3	-4.276897
104	18.000000	18.250000	E3	127	80	1	-2	-3.642491
105	18.214286	18.482143	G4	127	80	0	3	-2.675961
106	18.250000	18.500000	A3	127	80	1	-1	-2.320150
107	18.482143	18.750000	A4	127	80	0	4	-2.883688
108	18.500000	18.750000	E3	127	80	1	-2	-3.456527
109	18.750000	19.017857	G#4	127	80	0	3	-3.226506
110	19.000000	20.250000	E-3	127	80	1	-3	-3.848567
111	19.017857	19.285714	F#4	127	80	0	2	-2.287533
112	19.250000	19.500000	E3	127	80	1	-2	-3.642491
113	19.285714	20.357143	E-4	127	80	0	1	-3.157580
114	19.285714	19.553571	E4	127	80	0	2	-5.579477
115	19.500000	19.750000	A3	127	80	1	-1	-2.320150
116	19.553571	19.821429	A4	127	80	0	5	-3.228870
117	19.750000	20.000000	E3	127	80	1	-3	-3.831713
118	19.821429	20.089286	E4	127	80	0	3	-3.854029
119	20.000000	20.250000	F3	127	80	1	-2	-2.510186
120	20.250000	22.000000	E-3	127	80	1	-3	-3.464153
121	20.357143	21.696429	E-4	127	80	0	2	-3.151465
122	20.625000	20.892857	E4	127	80	0	1	-4.072488
123	20.750000	21.000000	F#3	127	80	1	-2	-3.046717
124	20.892857	21.160714	A4	127	80	0	3	-3.401091
125	21.000000	21.250000	A3	127	80	1	-1	-2.464298
126	21.160714	21.428571	E4	127	80	0	1	-2.905888
127	21.250000	21.500000	F#3	127	80	1	-2	-3.299403
128	21.428571	21.696429	F4	127	80	0	2	-2.867384
129	21.500000	21.750000	G3	127	80	1	-1	-3.404249
130	21.696429	23.571429	E-4	127	80	0	1	-3.967913
131	22.000000	23.500000	G#3	127	80	1	-2	-4.643648
132	22.232143	22.500000	F#4	127	80	0	2	-2.525967
133	22.500000	22.767857	A4	127	80	0	3	-3.265372
134	22.500000	22.750000	G3	127	80	1	-3	-3.281947
135	22.750000	23.000000	F3	127	80	1	-1	-3.930078
136	22.767857	23.035714	F#4	127	80	0	2	-3.032881
137	23.000000	23.250000	E-3	127	80	1	-2	-3.299403
138	23.035714	23.303571	G4	127	80	0	3	-3.686981
139	23.250000	23.500000	D3	127	80	1	-3	-3.281947
140	23.500000	23.750000	E3	127	80	1	-2	-2.510186
141	23.571429	25.178571	G#4	127	80	0	4	-4.152325
142	23.750000	24.000000	F#3	127	80	1	-1	-3.101885
143	24.000000	24.250000	G3	127	80	1	-3	-8.634950
144	24.000000	25.000000	G#3	127	80	1	-2	-3.081523
145	24.107143	24.375000	G#4	127	80	0	4	-4.784491
146	24.250000	24.500000	D3	127	80	1	-5	-5.017302
147	24.375000	24.642857	F4	127	80	0	3	-3.914844
148	24.500000	25.000000	G3	127	80	1	-3	-3.463793
149	24.642857	24.910714	E-4	127	80	0	2	-3.032881
150	24.910714	25.178571	D4	127	80	0	1	-3.290753
151	25.000000	26.500000	G#3	127	80	1	-2	-3.081523
152	25.178571	25.446429	E4	127	80	0	2	-2.867384
153	25.250000	25.500000	F3	127	80	1	-1	-5.183592
154	25.446429	25.714286	F#4	127	80	0	3	-3.409656
155	25.500000	25.750000	E3	127	80	1	-2	-2.745489
156	25.714286	25.982143	G4	127	80	0	4	-3.868143
157	25.750000	26.000000	G3	127	80	1	-1	-2.415329
158	25.982143	26.250000	D4	127	80	0	1	-3.216633
159	26.000000	26.500000	E-3	127	80	1	-2	-4.444474
160	26.250000	26.785714	G4	127	80	0	2	-2.963617
161	26.500000	28.000000	G#3	127	80	1	-1	-2.320150
162	26.750000	27.000000	F3	127	80	1	-2	-4.084076
163	26.785714	28.392857	G#4	127	80	0	3	-3.190537
164	27.000000	27.250000	G#3	127	80	1	-1	-3.101885
165	27.053571	27.321429	F4	127	80	0	2	-3.286699
166	27.250000	27.500000	E3	127	80	1	-2	-4.597368
167	27.321429	27.589286	E4	127	80	0	1	-2.609267
168	27.500000	28.000000	D#3	127	80	1	-3	-3.848567
169	27.589286	27.857143	G4	127	80	0	2	-2.525967
170	27.857143	28.392857	E-4	127	80	0	1	-3.898407
171	28.000000	28.250000	E3	127	80	1	-2	-3.642491
172	28.250000	28.500000	F3	127	80	1	-1	-2.578439
173	28.392857	28.928571	G#4	127	80	0	2	-2.963617
174	28.500000	31.000000	F#3	127	80	1	-2	-4.643648
175	28.660714	28.928571	F4	127	80	0	1	-3.360143
176	28.928571	29.196429	G4	127	80	0	2	-2.867384
177	28.928571	30.000000	G#4	127	80	0	3	-3.190537
178	29.196429	29.464286	E4	127	80	0	1	-3.996553
179	29.464286	30.000000	D#4	127	80	0	2	-4.284147
180	29.750000	30.000000	A3	127	80	1	-1	-2.464298
181	30.000000	30.267857	E4	127	80	0	1	-4.072488
182	30.000000	30.250000	F3	127	80	1	-2	-3.291596
183	30.267857	30.535714	F4	127	80	0	2	-2.867384
184	30.535714	32.142857	F#4	127	80	0	3	-3.190537
185	30.750000	31.000000	A3	127	80	1	-1	-2.415329
186	31.000000	31.250000	F3	127	80	1	-2	-3.291596
187	31.250000	31.500000	E-3	127	80	1	-3	-3.464153
188	31.500000	33.000000	F3	127	80	1	-1	-3.288065
189	31.875000	32.142857	A4	127	80	0	4	-4.111873
190	32.000000	32.500000	D3	127	80	1	-2	-3.291596
191	32.142857	32.410714	F4	127	80	0	2	-3.359779
192	32.142857	33.750000	F#4	127	80	0	3	-3.190537
193	32.500000	32.750000	F3	127	80	1	-1	-2.415329
194	32.750000	33.000000	D3	127	80	1	-2	-3.291596
195	32.946429	33.214286	A4	127	80	0	5	-3.635747
196	33.000000	36.000000	F3	127	80	1	-1	-2.415329
197	33.214286	33.482143	F4	127	80	0	3	-3.509161
198	33.482143	33.750000	E-4	127	80	0	2	-3.032881
199	33.750000	34.017857	E4	127	80	0	1	-4.072488
200	33.750000	35.357143	F4	127	80	0	2	-2.867384
201	33.750000	34.000000	F#3	127	80	1	-3	-5.495075
202	34.000000	34.250000	G#3	127	80	1	-2	-2.510186
203	34.285714	34.821429	D4	127	80	0	1	-3.157580
204	34.750000	35.000000	E-3	127	80	1	-5	-3.713619
205	34.821429	35.089286	F4	127	80	0	2	-2.525967
206	35.000000	35.250000	F#3	127	80	1	-3	-3.170876
207	35.089286	35.357143	D4	127	80	0	1	-3.157580
208	35.250000	35.500000	G#3	127	80	1	-2	-2.510186
209	35.357143	38.571429	F4	127	80	0	2	-2.525967
210	35.750000	36.000000	A3	127	80	1	-1	-3.404249
211	36.000000	37.500000	F#3	127	80	1	-2	-3.299403
212	36.160714	36.428571	F#4	127	80	0	3	-3.190537
213	36.428571	36.696429	G#4	127	80	0	4	-2.883688
214	36.500000	36.750000	F3	127	80	1	-1	-3.931111
215	36.750000	37.000000	E-3	127	80	1	-2	-3.299403
216	37.000000	37.250000	F3	127	80	1	-1	-2.464298
217	37.232143	37.500000	E-4	127	80	0	1	-3.216633
218	37.250000	37.500000	D3	127	80	1	-2	-3.291596
219	37.500000	37.767857	F#4	127	80	0	2	-2.525967
220	37.500000	39.000000	F3	127	80	1	-1	-2.415329
221	37.750000	38.250000	F#3	127	80	1	-2	-4.643648
222	37.767857	38.035714	G#4	127	80	0	3	-2.675961
223	38.250000	38.500000	G#3	127	80	1	-1	-2.578439
224	38.303571	38.571429	A4	127	80	0	4	-3.868143
225	38.500000	38.750000	F#3	127	80	1	-2	-2.745489
226	38.571429	40.178571	F#4	127	80	0	3	-3.510496
227	38.750000	39.000000	A3	127	80	1	-1	-2.464298
228	39.000000	40.000000	F#3	127	80	1	-2	-3.299403
229	39.107143	39.375000	F4	127	80	0	2	-2.803601
230	39.250000	39.500000	F3	127	80	1	-1	-3.931111
231	39.375000	39.642857	E-4	127	80	0	1	-3.967913
232	39.500000	39.750000	E-3	127	80	1	-2	-3.299403
233	39.642857	39.910714	F4	127	80	0	2	-3.493146
234	39.750000	41.250000	F3	127	80	1	-1	-2.464298
235	39.910714	40.178571	D4	127	80	0	1	-3.157580
236	40.000000	40.250000	F#3	127	80	1	-2	-4.643648
237	40.178571	41.785714	F4	127	80	0	2	-2.525967
238	40.250000	40.500000	G#3	127	80	1	-1	-2.578439
239	40.446429	40.982143	F#4	127	80	0	3	-3.190537
240	40.500000	40.750000	F3	127	80	1	-2	-4.084076
241	40.750000	41.000000	D3	127	80	1	-4	-3.718276
242	40.982143	41.250000	G#4	127	80	0	4	-2.883688
243	41.000000	41.500000	F3	127	80	1	-2	-2.359478
244	41.250000	41.517857	F#4	127	80	0	3	-2.238713
245	41.500000	41.750000	A3	127	80	1	-1	-2.415329
246	41.517857	41.785714	A4	127	80	0	4	-4.111873
247	41.750000	42.000000	F#3	127	80	1	-2	-3.299403
248	41.785714	42.857143	F#4	127	80	0	3	-3.510496
249	42.000000	42.250000	E-3	127	80	1	-4	-3.718276
250	42.000000	42.500000	F#3	127	80	1	-2	-2.359478
251	42.053571	42.321429	F4	127	80	0	2	-2.803601
252	42.321429	42.589286	E-4	127	80	0	1	-3.967913
253	42.500000	42.750000	G#3	127	80	1	-1	-2.578439
254	42.589286	44.464286	F4	127	80	0	2	-3.493146
255	42.750000	43.500000	F#3	127	80	1	-2	-2.745489
256	42.857143	43.125000	F#4	127	80	0	3	-3.190537
257	43.000000	43.250000	D3	127	80	1	-4	-4.761119
258	43.125000	43.392857	G#4	127	80	0	4	-2.883688
259	43.250000	43.500000	F3	127	80	1	-2	-2.359478
260	43.392857	43.660714	F#4	127	80	0	3	-2.238713
261	43.500000	44.000000	F3	127	80	1	-2	-3.999177
262	43.500000	43.750000	A3	127	80	1	-1	-2.415329
263	43.660714	43.928571	F4	127	80	0	2	-2.803601
264	43.750000	44.000000	F#3	127	80	1	-2	-3.299403
265	43.928571	44.196429	D4	127	80	0	1	-3.157580
266	44.196429	45.000000	F4	127	80	0	2	-2.525967
267	44.250000	44.500000	E-3	127	80	1	-4	-3.718276
268	44.250000	44.500000	G#3	127	80	1	-2	-2.507290
269	44.464286	44.732143	A4	127	80	0	3	-3.012122
270	44.500000	44.750000	F3	127	80	1	-3	-4.407505
271	44.500000	44.750000	F#3	127	80	1	-2	-3.081523
272	44.732143	45.000000	F#4	127	80	0	2	-3.032881
273	44.750000	45.000000	E-3	127	80	1	-4	-3.718276
274	44.750000	45.000000	G3	127	80	1	-2	-2.871001
275	45.000000	45.267857	E-4	127	80	0	1	-3.157580
276	45.000000	45.535714	F#4	127	80	0	3	-3.473158
277	45.000000	45.250000	F3	127	80	1	-3	-2.891080
278	45.000000	45.250000	F#3	127	80	1	-2	-3.081523
279	45.267857	46.071429	F4	127	80	0	2	-2.803601
280	45.535714	45.803571	G#4	127	80	0	3	-3.409656
281	45.803571	46.607143	F#4	127	80	0	2	-2.287533
282	46.000000	46.500000	F3	127	80	1	-3	-3.281947
283	46.000000	46.500000	F#3	127	80	1	-2	-3.081523
284	46.071429	46.339286	D4	127	80	0	1	-4.134704
285	46.339286	46.607143	F4	127	80	0	2	-2.525967
286	46.500000	47.000000	E-3	90	80	1	-4	-3.718276
287	46.500000	47.000000	F#3	90	80	1	-2	-2.359478
288	46.500000	47.000000	G#3	90	80	1	-1	-2.578439
289	46.607143	47.142857	F4	127	80	0	2	-4.554564
290	46.607143	46.875000	A4	127	80	0	3	-3.012122
291	46.875000	47.142857	F#4	127	80	0	2	-3.032881
292	47.410714	47.678571	E##4	127	80	0	2	-4.554564
293	47.410714	47.678571	G4	127	80	0	3	-3.686981
294	47.500000	48.000000	F3	127	80	1	-3	-5.325522
295	47.500000	48.000000	F#3	127	80	1	-2	-3.081523
296	47.678571	47.946429	F4	127	80	0	2	-2.287533
297	47.678571	47.946429	F#4	127	80	0	3	-3.190537
298	47.946429	48.214286	E4	127	80	0	2	-3.286699
299	47.946429	48.214286	G4	127	80	0	3	-3.012122
300	48.000000	49.500000	D3	90	80	1	-4	-4.761119
301	48.000000	49.500000	A3	90	80	1	-1	-2.959487
302	48.214286	48.482143	F4	127	80	0	2	-2.287533
303	48.214286	48.482143	F#4	127	80	0	3	-3.190537
304	49.285714	49.821429	F4	127	80	0	2	-2.803601
305	49.285714	49.821429	F#4	127	80	0	3	-3.190537
306	49.821429	50.357143	E-4	90	80	0	1	-3.281335
307	49.821429	50.357143	F4	90	80	0	2	-3.493146
308	49.821429	50.357143	F#4	90	80	0	3	-3.190537
309	49.821429	50.357143	G#4	90	80	0	4	-2.883688
310	50.892857	51.428571	F4	127	80	0	2	-4.043146
311	50.892857	51.428571	F#4	127	80	0	3	-3.190537
312	51.428571	53.035714	D4	90	80	0	1	-3.996553
313	51.428571	53.035714	F4	90	80	0	2	-2.525967
314	51.428571	53.035714	F4	90	80	0	2	-4.554564
315	51.428571	53.035714	A4	90	80	0	4	-2.758588
