//Version: PianoFingering_v170101
1	0.000000	0.250000	E-4	90	80	1	-3	-2.360819
2	0.250000	0.500000	D4	90	80	1	-1	-3.371140
3	0.500000	0.750000	A3	90	80	1	-2	-3.456527
4	0.750000	1.000000	G#3	90	80	1	-3	-3.848567
5	1.000000	1.250000	A3	90	80	1	-2	-3.642491
6	1.250000	1.500000	D4	90	80	1	-1	-2.320150
7	1.343284	1.567164	B3	90	80	0	1	-0.925785
8	1.500000	3.250000	E-4	90	80	1	-2	-4.643648
9	1.567164	1.791045	C4	90	80	0	2	-2.867384
10	1.791045	2.014925	F4	90	80	0	4	-2.909306
11	2.014925	2.238806	G-4	90	80	0	5	-4.385182
12	2.238806	2.462687	F4	90	80	0	4	-4.300502
13	2.462687	2.686567	C4	90	80	0	2	-3.266530
14	2.686567	3.582090	B3	90	80	0	1	-2.609267
15	3.250000	3.500000	D4	90	80	1	-1	-3.931111
16	3.500000	3.750000	A3	90	80	1	-2	-3.456527
17	3.582090	3.805970	F4	90	80	0	4	-4.054949
18	3.750000	4.750000	G#3	90	80	1	-3	-3.848567
19	3.805970	4.029851	C4	90	80	0	2	-3.266530
20	4.029851	4.477612	B3	90	80	0	1	-2.609267
21	4.477612	4.925373	C4	90	80	0	2	-2.867384
22	4.750000	5.000000	A3	90	80	1	-2	-3.642491
23	4.925373	5.149254	B3	90	80	0	1	-2.609267
24	5.000000	5.250000	D4	90	80	1	-1	-2.320150
25	5.250000	5.750000	E-4	90	80	1	-2	-4.643648
26	5.373134	5.597015	G-5	90	80	0	5	-7.327766
27	5.597015	5.820896	F5	90	80	0	4	-4.300502
28	5.750000	6.000000	D4	90	80	1	-1	-3.931111
29	5.820896	6.044776	C5	90	80	0	2	-3.266530
30	6.044776	6.268657	B4	90	80	0	1	-2.609267
31	6.268657	6.492537	C5	90	80	0	2	-2.867384
32	6.492537	6.716418	F5	90	80	0	4	-2.909306
33	6.716418	8.283582	G-5	90	80	0	5	-4.385182
34	7.500000	7.750000	G#3	90	80	1	-3	-6.025293
35	7.750000	8.000000	A3	90	80	1	-2	-3.642491
36	8.000000	8.250000	D4	90	80	1	-1	-2.320150
37	8.250000	8.500000	E-4	90	80	1	-2	-4.643648
38	8.283582	8.507463	F5	90	80	0	4	-4.300502
39	8.500000	8.750000	D4	90	80	1	-1	-3.931111
40	8.507463	8.731343	C5	90	80	0	2	-3.266530
41	8.731343	9.626866	F5	90	80	0	4	-2.909306
42	8.750000	9.000000	A3	90	80	1	-2	-3.456527
43	9.000000	10.000000	G#3	90	80	1	-3	-3.848567
44	9.626866	9.850746	C5	90	80	0	2	-3.266530
45	9.850746	10.074627	B4	90	80	0	1	-2.609267
46	10.000000	10.250000	D4	90	80	1	-1	-4.001517
47	10.074627	10.298507	G-5	90	80	0	5	-4.305381
48	10.250000	10.500000	A3	90	80	1	-2	-3.456527
49	10.298507	10.970149	C5	90	80	0	2	-4.646957
50	10.500000	11.500000	G#3	90	80	1	-3	-3.848567
51	10.970149	11.194030	B4	90	80	0	1	-2.609267
52	11.194030	11.417910	C5	90	80	0	2	-2.867384
53	11.417910	11.641791	G-5	90	80	0	4	-5.307691
54	11.500000	11.750000	A3	90	80	1	-2	-3.642491
55	11.641791	11.865672	F5	90	80	0	3	-3.302559
56	11.750000	12.000000	D4	90	80	1	-1	-2.320150
57	11.865672	12.089552	B4	90	80	0	1	-3.310457
58	12.000000	12.500000	E-4	90	80	1	-2	-4.643648
59	12.089552	12.313433	C5	90	80	0	2	-2.867384
60	12.313433	12.537313	G-5	90	80	0	4	-5.307691
61	12.500000	12.750000	D4	90	80	1	-1	-3.931111
62	12.537313	12.761194	F5	90	80	0	3	-3.302559
63	12.750000	13.000000	G#3	90	80	1	-4	-6.237620
64	12.761194	13.208955	B4	90	80	0	1	-3.310457
65	13.000000	13.250000	A3	90	80	1	-3	-4.267903
66	13.208955	13.880597	C5	90	80	0	2	-2.867384
67	13.250000	13.500000	E-4	90	80	1	-1	-4.411093
68	13.500000	13.750000	D4	90	80	1	-2	-4.597368
69	13.750000	14.000000	G#3	90	80	1	-4	-6.312522
70	13.880597	14.776119	F5	90	80	0	4	-2.909306
71	14.000000	14.500000	A3	90	80	1	-3	-4.267903
72	14.500000	15.000000	E-4	90	80	1	-1	-4.411093
73	15.000000	15.500000	D4	90	80	1	-2	-4.597368
74	15.500000	16.500000	A3	90	80	1	-4	-4.045906
75	15.895522	16.119403	B4	90	80	0	1	-2.857522
76	16.119403	16.343284	C5	90	80	0	2	-2.867384
77	16.343284	16.567164	F5	90	80	0	4	-2.909306
78	16.567164	17.014925	G-5	90	80	0	5	-4.385182
79	17.014925	17.462687	G-5	90	80	0	5	-4.495609
80	17.462687	17.686567	G-5	90	80	0	5	-4.495609
81	17.686567	17.910448	F5	90	80	0	4	-4.300502
82	17.750000	18.000000	B3	126	80	1	-3	-2.915060
83	17.910448	18.134328	C5	90	80	0	1	-3.216633
84	18.000000	18.250000	C4	126	80	1	-2	-2.510186
85	18.134328	18.358209	G-5	90	80	0	4	-4.926369
86	18.250000	18.500000	F4	126	80	1	-1	-2.320150
87	18.358209	18.582090	F5	90	80	0	3	-3.302559
88	18.500000	19.000000	G-4	126	80	1	-2	-4.643648
89	18.582090	18.805970	C5	90	80	0	1	-2.905888
90	18.805970	19.253731	G-5	90	80	0	4	-4.926369
91	19.000000	19.500000	G-4	126	80	1	-2	-3.999177
92	19.477612	19.701493	B4	90	80	0	1	-3.549056
93	19.500000	19.750000	G-4	126	80	1	-2	-3.999177
94	19.701493	19.925373	C5	90	80	0	1	-5.893792
95	19.750000	20.000000	F4	126	80	1	-3	-3.281947
96	19.925373	20.149254	F5	90	80	0	2	-2.963617
97	20.000000	20.250000	C4	126	80	1	-5	-4.227379
98	20.149254	20.597015	G-5	90	80	0	3	-3.190537
99	20.250000	20.500000	G-4	126	80	1	-3	-5.669550
100	20.500000	20.750000	F4	126	80	1	-1	-3.371140
101	20.597015	21.044776	A--5	90	80	0	4	-3.868143
102	20.750000	21.000000	C4	126	80	1	-3	-3.831713
103	21.000000	21.500000	G-4	126	80	1	-1	-4.411093
104	21.044776	21.268657	G-5	90	80	0	3	-3.226506
105	21.268657	21.492537	F5	90	80	0	2	-2.803601
106	21.492537	21.716418	C5	90	80	0	1	-3.434905
107	21.716418	21.940299	G-5	90	80	0	4	-4.926369
108	21.750000	22.000000	B3	126	80	1	-3	-5.904641
109	21.940299	22.164179	F5	90	80	0	3	-3.302559
110	22.000000	22.250000	C4	126	80	1	-2	-2.510186
111	22.164179	22.388060	C5	90	80	0	2	-5.150975
112	22.250000	22.500000	F4	126	80	1	-1	-2.320150
113	22.388060	22.835821	B4	90	80	0	1	-2.609267
114	22.500000	23.000000	G-4	126	80	1	-2	-4.643648
115	23.000000	23.500000	A--4	126	80	1	-1	-3.404249
116	23.059701	23.283582	G#5	90	80	0	4	-4.568866
117	23.283582	23.507463	A5	90	80	0	1	-5.276270
118	23.500000	23.750000	G-4	126	80	1	-2	-3.720116
119	23.507463	23.731343	D6	90	80	0	2	-2.963617
120	23.731343	24.179104	E-6	90	80	0	3	-3.190537
121	23.750000	24.000000	F4	126	80	1	-3	-3.281947
122	24.000000	24.250000	C4	126	80	1	-5	-4.227379
123	24.179104	24.626866	E-6	90	80	0	3	-4.378151
124	24.250000	24.500000	G-4	126	80	1	-3	-5.669550
125	24.500000	24.750000	F4	126	80	1	-1	-3.371140
126	24.626866	24.850746	E-6	90	80	0	3	-4.378151
127	24.750000	25.000000	C4	126	80	1	-2	-3.456527
128	24.850746	25.074627	D6	90	80	0	2	-2.803601
129	25.000000	25.500000	B3	126	80	1	-3	-2.891080
130	25.074627	25.298507	A5	90	80	0	1	-3.434905
131	25.298507	25.522388	E-6	90	80	0	4	-4.926369
132	25.522388	25.746269	D6	90	80	0	3	-3.302559
133	25.746269	25.970149	A5	90	80	0	1	-2.905888
134	25.970149	26.417910	E-6	90	80	0	4	-4.926369
135	26.641791	26.865672	E-5	90	80	0	1	-3.627794
136	26.750000	27.000000	B3	126	80	1	-3	-4.764209
137	26.865672	27.089552	D5	90	80	0	2	-6.767166
138	27.000000	27.250000	C4	126	80	1	-2	-2.510186
139	27.089552	27.313433	A4	90	80	0	1	-3.434905
140	27.250000	27.500000	F4	126	80	1	-1	-2.320150
141	27.313433	27.761194	G#4	90	80	0	2	-4.284147
142	27.500000	28.000000	G-4	126	80	1	-2	-4.643648
143	27.761194	28.432836	G#4	90	80	0	2	-4.554564
144	28.000000	28.500000	G-4	126	80	1	-2	-3.999177
145	28.432836	28.656716	A4	90	80	0	1	-4.072488
146	28.500000	28.750000	G-4	126	80	1	-2	-3.999177
147	28.656716	28.880597	D5	90	80	0	2	-2.963617
148	28.750000	29.000000	F4	126	80	1	-3	-3.281947
149	28.880597	29.104478	E-5	90	80	0	3	-3.190537
150	29.000000	29.250000	C4	126	80	1	-5	-4.227379
151	29.104478	29.328358	D5	90	80	0	2	-2.803601
152	29.250000	29.500000	G-4	126	80	1	-3	-5.669550
153	29.328358	29.552239	A4	90	80	0	1	-3.434905
154	29.500000	29.750000	F4	126	80	1	-1	-3.371140
155	29.552239	30.223881	G#4	90	80	0	2	-4.284147
156	29.750000	30.000000	C4	126	80	1	-3	-3.831713
157	30.000000	30.500000	G-4	126	80	1	-1	-4.411093
158	30.223881	30.447761	A4	90	80	0	3	-3.686981
159	30.447761	30.671642	D5	90	80	0	5	-3.128600
160	30.671642	30.895522	A4	90	80	0	3	-3.854029
161	30.750000	31.000000	B3	126	80	1	-3	-5.904641
162	30.895522	31.119403	G#4	90	80	0	2	-3.151465
163	31.000000	31.250000	C4	126	80	1	-2	-2.510186
164	31.119403	31.343284	D5	90	80	0	5	-4.764150
165	31.250000	31.500000	F4	126	80	1	-1	-2.320150
166	31.343284	31.567164	A4	90	80	0	3	-3.854029
167	31.500000	32.000000	G-4	126	80	1	-2	-4.643648
168	31.567164	31.791045	G#4	90	80	0	2	-3.151465
169	31.791045	32.014925	D5	90	80	0	5	-4.764150
170	32.000000	32.750000	G-4	126	80	1	-2	-3.999177
171	32.014925	32.238806	A4	90	80	0	3	-3.854029
172	32.238806	32.462687	G#4	90	80	0	2	-3.151465
173	32.462687	32.686567	D5	90	80	0	5	-4.764150
174	32.686567	32.910448	A4	90	80	0	3	-3.854029
175	32.750000	33.000000	F4	126	80	1	-1	-3.931111
176	32.910448	33.134328	G#4	90	80	0	2	-3.151465
177	33.000000	33.250000	C4	126	80	1	-2	-3.456527
178	33.134328	33.358209	D5	90	80	0	5	-4.764150
179	33.250000	33.500000	B3	126	80	1	-3	-2.891080
180	33.358209	33.582090	A4	90	80	0	3	-3.854029
181	33.500000	33.750000	C4	126	80	1	-2	-2.510186
182	33.582090	34.029851	G#4	90	80	0	2	-3.151465
183	33.750000	34.000000	F4	126	80	1	-1	-2.320150
184	34.000000	34.750000	G-4	126	80	1	-2	-4.643648
185	34.029851	34.253731	D5	90	80	0	5	-4.764150
186	34.750000	35.000000	B3	126	80	1	-5	-4.626444
187	35.000000	35.250000	C4	126	80	1	-4	-3.907966
188	35.250000	35.500000	F4	126	80	1	-2	-2.507290
189	35.500000	35.750000	G-4	126	80	1	-1	-4.284379
190	35.597015	35.820896	A3	90	80	0	1	-4.498352
191	35.750000	36.000000	B3	126	80	1	-3	-5.904641
192	35.820896	36.044776	B-3	90	80	0	1	-6.512494
193	36.000000	36.250000	C4	126	80	1	-2	-2.510186
194	36.044776	36.268657	D4	90	80	0	2	-3.465862
195	36.250000	36.500000	F4	126	80	1	-1	-2.320150
196	36.268657	36.716418	E-4	90	80	0	3	-3.190537
197	36.500000	36.750000	G-4	126	80	1	-2	-4.643648
198	36.716418	37.164179	E-4	90	80	0	3	-4.378151
199	36.750000	37.000000	B3	126	80	1	-5	-4.626444
200	37.000000	37.250000	C4	126	80	1	-4	-3.907966
201	37.164179	37.611940	E-4	90	80	0	3	-4.378151
202	37.250000	37.500000	F4	126	80	1	-2	-2.507290
203	37.500000	38.250000	G-4	126	80	1	-1	-4.284379
204	37.611940	37.835821	D4	90	80	0	2	-2.803601
205	37.835821	38.059701	B-3	90	80	0	1	-3.898407
206	38.059701	38.283582	E-4	90	80	0	3	-3.401091
207	38.283582	38.507463	D4	90	80	0	2	-2.803601
208	38.507463	38.955224	B-3	90	80	0	1	-3.898407
209	38.955224	39.179104	D4	90	80	0	2	-3.465862
210	39.179104	39.402985	E-4	90	80	0	3	-3.190537
211	39.402985	39.626866	D4	90	80	0	2	-2.803601
212	39.626866	39.850746	B-3	90	80	0	1	-3.898407
213	39.750000	40.000000	A2	127	80	1	-5	-6.473863
214	39.850746	40.074627	E-4	90	80	0	4	-4.278061
215	40.000000	40.250000	B-2	127	80	1	-4	-5.131985
216	40.074627	40.298507	D4	90	80	0	3	-3.302559
217	40.250000	40.500000	D3	127	80	1	-2	-2.871001
218	40.298507	40.522388	B-3	90	80	0	2	-5.111623
219	40.500000	41.000000	E-3	127	80	1	-1	-4.284379
220	40.522388	40.746269	A3	90	80	0	1	-3.290753
221	40.970149	41.194030	A3	90	80	0	1	-4.507997
222	41.000000	41.500000	E-3	127	80	1	-2	-4.675782
223	41.194030	41.417910	B-3	90	80	0	1	-6.512494
224	41.417910	41.641791	D4	90	80	0	2	-3.465862
225	41.500000	42.000000	E-3	127	80	1	-2	-3.999177
226	41.641791	42.089552	E-4	90	80	0	3	-3.190537
227	42.000000	42.250000	D3	127	80	1	-1	-3.931111
228	42.089552	42.537313	E-4	90	80	0	3	-4.378151
229	42.250000	42.500000	B-2	127	80	1	-2	-4.444474
230	42.500000	42.750000	E-3	127	80	1	-1	-2.320150
231	42.537313	42.761194	D4	90	80	0	2	-2.803601
232	42.750000	43.000000	D3	127	80	1	-2	-4.597368
233	42.761194	42.985075	B-3	90	80	0	1	-3.898407
234	42.985075	43.656716	E-4	90	80	0	3	-3.401091
235	43.000000	43.500000	B-2	127	80	1	-4	-4.647576
236	43.500000	43.750000	D3	127	80	1	-2	-2.871001
237	43.656716	43.880597	B-3	90	80	0	1	-2.905888
238	43.750000	44.000000	E-3	127	80	1	-1	-4.284379
239	43.880597	44.104478	D4	90	80	0	2	-3.465862
240	44.000000	44.250000	D3	127	80	1	-2	-4.597368
241	44.104478	44.328358	E-4	90	80	0	3	-3.190537
242	44.250000	44.500000	B-2	127	80	1	-4	-4.647576
243	44.328358	44.552239	B-3	90	80	0	1	-2.905888
244	44.500000	44.750000	E-3	127	80	1	-2	-2.507290
245	44.552239	44.776119	D4	90	80	0	2	-3.465862
246	44.750000	45.000000	D3	127	80	1	-1	-3.931111
247	44.776119	45.000000	E-4	90	80	0	3	-3.190537
248	45.000000	45.223881	D4	90	80	0	2	-2.803601
249	45.000000	45.250000	B-2	127	80	1	-3	-4.924354
250	45.250000	45.500000	A2	127	80	1	-1	-3.371140
251	45.447761	45.671642	E-4	90	80	0	3	-3.190537
252	45.671642	45.895522	B-3	90	80	0	1	-2.905888
253	45.750000	46.000000	A1	127	80	1	-5	-2.314770
254	45.895522	46.119403	A3	90	80	0	2	-6.767166
255	46.000000	46.250000	B-1	127	80	1	-4	-5.131985
256	46.119403	46.343284	B-3	90	80	0	3	-3.190537
257	46.250000	46.500000	D2	127	80	1	-2	-2.871001
258	46.343284	47.014925	D4	90	80	0	5	-3.340065
259	46.500000	47.000000	E-2	127	80	1	-1	-4.284379
260	47.000000	47.500000	E-2	127	80	1	-2	-4.675782
261	47.500000	47.750000	D2	127	80	1	-1	-3.931111
262	47.750000	48.000000	B-1	127	80	1	-2	-4.444474
263	48.000000	48.750000	E-2	127	80	1	-1	-2.320150
264	48.750000	49.000000	B-1	127	80	1	-2	-3.456527
265	49.000000	49.250000	D2	127	80	1	-1	-3.262923
266	49.029851	49.253731	A3	63	80	0	3	-3.854029
267	49.250000	49.500000	E-2	127	80	1	-2	-4.643648
268	49.253731	49.477612	G#3	63	80	0	2	-3.151465
269	49.477612	49.701493	A3	63	80	0	1	-4.072488
270	49.500000	49.750000	B-1	127	80	1	-5	-3.713619
271	49.701493	49.925373	D4	63	80	0	2	-2.963617
272	49.750000	50.000000	D2	127	80	1	-3	-4.118108
273	49.925373	50.149254	E-4	63	80	0	3	-3.190537
274	50.000000	50.250000	E-2	127	80	1	-2	-3.081523
275	50.149254	50.820896	D4	63	80	0	2	-2.803601
276	50.250000	50.500000	D2	127	80	1	-3	-3.281947
277	50.373134	50.597015	C5	63	80	0	5	-6.184352
278	50.597015	50.820896	B4	63	80	0	4	-2.814339
279	50.750000	51.000000	E-2	127	80	1	-2	-3.081523
280	50.820896	51.716418	A3	63	80	0	1	-5.221171
281	50.820896	51.044776	C5	63	80	0	2	-8.642198
282	51.000000	51.250000	B-1	127	80	1	-3	-5.147120
283	51.044776	51.268657	F5	63	80	0	4	-2.909306
284	51.250000	51.500000	A1	127	80	1	-4	-3.777019
285	51.268657	51.492537	G-5	63	80	0	5	-4.385182
286	51.492537	51.716418	F5	63	80	0	4	-4.300502
287	51.500000	51.750000	B-1	127	80	1	-3	-2.906925
288	51.716418	51.940299	A3	63	80	0	1	-8.006577
289	51.716418	53.059701	C5	63	80	0	5	-6.268865
290	51.750000	52.500000	D2	127	80	1	-1	-3.390615
291	51.940299	52.164179	G#3	63	80	0	2	-7.534385
292	52.164179	52.388060	A3	63	80	0	1	-4.072488
293	52.388060	52.611940	D4	63	80	0	2	-2.963617
294	52.500000	54.500000	D2	90	80	1	-5	-4.801795
295	52.500000	54.500000	D4	90	80	1	-1	-5.964413
296	52.611940	52.835821	E-4	63	80	0	3	-3.190537
297	52.835821	53.507463	D4	63	80	0	2	-2.803601
298	53.059701	53.283582	G4	63	80	0	5	-3.228870
299	53.283582	53.507463	F#4	63	80	0	4	-3.640665
300	53.507463	54.402985	A3	63	80	0	1	-3.493957
301	53.507463	53.731343	G4	63	80	0	2	-7.583777
302	53.731343	53.955224	C5	63	80	0	4	-2.909306
303	53.955224	54.179104	D-5	63	80	0	5	-4.385182
304	54.179104	54.402985	C5	63	80	0	4	-4.300502
305	54.402985	54.626866	G#3	63	80	0	1	-7.338864
306	54.402985	54.626866	A3	63	80	0	1	-6.856287
307	54.402985	55.746269	G4	63	80	0	5	-4.284649
308	54.500000	56.000000	D2	90	80	1	-5	-5.451251
309	54.500000	56.000000	D4	90	80	1	-1	-5.964413
310	54.626866	54.850746	A3	63	80	0	1	-3.027253
311	55.074627	55.298507	D4	63	80	0	4	-4.278061
312	55.298507	55.522388	C6	63	80	0	5	-8.032197
313	55.746269	55.970149	C4	63	80	0	2	-8.202096
314	55.970149	56.194030	B3	63	80	0	1	-2.609267
315	56.194030	56.417910	C4	63	80	0	2	-2.867384
316	56.417910	56.641791	F4	63	80	0	4	-2.909306
317	56.641791	56.865672	G-4	63	80	0	5	-4.385182
318	56.865672	57.089552	F4	63	80	0	4	-4.300502
319	57.089552	57.761194	C4	63	80	0	2	-3.266530
320	57.761194	57.985075	B3	63	80	0	1	-2.609267
321	57.985075	58.208955	C4	63	80	0	2	-2.867384
322	58.208955	58.880597	F4	63	80	0	3	-4.897982
323	58.880597	60.223881	G-4	63	80	0	4	-4.152325
324	60.223881	60.895522	F4	63	80	0	3	-3.302559
325	61.567164	62.238806	B4	90	80	0	1	-5.548003
326	61.567164	62.238806	G-5	90	80	0	4	-4.298356
327	62.000000	63.500000	D2	90	80	1	-5	-5.451251
328	62.000000	63.500000	D4	90	80	1	-1	-5.964413
329	62.238806	63.582090	C5	90	80	0	1	-3.845468
330	62.238806	63.582090	F5	90	80	0	3	-3.401091
331	62.750000	63.750000	A3	127	80	1	-2	-3.456527
332	63.582090	64.925373	C5	90	80	0	1	-2.905888
333	63.582090	64.925373	F5	90	80	0	2	-2.963617
334	63.582090	64.029851	A-5	45	80	0	4	-4.064995
335	63.750000	64.000000	D4	127	80	1	-1	-2.320150
336	64.000000	64.250000	E-4	127	80	1	-2	-4.643648
337	64.250000	64.500000	D4	127	80	1	-1	-3.931111
338	64.500000	65.250000	A3	127	80	1	-2	-3.456527
339	64.925373	66.268657	C5	90	80	0	1	-3.549056
340	64.925373	66.268657	F5	90	80	0	2	-2.963617
341	65.250000	65.500000	G#3	127	80	1	-3	-3.848567
342	65.500000	65.750000	A3	127	80	1	-2	-3.642491
343	65.750000	66.500000	D4	127	80	1	-1	-2.320150
344	66.500000	68.000000	E-4	127	80	1	-2	-4.643648
345	68.750000	69.500000	G#3	90	80	1	-5	-3.155341
346	68.750000	69.500000	E-4	90	80	1	-1	-3.477173
347	69.500000	72.500000	A3	90	80	1	-2	-5.875271
348	69.500000	72.500000	D4	90	80	1	-1	-2.320150
349	71.000000	71.500000	F#2	63	80	1	-5	-6.587391
350	72.500000	74.000000	A3	90	80	1	-2	-7.543808
351	72.500000	74.000000	D4	90	80	1	-1	-2.320150
