//Version: PianoFingering_v170101
1	0.000000	0.500000	C4	90	80	1	-5	-0.504576
2	0.000000	0.500000	G4	90	80	1	-2	-2.554480
3	0.500000	1.000000	C4	90	80	1	-5	-3.155341
4	0.500000	1.000000	G4	90	80	1	-2	-2.554480
5	0.789474	1.578947	D-4	90	80	0	1	-0.925785
6	0.789474	1.578947	A-4	90	80	0	4	-4.054949
7	1.500000	2.000000	C4	90	80	1	-5	-3.155341
8	1.500000	2.000000	G4	90	80	1	-2	-2.554480
9	1.578947	2.368421	D-4	90	80	0	1	-2.857522
10	1.578947	2.368421	A-4	90	80	0	4	-4.054949
11	2.000000	2.500000	C4	90	80	1	-5	-3.155341
12	2.000000	2.500000	G4	90	80	1	-2	-2.554480
13	2.368421	3.157895	D-4	90	80	0	1	-2.857522
14	2.368421	3.157895	A-4	90	80	0	4	-4.054949
15	2.500000	3.000000	C4	90	80	1	-5	-3.155341
16	2.500000	3.000000	G4	90	80	1	-2	-2.554480
17	3.500000	4.000000	C4	90	80	1	-5	-3.155341
18	3.500000	4.000000	G4	90	80	1	-2	-2.554480
19	3.947368	4.736842	D-4	90	80	0	1	-2.857522
20	3.947368	4.736842	A-4	90	80	0	4	-4.054949
21	4.000000	4.500000	C4	90	80	1	-5	-3.155341
22	4.000000	4.500000	G4	90	80	1	-2	-2.554480
23	4.500000	5.000000	C4	90	80	1	-5	-3.155341
24	4.500000	5.000000	G4	90	80	1	-2	-2.554480
25	4.736842	5.526316	D-4	90	80	0	1	-2.857522
26	4.736842	5.526316	A-4	90	80	0	4	-4.054949
27	5.250000	5.500000	D4	90	80	1	-4	-4.045906
28	5.250000	5.500000	F4	90	80	1	-2	-2.359478
29	5.500000	5.750000	C4	90	80	1	-5	-3.713619
30	5.500000	5.750000	G4	90	80	1	-2	-2.554480
31	5.526316	5.921053	D-4	90	80	0	1	-2.857522
32	5.526316	5.921053	A-4	90	80	0	3	-3.751952
33	5.750000	6.000000	D4	90	80	1	-4	-4.045906
34	5.750000	6.000000	F4	90	80	1	-2	-2.359478
35	5.921053	6.315789	E-4	90	80	0	1	-2.905888
36	5.921053	6.315789	G-4	90	80	0	2	-2.525967
37	6.000000	6.250000	C4	90	80	1	-5	-3.713619
38	6.000000	6.250000	G4	90	80	1	-2	-2.554480
39	6.250000	6.500000	D4	90	80	1	-4	-4.045906
40	6.250000	6.500000	F4	90	80	1	-2	-2.359478
41	6.315789	6.710526	D-4	90	80	0	1	-3.434905
42	6.315789	6.710526	A-4	90	80	0	3	-3.751952
43	6.500000	6.750000	C4	90	80	1	-5	-3.713619
44	6.500000	6.750000	G4	90	80	1	-2	-2.554480
45	6.710526	7.105263	E-4	90	80	0	1	-2.905888
46	6.710526	7.105263	G-4	90	80	0	2	-2.525967
47	6.750000	7.000000	D4	90	80	1	-4	-4.045906
48	6.750000	7.000000	F4	90	80	1	-2	-2.359478
49	7.105263	7.500000	D-4	90	80	0	1	-3.434905
50	7.105263	7.500000	A-4	90	80	0	3	-3.751952
51	7.500000	7.894737	E-4	90	80	0	1	-2.905888
52	7.500000	7.894737	G-4	90	80	0	2	-2.525967
53	7.750000	8.000000	D4	90	80	1	-4	-3.718276
54	7.750000	8.000000	F4	90	80	1	-2	-2.359478
55	7.894737	8.289474	D-4	90	80	0	1	-3.434905
56	7.894737	8.289474	A-4	90	80	0	3	-3.751952
57	8.000000	8.250000	C4	90	80	1	-5	-3.713619
58	8.000000	8.250000	G4	90	80	1	-2	-2.554480
59	8.250000	8.500000	D4	90	80	1	-4	-4.045906
60	8.250000	8.500000	F4	90	80	1	-2	-2.359478
61	8.289474	8.684211	E-4	90	80	0	1	-2.905888
62	8.289474	8.684211	G-4	90	80	0	2	-2.525967
63	8.500000	8.750000	C4	90	80	1	-5	-3.713619
64	8.500000	8.750000	G4	90	80	1	-2	-2.554480
65	8.684211	9.473684	D-4	90	80	0	1	-3.434905
66	8.684211	9.473684	A-4	90	80	0	3	-3.751952
67	8.750000	9.000000	D4	90	80	1	-4	-4.045906
68	8.750000	9.000000	F4	90	80	1	-2	-2.359478
69	9.000000	9.250000	C4	90	80	1	-5	-3.713619
70	9.000000	9.250000	G4	90	80	1	-2	-2.554480
71	9.250000	9.500000	D4	90	80	1	-4	-4.045906
72	9.250000	9.500000	F4	90	80	1	-2	-2.359478
73	9.750000	10.000000	D4	90	80	1	-4	-3.718276
74	9.750000	10.000000	F4	90	80	1	-2	-2.359478
75	10.000000	10.250000	C4	90	80	1	-5	-3.713619
76	10.000000	10.250000	G4	90	80	1	-2	-2.554480
77	10.250000	10.500000	D4	90	80	1	-4	-4.045906
78	10.250000	10.500000	F4	90	80	1	-2	-2.359478
79	10.657895	11.052632	E-4	90	80	0	1	-2.905888
80	10.657895	11.052632	G-4	90	80	0	2	-2.525967
81	10.750000	11.000000	D4	90	80	1	-4	-3.718276
82	10.750000	11.000000	F4	90	80	1	-2	-2.359478
83	11.000000	11.250000	C4	90	80	1	-5	-3.713619
84	11.000000	11.250000	G4	90	80	1	-2	-2.554480
85	11.052632	11.447368	D-4	90	80	0	1	-3.434905
86	11.052632	11.447368	A-4	90	80	0	3	-3.751952
87	11.250000	11.500000	D4	90	80	1	-4	-4.045906
88	11.250000	11.500000	F4	90	80	1	-2	-2.359478
89	11.447368	11.842105	E-4	90	80	0	1	-2.905888
90	11.447368	11.842105	G-4	90	80	0	2	-2.525967
91	11.750000	12.000000	D4	90	80	1	-4	-3.718276
92	11.750000	12.000000	F4	90	80	1	-2	-2.359478
93	11.842105	12.236842	D-4	90	80	0	1	-3.434905
94	11.842105	12.236842	A-4	90	80	0	3	-3.751952
95	12.000000	12.250000	C4	90	80	1	-5	-3.713619
96	12.000000	12.250000	G4	90	80	1	-2	-2.554480
97	12.236842	12.631579	E-4	90	80	0	1	-2.905888
98	12.236842	12.631579	G-4	90	80	0	2	-2.525967
99	12.250000	12.500000	D4	90	80	1	-4	-4.045906
100	12.250000	12.500000	F4	90	80	1	-2	-2.359478
101	12.500000	12.750000	C4	90	80	1	-5	-3.713619
102	12.500000	12.750000	G4	90	80	1	-2	-2.554480
103	12.631579	13.026316	D-4	90	80	0	1	-3.434905
104	12.631579	13.026316	A-4	90	80	0	3	-3.751952
105	12.750000	13.000000	D4	90	80	1	-4	-4.045906
106	12.750000	13.000000	F4	90	80	1	-2	-2.359478
107	13.000000	13.250000	C4	90	80	1	-5	-3.713619
108	13.000000	13.250000	G4	90	80	1	-2	-2.554480
109	13.250000	13.500000	D4	90	80	1	-4	-4.045906
110	13.250000	13.500000	F4	90	80	1	-2	-2.359478
111	13.500000	13.750000	C4	90	80	1	-5	-3.713619
112	13.500000	13.750000	G4	90	80	1	-2	-2.554480
113	13.750000	14.000000	D4	90	80	1	-4	-4.045906
114	13.750000	14.000000	F4	90	80	1	-2	-2.359478
115	14.000000	14.250000	C4	90	80	1	-5	-3.713619
116	14.000000	14.250000	G4	90	80	1	-2	-2.554480
117	14.250000	14.500000	D4	90	80	1	-4	-4.045906
118	14.250000	14.500000	F4	90	80	1	-2	-2.359478
119	14.500000	14.750000	C4	90	80	1	-5	-3.713619
120	14.500000	14.750000	G4	90	80	1	-2	-2.554480
121	14.605263	15.000000	E-4	90	80	0	1	-2.905888
122	14.605263	15.000000	G-4	90	80	0	2	-2.525967
123	14.750000	15.000000	D4	90	80	1	-4	-4.045906
124	14.750000	15.000000	F4	90	80	1	-2	-2.359478
125	15.000000	15.394737	D-4	90	80	0	1	-3.434905
126	15.000000	15.394737	A-4	90	80	0	3	-3.751952
127	15.000000	15.250000	C4	90	80	1	-5	-3.713619
128	15.000000	15.250000	G4	90	80	1	-2	-2.554480
129	15.250000	15.500000	D4	90	80	1	-4	-4.045906
130	15.250000	15.500000	F4	90	80	1	-2	-2.359478
131	15.394737	15.789474	E-4	90	80	0	1	-2.905888
132	15.394737	15.789474	G-4	90	80	0	2	-2.525967
133	15.500000	15.750000	C4	90	80	1	-4	-4.045906
134	15.500000	15.750000	G4	90	80	1	-1	-2.959487
135	15.750000	16.000000	D4	90	80	1	-2	-3.456527
136	15.750000	16.000000	F4	90	80	1	-1	-2.415329
137	16.000000	20.000000	E4	126	80	1	-2	-2.745489
138	16.184211	16.578947	E-4	90	80	0	1	-3.157580
139	16.184211	16.578947	G-4	90	80	0	2	-2.525967
140	16.578947	16.973684	D-4	90	80	0	1	-3.434905
141	16.578947	16.973684	A-4	90	80	0	3	-3.751952
142	16.973684	17.368421	E-4	90	80	0	1	-2.905888
143	16.973684	17.368421	G-4	90	80	0	2	-2.525967
144	17.763158	18.157895	E-4	90	80	0	1	-3.157580
145	17.763158	18.157895	G-4	90	80	0	2	-2.525967
146	18.157895	18.552632	D-4	90	80	0	1	-3.434905
147	18.157895	18.552632	A-4	90	80	0	3	-3.751952
148	18.552632	18.947368	E-4	90	80	0	1	-2.905888
149	18.552632	18.947368	G-4	90	80	0	2	-2.525967
150	19.342105	19.736842	E4	90	80	0	1	-3.360143
151	19.342105	19.736842	G-4	90	80	0	2	-3.246278
152	20.000000	20.500000	B3	126	80	1	-4	-4.045906
153	20.000000	21.000000	E4	126	80	1	-2	-2.507290
154	20.131579	20.526316	E4	90	80	0	1	-3.360143
155	20.131579	20.526316	G-4	90	80	0	2	-3.246278
156	20.500000	21.000000	C#4	126	80	1	-3	-3.464153
157	20.921053	21.315789	E-4	90	80	0	1	-3.157580
158	20.921053	21.315789	G-4	90	80	0	2	-2.525967
159	21.000000	21.500000	D#4	126	80	1	-2	-2.510186
160	21.000000	22.000000	E4	126	80	1	-1	-3.404249
161	21.500000	21.750000	D4	126	80	1	-2	-2.745489
162	21.710526	22.105263	E-4	90	80	0	1	-3.157580
163	21.710526	22.105263	G-4	90	80	0	2	-2.525967
164	21.750000	22.000000	C4	126	80	1	-3	-2.891080
165	22.000000	22.500000	D4	126	80	1	-2	-2.510186
166	22.000000	23.000000	E4	126	80	1	-1	-2.578439
167	22.500000	22.894737	E-4	90	80	0	1	-3.157580
168	22.500000	22.894737	G-4	90	80	0	2	-2.525967
169	22.500000	23.000000	D#4	126	80	1	-2	-3.720116
170	23.000000	23.250000	B3	126	80	1	-4	-4.761119
171	23.000000	24.000000	E4	126	80	1	-2	-2.507290
172	23.250000	23.500000	C#4	126	80	1	-3	-3.464153
173	23.289474	23.684211	E-4	90	80	0	1	-3.157580
174	23.289474	23.684211	G-4	90	80	0	2	-2.525967
175	23.500000	23.750000	D#4	126	80	1	-2	-2.510186
176	23.750000	24.000000	D4	126	80	1	-3	-3.281947
177	24.078947	24.473684	E-4	90	80	0	1	-3.157580
178	24.078947	24.473684	G-4	90	80	0	2	-2.525967
179	24.473684	24.868421	D-4	90	80	0	1	-3.434905
180	24.473684	24.868421	A-4	90	80	0	3	-3.751952
181	24.500000	25.000000	E4	126	80	1	-2	-2.510186
182	24.500000	25.000000	E4	126	80	1	-2	-3.999177
183	24.868421	25.263158	E-4	90	80	0	1	-2.905888
184	24.868421	25.263158	G-4	90	80	0	2	-2.525967
185	25.000000	25.500000	B3	126	80	1	-4	-4.045906
186	25.000000	26.000000	E4	126	80	1	-2	-2.507290
187	25.263158	31.578947	F-4	127	80	0	1	-3.360143
188	25.500000	26.000000	C#4	126	80	1	-3	-3.464153
189	26.000000	26.500000	D#4	126	80	1	-2	-2.510186
190	26.000000	27.000000	E4	126	80	1	-1	-3.404249
191	26.500000	26.750000	D#4	126	80	1	-2	-3.720116
192	26.750000	27.000000	C4	126	80	1	-3	-4.407505
193	27.000000	27.500000	C#4	126	80	1	-2	-3.081523
194	27.000000	28.000000	E4	126	80	1	-1	-2.464298
195	27.500000	28.000000	B3	126	80	1	-2	-3.456527
196	28.000000	28.250000	B3	126	80	1	-2	-3.999177
197	28.000000	29.500000	C4	126	80	1	-1	-2.578439
198	28.250000	28.500000	A3	126	80	1	-3	-4.276897
199	28.500000	28.750000	B-3	126	80	1	-2	-3.081523
200	28.750000	29.000000	A-3	126	80	1	-3	-2.891080
201	29.000000	29.500000	G3	126	80	1	-4	-3.777019
202	30.500000	31.000000	C4	90	80	1	-2	-2.507290
203	30.500000	31.000000	G4	90	80	1	-1	-4.047397
204	31.000000	31.500000	C4	90	80	1	-5	-3.242781
205	31.000000	31.500000	G4	90	80	1	-2	-2.554480
206	31.500000	32.000000	C4	90	80	1	-5	-3.155341
207	31.500000	32.000000	G4	90	80	1	-2	-2.554480
208	31.578947	33.293233	B4	126	80	0	2	-3.928858
209	32.436090	33.293233	C#5	126	80	0	3	-3.409656
210	32.500000	32.750000	C4	90	80	1	-5	-3.155341
211	32.500000	32.750000	G4	90	80	1	-2	-2.554480
212	32.750000	33.000000	D4	90	80	1	-4	-4.045906
213	32.750000	33.000000	F4	90	80	1	-2	-2.359478
214	33.000000	33.250000	C4	90	80	1	-5	-3.713619
215	33.000000	33.250000	G4	90	80	1	-2	-2.554480
216	33.250000	33.500000	D4	90	80	1	-4	-4.045906
217	33.250000	33.500000	F4	90	80	1	-2	-2.359478
218	33.293233	36.721805	B4	126	80	0	2	-3.286699
219	33.293233	34.150376	D#5	126	80	0	3	-4.632489
220	33.500000	33.750000	C4	90	80	1	-5	-3.713619
221	33.500000	33.750000	G4	90	80	1	-2	-2.554480
222	33.750000	34.000000	D4	90	80	1	-4	-4.045906
223	33.750000	34.000000	F4	90	80	1	-2	-2.359478
224	34.000000	34.500000	C4	90	80	1	-5	-3.713619
225	34.000000	34.500000	G4	90	80	1	-2	-2.554480
226	34.150376	34.578947	D5	126	80	0	2	-2.803601
227	34.578947	35.007519	C5	126	80	0	1	-2.609267
228	34.750000	35.000000	D4	90	80	1	-4	-4.045906
229	34.750000	35.000000	F4	90	80	1	-2	-2.359478
230	35.000000	35.250000	C4	90	80	1	-5	-3.713619
231	35.000000	35.250000	G4	90	80	1	-2	-2.554480
232	35.007519	35.864662	D5	126	80	0	2	-2.867384
233	35.250000	35.500000	D4	90	80	1	-4	-4.045906
234	35.250000	35.500000	F4	90	80	1	-2	-2.359478
235	35.500000	35.750000	C4	90	80	1	-5	-3.713619
236	35.500000	35.750000	G4	90	80	1	-2	-2.554480
237	35.750000	36.000000	D4	90	80	1	-4	-4.045906
238	35.750000	36.000000	F4	90	80	1	-2	-2.359478
239	35.864662	36.721805	D#5	126	80	0	3	-3.190537
240	36.250000	36.500000	D4	90	80	1	-4	-3.718276
241	36.250000	36.500000	F4	90	80	1	-2	-2.359478
242	36.500000	36.750000	C4	90	80	1	-5	-3.713619
243	36.500000	36.750000	G4	90	80	1	-2	-2.554480
244	36.721805	40.150376	B4	126	80	0	1	-3.996553
245	36.750000	37.000000	D4	90	80	1	-4	-4.045906
246	36.750000	37.000000	F4	90	80	1	-2	-2.359478
247	37.150376	37.578947	C#5	126	80	0	2	-3.246278
248	37.250000	37.500000	D4	90	80	1	-4	-3.718276
249	37.250000	37.500000	F4	90	80	1	-2	-2.359478
250	37.500000	37.750000	C4	90	80	1	-4	-4.045906
251	37.500000	37.750000	G4	90	80	1	-1	-2.959487
252	37.578947	38.007519	D#5	126	80	0	3	-2.675961
253	37.750000	38.000000	D4	90	80	1	-2	-3.456527
254	37.750000	38.000000	F4	90	80	1	-1	-2.415329
255	38.007519	38.436090	D5	126	80	0	2	-2.803601
256	38.250000	38.500000	D4	90	80	1	-2	-3.291596
257	38.250000	38.500000	F4	90	80	1	-1	-2.415329
258	38.436090	39.293233	E5	126	80	0	3	-2.675961
259	38.750000	39.000000	D4	90	80	1	-2	-3.291596
260	38.750000	39.000000	F4	90	80	1	-1	-2.415329
261	39.250000	39.500000	D4	90	80	1	-2	-3.291596
262	39.250000	39.500000	F4	90	80	1	-1	-2.415329
263	39.293233	40.150376	E5	126	80	0	4	-5.516614
264	39.750000	40.000000	D4	90	80	1	-2	-3.291596
265	39.750000	40.000000	F4	90	80	1	-1	-2.415329
266	40.150376	41.007519	B4	126	80	0	2	-3.266530
267	40.250000	40.500000	D4	90	80	1	-2	-3.291596
268	40.250000	40.500000	F4	90	80	1	-1	-2.415329
269	40.750000	41.000000	D4	90	80	1	-2	-3.291596
270	40.750000	41.000000	F4	90	80	1	-1	-2.415329
271	41.007519	41.864662	C5	126	80	0	3	-2.675961
272	41.250000	41.500000	D4	90	80	1	-2	-3.291596
273	41.250000	41.500000	F4	90	80	1	-1	-2.415329
274	41.500000	41.750000	C4	90	80	1	-3	-3.831713
275	41.500000	41.750000	G4	90	80	1	-1	-3.342645
276	41.750000	42.000000	D4	90	80	1	-2	-3.456527
277	41.750000	42.000000	F4	90	80	1	-1	-2.415329
278	41.864662	44.436090	B4	126	80	0	2	-2.287533
279	41.864662	42.721805	D#5	126	80	0	4	-3.522723
280	42.721805	43.150376	D5	126	80	0	3	-3.302559
281	43.000000	47.000000	E4	126	80	1	-2	-2.745489
282	43.150376	43.578947	C5	126	80	0	2	-2.287533
283	43.578947	44.436090	C#5	126	80	0	3	-3.190537
284	44.436090	45.293233	B4	126	80	0	2	-3.286699
285	44.436090	45.293233	B4	126	80	0	2	-4.554564
286	45.293233	45.721805	B4	126	80	0	2	-4.554564
287	45.293233	47.796992	C5	126	80	0	3	-2.675961
288	45.721805	46.150376	A4	126	80	0	1	-3.281335
289	46.150376	46.578947	B-4	126	80	0	4	-5.465822
290	46.578947	47.007519	A-4	126	80	0	3	-2.238713
291	47.000000	48.000000	E4	126	80	1	-1	-4.535716
292	47.007519	47.796992	G4	126	80	0	2	-2.803601
293	47.500000	47.750000	D#4	126	80	1	-2	-3.720116
294	47.796992	48.586466	D-4	90	80	0	1	-6.076999
295	47.796992	48.586466	A-4	90	80	0	4	-4.054949
296	48.000000	48.500000	C#4	126	80	1	-3	-2.891080
297	48.000000	49.000000	E4	126	80	1	-2	-2.872099
298	48.500000	48.750000	C4	126	80	1	-3	-4.063676
299	48.586466	49.375940	D-4	90	80	0	1	-2.857522
300	48.586466	49.375940	A-4	90	80	0	4	-4.054949
301	48.750000	49.000000	D4	126	80	1	-2	-2.510186
302	49.000000	50.000000	E4	126	80	1	-1	-2.578439
303	49.000000	50.000000	E4	126	80	1	-1	-4.426668
304	49.375940	50.165414	D-4	90	80	0	1	-2.857522
305	49.375940	50.165414	A-4	90	80	0	4	-4.054949
306	50.000000	50.250000	D#4	126	80	1	-2	-3.720116
307	50.000000	51.000000	E4	126	80	1	-1	-3.404249
308	50.250000	50.500000	C#4	126	80	1	-2	-3.299403
309	50.500000	50.750000	C4	126	80	1	-3	-3.281947
310	50.750000	51.000000	D4	126	80	1	-2	-2.510186
311	50.954887	51.744361	D-4	90	80	0	1	-2.857522
312	50.954887	51.744361	A-4	90	80	0	4	-4.054949
313	51.500000	53.000000	E4	126	80	1	-1	-2.578439
314	51.500000	52.000000	E4	126	80	1	-2	-4.675782
315	51.744361	52.533835	D-4	90	80	0	1	-2.857522
316	51.744361	52.533835	A-4	90	80	0	4	-4.054949
317	52.000000	52.500000	D#4	126	80	1	-3	-3.848567
318	52.000000	53.000000	E4	126	80	1	-2	-3.642491
319	52.500000	53.000000	C#4	126	80	1	-3	-3.464153
320	52.533835	53.323308	D-4	90	80	0	1	-2.857522
321	52.533835	53.323308	A-4	90	80	0	3	-3.751952
322	53.000000	53.250000	C4	126	80	1	-4	-3.777019
323	53.250000	53.500000	D4	126	80	1	-3	-2.915060
324	53.500000	54.000000	D#4	126	80	1	-2	-3.081523
325	54.500000	55.250000	E4	126	80	1	-1	-3.404249
326	54.507519	54.902256	E-4	90	80	0	1	-2.905888
327	54.507519	54.902256	G-4	90	80	0	2	-2.525967
328	54.902256	55.296992	D-4	90	80	0	1	-3.434905
329	54.902256	55.296992	A-4	90	80	0	3	-3.751952
330	55.250000	55.500000	D4	126	80	1	-2	-2.745489
331	55.296992	55.691729	E-4	90	80	0	1	-2.905888
332	55.296992	55.691729	G-4	90	80	0	2	-2.525967
333	55.500000	55.750000	E4	126	80	1	-1	-2.578439
334	55.691729	56.086466	D-4	90	80	0	1	-3.434905
335	55.691729	56.086466	A-4	90	80	0	3	-3.751952
336	55.750000	56.000000	F#4	126	80	1	-2	-5.583884
337	56.000000	56.500000	C4	90	80	1	-5	-5.017302
338	56.000000	56.500000	G4	90	80	1	-2	-2.554480
339	56.086466	56.481203	E-4	90	80	0	1	-2.905888
340	56.086466	56.481203	G-4	90	80	0	2	-2.525967
341	56.500000	57.000000	C4	90	80	1	-5	-3.155341
342	56.500000	57.000000	G4	90	80	1	-2	-2.554480
343	57.000000	57.500000	C4	90	80	1	-5	-3.155341
344	57.000000	57.500000	G4	90	80	1	-2	-2.554480
345	57.500000	58.000000	C4	90	80	1	-5	-3.155341
346	57.500000	58.000000	G4	90	80	1	-2	-2.554480
347	57.665414	58.060150	E-4	90	80	0	1	-3.157580
348	57.665414	58.060150	G-4	90	80	0	2	-2.525967
349	58.060150	58.454887	D-4	90	80	0	1	-3.434905
350	58.060150	58.454887	A-4	90	80	0	3	-3.751952
351	58.454887	58.849624	E-4	90	80	0	1	-2.905888
352	58.454887	58.849624	G-4	90	80	0	2	-2.525967
353	58.500000	59.000000	C4	90	80	1	-5	-3.155341
354	58.500000	59.000000	G4	90	80	1	-2	-2.554480
355	59.244361	59.639098	E-4	90	80	0	1	-3.157580
356	59.244361	59.639098	G-4	90	80	0	2	-2.525967
357	59.500000	60.000000	C4	90	80	1	-5	-3.155341
358	59.500000	60.000000	G4	90	80	1	-2	-2.554480
359	59.639098	60.033835	D-4	90	80	0	1	-3.434905
360	59.639098	60.033835	A-4	90	80	0	3	-3.751952
361	60.033835	60.428571	E4	90	80	0	1	-3.996553
362	60.033835	60.428571	G-4	90	80	0	2	-3.246278
363	60.750000	61.000000	D4	90	80	1	-4	-4.045906
364	60.750000	61.000000	F4	90	80	1	-2	-2.359478
365	60.823308	61.218045	E4	90	80	0	1	-3.360143
366	60.823308	61.218045	G-4	90	80	0	2	-3.246278
367	61.000000	61.250000	C4	90	80	1	-5	-3.713619
368	61.000000	61.250000	G4	90	80	1	-2	-2.554480
369	61.218045	61.612782	D-4	90	80	0	1	-3.434905
370	61.218045	61.612782	A-4	90	80	0	3	-3.751952
371	61.250000	61.500000	D4	90	80	1	-4	-4.045906
372	61.250000	61.500000	F4	90	80	1	-2	-2.359478
373	61.500000	61.750000	C4	90	80	1	-5	-3.713619
374	61.500000	61.750000	G4	90	80	1	-2	-2.554480
375	61.612782	62.007519	E-4	90	80	0	1	-2.905888
376	61.612782	62.007519	G-4	90	80	0	2	-2.525967
377	61.750000	62.000000	D4	90	80	1	-4	-4.045906
378	61.750000	62.000000	F4	90	80	1	-2	-2.359478
379	62.000000	62.250000	C4	90	80	1	-5	-3.713619
380	62.000000	62.250000	G4	90	80	1	-2	-2.554480
381	62.007519	62.402256	D-4	90	80	0	1	-3.434905
382	62.007519	62.402256	A-4	90	80	0	3	-3.751952
383	62.250000	62.500000	D4	90	80	1	-4	-4.045906
384	62.250000	62.500000	F4	90	80	1	-2	-2.359478
385	62.402256	62.796992	E-4	90	80	0	1	-2.905888
386	62.402256	62.796992	G-4	90	80	0	2	-2.525967
387	62.500000	63.000000	C4	90	80	1	-5	-3.713619
388	62.500000	63.000000	G4	90	80	1	-2	-2.554480
389	62.796992	63.191729	D-4	90	80	0	1	-3.434905
390	62.796992	63.191729	A-4	90	80	0	3	-3.751952
391	63.191729	63.586466	E-4	90	80	0	1	-2.905888
392	63.191729	63.586466	G-4	90	80	0	2	-2.525967
393	63.250000	63.500000	D4	90	80	1	-4	-4.045906
394	63.250000	63.500000	F4	90	80	1	-2	-2.359478
395	63.500000	63.750000	C4	90	80	1	-5	-3.713619
396	63.500000	63.750000	G4	90	80	1	-2	-2.554480
397	63.586466	63.981203	D-4	90	80	0	1	-3.434905
398	63.586466	63.981203	A-4	90	80	0	3	-3.751952
399	63.750000	64.000000	D4	90	80	1	-4	-4.045906
400	63.750000	64.000000	F4	90	80	1	-2	-2.359478
401	63.981203	64.375940	E-4	90	80	0	1	-2.905888
402	63.981203	64.375940	G-4	90	80	0	2	-2.525967
403	64.250000	64.500000	D4	90	80	1	-4	-3.718276
404	64.250000	64.500000	F4	90	80	1	-2	-2.359478
405	64.375940	64.770677	D-4	90	80	0	1	-3.434905
406	64.375940	64.770677	A-4	90	80	0	3	-3.751952
407	64.500000	64.750000	C4	90	80	1	-4	-4.045906
408	64.500000	64.750000	G4	90	80	1	-1	-2.959487
409	64.750000	65.000000	D4	90	80	1	-2	-3.456527
410	64.750000	65.000000	F4	90	80	1	-1	-2.415329
411	64.770677	65.165414	E-4	90	80	0	1	-2.905888
412	64.770677	65.165414	G-4	90	80	0	2	-2.525967
413	65.165414	65.560150	D-4	90	80	0	1	-3.434905
414	65.165414	65.560150	A-4	90	80	0	3	-3.751952
415	65.250000	65.500000	D4	90	80	1	-2	-3.291596
416	65.250000	65.500000	F4	90	80	1	-1	-2.415329
417	65.560150	65.954887	E-4	90	80	0	1	-2.905888
418	65.560150	65.954887	G-4	90	80	0	2	-2.525967
419	65.750000	66.000000	D4	90	80	1	-2	-3.291596
420	65.750000	66.000000	F4	90	80	1	-1	-2.415329
421	65.954887	66.349624	D-4	90	80	0	1	-3.434905
422	65.954887	66.349624	A-4	90	80	0	3	-3.751952
423	66.250000	66.500000	D4	90	80	1	-2	-3.291596
424	66.250000	66.500000	F4	90	80	1	-1	-2.415329
425	66.349624	66.744361	E-4	90	80	0	1	-2.905888
426	66.349624	66.744361	G-4	90	80	0	2	-2.525967
427	66.750000	67.000000	D4	90	80	1	-2	-3.291596
428	66.750000	67.000000	F4	90	80	1	-1	-2.415329
429	67.000000	67.250000	C4	90	80	1	-3	-3.831713
430	67.000000	67.250000	G4	90	80	1	-1	-3.342645
431	67.139098	67.533835	E-4	90	80	0	1	-3.157580
432	67.139098	67.533835	G-4	90	80	0	2	-2.525967
433	67.250000	67.500000	D4	90	80	1	-4	-4.223116
434	67.250000	67.500000	F4	90	80	1	-2	-2.359478
435	67.500000	67.750000	C4	90	80	1	-5	-3.713619
436	67.500000	67.750000	G4	90	80	1	-2	-2.554480
437	67.533835	69.112782	F-4	127	80	0	1	-3.360143
438	67.750000	68.000000	D4	90	80	1	-4	-4.045906
439	67.750000	68.000000	F4	90	80	1	-2	-2.359478
440	68.000000	68.250000	C4	90	80	1	-5	-3.713619
441	68.000000	68.250000	G4	90	80	1	-2	-2.554480
442	68.250000	68.500000	D4	90	80	1	-4	-4.045906
443	68.250000	68.500000	F4	90	80	1	-2	-2.359478
444	68.500000	68.750000	C4	90	80	1	-5	-3.713619
445	68.500000	68.750000	G4	90	80	1	-2	-2.554480
446	68.750000	69.000000	D4	90	80	1	-4	-4.045906
447	68.750000	69.000000	F4	90	80	1	-2	-2.359478
448	69.000000	73.000000	E4	126	80	1	-3	-2.891080
449	73.849624	75.563910	E5	126	80	0	1	-6.856287
450	74.706767	75.563910	F#5	126	80	0	2	-3.246278
451	75.563910	78.992481	E5	126	80	0	1	-3.360143
452	75.563910	76.421053	G#5	126	80	0	3	-3.998423
453	76.421053	76.849624	G5	126	80	0	2	-2.803601
454	76.849624	77.278195	F5	126	80	0	1	-2.609267
455	77.278195	78.135338	G5	126	80	0	2	-2.867384
456	78.135338	78.992481	G#5	126	80	0	3	-3.190537
457	78.992481	80.706767	E5	126	80	0	1	-3.996553
458	79.421053	79.849624	F#5	126	80	0	2	-3.246278
459	79.849624	80.278195	G#5	126	80	0	3	-2.675961
460	80.278195	80.706767	G5	126	80	0	2	-2.803601
461	80.706767	82.421053	E5	126	80	0	1	-3.157580
462	80.706767	81.563910	A5	126	80	0	3	-3.401091
463	81.563910	82.421053	A5	126	80	0	3	-4.378151
464	82.421053	84.135338	E5	126	80	0	1	-2.905888
465	83.278195	84.135338	F#5	126	80	0	2	-3.246278
466	84.135338	84.992481	G#5	126	80	0	3	-2.675961
467	84.135338	84.563910	G#5	126	80	0	4	-5.516614
468	84.992481	85.421053	G5	126	80	0	3	-3.302559
469	85.421053	85.849624	F5	126	80	0	2	-2.287533
470	85.849624	87.563910	E5	126	80	0	1	-2.609267
471	85.849624	86.706767	F#5	126	80	0	2	-3.246278
472	86.706767	87.563910	E5	126	80	0	1	-3.360143
473	87.563910	87.992481	D#5	126	80	0	2	-4.284147
474	87.563910	90.992481	E5	126	80	0	3	-3.686981
475	87.992481	88.421053	C#5	126	80	0	2	-3.032881
476	88.421053	88.849624	D5	126	80	0	3	-3.686981
477	88.849624	89.278195	C5	126	80	0	2	-2.287533
478	89.278195	90.135338	B4	126	80	0	1	-2.609267
479	90.135338	90.992481	B4	126	80	0	3	-5.268790
480	91.781955	92.571429	D-4	90	80	0	1	-5.198182
481	91.781955	92.571429	A-4	90	80	0	4	-4.054949
482	93.360902	94.150376	D-4	90	80	0	1	-2.857522
483	93.360902	94.150376	A-4	90	80	0	4	-4.054949
484	94.150376	94.939850	D-4	90	80	0	1	-2.857522
485	94.150376	94.939850	A-4	90	80	0	4	-4.054949
486	94.939850	95.729323	D-4	90	80	0	1	-2.857522
487	94.939850	95.729323	A-4	90	80	0	4	-4.054949
488	95.729323	96.518797	D-4	90	80	0	1	-2.857522
489	95.729323	96.518797	A-4	90	80	0	4	-4.054949
490	96.518797	96.913534	D-4	90	80	0	1	-2.857522
491	96.518797	96.913534	A-4	90	80	0	3	-3.751952
492	96.913534	97.308271	E-4	90	80	0	1	-2.905888
493	96.913534	97.308271	G-4	90	80	0	2	-2.525967
494	97.308271	97.703008	D-4	90	80	0	1	-3.434905
495	97.308271	97.703008	A-4	90	80	0	3	-3.751952
496	97.703008	98.097744	E-4	90	80	0	1	-2.905888
497	97.703008	98.097744	G-4	90	80	0	2	-2.525967
498	98.097744	98.492481	D-4	90	80	0	1	-3.434905
499	98.097744	98.492481	A-4	90	80	0	3	-3.751952
500	98.492481	98.887218	E-4	90	80	0	1	-2.905888
501	98.492481	98.887218	G-4	90	80	0	2	-2.525967
502	98.887218	99.676692	D-4	90	80	0	1	-3.434905
503	98.887218	99.676692	A-4	90	80	0	3	-3.751952
504	100.860902	101.255639	E-4	90	80	0	1	-2.905888
505	100.860902	101.255639	G-4	90	80	0	2	-2.525967
506	101.255639	101.650376	D-4	90	80	0	1	-3.434905
507	101.255639	101.650376	A-4	90	80	0	3	-3.751952
508	101.650376	102.045113	E-4	90	80	0	1	-2.905888
509	101.650376	102.045113	G-4	90	80	0	2	-2.525967
510	102.045113	102.439850	D-4	90	80	0	1	-3.434905
511	102.045113	102.439850	A-4	90	80	0	3	-3.751952
512	102.439850	102.834586	E-4	90	80	0	1	-2.905888
513	102.439850	102.834586	G-4	90	80	0	2	-2.525967
514	103.229323	103.624060	E-4	90	80	0	1	-3.157580
515	103.229323	103.624060	G-4	90	80	0	2	-2.525967
516	103.624060	104.018797	D-4	90	80	0	1	-3.434905
517	103.624060	104.018797	A-4	90	80	0	3	-3.751952
518	104.018797	104.413534	E-4	90	80	0	1	-2.905888
519	104.018797	104.413534	G-4	90	80	0	2	-2.525967
520	104.808271	105.203008	E-4	90	80	0	1	-3.157580
521	104.808271	105.203008	G-4	90	80	0	2	-2.525967
522	105.203008	105.597744	D-4	90	80	0	1	-3.434905
523	105.203008	105.597744	A-4	90	80	0	3	-3.751952
524	105.597744	105.992481	E-4	90	80	0	1	-2.905888
525	105.597744	105.992481	G-4	90	80	0	2	-2.525967
526	105.992481	106.387218	D-4	90	80	0	1	-3.434905
527	105.992481	106.387218	A-4	90	80	0	3	-3.751952
528	106.387218	106.781955	E-4	90	80	0	1	-2.905888
529	106.387218	106.781955	G-4	90	80	0	2	-2.525967
530	106.781955	107.176692	D-4	90	80	0	1	-3.434905
531	106.781955	107.176692	A-4	90	80	0	3	-3.751952
532	107.176692	107.571429	E-4	90	80	0	1	-2.905888
533	107.176692	107.571429	G-4	90	80	0	2	-2.525967
534	107.571429	107.966165	D-4	90	80	0	1	-3.434905
535	107.571429	107.966165	A-4	90	80	0	3	-3.751952
536	107.966165	108.360902	E-4	90	80	0	1	-2.905888
537	107.966165	108.360902	G-4	90	80	0	2	-2.525967
538	108.755639	109.150376	E-4	90	80	0	1	-3.157580
539	108.755639	109.150376	G-4	90	80	0	2	-2.525967
540	109.545113	109.939850	E-4	90	80	0	1	-3.157580
541	109.545113	109.939850	G-4	90	80	0	2	-2.525967
542	110.334586	110.729323	E-4	90	80	0	1	-3.157580
543	110.334586	110.729323	G-4	90	80	0	2	-2.525967
544	110.729323	111.124060	D-4	90	80	0	1	-3.434905
545	110.729323	111.124060	A-4	90	80	0	3	-3.751952
546	111.124060	111.518797	E-4	90	80	0	1	-2.905888
547	111.124060	111.518797	G-4	90	80	0	2	-2.525967
548	111.518797	117.834586	F-4	127	80	0	1	-3.360143
