//Version: PianoFingering_v170101
1	0.000000	0.250000	F#3	127	80	1	-3	-2.360819
2	0.250000	0.750000	G#3	127	80	1	-2	-2.510186
3	0.750000	1.750000	A3	127	80	1	-1	-3.404249
4	1.750000	2.250000	G#3	127	80	1	-2	-3.720116
5	2.068966	4.137931	B#3	90	80	0	2	-1.773062
6	2.068966	4.137931	C#4	90	80	0	3	-3.190537
7	2.250000	2.750000	F#3	127	80	1	-3	-2.891080
8	2.750000	3.250000	E3	127	80	1	-4	-4.404178
9	3.250000	3.750000	G#3	127	80	1	-2	-3.159098
10	3.750000	4.250000	B3	127	80	1	-1	-2.464298
11	4.137931	4.655172	B#3	90	80	0	2	-2.803601
12	4.137931	4.655172	C#4	90	80	0	3	-3.190537
13	4.250000	5.250000	F#3	127	80	1	-2	-4.444474
14	4.655172	5.689655	B3	90	80	0	2	-3.286699
15	4.655172	6.206897	C#4	90	80	0	3	-3.409656
16	5.250000	6.750000	F#3	127	80	1	-2	-3.999177
17	6.206897	6.724138	C#4	90	80	0	2	-4.935872
18	6.724138	7.241379	D#4	90	80	0	3	-2.675961
19	6.750000	9.250000	F3	90	80	1	-3	-3.281947
20	6.750000	9.250000	A#3	90	80	1	-2	-3.749711
21	7.241379	8.275862	E4	90	80	0	4	-3.868143
22	8.275862	8.793103	D#4	90	80	0	3	-3.226506
23	8.793103	9.310345	C#4	90	80	0	2	-2.287533
24	9.250000	12.250000	E3	90	80	1	-5	-5.017302
25	9.250000	12.250000	B3	90	80	1	-2	-2.554480
26	9.310345	9.827586	B3	90	80	0	1	-3.360143
27	9.827586	10.344828	D#4	90	80	0	2	-3.275273
28	10.344828	10.862069	F#4	90	80	0	4	-2.758588
29	10.750000	12.250000	C#4	127	80	1	-1	-3.101885
30	10.862069	11.896552	C#4	90	80	0	2	-3.266530
31	11.896552	13.448276	G5	90	80	0	5	-8.495044
32	12.250000	13.750000	B3	127	80	1	-2	-4.084076
33	12.413793	12.931034	F#5	90	80	0	4	-3.640665
34	12.750000	13.250000	A3	127	80	1	-3	-2.891080
35	12.931034	13.448276	E5	90	80	0	3	-3.914844
36	13.250000	13.750000	G3	127	80	1	-1	-3.930078
37	13.448276	13.965517	D5	90	80	0	2	-2.287533
38	13.448276	15.000000	G#5	90	80	0	5	-5.283726
39	13.750000	14.250000	F#3	127	80	1	-2	-3.720116
40	13.750000	15.250000	B3	127	80	1	-1	-3.262923
41	13.965517	15.000000	C#5	90	80	0	3	-5.492188
42	14.250000	15.250000	E3	127	80	1	-5	-3.242781
43	15.000000	16.551724	D5	90	80	0	4	-3.868143
44	15.250000	16.750000	F3	127	80	1	-4	-3.907966
45	15.517241	16.034483	C5	90	80	0	3	-2.238713
46	15.750000	16.250000	E-3	127	80	1	-1	-6.154130
47	16.034483	16.551724	B-4	90	80	0	2	-3.032881
48	16.250000	16.750000	D-3	127	80	1	-2	-2.745489
49	16.551724	17.068966	A4	90	80	0	1	-3.290753
50	16.551724	18.103448	D5	90	80	0	3	-3.401091
51	16.750000	17.250000	C3	127	80	1	-3	-3.281947
52	16.750000	18.250000	F#3	127	80	1	-1	-4.411093
53	17.068966	18.103448	G4	90	80	0	1	-3.310457
54	17.250000	18.250000	B-2	127	80	1	-5	-3.730225
55	18.103448	19.655172	A4	90	80	0	2	-2.867384
56	18.250000	19.750000	C#3	127	80	1	-3	-3.170876
57	18.620690	19.137931	G4	90	80	0	1	-2.609267
58	18.750000	19.250000	B#2	127	80	1	-1	-3.371140
59	19.137931	19.655172	F#4	90	80	0	3	-4.859211
60	19.250000	19.750000	G2	127	80	1	-2	-3.456527
61	19.655172	20.172414	E4	90	80	0	2	-3.286699
62	19.655172	21.206897	A4	90	80	0	5	-3.228870
63	19.750000	20.250000	B2	127	80	1	-1	-2.415329
64	20.172414	20.689655	D#4	90	80	0	2	-4.412763
65	20.250000	21.250000	F#2	127	80	1	-5	-5.919258
66	20.689655	21.206897	E4	90	80	0	1	-4.072488
67	21.250000	22.750000	F#2	63	80	1	-5	-4.242005
68	22.758621	23.275862	F#4	90	80	0	2	-3.246278
69	23.250000	23.750000	B3	63	80	1	-1	-5.043358
70	23.275862	23.793103	G#4	90	80	0	3	-2.675961
71	23.750000	24.250000	C#4	63	80	1	-2	-5.583884
72	23.793103	24.310345	A4	90	80	0	4	-3.868143
73	24.250000	25.750000	D4	63	80	1	-1	-3.404249
74	24.310345	24.827586	G#4	90	80	0	3	-3.226506
75	24.750000	25.750000	A3	63	80	1	-2	-3.456527
76	24.827586	25.344828	F#4	90	80	0	2	-2.287533
77	25.344828	25.862069	E4	90	80	0	1	-3.360143
78	25.750000	27.250000	A3	63	80	1	-2	-3.999177
79	25.750000	27.750000	D4	63	80	1	-1	-2.320150
80	25.862069	27.413793	G#4	90	80	0	2	-3.275273
81	27.250000	27.750000	A3	63	80	1	-2	-3.456527
82	27.413793	30.517241	F#4	90	80	0	1	-2.609267
83	27.750000	28.250000	D4	81	80	1	-1	-2.320150
84	28.250000	28.750000	E4	81	80	1	-3	-4.611792
85	28.750000	30.250000	F4	81	80	1	-2	-2.510186
86	28.750000	30.250000	F4	81	80	1	-2	-3.999177
87	30.250000	31.750000	F#4	81	80	1	-1	-4.284379
88	30.750000	31.250000	E4	81	80	1	-2	-4.084076
89	31.034483	32.068966	F#4	81	80	0	2	-4.712397
90	31.250000	31.750000	D4	81	80	1	-3	-2.891080
91	31.551724	32.068966	G#4	81	80	0	3	-2.675961
92	31.750000	32.250000	C4	81	80	1	-1	-3.930078
93	32.068966	33.620690	D4	90	80	0	1	-4.323321
94	32.068966	33.620690	F#4	90	80	0	2	-3.275273
95	32.068966	33.620690	F#4	90	80	0	2	-4.554564
96	32.068966	33.620690	A4	90	80	0	4	-3.580467
97	32.250000	33.250000	B3	81	80	1	-2	-2.745489
98	33.250000	34.750000	C4	81	80	1	-1	-2.578439
99	33.620690	34.137931	F#4	81	80	0	3	-3.510496
100	33.620690	36.724138	A4	81	80	0	5	-3.635747
101	33.750000	34.250000	B-3	81	80	1	-2	-3.299403
102	34.137931	34.655172	G4	81	80	0	4	-2.814339
103	34.250000	34.750000	A-3	81	80	1	-3	-2.891080
104	34.655172	35.172414	F4	81	80	0	3	-2.238713
105	34.750000	36.250000	G3	81	80	1	-4	-3.777019
106	34.750000	37.750000	C#4	81	80	1	-1	-7.489798
107	35.172414	35.689655	E4	81	80	0	2	-2.287533
108	35.689655	36.724138	D4	81	80	0	1	-2.609267
109	36.250000	37.750000	F#3	81	80	1	-2	-4.659581
110	37.241379	37.758621	D5	81	80	0	5	-2.242366
111	37.750000	39.250000	A3	81	80	1	-1	-2.464298
112	37.758621	38.275862	E5	81	80	0	4	-7.546110
113	38.250000	38.750000	G3	81	80	1	-2	-2.745489
114	38.275862	39.827586	F5	81	80	0	5	-2.706622
115	38.750000	39.250000	F#3	81	80	1	-3	-3.848567
116	38.793103	39.310345	E-5	81	80	0	4	-4.424487
117	39.250000	40.750000	E3	81	80	1	-4	-4.404178
118	39.250000	42.250000	A3	81	80	1	-2	-2.507290
119	39.310345	39.827586	D5	81	80	0	3	-3.302559
120	39.827586	40.344828	C5	81	80	0	2	-2.287533
121	40.344828	41.379310	A4	90	80	0	1	-3.157580
122	40.344828	41.379310	B-4	90	80	0	1	-6.512494
123	40.750000	42.250000	D#3	81	80	1	-5	-6.076302
124	41.896552	42.413793	B5	99	80	0	5	-5.933121
125	42.250000	43.750000	D#4	81	80	1	-2	-5.035265
126	42.250000	43.750000	A4	81	80	1	-1	-4.366821
127	42.413793	42.931034	C6	99	80	0	3	-7.164080
128	42.931034	44.482759	D6	99	80	0	4	-2.883688
129	43.448276	43.965517	C6	99	80	0	3	-2.238713
130	43.965517	44.482759	B-5	99	80	0	2	-3.032881
131	44.482759	45.000000	C6	126	80	0	4	-3.580467
132	44.482759	46.034483	D6	126	80	0	5	-2.706622
133	45.000000	46.034483	G5	126	80	0	2	-3.263552
134	46.250000	46.750000	F#3	81	80	1	-5	-4.510402
135	46.551724	47.068966	C5	63	80	0	1	-4.740672
136	46.750000	47.250000	C#3	81	80	1	-2	-7.543808
137	47.068966	47.586207	G4	63	80	0	2	-6.524929
138	47.250000	47.750000	D#3	81	80	1	-1	-2.578439
139	47.586207	48.103448	A4	63	80	0	3	-2.675961
140	47.750000	48.750000	G#2	81	80	1	-3	-4.266477
141	48.103448	49.137931	D4	63	80	0	1	-3.310457
142	48.750000	50.250000	A#2	81	80	1	-2	-2.510186
143	49.137931	51.206897	E4	63	80	0	2	-2.867384
144	50.250000	50.750000	D-3	81	80	1	-1	-2.415329
145	50.750000	51.250000	A-2	81	80	1	-4	-4.223116
146	51.206897	51.724138	D4	63	80	0	1	-2.609267
147	51.250000	51.750000	B-2	81	80	1	-3	-2.915060
148	51.724138	52.241379	G4	63	80	0	3	-3.401091
149	51.750000	53.250000	C3	81	80	1	-2	-2.872099
150	52.241379	54.827586	E4	63	80	0	2	-3.674662
151	53.250000	53.750000	G2	81	80	1	-5	-3.713619
152	54.827586	55.344828	F#4	45	80	0	3	-3.409656
153	57.250000	57.750000	F3	81	80	1	-1	-3.610078
154	57.750000	62.250000	F#3	90	80	1	-2	-4.643648
155	57.750000	62.250000	A#3	90	80	1	-1	-2.415329
156	57.931034	58.448276	C4	63	80	0	1	-4.323321
157	58.448276	60.517241	F#4	63	80	0	3	-5.112123
158	60.517241	61.034483	G#4	63	80	0	4	-2.883688
159	61.034483	61.551724	A4	63	80	0	5	-3.684684
160	61.551724	62.068966	G#4	63	80	0	4	-3.640665
161	62.068966	62.586207	F#4	63	80	0	3	-2.238713
162	62.250000	63.250000	E3	90	80	1	-4	-6.237620
163	62.250000	63.250000	B3	90	80	1	-1	-2.959487
164	62.586207	63.103448	E4	63	80	0	2	-3.286699
165	63.103448	63.620690	G#4	63	80	0	4	-3.522723
166	63.620690	65.172414	F#4	63	80	0	3	-2.238713
167	63.750000	65.250000	E-3	90	80	1	-4	-4.339145
168	63.750000	65.250000	G#3	90	80	1	-2	-2.507290
169	65.172414	65.689655	G#4	63	80	0	4	-2.883688
170	65.250000	66.250000	D3	90	80	1	-5	-5.017302
171	65.250000	66.250000	A3	90	80	1	-1	-3.477173
172	65.689655	66.206897	A4	63	80	0	5	-3.684684
173	66.206897	66.724138	G#4	63	80	0	4	-3.640665
174	66.724138	67.241379	F#4	63	80	0	3	-2.238713
175	66.750000	68.250000	C3	90	80	1	-4	-4.458307
176	66.750000	68.250000	E#3	90	80	1	-2	-2.507290
177	67.241379	67.758621	E4	63	80	0	2	-3.286699
178	67.758621	68.275862	G#4	63	80	0	4	-3.522723
179	68.250000	69.250000	B2	90	80	1	-5	-3.155341
180	68.250000	69.250000	F#3	90	80	1	-1	-4.813538
181	68.275862	69.827586	F#4	63	80	0	3	-2.238713
182	69.750000	71.250000	B-2	90	80	1	-4	-4.458307
183	69.750000	71.250000	D#3	90	80	1	-2	-2.507290
184	69.827586	70.344828	E4	63	80	0	2	-3.286699
185	70.344828	70.862069	A4	63	80	0	4	-2.909306
186	70.862069	71.379310	G#4	63	80	0	3	-3.226506
187	71.250000	72.250000	A2	90	80	1	-5	-5.017302
188	71.250000	72.250000	E3	90	80	1	-1	-3.477173
189	71.379310	71.896552	B4	63	80	0	4	-4.111873
190	71.896552	72.413793	A4	63	80	0	3	-2.238713
191	72.413793	72.931034	G#4	63	80	0	2	-3.151465
192	72.750000	74.250000	B2	90	80	1	-3	-3.831713
193	72.750000	74.250000	C3	90	80	1	-2	-2.510186
194	72.931034	73.448276	E4	63	80	0	1	-4.134704
195	73.448276	73.965517	F#4	63	80	0	2	-3.246278
196	74.250000	75.250000	G2	90	80	1	-5	-3.713619
197	74.250000	75.250000	C#3	90	80	1	-5	-7.597455
198	74.482759	75.000000	A4	63	80	0	4	-3.580467
199	75.000000	75.517241	G#4	63	80	0	3	-3.226506
200	75.517241	76.034483	F#4	63	80	0	2	-2.287533
201	75.750000	76.250000	E4	81	80	1	-1	-5.511365
202	76.034483	76.551724	E4	63	80	0	1	-3.360143
203	76.250000	77.250000	B3	81	80	1	-3	-3.831713
204	76.551724	77.068966	A4	63	80	0	2	-2.963617
205	77.068966	77.586207	B4	63	80	0	3	-2.675961
206	77.250000	79.750000	B3	81	80	1	-3	-4.764209
207	77.586207	78.620690	F#4	63	80	0	1	-4.375439
208	78.620690	81.206897	F#4	63	80	0	1	-4.507997
209	79.750000	80.250000	C#4	81	80	1	-2	-3.407298
210	80.250000	80.750000	D4	81	80	1	-1	-3.404249
211	80.750000	81.750000	A3	81	80	1	-2	-3.456527
212	81.206897	81.724138	G#4	63	80	0	2	-2.867384
213	81.724138	82.241379	A4	63	80	0	3	-3.686981
214	82.241379	83.793103	E4	63	80	0	1	-2.905888
215	82.250000	82.750000	F##2	81	80	1	-5	-5.751967
216	82.750000	83.250000	G#2	81	80	1	-4	-5.131985
217	83.250000	84.750000	C#3	81	80	1	-2	-2.507290
218	83.793103	84.310345	E#4	63	80	0	2	-2.867384
219	84.310345	84.827586	G#4	63	80	0	4	-4.064995
220	84.827586	85.344828	E#4	63	80	0	3	-3.914844
221	85.344828	85.862069	E4	63	80	0	2	-2.287533
222	85.862069	86.379310	D4	63	80	0	1	-2.609267
223	86.379310	87.931034	C#4	63	80	0	2	-4.284147
