//Version: PianoFingering_v170101
1	0.000000	0.250000	C4	90	80	0	1	-0.925785
2	0.000000	0.250000	C3	127	80	1	-5	-0.504576
3	0.250000	0.500000	D4	90	80	0	2	-2.867384
4	0.250000	0.500000	D3	127	80	1	-4	-3.907966
5	0.500000	1.000000	E4	90	80	0	3	-2.675961
6	0.500000	1.000000	E3	127	80	1	-3	-2.915060
7	1.000000	1.500000	F4	90	80	0	4	-2.883688
8	1.000000	1.500000	F3	127	80	1	-2	-2.510186
9	1.500000	1.750000	F4	90	80	0	4	-4.784491
10	1.500000	1.750000	F3	127	80	1	-2	-3.999177
11	1.750000	2.000000	F4	90	80	0	4	-4.784491
12	1.750000	2.000000	F3	127	80	1	-2	-3.999177
13	2.000000	2.250000	F4	90	80	0	4	-4.784491
14	2.000000	2.250000	F3	127	80	1	-1	-4.535716
15	2.250000	2.500000	E4	90	80	0	3	-2.238713
16	2.250000	2.500000	E3	127	80	1	-2	-2.745489
17	2.500000	3.000000	D4	90	80	0	2	-2.287533
18	2.500000	3.000000	D3	127	80	1	-3	-2.891080
19	3.000000	3.500000	E4	90	80	0	3	-2.675961
20	3.000000	3.500000	E3	127	80	1	-2	-2.510186
21	3.500000	3.750000	E4	90	80	0	3	-4.378151
22	3.500000	3.750000	E3	127	80	1	-2	-3.999177
23	3.750000	4.000000	E4	90	80	0	3	-4.378151
24	3.750000	4.000000	E3	127	80	1	-2	-3.999177
25	4.000000	4.250000	E4	90	80	0	3	-4.378151
26	4.000000	4.250000	E3	127	80	1	-1	-4.535716
27	4.250000	4.500000	D4	90	80	0	2	-2.287533
28	4.250000	4.500000	D3	127	80	1	-2	-2.745489
29	4.500000	5.000000	C4	90	80	0	1	-2.609267
30	4.500000	5.000000	C3	127	80	1	-3	-2.891080
31	5.000000	5.500000	D4	90	80	0	2	-2.867384
32	5.000000	5.500000	D3	127	80	1	-2	-2.510186
33	5.500000	5.750000	D4	90	80	0	2	-4.554564
34	5.500000	5.750000	D3	127	80	1	-2	-3.999177
35	5.750000	6.000000	D4	90	80	0	2	-4.554564
36	5.750000	6.000000	D3	127	80	1	-2	-3.999177
37	6.000000	6.250000	D4	90	80	0	2	-4.554564
38	6.000000	6.250000	D3	127	80	1	-2	-3.999177
39	6.250000	6.500000	E4	90	80	0	3	-2.675961
40	6.250000	6.500000	E3	127	80	1	-1	-2.578439
41	6.500000	7.000000	D4	90	80	0	2	-2.287533
42	6.500000	7.000000	D3	127	80	1	-2	-2.745489
43	7.000000	7.500000	C4	90	80	0	1	-2.609267
44	7.000000	7.500000	C3	127	80	1	-3	-2.891080
45	7.500000	7.750000	C4	90	80	0	1	-4.507997
46	7.500000	7.750000	C3	127	80	1	-2	-5.273207
47	7.750000	8.000000	C4	90	80	0	1	-4.507997
48	7.750000	8.000000	C3	127	80	1	-2	-3.999177
49	8.500000	8.750000	E4	90	80	0	2	-2.525967
50	8.500000	8.750000	C5	90	80	0	5	-3.767315
51	8.750000	9.000000	F4	90	80	0	2	-3.263552
52	8.750000	9.000000	D5	90	80	0	5	-3.767315
53	9.000000	9.500000	G4	90	80	0	2	-3.263552
54	9.000000	9.500000	E5	90	80	0	5	-3.767315
55	9.500000	10.000000	A4	90	80	0	2	-3.263552
56	9.500000	10.000000	F5	90	80	0	5	-3.767315
57	9.500000	9.750000	A2	90	80	1	-4	-3.718276
58	9.500000	9.750000	F3	90	80	1	-1	-3.451917
59	9.750000	10.000000	B2	90	80	1	-4	-3.752799
60	9.750000	10.000000	G3	90	80	1	-1	-3.451917
61	10.000000	10.250000	A4	90	80	0	1	-2.845304
62	10.000000	10.250000	F5	90	80	0	5	-3.707830
63	10.000000	10.500000	C3	90	80	1	-4	-3.752799
64	10.000000	10.500000	A3	90	80	1	-1	-3.451917
65	10.250000	10.500000	A4	90	80	0	1	-2.845304
66	10.250000	10.500000	F5	90	80	0	5	-3.707830
67	10.500000	10.750000	A4	90	80	0	1	-2.845304
68	10.500000	10.750000	F5	90	80	0	5	-3.707830
69	10.500000	11.000000	D3	90	80	1	-4	-3.752799
70	10.500000	11.000000	B3	90	80	1	-1	-3.451917
71	10.750000	11.000000	G4	90	80	0	1	-3.027253
72	10.750000	11.000000	E5	90	80	0	5	-3.707830
73	11.000000	11.500000	F4	90	80	0	1	-3.027253
74	11.000000	11.500000	D5	90	80	0	5	-3.707830
75	11.000000	11.250000	D3	90	80	1	-5	-3.730225
76	11.000000	11.250000	B3	90	80	1	-1	-4.009362
77	11.250000	11.500000	D3	90	80	1	-5	-3.730225
78	11.250000	11.500000	B3	90	80	1	-1	-4.009362
79	11.500000	12.000000	G4	90	80	0	2	-3.263552
80	11.500000	12.000000	E5	90	80	0	5	-3.767315
81	11.500000	11.750000	D3	90	80	1	-5	-3.730225
82	11.500000	11.750000	B3	90	80	1	-1	-4.009362
83	11.750000	12.000000	C3	90	80	1	-5	-3.181034
84	11.750000	12.000000	A3	90	80	1	-1	-4.009362
85	12.000000	12.250000	G4	90	80	0	1	-2.845304
86	12.000000	12.250000	E5	90	80	0	5	-3.707830
87	12.000000	12.500000	B2	90	80	1	-5	-3.181034
88	12.000000	12.500000	G3	90	80	1	-1	-4.009362
89	12.250000	12.500000	G4	90	80	0	1	-2.845304
90	12.250000	12.500000	E5	90	80	0	5	-3.707830
91	12.500000	12.750000	G4	90	80	0	1	-2.845304
92	12.500000	12.750000	E5	90	80	0	5	-3.707830
93	12.500000	13.000000	C3	90	80	1	-4	-3.752799
94	12.500000	13.000000	A3	90	80	1	-1	-3.451917
95	12.750000	13.000000	F4	90	80	0	1	-3.027253
96	12.750000	13.000000	D5	90	80	0	5	-3.707830
97	13.000000	13.500000	E4	90	80	0	1	-3.027253
98	13.000000	13.500000	C5	90	80	0	5	-3.707830
99	13.000000	13.250000	C3	90	80	1	-5	-3.730225
100	13.000000	13.250000	A3	90	80	1	-1	-4.009362
101	13.250000	13.500000	C3	90	80	1	-5	-3.730225
102	13.250000	13.500000	A3	90	80	1	-1	-4.009362
103	13.500000	14.000000	F4	90	80	0	2	-3.263552
104	13.500000	14.000000	D5	90	80	0	5	-3.767315
105	13.500000	13.750000	C3	90	80	1	-5	-3.730225
106	13.500000	13.750000	A3	90	80	1	-1	-4.009362
107	13.750000	14.000000	B2	90	80	1	-5	-3.181034
108	13.750000	14.000000	G3	90	80	1	-1	-4.009362
109	14.000000	14.250000	F4	90	80	0	1	-2.845304
110	14.000000	14.250000	D5	90	80	0	5	-3.707830
111	14.000000	14.500000	A2	90	80	1	-5	-3.181034
112	14.000000	14.500000	F3	90	80	1	-1	-4.009362
113	14.250000	14.500000	F4	90	80	0	1	-2.845304
114	14.250000	14.500000	D5	90	80	0	5	-3.707830
115	14.500000	14.750000	F4	90	80	0	1	-2.845304
116	14.500000	14.750000	D5	90	80	0	5	-3.707830
117	14.500000	15.000000	B2	90	80	1	-4	-3.752799
118	14.500000	15.000000	G3	90	80	1	-1	-3.451917
119	14.750000	15.000000	G4	90	80	0	2	-3.263552
120	14.750000	15.000000	E5	90	80	0	5	-3.767315
121	15.000000	15.500000	F4	90	80	0	1	-3.027253
122	15.000000	15.500000	D5	90	80	0	5	-3.707830
123	15.000000	15.250000	B2	90	80	1	-5	-3.730225
124	15.000000	15.250000	G3	90	80	1	-1	-4.009362
125	15.250000	15.500000	B2	90	80	1	-5	-3.730225
126	15.250000	15.500000	G3	90	80	1	-1	-4.009362
127	15.500000	16.000000	E4	90	80	0	1	-3.027253
128	15.500000	16.000000	C5	90	80	0	5	-3.707830
129	15.500000	15.750000	B2	90	80	1	-5	-3.730225
130	15.500000	15.750000	G3	90	80	1	-1	-4.009362
131	15.750000	16.000000	C3	90	80	1	-4	-3.752799
132	15.750000	16.000000	A3	90	80	1	-1	-3.451917
133	16.000000	16.250000	E4	90	80	0	1	-2.845304
134	16.000000	16.250000	C5	90	80	0	5	-3.707830
135	16.000000	16.500000	B2	90	80	1	-5	-3.181034
136	16.000000	16.500000	G3	90	80	1	-1	-4.009362
137	16.250000	16.500000	E4	90	80	0	1	-2.845304
138	16.250000	16.500000	C5	90	80	0	4	-4.268071
139	16.500000	17.000000	A2	90	80	1	-5	-3.181034
140	16.500000	17.000000	F3	90	80	1	-1	-4.009362
141	16.750000	17.000000	A4	90	80	0	2	-3.359779
142	16.750000	17.000000	F5	90	80	0	5	-3.767315
143	17.000000	17.250000	B4	90	80	0	2	-3.263552
144	17.000000	17.250000	G5	90	80	0	5	-3.767315
145	17.000000	17.250000	A2	90	80	1	-5	-3.730225
146	17.000000	17.250000	F3	90	80	1	-1	-4.009362
147	17.250000	17.500000	C5	90	80	0	2	-3.263552
148	17.250000	17.500000	A5	90	80	0	5	-3.767315
149	17.250000	17.500000	A2	90	80	1	-5	-3.730225
150	17.250000	17.500000	F3	90	80	1	-1	-4.009362
151	17.500000	18.000000	D5	90	80	0	2	-3.263552
152	17.500000	18.000000	B5	90	80	0	5	-3.767315
153	17.750000	18.000000	A2	90	80	1	-5	-3.730225
154	17.750000	18.000000	F3	90	80	1	-1	-4.009362
155	18.000000	18.250000	D5	90	80	0	1	-2.845304
156	18.000000	18.250000	B5	90	80	0	5	-3.707830
157	18.000000	18.250000	B2	90	80	1	-4	-3.752799
158	18.000000	18.250000	G3	90	80	1	-1	-3.451917
159	18.250000	18.500000	D5	90	80	0	1	-2.845304
160	18.250000	18.500000	B5	90	80	0	5	-3.707830
161	18.250000	18.500000	C3	90	80	1	-4	-3.752799
162	18.250000	18.500000	A3	90	80	1	-1	-3.451917
163	18.500000	19.000000	D3	90	80	1	-4	-3.752799
164	18.500000	19.000000	B3	90	80	1	-1	-3.451917
165	18.750000	19.000000	G4	90	80	0	1	-4.340619
166	18.750000	19.000000	E5	90	80	0	5	-3.707830
167	19.000000	19.250000	A4	90	80	0	2	-3.263552
168	19.000000	19.250000	F5	90	80	0	5	-3.767315
169	19.000000	19.250000	D3	90	80	1	-5	-3.730225
170	19.000000	19.250000	B3	90	80	1	-1	-4.009362
171	19.250000	19.500000	B4	90	80	0	2	-3.263552
172	19.250000	19.500000	G5	90	80	0	5	-3.767315
173	19.250000	19.500000	D3	90	80	1	-5	-3.730225
174	19.250000	19.500000	B3	90	80	1	-1	-4.009362
175	19.500000	20.000000	C5	90	80	0	2	-3.263552
176	19.500000	20.000000	A5	90	80	0	5	-3.767315
177	19.750000	20.000000	G2	90	80	1	-5	-4.233080
178	19.750000	20.000000	E3	90	80	1	-1	-4.009362
179	20.000000	20.250000	C5	90	80	0	1	-2.845304
180	20.000000	20.250000	A5	90	80	0	5	-3.707830
181	20.000000	20.250000	A2	90	80	1	-4	-3.752799
182	20.000000	20.250000	F3	90	80	1	-1	-3.451917
183	20.250000	20.500000	C5	90	80	0	1	-2.845304
184	20.250000	20.500000	A5	90	80	0	5	-3.707830
185	20.250000	20.500000	B2	90	80	1	-4	-3.752799
186	20.250000	20.500000	G3	90	80	1	-1	-3.451917
187	20.500000	21.000000	C3	90	80	1	-4	-3.752799
188	20.500000	21.000000	A3	90	80	1	-1	-3.451917
189	20.750000	21.000000	F4	90	80	0	1	-4.340619
190	20.750000	21.000000	D5	90	80	0	5	-3.707830
191	21.000000	21.250000	G4	90	80	0	2	-3.263552
192	21.000000	21.250000	E5	90	80	0	5	-3.767315
193	21.000000	21.250000	C3	90	80	1	-5	-3.730225
194	21.000000	21.250000	A3	90	80	1	-1	-4.009362
195	21.250000	21.500000	A4	90	80	0	2	-3.263552
196	21.250000	21.500000	F5	90	80	0	5	-3.767315
197	21.250000	21.500000	C3	90	80	1	-5	-3.730225
198	21.250000	21.500000	A3	90	80	1	-1	-4.009362
199	21.500000	22.000000	B4	90	80	0	2	-3.263552
200	21.500000	22.000000	G5	90	80	0	5	-3.767315
201	21.750000	22.000000	F2	90	80	1	-5	-4.233080
202	21.750000	22.000000	D3	90	80	1	-1	-4.009362
203	22.000000	22.250000	B4	90	80	0	1	-2.845304
204	22.000000	22.250000	G5	90	80	0	5	-3.707830
205	22.000000	22.250000	G2	90	80	1	-4	-3.752799
206	22.000000	22.250000	E3	90	80	1	-1	-3.451917
207	22.250000	22.500000	B4	90	80	0	1	-2.845304
208	22.250000	22.500000	G5	90	80	0	5	-3.707830
209	22.250000	22.500000	A2	90	80	1	-4	-3.752799
210	22.250000	22.500000	F3	90	80	1	-1	-3.451917
211	22.500000	23.000000	B2	90	80	1	-4	-3.752799
212	22.500000	23.000000	G3	90	80	1	-1	-3.451917
213	22.750000	23.000000	C5	90	80	0	2	-3.263552
214	22.750000	23.000000	A5	90	80	0	5	-3.767315
215	23.000000	23.250000	B4	90	80	0	1	-3.027253
216	23.000000	23.250000	G5	90	80	0	5	-3.707830
217	23.000000	23.250000	B2	90	80	1	-5	-3.730225
218	23.000000	23.250000	G3	90	80	1	-1	-4.009362
219	23.250000	23.500000	A4	90	80	0	1	-3.027253
220	23.250000	23.500000	F5	90	80	0	5	-3.707830
221	23.250000	23.500000	B2	90	80	1	-5	-3.730225
222	23.250000	23.500000	G3	90	80	1	-1	-4.009362
223	23.500000	24.000000	G4	90	80	0	1	-3.027253
224	23.500000	24.000000	E5	90	80	0	5	-3.707830
225	23.750000	24.000000	G3	90	80	1	-5	-4.801795
226	23.750000	24.000000	E4	90	80	1	-1	-4.009362
227	24.000000	24.250000	G4	90	80	0	1	-2.845304
228	24.000000	24.250000	E5	90	80	0	5	-3.707830
229	24.000000	24.250000	F3	90	80	1	-5	-3.181034
230	24.000000	24.250000	D4	90	80	1	-1	-4.009362
231	24.250000	24.500000	G4	90	80	0	1	-2.845304
232	24.250000	24.500000	E5	90	80	0	5	-3.707830
233	24.250000	24.500000	E3	90	80	1	-5	-3.181034
234	24.250000	24.500000	C4	90	80	1	-1	-4.009362
235	24.500000	25.000000	D3	90	80	1	-5	-3.181034
236	24.500000	25.000000	B3	90	80	1	-1	-4.009362
237	24.750000	25.000000	D4	90	80	0	1	-3.460971
238	24.750000	25.000000	B4	90	80	0	5	-3.707830
239	25.000000	25.250000	E4	90	80	0	2	-3.263552
240	25.000000	25.250000	C5	90	80	0	5	-3.767315
241	25.000000	25.250000	D3	90	80	1	-5	-3.730225
242	25.000000	25.250000	B3	90	80	1	-1	-4.009362
243	25.250000	25.500000	F4	90	80	0	2	-3.263552
244	25.250000	25.500000	D5	90	80	0	5	-3.767315
245	25.250000	25.500000	D3	90	80	1	-5	-3.730225
246	25.250000	25.500000	B3	90	80	1	-1	-4.009362
247	25.500000	25.750000	G4	90	80	0	1	-3.425130
248	25.500000	25.750000	E5	90	80	0	4	-4.268071
249	25.750000	26.000000	A2	90	80	1	-5	-3.842215
250	25.750000	26.000000	F3	90	80	1	-1	-4.009362
251	26.000000	26.250000	B2	90	80	1	-4	-3.752799
252	26.000000	26.250000	G3	90	80	1	-1	-3.451917
253	26.250000	26.500000	C5	90	80	0	2	-3.359779
254	26.250000	26.500000	A5	90	80	0	5	-3.767315
255	26.250000	26.500000	C3	90	80	1	-4	-3.752799
256	26.250000	26.500000	A3	90	80	1	-1	-3.451917
257	26.500000	26.750000	B4	90	80	0	1	-3.027253
258	26.500000	26.750000	G5	90	80	0	5	-3.707830
259	26.500000	26.750000	D3	90	80	1	-5	-3.242781
260	26.500000	26.750000	B3	90	80	1	-2	-4.349399
261	26.750000	27.000000	A4	90	80	0	1	-3.027253
262	26.750000	27.000000	F5	90	80	0	5	-3.707830
263	27.000000	27.250000	G4	90	80	0	1	-3.027253
264	27.000000	27.250000	E5	90	80	0	5	-3.707830
265	27.250000	27.500000	G3	90	80	1	-4	-3.718276
266	27.250000	27.500000	E4	90	80	1	-1	-3.451917
267	27.500000	27.750000	F3	90	80	1	-5	-3.181034
268	27.500000	27.750000	D4	90	80	1	-1	-4.009362
269	27.750000	28.000000	D4	90	80	0	1	-3.460971
270	27.750000	28.000000	B4	90	80	0	5	-3.707830
271	27.750000	28.000000	E3	90	80	1	-5	-3.181034
272	27.750000	28.000000	C4	90	80	1	-1	-4.009362
273	28.000000	28.250000	E4	90	80	0	2	-3.263552
274	28.000000	28.250000	C5	90	80	0	5	-3.767315
275	28.000000	28.250000	D3	90	80	1	-5	-3.181034
276	28.000000	28.250000	B3	90	80	1	-1	-4.009362
277	28.250000	28.500000	F4	90	80	0	2	-3.263552
278	28.250000	28.500000	D5	90	80	0	5	-3.767315
279	28.500000	28.750000	G4	90	80	0	2	-3.263552
280	28.500000	28.750000	E5	90	80	0	5	-3.767315
281	28.750000	29.000000	A4	90	80	0	2	-3.263552
282	28.750000	29.000000	F5	90	80	0	5	-3.767315
283	29.000000	29.250000	B4	90	80	0	2	-3.263552
284	29.000000	29.250000	G5	90	80	0	5	-3.767315
285	29.250000	29.500000	C5	90	80	0	2	-3.263552
286	29.250000	29.500000	A5	90	80	0	5	-3.767315
287	29.250000	29.500000	F2	90	80	1	-5	-3.781310
288	29.250000	29.500000	D3	90	80	1	-1	-4.009362
289	29.500000	29.750000	G2	90	80	1	-4	-3.752799
290	29.500000	29.750000	E3	90	80	1	-1	-3.451917
291	29.750000	30.000000	A2	90	80	1	-4	-3.752799
292	29.750000	30.000000	F3	90	80	1	-1	-3.451917
293	30.000000	30.250000	B2	90	80	1	-4	-3.752799
294	30.000000	30.250000	G3	90	80	1	-1	-3.451917
295	30.250000	30.500000	B4	90	80	0	1	-3.027253
296	30.250000	30.500000	G5	90	80	0	5	-3.707830
297	30.250000	30.500000	C3	90	80	1	-4	-3.752799
298	30.250000	30.500000	A3	90	80	1	-1	-3.451917
299	30.500000	30.750000	A4	90	80	0	1	-3.027253
300	30.500000	30.750000	F5	90	80	0	5	-3.707830
301	30.500000	30.750000	D3	90	80	1	-4	-3.752799
302	30.500000	30.750000	B3	90	80	1	-1	-3.451917
303	30.750000	31.000000	G4	90	80	0	1	-3.027253
304	30.750000	31.000000	E5	90	80	0	5	-3.707830
305	30.750000	31.000000	E3	90	80	1	-4	-3.752799
306	30.750000	31.000000	C4	90	80	1	-1	-3.451917
307	31.000000	31.250000	F4	90	80	0	1	-3.027253
308	31.000000	31.250000	D5	90	80	0	5	-3.707830
309	31.000000	31.250000	F3	90	80	1	-4	-3.752799
310	31.000000	31.250000	D4	90	80	1	-1	-3.451917
311	31.250000	31.500000	E4	90	80	0	1	-3.027253
312	31.250000	31.500000	C5	90	80	0	3	-4.659051
313	31.250000	31.500000	G3	90	80	1	-4	-3.752799
314	31.250000	31.500000	E4	90	80	1	-1	-3.451917
315	31.500000	32.632075	B4	63	80	0	2	-2.287533
316	32.066038	32.632075	C5	63	80	0	3	-2.675961
317	32.500000	33.500000	G#3	126	80	1	-4	-4.339145
318	32.632075	36.594340	B4	63	80	0	2	-2.287533
319	32.632075	33.481132	D5	63	80	0	3	-3.012122
320	33.000000	33.250000	A3	126	80	1	-3	-4.267903
321	33.250000	33.500000	A#3	126	80	1	-2	-3.081523
322	33.481132	33.764151	F5	63	80	0	5	-2.681011
323	33.500000	37.250000	G3	126	80	1	-4	-5.038436
324	33.500000	34.250000	B3	126	80	1	-2	-2.359478
325	33.764151	34.330189	D5	63	80	0	3	-3.509161
326	34.250000	34.500000	D4	126	80	1	-1	-2.415329
327	34.330189	34.613208	C#5	63	80	0	2	-3.151465
328	34.500000	35.000000	B3	126	80	1	-2	-3.291596
329	34.613208	34.896226	B#4	63	80	0	1	-3.290753
330	34.896226	35.745283	C#5	63	80	0	2	-3.900292
331	35.000000	35.250000	A#3	126	80	1	-3	-3.848567
332	35.250000	35.500000	A3	126	80	1	-4	-3.777019
333	35.500000	36.250000	A#3	126	80	1	-3	-2.906925
334	35.745283	36.028302	E5	63	80	0	4	-3.580467
335	36.028302	36.594340	C#5	63	80	0	3	-3.510496
336	36.250000	36.500000	C#4	126	80	1	-1	-2.967507
337	36.500000	37.000000	A#3	126	80	1	-2	-3.291596
338	36.594340	36.877358	C5	63	80	0	2	-2.803601
339	36.877358	38.292453	B4	63	80	0	1	-2.609267
340	37.000000	37.250000	A3	126	80	1	-3	-3.281947
341	37.160377	38.009434	C5	63	80	0	2	-2.867384
342	37.250000	38.500000	G#3	126	80	1	-4	-5.020222
343	37.500000	38.250000	A3	126	80	1	-3	-4.267903
344	38.009434	38.292453	E-5	63	80	0	3	-3.409656
345	38.250000	38.500000	C4	126	80	1	-2	-3.046717
346	38.292453	39.424528	B4	63	80	0	1	-3.996553
347	38.292453	38.858491	C5	63	80	0	2	-2.867384
348	38.500000	39.500000	G#3	126	80	1	-4	-4.647576
349	38.500000	39.000000	A3	126	80	1	-3	-4.267903
350	38.858491	39.141509	C#5	63	80	0	3	-3.190537
351	39.000000	39.250000	A#3	126	80	1	-2	-3.081523
352	39.141509	39.424528	C5	63	80	0	2	-2.803601
353	39.250000	39.500000	A3	126	80	1	-1	-3.931111
354	39.424528	40.556604	B4	63	80	0	1	-2.609267
355	39.500000	40.250000	G#3	126	80	1	-2	-3.720116
356	40.250000	40.500000	B3	126	80	1	-1	-2.464298
357	40.273585	40.556604	D5	63	80	0	2	-2.525967
358	40.750000	41.000000	G#3	126	80	1	-2	-3.299403
359	40.839623	41.122642	B4	63	80	0	1	-3.157580
360	41.000000	41.500000	A3	126	80	1	-1	-3.404249
361	41.122642	41.688679	B4	90	80	0	1	-4.507997
362	41.122642	41.688679	D5	90	80	0	2	-2.525967
363	41.500000	42.250000	G#3	126	80	1	-2	-3.720116
364	41.688679	42.537736	B4	63	80	0	1	-3.157580
365	42.250000	42.500000	B3	126	80	1	-1	-2.464298
366	42.500000	42.750000	G#3	126	80	1	-2	-3.299403
367	42.537736	42.820755	B4	90	80	0	2	-4.712397
368	42.537736	42.820755	C5	90	80	0	3	-2.675961
369	42.750000	43.000000	A3	126	80	1	-1	-3.404249
370	43.000000	43.250000	G#3	126	80	1	-2	-3.720116
371	43.103774	43.386792	B4	63	80	0	2	-2.287533
372	43.250000	43.500000	B3	126	80	1	-1	-2.464298
373	43.386792	43.669811	B4	90	80	0	2	-4.554564
374	43.386792	43.669811	D5	90	80	0	4	-2.758588
375	43.500000	43.750000	G#3	126	80	1	-2	-3.299403
376	43.750000	44.000000	A3	126	80	1	-1	-3.404249
377	44.000000	44.250000	G#3	126	80	1	-2	-3.720116
378	44.235849	44.518868	B4	90	80	0	2	-3.359779
379	44.235849	44.518868	D5	90	80	0	4	-2.758588
380	44.250000	44.500000	B3	126	80	1	-1	-2.464298
381	44.500000	44.750000	B-3	127	80	1	-2	-3.720116
382	45.084906	45.367925	B4	90	80	0	2	-3.359779
383	45.084906	45.367925	D5	90	80	0	4	-2.758588
384	45.750000	46.000000	A2	90	80	1	-5	-7.627411
385	45.750000	46.000000	F3	90	80	1	-1	-4.009362
386	45.933962	46.216981	B4	90	80	0	2	-3.359779
387	45.933962	46.216981	D5	90	80	0	4	-2.758588
388	46.000000	46.250000	B2	90	80	1	-4	-3.752799
389	46.000000	46.250000	G3	90	80	1	-1	-3.451917
390	46.250000	46.500000	C3	90	80	1	-4	-3.752799
391	46.250000	46.500000	A3	90	80	1	-1	-3.451917
392	46.376556	46.536130	E4	90	80	0	1	-3.549056
393	46.376556	46.536130	C5	90	80	0	5	-3.707830
394	46.500000	46.750000	D3	90	80	1	-4	-3.752799
395	46.500000	46.750000	B3	90	80	1	-1	-3.451917
396	46.536130	46.695705	F4	90	80	0	2	-3.263552
397	46.536130	46.695705	D5	90	80	0	5	-3.767315
398	46.695705	46.855279	G4	90	80	0	2	-3.263552
399	46.695705	46.855279	E5	90	80	0	5	-3.767315
400	46.855279	47.014853	A4	90	80	0	2	-3.263552
401	46.855279	47.014853	F5	90	80	0	5	-3.767315
402	47.653151	47.812726	C5	90	80	0	2	-3.071676
403	47.653151	47.812726	A5	90	80	0	5	-3.767315
404	47.750000	48.000000	F3	90	80	1	-4	-4.223116
405	47.750000	48.000000	D4	90	80	1	-1	-3.451917
406	47.812726	47.972300	B4	90	80	0	1	-3.027253
407	47.812726	47.972300	G5	90	80	0	5	-3.707830
408	47.972300	48.131875	A4	90	80	0	1	-3.027253
409	47.972300	48.131875	F5	90	80	0	5	-3.707830
410	48.000000	48.250000	E3	90	80	1	-5	-3.181034
411	48.000000	48.250000	C4	90	80	1	-1	-4.009362
412	48.131875	48.291449	G4	90	80	0	1	-3.027253
413	48.131875	48.291449	E5	90	80	0	5	-3.707830
414	48.250000	48.500000	D3	90	80	1	-5	-3.181034
415	48.250000	48.500000	B3	90	80	1	-1	-4.009362
416	48.500000	48.750000	C3	90	80	1	-5	-3.181034
417	48.500000	48.750000	A3	90	80	1	-1	-4.009362
418	48.929747	49.089322	C4	90	80	0	1	-4.340619
419	48.929747	49.089322	A4	90	80	0	5	-3.707830
420	49.089322	49.248896	D4	90	80	0	2	-3.263552
421	49.089322	49.248896	B4	90	80	0	5	-3.767315
422	49.248896	49.408470	E4	90	80	0	2	-3.263552
423	49.248896	49.408470	C5	90	80	0	5	-3.767315
424	49.408470	49.568045	F4	90	80	0	2	-3.263552
425	49.408470	49.568045	D5	90	80	0	5	-3.767315
426	49.750000	50.000000	F2	90	80	1	-5	-4.233080
427	49.750000	50.000000	D3	90	80	1	-1	-4.009362
428	50.000000	50.250000	G2	90	80	1	-4	-3.752799
429	50.000000	50.250000	E3	90	80	1	-1	-3.451917
430	50.206343	50.365917	A4	90	80	0	2	-3.071676
431	50.206343	50.365917	F5	90	80	0	5	-3.767315
432	50.250000	50.500000	A2	90	80	1	-4	-3.752799
433	50.250000	50.500000	F3	90	80	1	-1	-3.451917
434	50.365917	50.525492	G4	90	80	0	1	-3.027253
435	50.365917	50.525492	E5	90	80	0	5	-3.707830
436	50.500000	50.750000	B2	90	80	1	-4	-3.752799
437	50.500000	50.750000	G3	90	80	1	-1	-3.451917
438	50.525492	50.685066	F4	90	80	0	1	-3.027253
439	50.525492	50.685066	D5	90	80	0	5	-3.707830
440	50.685066	50.844641	E4	90	80	0	1	-3.027253
441	50.685066	50.844641	C5	90	80	0	5	-3.707830
442	50.844641	51.004215	F4	90	80	0	2	-3.263552
443	50.844641	51.004215	D5	90	80	0	5	-3.767315
444	51.163790	51.323364	F4	90	80	0	1	-2.845304
445	51.163790	51.323364	D5	90	80	0	5	-3.707830
446	51.250000	51.500000	C3	90	80	1	-4	-3.752799
447	51.250000	51.500000	A3	90	80	1	-1	-3.451917
448	51.482939	51.642513	F4	90	80	0	1	-2.845304
449	51.482939	51.642513	D5	90	80	0	5	-3.707830
450	51.500000	51.750000	D3	90	80	1	-4	-3.752799
451	51.500000	51.750000	B3	90	80	1	-1	-3.451917
452	51.642513	51.802088	G4	90	80	0	2	-3.263552
453	51.642513	51.802088	E5	90	80	0	5	-3.767315
454	51.750000	52.000000	C3	90	80	1	-5	-3.181034
455	51.750000	52.000000	A3	90	80	1	-1	-4.009362
456	51.802088	51.961662	F4	90	80	0	1	-3.027253
457	51.802088	51.961662	D5	90	80	0	5	-3.707830
458	51.961662	52.121236	E4	90	80	0	1	-3.027253
459	51.961662	52.121236	C5	90	80	0	5	-3.707830
460	52.000000	52.250000	D3	90	80	1	-4	-3.752799
461	52.000000	52.250000	B3	90	80	1	-1	-3.451917
462	52.121236	52.280811	F4	90	80	0	2	-3.263552
463	52.121236	52.280811	D5	90	80	0	5	-3.767315
464	52.250000	52.500000	C3	90	80	1	-5	-3.181034
465	52.250000	52.500000	A3	90	80	1	-1	-4.009362
466	52.280811	52.440385	F4	90	80	0	1	-2.845304
467	52.280811	52.440385	D5	90	80	0	5	-3.707830
468	52.440385	52.599960	G4	90	80	0	2	-3.263552
469	52.440385	52.599960	E5	90	80	0	5	-3.767315
470	52.500000	52.750000	D3	90	80	1	-4	-3.752799
471	52.500000	52.750000	B3	90	80	1	-1	-3.451917
472	52.599960	52.759534	G4	90	80	0	1	-2.845304
473	52.599960	52.759534	E5	90	80	0	5	-3.707830
474	52.750000	53.000000	C3	90	80	1	-5	-3.181034
475	52.750000	53.000000	A3	90	80	1	-1	-4.009362
476	52.759534	52.919109	A4	90	80	0	2	-3.263552
477	52.759534	52.919109	F5	90	80	0	5	-3.767315
478	52.919109	53.078683	G4	90	80	0	1	-3.027253
479	52.919109	53.078683	E5	90	80	0	5	-3.707830
480	53.000000	53.250000	B2	90	80	1	-5	-3.181034
481	53.000000	53.250000	G3	90	80	1	-1	-4.009362
482	53.078683	53.238258	F4	90	80	0	1	-3.027253
483	53.078683	53.238258	D5	90	80	0	5	-3.707830
484	53.250000	53.500000	C3	90	80	1	-4	-3.752799
485	53.250000	53.500000	A3	90	80	1	-1	-3.451917
486	53.397832	53.557407	E4	90	80	0	1	-3.027253
487	53.397832	53.557407	C5	90	80	0	5	-3.707830
488	53.557407	53.716981	F4	90	80	0	2	-3.263552
489	53.557407	53.716981	D5	90	80	0	5	-3.767315
490	53.716981	53.876556	G4	90	80	0	2	-3.263552
491	53.716981	53.876556	E5	90	80	0	5	-3.767315
492	53.750000	54.000000	C3	90	80	1	-5	-3.730225
493	53.750000	54.000000	A3	90	80	1	-1	-4.009362
494	53.876556	54.036130	A4	90	80	0	2	-3.263552
495	53.876556	54.036130	F5	90	80	0	5	-3.767315
496	54.250000	54.500000	B2	90	80	1	-5	-3.181034
497	54.250000	54.500000	G3	90	80	1	-1	-4.009362
498	54.355279	54.514853	A4	90	80	0	1	-2.845304
499	54.355279	54.514853	F5	90	80	0	5	-3.707830
500	54.750000	55.000000	A2	90	80	1	-5	-3.181034
501	54.750000	55.000000	F3	90	80	1	-1	-4.009362
502	54.993577	55.153151	F4	90	80	0	1	-1.922714
503	54.993577	55.153151	D5	90	80	0	5	-3.707830
504	55.000000	55.250000	B2	90	80	1	-4	-3.752799
505	55.000000	55.250000	G3	90	80	1	-1	-3.451917
506	55.153151	55.312726	G4	90	80	0	2	-3.263552
507	55.153151	55.312726	E5	90	80	0	5	-3.767315
508	55.250000	55.500000	C3	90	80	1	-4	-3.752799
509	55.250000	55.500000	A3	90	80	1	-1	-3.451917
510	55.312726	55.472300	A4	90	80	0	2	-3.263552
511	55.312726	55.472300	F5	90	80	0	5	-3.767315
512	55.472300	55.791449	B4	90	80	0	2	-3.263552
513	55.472300	55.791449	G5	90	80	0	5	-3.767315
514	55.500000	55.750000	B2	90	80	1	-5	-3.181034
515	55.500000	55.750000	G3	90	80	1	-1	-4.009362
516	55.750000	56.000000	A2	90	80	1	-5	-3.181034
517	55.750000	56.000000	F3	90	80	1	-1	-4.009362
518	55.791449	56.429747	C5	126	80	0	2	-3.263552
519	56.000000	56.250000	B2	90	80	1	-4	-3.752799
520	56.000000	56.250000	G3	90	80	1	-1	-3.451917
521	56.250000	56.500000	C3	90	80	1	-4	-3.752799
522	56.250000	56.500000	A3	90	80	1	-1	-3.451917
523	56.500000	56.750000	D3	90	80	1	-4	-3.752799
524	56.500000	56.750000	B3	90	80	1	-1	-3.451917
525	56.750000	57.000000	C3	90	80	1	-5	-3.181034
526	56.750000	57.000000	A3	90	80	1	-1	-4.009362
527	57.000000	57.250000	B2	90	80	1	-5	-3.181034
528	57.000000	57.250000	G3	90	80	1	-1	-4.009362
529	57.250000	57.500000	A2	90	80	1	-5	-3.181034
530	57.250000	57.500000	F3	90	80	1	-1	-4.009362
531	57.500000	57.750000	B2	90	80	1	-4	-3.752799
532	57.500000	57.750000	G3	90	80	1	-1	-3.451917
533	57.750000	58.000000	A2	90	80	1	-5	-3.181034
534	57.750000	58.000000	F3	90	80	1	-1	-4.009362
535	58.000000	58.250000	B2	90	80	1	-4	-3.752799
536	58.000000	58.250000	G3	90	80	1	-1	-3.451917
537	58.250000	58.500000	C3	90	80	1	-4	-3.752799
538	58.250000	58.500000	A3	90	80	1	-1	-3.451917
539	58.500000	58.750000	B2	90	80	1	-5	-3.181034
540	58.500000	58.750000	G3	90	80	1	-1	-4.009362
541	58.750000	59.000000	A2	90	80	1	-5	-3.181034
542	58.750000	59.000000	F3	90	80	1	-1	-4.009362
543	59.000000	59.500000	G2	90	80	1	-5	-3.181034
544	59.000000	59.500000	E3	90	80	1	-1	-4.009362
545	59.500000	60.500000	C3	126	80	1	-2	-3.291596
