//Version: PianoFingering_v170101
1	0.000000	0.174927	B-3	99	80	0	3	-1.701607
2	0.000000	0.250000	B-3	90	80	1	-1	-2.235665
3	0.349854	0.524781	G#3	99	80	0	2	-2.287533
4	0.500000	0.750000	G#3	90	80	1	-2	-2.745489
5	0.699708	0.874636	B-3	99	80	0	3	-2.675961
6	1.000000	1.250000	B-3	90	80	1	-1	-2.578439
7	1.224490	1.399417	B-3	99	80	0	3	-4.378151
8	1.250000	1.500000	G#3	90	80	1	-2	-2.745489
9	1.574344	1.749271	G#3	99	80	0	2	-2.287533
10	1.750000	2.000000	C-4	90	80	1	-1	-2.464298
11	1.924198	2.099125	B-3	99	80	0	3	-2.675961
12	2.250000	2.500000	G#3	90	80	1	-2	-3.299403
13	2.448980	2.623907	B-3	99	80	0	2	-4.935872
14	2.750000	3.000000	B3	90	80	1	-1	-2.464298
15	2.798834	2.973761	G#3	99	80	0	1	-2.609267
16	3.000000	3.250000	G#3	90	80	1	-2	-3.299403
17	3.148688	3.323615	B-3	99	80	0	2	-2.867384
18	3.500000	3.750000	B-3	90	80	1	-1	-2.578439
19	4.000000	4.250000	G#3	90	80	1	-2	-2.745489
20	4.023324	4.373178	E4	126	80	0	1	-8.471566
21	4.373178	4.723032	A4	126	80	0	2	-2.963617
22	4.500000	4.750000	B-3	90	80	1	-1	-2.578439
23	4.723032	4.897959	B4	126	80	0	3	-2.675961
24	4.750000	5.000000	G#3	90	80	1	-2	-2.745489
25	4.897959	5.247813	A4	126	80	0	2	-2.287533
26	5.000000	5.250000	A3	99	80	1	-1	-3.404249
27	5.247813	5.597668	D5	126	80	0	4	-2.909306
28	5.250000	5.500000	D3	45	80	1	-5	-3.242781
29	5.500000	5.750000	G#3	45	80	1	-2	-5.232676
30	5.597668	5.947522	A4	126	80	0	2	-3.266530
31	5.750000	6.000000	D3	45	80	1	-5	-5.017302
32	5.947522	6.122449	E4	126	80	0	1	-3.434905
33	6.000000	6.250000	A3	45	80	1	-2	-2.554480
34	6.122449	6.472303	F4	126	80	0	2	-2.867384
35	6.250000	6.500000	D3	45	80	1	-5	-3.155341
36	6.472303	9.446064	D4	126	80	0	1	-3.157580
37	6.500000	6.750000	G#3	45	80	1	-2	-5.232676
38	6.750000	7.000000	A3	45	80	1	-1	-3.404249
39	7.000000	7.250000	D3	45	80	1	-5	-3.242781
40	7.250000	7.500000	G#3	45	80	1	-2	-5.232676
41	7.500000	7.750000	D3	45	80	1	-5	-5.017302
42	7.750000	8.000000	A3	45	80	1	-2	-2.554480
43	8.000000	8.250000	D3	45	80	1	-5	-3.155341
44	8.250000	8.500000	G#3	45	80	1	-2	-5.232676
45	8.500000	8.750000	A3	45	80	1	-1	-3.404249
46	8.750000	9.000000	D3	45	80	1	-5	-3.242781
47	9.000000	9.250000	G#3	45	80	1	-2	-5.232676
48	9.250000	9.500000	D3	45	80	1	-5	-5.017302
49	9.500000	9.750000	A3	45	80	1	-2	-2.554480
50	9.750000	10.000000	D3	45	80	1	-5	-3.155341
51	9.795918	10.145773	A4	126	80	0	2	-3.928858
52	10.000000	10.250000	G#3	45	80	1	-2	-5.232676
53	10.145773	10.495627	E5	126	80	0	4	-4.859095
54	10.250000	10.500000	A3	45	80	1	-1	-3.404249
55	10.495627	10.845481	D#5	126	80	0	3	-3.226506
56	10.500000	10.750000	D3	45	80	1	-5	-3.242781
57	10.750000	11.000000	G#3	45	80	1	-2	-5.232676
58	10.845481	11.020408	E5	126	80	0	4	-3.868143
59	11.000000	11.250000	D3	45	80	1	-5	-5.017302
60	11.020408	11.370262	F5	126	80	0	5	-2.706622
61	11.250000	11.500000	A3	45	80	1	-2	-2.554480
62	11.370262	11.720117	E5	126	80	0	4	-2.814339
63	11.500000	11.750000	D3	45	80	1	-5	-3.155341
64	11.720117	12.069971	C#5	126	80	0	3	-3.510496
65	11.750000	12.000000	G#3	45	80	1	-2	-5.232676
66	12.000000	12.250000	A3	45	80	1	-1	-3.404249
67	12.069971	12.244898	G4	126	80	0	1	-4.323321
68	12.244898	12.594752	A4	126	80	0	2	-2.867384
69	12.250000	12.500000	D3	45	80	1	-5	-3.242781
70	12.500000	12.750000	G#3	45	80	1	-2	-5.232676
71	12.594752	15.568513	C5	126	80	0	3	-3.012122
72	12.750000	13.000000	D3	45	80	1	-5	-5.017302
73	13.000000	13.250000	A3	45	80	1	-2	-2.554480
74	13.250000	13.500000	D3	45	80	1	-5	-3.155341
75	13.500000	13.750000	G#3	45	80	1	-2	-5.232676
76	13.750000	14.000000	A3	45	80	1	-1	-3.404249
77	14.000000	14.250000	D3	45	80	1	-5	-3.242781
78	14.250000	14.500000	G#3	45	80	1	-2	-5.232676
79	14.500000	14.750000	D3	45	80	1	-5	-5.017302
80	14.750000	15.000000	A3	45	80	1	-2	-2.554480
81	15.000000	15.250000	D3	45	80	1	-5	-3.155341
82	15.250000	15.500000	G#3	45	80	1	-2	-5.232676
83	15.500000	15.750000	A3	45	80	1	-1	-3.404249
84	15.750000	16.000000	D3	45	80	1	-5	-3.242781
85	15.918367	16.268222	G5	126	80	0	5	-4.855832
86	16.000000	16.250000	G#3	45	80	1	-2	-5.232676
87	16.250000	16.500000	D3	45	80	1	-5	-5.017302
88	16.268222	16.618076	F5	126	80	0	4	-2.814339
89	16.500000	16.750000	A3	45	80	1	-2	-2.554480
90	16.618076	16.967930	E5	126	80	0	3	-2.238713
91	16.750000	17.000000	D3	45	80	1	-5	-3.155341
92	16.967930	17.142857	F5	126	80	0	4	-2.883688
93	17.000000	17.250000	G#3	45	80	1	-2	-5.232676
94	17.142857	17.492711	E5	126	80	0	3	-2.238713
95	17.250000	17.500000	A3	45	80	1	-1	-3.404249
96	17.492711	17.842566	B4	126	80	0	1	-2.905888
97	17.500000	17.750000	D3	45	80	1	-5	-3.242781
98	17.750000	18.000000	G#3	45	80	1	-2	-5.232676
99	17.842566	18.192420	C#5	126	80	0	3	-4.456068
100	18.000000	18.250000	D3	45	80	1	-5	-5.017302
101	18.192420	18.367347	B-4	126	80	0	5	-8.225530
102	18.250000	18.500000	A3	45	80	1	-2	-2.554480
103	18.367347	18.542274	A3	126	80	0	1	-4.287540
104	18.500000	18.750000	D3	45	80	1	-5	-3.155341
105	18.542274	18.717201	D3	126	80	0	1	-7.180592
106	18.717201	18.892128	G#3	126	80	0	4	-4.926369
107	18.750000	19.000000	G#3	45	80	1	-2	-5.232676
108	18.892128	19.067055	D3	126	80	0	1	-3.845468
109	19.000000	19.250000	A3	45	80	1	-1	-3.404249
110	19.067055	19.241983	A3	126	80	0	4	-4.054949
111	19.241983	19.416910	D3	126	80	0	1	-2.857522
112	19.250000	19.500000	D3	45	80	1	-5	-3.242781
113	19.416910	19.591837	G#3	126	80	0	3	-5.112123
114	19.500000	19.750000	G#3	45	80	1	-2	-5.232676
115	19.591837	19.766764	A3	126	80	0	4	-3.868143
116	19.750000	20.000000	D3	45	80	1	-5	-5.017302
117	19.766764	19.941691	D3	126	80	0	1	-2.857522
118	19.941691	20.116618	G#3	126	80	0	4	-4.926369
119	20.000000	20.250000	A3	45	80	1	-2	-2.554480
120	20.116618	20.291545	D3	126	80	0	1	-3.845468
121	20.250000	20.500000	D3	45	80	1	-5	-3.155341
122	20.291545	20.466472	A3	126	80	0	4	-4.054949
123	20.466472	20.641399	D3	126	80	0	1	-2.857522
124	20.500000	20.750000	G#3	45	80	1	-2	-5.232676
125	20.641399	20.816327	G#3	126	80	0	3	-5.112123
126	20.816327	20.991254	A3	126	80	0	4	-3.868143
127	20.991254	21.166181	D3	126	80	0	1	-2.857522
128	21.166181	21.341108	G#3	126	80	0	4	-4.926369
129	21.341108	21.516035	D3	126	80	0	1	-3.845468
130	21.516035	21.690962	A3	126	80	0	4	-4.054949
131	21.690962	21.865889	D3	126	80	0	1	-2.857522
132	21.865889	22.040816	G#3	126	80	0	2	-5.017340
133	22.040816	22.390671	C5	126	80	0	5	-8.495044
134	22.390671	25.364431	G4	126	80	0	3	-3.854029
135	25.714286	26.064140	F4	99	80	0	2	-2.287533
136	26.064140	26.413994	E4	99	80	0	1	-2.609267
137	26.413994	26.763848	A4	81	80	0	2	-2.963617
138	26.763848	26.938776	B4	81	80	0	3	-2.675961
139	26.938776	27.288630	C#5	81	80	0	5	-3.990232
140	27.288630	27.638484	B4	81	80	0	4	-4.503222
141	27.638484	27.988338	A4	81	80	0	3	-2.238713
142	27.988338	28.163265	E4	81	80	0	1	-2.905888
143	28.163265	28.513120	F4	81	80	0	2	-2.867384
144	28.513120	31.486880	D4	81	80	0	1	-3.157580
145	31.250000	31.500000	A3	45	80	1	-1	-3.404249
146	31.500000	31.750000	D3	45	80	1	-5	-3.242781
147	31.750000	32.000000	G#3	45	80	1	-2	-5.232676
148	32.000000	32.250000	D3	45	80	1	-5	-5.017302
149	32.186589	32.536443	E4	126	80	0	2	-2.867384
150	32.250000	32.500000	A3	45	80	1	-2	-2.554480
151	32.500000	32.750000	D3	45	80	1	-5	-3.155341
152	32.536443	32.886297	A4	126	80	0	3	-4.897982
153	32.750000	33.000000	G#3	45	80	1	-2	-5.232676
154	32.886297	33.061224	B4	126	80	0	4	-2.883688
155	33.000000	33.250000	A3	45	80	1	-1	-3.404249
156	33.061224	33.411079	A4	126	80	0	3	-2.238713
157	33.250000	33.500000	D3	45	80	1	-5	-3.242781
158	33.411079	33.760933	D5	126	80	0	5	-3.128600
159	33.500000	33.750000	G#3	45	80	1	-2	-5.232676
160	33.750000	34.000000	D3	45	80	1	-5	-5.017302
161	33.760933	34.110787	A4	126	80	0	2	-3.071676
162	34.000000	34.250000	A3	45	80	1	-2	-2.554480
163	34.110787	34.285714	E4	126	80	0	1	-3.434905
164	34.250000	34.500000	D3	45	80	1	-5	-3.155341
165	34.285714	34.635569	F4	126	80	0	2	-2.867384
166	34.500000	34.750000	G#3	45	80	1	-2	-5.232676
167	34.635569	37.609329	D4	126	80	0	1	-3.157580
168	34.750000	35.000000	A3	45	80	1	-1	-3.404249
169	35.000000	35.250000	D3	45	80	1	-5	-3.242781
170	35.250000	35.500000	G#3	45	80	1	-2	-5.232676
171	35.500000	35.750000	D3	45	80	1	-5	-5.017302
172	35.750000	36.000000	A3	45	80	1	-2	-2.554480
173	36.000000	36.250000	D3	45	80	1	-5	-3.155341
174	36.250000	36.500000	G#3	45	80	1	-2	-5.232676
175	36.500000	36.750000	A3	81	80	1	-1	-3.404249
176	36.750000	37.000000	D3	45	80	1	-5	-3.242781
177	37.000000	37.250000	G#3	45	80	1	-2	-5.232676
178	37.250000	37.500000	D3	45	80	1	-5	-5.017302
179	37.500000	37.750000	A3	45	80	1	-2	-2.554480
180	37.750000	38.000000	D3	45	80	1	-5	-3.155341
181	37.959184	38.309038	A4	126	80	0	2	-3.928858
182	38.000000	38.250000	G#3	45	80	1	-2	-5.232676
183	38.250000	38.500000	A3	45	80	1	-1	-3.404249
184	38.309038	38.658892	E5	126	80	0	4	-4.859095
185	38.500000	38.750000	D3	45	80	1	-5	-3.242781
186	38.658892	39.008746	D#5	126	80	0	3	-3.226506
187	38.750000	39.000000	G#3	45	80	1	-2	-5.232676
188	39.000000	39.250000	D3	45	80	1	-5	-5.017302
189	39.008746	39.183673	E5	126	80	0	4	-3.868143
190	39.183673	39.533528	F5	126	80	0	5	-2.706622
191	39.250000	39.500000	A3	45	80	1	-2	-2.554480
192	39.500000	39.750000	D3	45	80	1	-5	-3.155341
193	39.533528	39.883382	E5	126	80	0	4	-2.814339
194	39.750000	40.000000	G#3	45	80	1	-2	-5.232676
195	39.883382	40.233236	C#5	126	80	0	3	-3.510496
196	40.000000	40.250000	A3	45	80	1	-1	-3.404249
197	40.233236	40.408163	G4	126	80	0	1	-4.323321
198	40.250000	40.500000	D3	45	80	1	-5	-3.242781
199	40.408163	40.758017	A4	126	80	0	2	-2.867384
200	40.500000	40.750000	G#3	45	80	1	-2	-5.232676
201	40.750000	41.000000	D3	45	80	1	-5	-5.017302
202	40.758017	43.731778	C5	126	80	0	3	-3.012122
203	41.000000	41.250000	A3	45	80	1	-2	-2.554480
204	41.250000	41.500000	D3	45	80	1	-5	-3.155341
205	41.500000	41.750000	G#3	45	80	1	-2	-5.232676
206	41.750000	42.000000	A3	45	80	1	-1	-3.404249
207	42.000000	42.250000	D3	45	80	1	-5	-3.242781
208	42.250000	42.500000	G#3	45	80	1	-2	-5.232676
209	42.500000	42.750000	D3	45	80	1	-5	-5.017302
210	42.750000	43.000000	A3	45	80	1	-2	-2.554480
211	43.000000	43.250000	D3	45	80	1	-5	-3.155341
212	43.250000	43.500000	G#3	45	80	1	-2	-5.232676
213	43.500000	43.750000	A3	45	80	1	-1	-3.404249
214	43.750000	44.000000	D3	45	80	1	-5	-3.242781
215	44.000000	44.250000	G#3	45	80	1	-2	-5.232676
216	44.081633	44.431487	G5	126	80	0	5	-4.855832
217	44.250000	44.500000	D3	45	80	1	-5	-5.017302
218	44.431487	44.781341	F5	126	80	0	4	-2.814339
219	44.500000	44.750000	A3	45	80	1	-2	-2.554480
220	44.750000	45.000000	D3	45	80	1	-5	-3.155341
221	44.781341	45.131195	E5	126	80	0	3	-2.238713
222	45.000000	45.250000	G#3	45	80	1	-2	-5.232676
223	45.131195	45.306122	F5	126	80	0	4	-2.883688
224	45.250000	45.500000	A3	99	80	1	-1	-3.404249
225	45.306122	45.655977	E5	126	80	0	3	-2.238713
226	45.500000	45.750000	D3	45	80	1	-5	-3.242781
227	45.655977	46.005831	B4	126	80	0	1	-2.905888
228	45.750000	46.000000	G#3	45	80	1	-2	-5.232676
229	46.000000	46.250000	D3	45	80	1	-5	-5.017302
230	46.005831	46.355685	C#5	126	80	0	3	-4.456068
231	46.250000	46.500000	A3	45	80	1	-2	-2.554480
232	46.355685	46.530612	B-4	126	80	0	5	-8.225530
233	46.500000	46.750000	D3	45	80	1	-5	-3.155341
234	46.530612	46.705539	A3	126	80	0	1	-4.287540
235	46.705539	46.880466	D3	126	80	0	1	-7.180592
236	46.750000	47.000000	G#3	45	80	1	-2	-5.232676
237	46.880466	47.055394	G#3	126	80	0	4	-4.926369
238	47.000000	47.250000	A3	45	80	1	-1	-3.404249
239	47.055394	47.230321	D3	126	80	0	1	-3.845468
240	47.230321	47.405248	A3	126	80	0	4	-4.054949
241	47.250000	47.500000	D3	45	80	1	-5	-3.242781
242	47.405248	47.580175	D3	126	80	0	1	-2.857522
243	47.500000	47.750000	G#3	45	80	1	-2	-5.232676
244	47.580175	47.755102	G#3	126	80	0	3	-5.112123
245	47.750000	48.000000	D3	45	80	1	-5	-5.017302
246	47.755102	47.930029	A3	126	80	0	4	-3.868143
247	47.930029	48.104956	D3	126	80	0	1	-2.857522
248	48.000000	48.250000	A3	45	80	1	-2	-2.554480
249	48.104956	48.279883	G#3	126	80	0	4	-4.926369
250	48.250000	48.500000	D3	45	80	1	-5	-3.155341
251	48.279883	48.454810	D3	126	80	0	1	-3.845468
252	48.454810	48.629738	A3	126	80	0	4	-4.054949
253	48.500000	48.750000	G#3	45	80	1	-2	-5.232676
254	48.629738	48.804665	D3	126	80	0	1	-2.857522
255	48.750000	49.000000	A3	45	80	1	-1	-3.404249
256	48.804665	48.979592	G#3	126	80	0	3	-5.112123
257	48.979592	49.154519	A3	126	80	0	4	-3.868143
258	49.000000	49.250000	D3	45	80	1	-5	-3.242781
259	49.154519	49.329446	D3	126	80	0	1	-2.857522
260	49.250000	49.500000	G#3	45	80	1	-2	-5.232676
261	49.329446	49.504373	G#3	126	80	0	4	-4.926369
262	49.500000	49.750000	D3	45	80	1	-5	-5.017302
263	49.504373	49.679300	D3	126	80	0	1	-3.845468
264	49.679300	49.854227	A3	126	80	0	4	-4.054949
265	49.750000	50.000000	A3	45	80	1	-2	-2.554480
266	49.854227	50.029155	D3	126	80	0	1	-2.857522
267	50.000000	50.250000	D3	45	80	1	-5	-3.155341
268	50.029155	50.204082	G#3	126	80	0	2	-5.017340
269	50.204082	50.553936	C5	126	80	0	5	-8.495044
270	50.250000	50.500000	G#3	45	80	1	-2	-5.232676
271	50.500000	50.750000	A3	45	80	1	-1	-3.404249
272	50.553936	53.527697	G4	126	80	0	3	-3.854029
273	50.750000	51.000000	D3	45	80	1	-5	-3.242781
274	51.000000	51.250000	G#3	45	80	1	-2	-5.232676
275	51.250000	51.500000	D3	45	80	1	-5	-5.017302
276	51.500000	51.750000	A3	45	80	1	-2	-2.554480
277	51.750000	52.000000	D3	45	80	1	-5	-3.155341
278	52.000000	52.250000	G#3	45	80	1	-2	-5.232676
279	52.250000	52.500000	A3	45	80	1	-1	-3.404249
280	52.500000	52.750000	D3	45	80	1	-5	-3.242781
281	52.750000	53.000000	G#3	45	80	1	-2	-5.232676
282	53.000000	53.250000	D3	45	80	1	-5	-5.017302
283	53.250000	53.500000	A3	45	80	1	-2	-2.554480
284	53.500000	53.750000	D3	45	80	1	-5	-3.155341
285	53.750000	54.000000	G#3	45	80	1	-2	-5.232676
286	53.877551	54.227405	F4	99	80	0	2	-2.287533
287	54.000000	54.250000	A3	45	80	1	-1	-3.404249
288	54.227405	54.577259	E4	99	80	0	1	-2.609267
289	54.250000	54.500000	D3	45	80	1	-5	-3.242781
290	54.500000	54.750000	G#3	45	80	1	-2	-5.232676
291	54.577259	54.927114	A4	81	80	0	2	-2.963617
292	54.750000	55.000000	D3	45	80	1	-5	-5.017302
293	54.927114	55.102041	B4	81	80	0	3	-2.675961
294	55.000000	55.250000	A3	45	80	1	-2	-2.554480
295	55.102041	55.451895	C#5	81	80	0	5	-3.990232
296	55.250000	55.500000	D3	45	80	1	-5	-3.155341
297	55.451895	55.801749	B4	81	80	0	4	-4.503222
298	55.500000	55.750000	G#3	45	80	1	-2	-5.232676
299	55.750000	56.000000	A3	45	80	1	-1	-3.404249
300	55.801749	56.151603	A4	81	80	0	3	-2.238713
301	56.000000	56.250000	D3	45	80	1	-5	-3.242781
302	56.151603	56.326531	E4	81	80	0	1	-2.905888
303	56.250000	56.500000	G#3	45	80	1	-2	-5.232676
304	56.326531	56.676385	F4	81	80	0	2	-2.867384
305	56.500000	56.750000	D3	45	80	1	-5	-5.017302
306	56.676385	59.650146	D4	81	80	0	1	-3.157580
307	56.750000	57.000000	A3	45	80	1	-2	-2.554480
308	57.000000	57.250000	D3	45	80	1	-5	-3.155341
309	57.250000	57.500000	G#3	45	80	1	-2	-5.232676
310	57.500000	57.750000	A3	45	80	1	-1	-3.404249
311	57.750000	58.000000	D3	45	80	1	-5	-3.242781
312	58.000000	58.250000	G#3	45	80	1	-2	-5.232676
313	58.250000	58.500000	D3	45	80	1	-5	-5.017302
314	58.500000	58.750000	A3	45	80	1	-2	-2.554480
315	58.750000	59.000000	D3	45	80	1	-5	-3.155341
316	59.000000	59.250000	G#3	45	80	1	-2	-5.232676
317	59.250000	59.500000	A3	45	80	1	-1	-3.404249
318	59.500000	59.750000	D3	45	80	1	-5	-3.242781
319	59.750000	60.000000	G#3	45	80	1	-2	-5.232676
320	60.000000	60.174927	B-3	81	80	0	4	-7.341475
321	60.000000	60.250000	D3	45	80	1	-5	-5.017302
322	60.250000	60.500000	A3	45	80	1	-2	-2.554480
323	60.349854	60.524781	G#3	81	80	0	3	-2.238713
324	60.500000	60.750000	D3	45	80	1	-5	-3.155341
325	60.699708	60.874636	B-3	81	80	0	4	-2.883688
326	60.750000	61.000000	G#3	45	80	1	-2	-5.232676
327	61.224490	61.399417	B-3	81	80	0	3	-5.185589
328	61.574344	61.749271	G#3	81	80	0	2	-2.287533
329	61.924198	62.099125	B-3	81	80	0	3	-2.675961
330	62.448980	62.623907	B-3	81	80	0	3	-4.378151
331	62.798834	62.973761	G#3	81	80	0	2	-2.287533
332	63.148688	63.323615	B-3	81	80	0	3	-2.675961
333	63.673469	64.023324	C#4	126	80	0	5	-2.681011
334	71.500000	71.750000	A3	45	80	1	-1	-3.404249
335	71.750000	72.000000	D3	45	80	1	-5	-3.242781
336	72.000000	72.250000	G#3	45	80	1	-2	-5.232676
337	72.250000	72.500000	D3	45	80	1	-5	-5.017302
338	72.500000	72.750000	A3	45	80	1	-2	-2.554480
339	72.750000	73.000000	D3	45	80	1	-5	-3.155341
340	73.000000	73.250000	G#3	45	80	1	-2	-5.232676
341	73.250000	73.500000	A3	45	80	1	-1	-3.404249
342	73.500000	73.750000	D3	45	80	1	-5	-3.242781
343	73.750000	74.000000	G#3	45	80	1	-2	-5.232676
344	74.000000	74.250000	D3	45	80	1	-5	-5.017302
345	74.250000	74.500000	A3	45	80	1	-2	-2.554480
346	74.500000	74.750000	D3	45	80	1	-5	-3.155341
347	74.750000	75.000000	G#3	45	80	1	-2	-5.232676
348	75.000000	75.250000	A3	45	80	1	-1	-3.404249
349	75.250000	75.500000	D3	45	80	1	-5	-3.242781
350	75.500000	75.750000	G#3	45	80	1	-2	-5.232676
351	75.750000	76.000000	D3	45	80	1	-5	-5.017302
352	76.000000	76.250000	A3	45	80	1	-2	-2.554480
353	76.250000	76.500000	D3	45	80	1	-5	-3.155341
354	76.500000	76.750000	G#3	45	80	1	-2	-5.232676
355	76.750000	77.000000	A3	81	80	1	-1	-3.404249
356	77.000000	77.250000	D3	45	80	1	-5	-3.242781
357	77.250000	77.500000	G#3	45	80	1	-2	-5.232676
358	77.500000	77.750000	D3	45	80	1	-5	-5.017302
359	77.750000	78.000000	A3	45	80	1	-2	-2.554480
360	78.000000	78.250000	D3	45	80	1	-5	-3.155341
361	78.250000	78.500000	G#3	45	80	1	-2	-5.232676
362	78.500000	78.750000	A3	45	80	1	-1	-3.404249
363	78.750000	79.000000	D3	45	80	1	-5	-3.242781
364	79.000000	79.250000	G#3	45	80	1	-2	-5.232676
365	79.250000	79.500000	D3	45	80	1	-5	-5.017302
366	79.500000	79.750000	A3	45	80	1	-2	-2.554480
367	79.750000	80.000000	D3	45	80	1	-5	-3.155341
368	80.000000	80.250000	G#3	45	80	1	-2	-5.232676
369	80.250000	80.500000	A3	45	80	1	-1	-3.404249
370	80.500000	80.750000	D3	45	80	1	-5	-3.242781
371	80.750000	81.000000	G#3	45	80	1	-2	-5.232676
372	81.000000	81.250000	D3	45	80	1	-5	-5.017302
373	81.250000	81.500000	A3	45	80	1	-2	-2.554480
374	81.500000	81.750000	D3	45	80	1	-5	-3.155341
375	81.750000	82.000000	G#3	45	80	1	-2	-5.232676
376	82.000000	82.250000	A3	45	80	1	-1	-3.404249
377	82.250000	82.500000	D3	45	80	1	-5	-3.242781
378	82.500000	82.750000	G#3	45	80	1	-2	-5.232676
379	82.750000	83.000000	D3	45	80	1	-5	-5.017302
380	83.000000	83.250000	A3	45	80	1	-2	-2.554480
381	83.250000	83.500000	D3	45	80	1	-5	-3.155341
382	83.500000	83.750000	G#3	45	80	1	-2	-5.232676
383	83.750000	84.000000	A3	45	80	1	-1	-3.404249
384	84.000000	84.250000	D3	45	80	1	-5	-3.242781
385	84.250000	84.500000	G#3	45	80	1	-2	-5.232676
386	84.500000	84.750000	D3	45	80	1	-5	-5.017302
387	84.750000	85.000000	A3	45	80	1	-2	-2.554480
388	85.000000	85.250000	D3	45	80	1	-5	-3.155341
389	85.250000	85.500000	G#3	45	80	1	-2	-5.232676
390	85.750000	86.000000	B-3	63	80	1	-1	-2.578439
391	86.250000	86.500000	G3	63	80	1	-2	-4.084076
392	86.750000	87.000000	B-3	63	80	1	-1	-3.101885
393	87.000000	87.250000	G3	63	80	1	-2	-4.084076
394	87.500000	87.750000	B-3	63	80	1	-1	-3.101885
395	88.000000	88.250000	G#3	63	80	1	-2	-2.745489
396	88.500000	88.750000	B-3	63	80	1	-1	-2.578439
397	88.750000	89.000000	G#3	63	80	1	-2	-2.745489
398	89.250000	89.500000	B-3	63	80	1	-1	-2.578439
399	89.750000	90.000000	G#3	63	80	1	-2	-2.745489
400	90.250000	90.500000	B-3	63	80	1	-1	-2.578439
401	90.500000	90.750000	G#3	63	80	1	-2	-2.745489
402	91.250000	95.500000	A3	63	80	1	-1	-3.404249
