//Version: PianoFingering_v170101
1	0.000000	0.500000	F2	126	80	1	-5	-0.504576
2	0.500000	1.000000	C3	126	80	1	-2	-2.554480
3	0.555556	1.111111	A-3	90	80	0	1	-0.925785
4	0.555556	1.111111	F4	90	80	0	4	-4.946245
5	0.555556	1.111111	G4	90	80	0	5	-2.706622
6	1.000000	1.500000	F2	126	80	1	-5	-3.155341
7	1.500000	2.000000	C3	126	80	1	-2	-2.554480
8	1.666667	2.222222	A-3	90	80	0	1	-4.221033
9	1.666667	2.222222	F4	90	80	0	4	-4.946245
10	1.666667	2.222222	G4	90	80	0	5	-2.706622
11	2.000000	2.250000	G2	126	80	1	-5	-3.713619
12	2.250000	3.000000	G2	126	80	1	-5	-4.242005
13	2.777778	3.333333	C4	90	80	0	2	-3.263552
14	2.777778	3.333333	F4	90	80	0	4	-2.909306
15	2.777778	3.333333	G4	90	80	0	5	-2.706622
16	3.000000	4.000000	G2	126	80	1	-4	-6.683330
17	3.888889	4.444444	B3	90	80	0	1	-2.845304
18	3.888889	4.444444	F4	90	80	0	4	-4.054949
19	3.888889	4.444444	G4	90	80	0	5	-2.706622
20	4.000000	4.500000	F2	126	80	1	-5	-3.249332
21	4.500000	5.000000	C3	126	80	1	-2	-2.554480
22	5.000000	5.555556	B-3	90	80	0	1	-3.521239
23	5.000000	5.555556	F4	90	80	0	4	-4.832705
24	5.000000	5.555556	G4	90	80	0	5	-2.706622
25	5.000000	5.500000	D3	126	80	1	-1	-2.578439
26	5.500000	6.000000	C3	126	80	1	-2	-2.745489
27	6.000000	7.000000	G2	126	80	1	-1	-6.371283
28	6.111111	6.666667	A-3	90	80	0	1	-4.221033
29	6.111111	6.666667	F4	90	80	0	4	-4.946245
30	6.111111	6.666667	G4	90	80	0	5	-2.706622
31	7.000000	7.500000	B-1	126	80	1	-4	-4.497131
32	7.222222	7.777778	G3	90	80	0	1	-1.922714
33	7.222222	7.777778	C4	90	80	0	4	-4.278061
34	7.222222	7.777778	D4	90	80	0	5	-2.706622
35	7.500000	8.000000	F2	126	80	1	-1	-3.887622
36	8.000000	9.000000	C2	126	80	1	-3	-3.831713
37	8.333333	8.888889	D-3	90	80	0	1	-4.270482
38	8.333333	8.888889	B-3	90	80	0	4	-4.268071
39	8.333333	8.888889	C4	90	80	0	5	-3.871087
40	9.000000	9.500000	B-1	126	80	1	-5	-5.121927
41	9.444444	10.000000	E-3	90	80	0	1	-3.521239
42	9.444444	10.000000	B-3	90	80	0	3	-3.751952
43	9.444444	10.000000	C4	90	80	0	5	-3.635747
44	9.500000	10.000000	F2	126	80	1	-2	-4.203307
45	10.000000	10.500000	G2	126	80	1	-1	-2.578439
46	10.500000	11.000000	B-1	126	80	1	-5	-4.114892
47	10.555556	11.111111	D-3	90	80	0	1	-4.221033
48	10.555556	11.111111	B-3	90	80	0	4	-4.268071
49	10.555556	11.111111	C4	90	80	0	5	-3.871087
50	11.000000	11.500000	F2	126	80	1	-2	-4.203307
51	11.500000	12.000000	G2	126	80	1	-1	-2.578439
52	11.666667	12.222222	D-3	90	80	0	1	-4.221033
53	11.666667	12.222222	B-3	90	80	0	4	-4.268071
54	11.666667	12.222222	C4	90	80	0	5	-3.871087
55	12.000000	13.000000	B-1	90	80	1	-5	-4.114892
56	12.000000	13.000000	D2	90	80	1	-3	-4.118108
57	13.000000	14.000000	F2	99	80	1	-2	-3.046717
58	13.888889	14.444444	D-3	90	80	0	1	-4.221033
59	13.888889	14.444444	B-3	90	80	0	4	-4.268071
60	13.888889	14.444444	C4	90	80	0	5	-3.871087
61	14.000000	14.500000	C2	99	80	1	-5	-3.713619
62	15.000000	16.000000	C3	126	80	1	-1	-1.202832
63	15.555556	15.793651	C4	90	80	0	1	-5.027158
64	15.793651	16.031746	D4	90	80	0	2	-2.867384
65	16.000000	16.500000	C3	126	80	1	-5	-4.801795
66	16.031746	16.269841	E4	90	80	0	3	-2.675961
67	16.269841	16.507937	F4	90	80	0	4	-2.883688
68	16.500000	17.000000	A3	126	80	1	-1	-4.009362
69	16.507937	16.746032	G4	90	80	0	1	-5.889308
70	16.746032	16.984127	A4	90	80	0	2	-2.867384
71	16.984127	17.222222	B-4	90	80	0	3	-3.190537
72	17.000000	18.000000	F#3	126	80	1	-2	-3.299403
73	17.222222	17.460317	G4	90	80	0	2	-3.286699
74	17.460317	17.936508	C5	90	80	0	5	-3.228870
75	17.936508	18.412698	A4	90	80	0	3	-3.509161
76	18.000000	18.250000	A3	126	80	1	-1	-2.464298
77	18.250000	18.500000	G3	126	80	1	-2	-2.745489
78	18.412698	19.365079	F#4	90	80	0	2	-3.032881
79	18.500000	18.750000	B-3	126	80	1	-1	-3.101885
80	18.750000	19.000000	A3	126	80	1	-2	-4.597368
81	19.000000	19.250000	G3	126	80	1	-3	-2.891080
82	19.250000	19.500000	F3	126	80	1	-1	-3.930078
83	19.365079	19.603175	A4	90	80	0	3	-3.265372
84	19.500000	19.750000	E3	126	80	1	-2	-2.745489
85	19.603175	19.841270	G4	90	80	0	2	-2.287533
86	19.750000	20.000000	D3	126	80	1	-3	-2.891080
87	19.841270	20.079365	B-4	90	80	0	3	-3.409656
88	20.000000	20.500000	E3	126	80	1	-2	-2.510186
89	20.079365	20.317460	A4	90	80	0	2	-2.803601
90	20.317460	20.555556	G4	90	80	0	1	-2.609267
91	20.500000	21.000000	C#3	126	80	1	-3	-3.464153
92	20.555556	20.793651	F4	90	80	0	4	-5.839612
93	20.793651	21.031746	E4	90	80	0	3	-2.238713
94	21.000000	22.000000	A2	126	80	1	-5	-3.859206
95	21.031746	21.269841	D4	90	80	0	2	-2.287533
96	21.269841	21.746032	E4	90	80	0	3	-2.675961
97	21.746032	22.222222	C#4	90	80	0	2	-3.032881
98	22.000000	22.250000	G3	126	80	1	-1	-3.610078
99	22.222222	23.174603	A3	90	80	0	1	-4.134704
100	22.250000	22.500000	F3	126	80	1	-2	-2.745489
101	22.500000	22.750000	E3	126	80	1	-3	-2.891080
102	22.750000	23.000000	D3	126	80	1	-1	-3.930078
103	23.000000	23.250000	C#3	126	80	1	-2	-3.720116
104	23.174603	23.412698	G4	90	80	0	4	-4.869085
105	23.250000	23.500000	D3	126	80	1	-1	-3.404249
106	23.412698	23.650794	F4	90	80	0	3	-2.238713
107	23.500000	23.750000	E3	126	80	1	-3	-4.611792
108	23.650794	23.888889	E4	90	80	0	2	-2.287533
109	23.750000	24.000000	F3	126	80	1	-2	-2.510186
110	23.888889	24.126984	D4	90	80	0	1	-2.609267
111	24.000000	24.250000	E3	126	80	1	-3	-2.891080
112	24.126984	24.365079	C#4	90	80	0	2	-4.284147
113	24.250000	24.500000	D3	126	80	1	-1	-3.930078
114	24.365079	24.603175	D4	90	80	0	3	-3.686981
115	24.500000	24.750000	C3	126	80	1	-2	-2.745489
116	24.603175	24.841270	E4	90	80	0	4	-2.883688
117	24.750000	25.000000	D3	126	80	1	-1	-2.578439
118	24.841270	25.079365	F4	90	80	0	5	-2.706622
119	25.000000	26.000000	B-2	126	80	1	-3	-4.924354
120	25.079365	25.317460	E4	90	80	0	4	-2.814339
121	25.317460	25.555556	D4	90	80	0	3	-2.238713
122	25.555556	25.793651	C4	90	80	0	2	-2.287533
123	25.793651	26.031746	D4	90	80	0	3	-2.675961
124	26.000000	26.250000	F2	126	80	1	-5	-3.859206
125	26.031746	26.984127	B-3	90	80	0	2	-5.111623
126	26.250000	26.500000	G2	126	80	1	-4	-3.907966
127	26.500000	26.750000	A2	126	80	1	-3	-2.915060
128	26.750000	27.000000	B-2	126	80	1	-2	-3.081523
129	26.984127	27.222222	F3	90	80	0	1	-4.134704
130	27.000000	27.250000	C3	126	80	1	-1	-2.464298
131	27.222222	27.460317	G3	90	80	0	2	-2.867384
132	27.250000	27.500000	D-3	126	80	1	-2	-4.643648
133	27.460317	27.698413	A3	90	80	0	1	-5.369497
134	27.500000	27.750000	C3	126	80	1	-1	-3.931111
135	27.698413	27.936508	B-3	90	80	0	2	-3.900292
136	27.750000	28.000000	A-2	126	80	1	-3	-4.924354
137	27.936508	28.174603	C4	90	80	0	3	-3.265372
138	28.000000	28.250000	G2	126	80	1	-1	-3.371140
139	28.174603	28.412698	D-4	90	80	0	4	-4.152325
140	28.250000	29.000000	G2	126	80	1	-5	-4.801795
141	28.412698	28.650794	C4	90	80	0	3	-3.302559
142	28.650794	28.888889	A-3	90	80	0	2	-5.111623
143	28.888889	29.126984	G3	90	80	0	1	-3.290753
144	29.000000	29.500000	G2	126	80	1	-5	-4.242005
145	29.126984	29.841270	G3	90	80	0	1	-4.507997
146	29.841270	30.317460	G3	90	80	0	2	-4.712397
147	30.000000	30.250000	C4	99	80	1	-1	-5.964413
148	30.250000	30.500000	D4	99	80	1	-3	-4.611792
149	30.500000	30.750000	E4	99	80	1	-2	-2.510186
150	30.750000	31.000000	F4	99	80	1	-1	-2.578439
151	31.000000	31.250000	G4	99	80	1	-3	-4.611792
152	31.250000	31.500000	A4	99	80	1	-2	-2.510186
153	31.500000	31.750000	B-4	99	80	1	-1	-4.284379
154	31.750000	32.000000	G4	99	80	1	-2	-4.084076
155	32.000000	32.500000	C5	99	80	1	-1	-2.320150
156	32.500000	33.000000	A4	99	80	1	-2	-3.291596
157	32.698413	32.936508	C5	99	80	0	1	-8.471566
158	32.936508	33.174603	D5	99	80	0	2	-2.867384
159	33.000000	34.000000	F#4	99	80	1	-3	-3.464153
160	33.174603	33.412698	E5	99	80	0	3	-2.675961
161	33.412698	33.650794	F5	99	80	0	1	-5.198182
162	33.650794	33.888889	F#5	99	80	0	2	-3.900292
163	33.888889	34.126984	G5	99	80	0	3	-3.686981
164	34.000000	34.250000	A4	99	80	1	-2	-2.872099
165	34.126984	34.365079	A5	99	80	0	4	-2.883688
166	34.250000	34.500000	G4	99	80	1	-3	-2.891080
167	34.365079	34.603175	F#5	99	80	0	2	-4.090178
168	34.500000	34.750000	B-4	99	80	1	-2	-3.407298
169	34.603175	36.269841	B-5	99	80	0	3	-3.012122
170	34.750000	35.000000	A4	99	80	1	-3	-3.281947
171	35.000000	35.250000	G4	99	80	1	-4	-3.061136
172	35.250000	35.500000	F4	99	80	1	-1	-4.817923
173	35.500000	35.750000	E4	99	80	1	-2	-2.745489
174	35.750000	36.000000	D4	99	80	1	-3	-2.891080
175	36.000000	36.500000	E4	99	80	1	-2	-2.510186
176	36.269841	36.746032	B-5	99	80	0	3	-4.378151
177	36.500000	37.000000	C#4	99	80	1	-3	-3.464153
178	36.746032	36.984127	A5	99	80	0	2	-2.803601
179	36.984127	37.222222	C6	99	80	0	4	-2.758588
180	37.000000	38.000000	A3	99	80	1	-5	-3.859206
181	37.222222	37.460317	B-5	99	80	0	3	-3.510496
182	37.460317	37.698413	A5	99	80	0	2	-2.803601
183	37.698413	37.936508	G5	99	80	0	1	-2.609267
184	37.936508	38.174603	F5	99	80	0	4	-5.839612
185	38.000000	38.250000	G4	99	80	1	-1	-3.610078
186	38.174603	38.412698	E5	99	80	0	3	-2.238713
187	38.250000	38.500000	F4	99	80	1	-2	-2.745489
188	38.412698	39.126984	E-5	99	80	0	2	-3.151465
189	38.500000	38.750000	E-4	99	80	1	-3	-3.464153
190	38.750000	39.000000	D4	99	80	1	-1	-3.371140
191	39.000000	39.250000	C#4	99	80	1	-2	-3.720116
192	39.126984	39.365079	F5	99	80	0	4	-3.580467
193	39.250000	39.500000	D4	99	80	1	-1	-3.404249
194	39.365079	39.603175	G5	99	80	0	5	-2.706622
195	39.500000	39.750000	E4	99	80	1	-3	-4.611792
196	39.603175	39.841270	F5	99	80	0	4	-2.814339
197	39.750000	40.000000	F4	99	80	1	-2	-2.510186
198	39.841270	40.079365	E5	99	80	0	3	-2.238713
199	40.000000	40.250000	E4	99	80	1	-3	-2.891080
200	40.079365	40.317460	D5	99	80	0	2	-2.287533
201	40.250000	40.500000	D4	99	80	1	-1	-3.930078
202	40.317460	40.555556	E5	99	80	0	3	-2.675961
203	40.500000	40.750000	C#4	99	80	1	-2	-3.720116
204	40.555556	40.793651	F5	99	80	0	4	-2.883688
205	40.750000	41.000000	D4	99	80	1	-1	-3.404249
206	40.793651	41.031746	G5	99	80	0	5	-2.706622
207	41.000000	42.000000	B-3	99	80	1	-3	-4.924354
208	41.031746	41.269841	F5	99	80	0	4	-2.814339
209	41.269841	41.507937	E5	99	80	0	3	-2.238713
210	41.507937	41.746032	D5	99	80	0	2	-2.287533
211	41.746032	41.984127	F5	99	80	0	4	-2.758588
212	41.984127	42.222222	E5	99	80	0	3	-2.238713
213	42.000000	42.250000	F3	99	80	1	-5	-3.859206
214	42.222222	43.412698	D-5	99	80	0	2	-3.032881
215	42.250000	42.500000	G3	99	80	1	-4	-3.907966
216	42.500000	42.750000	A3	99	80	1	-3	-2.915060
217	42.750000	43.000000	B-3	99	80	1	-2	-3.081523
218	43.000000	43.250000	C4	99	80	1	-1	-2.464298
219	43.250000	43.500000	D-4	99	80	1	-2	-4.643648
220	43.412698	43.650794	A4	99	80	0	1	-4.134704
221	43.500000	43.750000	C4	99	80	1	-1	-3.931111
222	43.650794	43.888889	B-4	99	80	0	2	-3.900292
223	43.750000	44.000000	A-3	99	80	1	-3	-4.924354
224	43.888889	44.126984	C5	99	80	0	3	-3.265372
225	44.000000	44.250000	G3	99	80	1	-1	-3.371140
226	44.126984	44.365079	D-5	99	80	0	4	-4.152325
227	44.250000	45.000000	G3	99	80	1	-1	-4.426668
228	44.365079	44.603175	C5	99	80	0	3	-3.302559
229	44.603175	44.841270	E-5	99	80	0	5	-3.990232
230	44.841270	45.079365	D-5	99	80	0	4	-2.814339
231	45.000000	46.000000	G3	99	80	1	-1	-4.426668
232	45.079365	45.317460	C5	99	80	0	3	-3.302559
233	45.317460	45.555556	B-4	99	80	0	2	-3.032881
234	45.555556	45.793651	A4	99	80	0	1	-3.290753
235	45.793651	46.031746	B-4	99	80	0	2	-3.900292
236	46.031746	46.269841	C5	99	80	0	4	-3.580467
237	46.269841	46.984127	C5	99	80	0	5	-5.360328
238	46.984127	47.936508	D-4	90	80	0	1	-4.221033
239	46.984127	47.936508	B-4	90	80	0	4	-4.268071
240	46.984127	47.936508	C5	90	80	0	5	-3.871087
241	47.000000	47.500000	B-2	99	80	1	-4	-4.497131
242	47.500000	48.000000	F3	99	80	1	-1	-3.887622
243	48.000000	48.250000	C3	99	80	1	-2	-3.456527
244	48.250000	49.000000	C3	99	80	1	-2	-3.999177
245	48.888889	49.126984	C4	99	80	0	1	-1.922714
246	49.000000	49.500000	C3	99	80	1	-1	-4.535716
247	49.126984	49.841270	C4	99	80	0	5	-7.605012
248	49.841270	50.793651	D-3	90	80	0	1	-4.221033
249	49.841270	50.793651	B-3	90	80	0	4	-4.268071
250	49.841270	50.793651	C4	90	80	0	5	-3.871087
251	50.000000	50.500000	B-1	99	80	1	-5	-4.510402
252	50.500000	51.000000	F2	99	80	1	-2	-4.203307
253	51.000000	51.500000	G2	99	80	1	-1	-2.578439
254	51.269841	51.746032	D-3	90	80	0	1	-4.221033
255	51.269841	51.746032	B-3	90	80	0	4	-4.268071
256	51.269841	51.746032	C4	90	80	0	5	-3.871087
257	51.500000	52.000000	B-1	99	80	1	-5	-4.114892
258	52.000000	53.000000	F2	99	80	1	-2	-4.203307
259	53.000000	54.000000	G2	99	80	1	-1	-2.578439
260	53.650794	53.888889	C4	99	80	0	1	-5.027158
261	53.888889	54.126984	D4	99	80	0	2	-2.867384
262	54.000000	54.500000	C2	63	80	1	-5	-3.242781
263	54.126984	54.365079	E4	99	80	0	3	-2.675961
264	54.365079	54.603175	F4	99	80	0	4	-2.883688
265	54.603175	54.841270	G4	99	80	0	1	-5.889308
266	54.841270	55.079365	A4	99	80	0	2	-2.867384
267	55.079365	55.317460	B-4	99	80	0	3	-3.190537
268	55.317460	55.555556	G4	99	80	0	2	-3.286699
269	55.555556	56.031746	C5	99	80	0	5	-3.228870
270	56.000000	56.500000	C3	90	80	1	-4	-4.924626
271	56.000000	56.500000	E-3	90	80	1	-2	-3.337019
272	56.000000	56.500000	G3	90	80	1	-1	-3.262923
273	56.031746	56.507937	A4	99	80	0	3	-3.509161
274	56.500000	57.500000	C3	90	80	1	-4	-3.752799
275	56.500000	57.500000	E-3	90	80	1	-2	-3.337019
276	56.500000	57.500000	G3	90	80	1	-1	-3.262923
277	56.507937	57.460317	F#4	99	80	0	2	-3.032881
278	57.460317	57.698413	A4	99	80	0	3	-3.265372
279	57.500000	58.000000	C3	90	80	1	-4	-3.752799
280	57.500000	58.000000	E-3	90	80	1	-2	-3.337019
281	57.500000	58.000000	G3	90	80	1	-1	-3.262923
282	57.698413	57.936508	G4	99	80	0	2	-2.287533
283	57.936508	58.174603	B-4	99	80	0	3	-3.409656
284	58.000000	58.500000	C3	90	80	1	-4	-3.752799
285	58.000000	58.500000	E3	90	80	1	-2	-2.359478
286	58.000000	58.500000	G3	90	80	1	-1	-2.415329
287	58.174603	58.412698	A4	99	80	0	2	-2.803601
288	58.412698	58.650794	G4	99	80	0	1	-2.609267
289	58.500000	59.500000	C3	90	80	1	-4	-3.752799
290	58.500000	59.500000	E3	90	80	1	-2	-2.359478
291	58.500000	59.500000	G3	90	80	1	-1	-2.415329
292	58.650794	58.888889	F4	99	80	0	4	-5.839612
293	58.888889	59.126984	E4	99	80	0	3	-2.238713
294	59.126984	59.365079	D4	99	80	0	2	-2.287533
295	59.365079	59.841270	E4	99	80	0	3	-2.675961
296	59.500000	60.000000	C3	90	80	1	-4	-3.752799
297	59.500000	60.000000	E3	90	80	1	-2	-2.359478
298	59.500000	60.000000	G3	90	80	1	-1	-2.415329
299	59.841270	60.317460	C#4	99	80	0	2	-3.032881
300	60.000000	60.500000	C#3	90	80	1	-3	-6.025293
301	60.000000	60.500000	E3	90	80	1	-2	-2.872099
302	60.000000	60.500000	G3	90	80	1	-1	-2.415329
303	60.317460	61.269841	A3	99	80	0	1	-4.134704
304	60.500000	61.500000	C#3	90	80	1	-3	-6.025293
305	60.500000	61.500000	E3	90	80	1	-2	-2.872099
306	60.500000	61.500000	G3	90	80	1	-1	-2.415329
307	61.269841	61.507937	G4	99	80	0	4	-4.869085
308	61.500000	62.000000	C#3	90	80	1	-3	-6.025293
309	61.500000	62.000000	E3	90	80	1	-2	-2.872099
310	61.500000	62.000000	G3	90	80	1	-1	-2.415329
311	61.507937	61.746032	F4	99	80	0	3	-2.238713
312	61.746032	61.984127	E4	99	80	0	2	-2.287533
313	61.984127	62.222222	D4	99	80	0	1	-2.609267
314	62.000000	62.500000	C3	90	80	1	-4	-3.752799
315	62.000000	62.500000	F3	90	80	1	-2	-2.507290
316	62.000000	62.500000	A-3	90	80	1	-1	-3.101885
317	62.222222	62.460317	C#4	99	80	0	2	-4.284147
318	62.460317	62.698413	D4	99	80	0	3	-3.686981
319	62.500000	63.500000	C3	90	80	1	-4	-5.233707
320	62.500000	63.500000	F3	90	80	1	-2	-2.507290
321	62.500000	63.500000	A-3	90	80	1	-1	-3.101885
322	62.698413	62.936508	E4	99	80	0	4	-2.883688
323	62.936508	63.174603	F4	99	80	0	5	-2.706622
324	63.174603	63.412698	E4	99	80	0	4	-2.814339
325	63.412698	63.650794	D4	99	80	0	3	-2.238713
326	63.500000	64.000000	C3	90	80	1	-4	-5.233707
327	63.500000	64.000000	F3	90	80	1	-2	-2.507290
328	63.500000	64.000000	A-3	90	80	1	-1	-3.101885
329	63.650794	63.888889	C4	99	80	0	2	-2.287533
330	63.888889	64.126984	D4	99	80	0	3	-2.675961
331	64.126984	65.079365	B-3	99	80	0	3	-7.640236
332	64.500000	65.000000	C-3	90	80	1	-5	-4.087479
333	64.500000	65.000000	F3	90	80	1	-2	-2.554480
334	64.500000	65.000000	A-3	90	80	1	-1	-3.101885
335	65.079365	65.317460	A3	99	80	0	2	-2.803601
336	65.317460	65.555556	G3	99	80	0	1	-2.609267
337	65.500000	66.000000	B2	90	80	1	-5	-4.087479
338	65.500000	66.000000	E-3	90	80	1	-3	-3.351805
339	65.500000	66.000000	G3	90	80	1	-1	-3.390615
340	65.555556	65.793651	A3	99	80	0	2	-2.867384
341	65.793651	66.031746	B-3	99	80	0	3	-3.190537
342	66.031746	66.269841	C4	99	80	0	4	-4.111873
343	66.269841	66.507937	D-4	99	80	0	5	-4.385182
344	66.500000	67.500000	B-2	90	80	1	-4	-4.497131
345	66.500000	67.500000	E-3	90	80	1	-2	-2.507290
346	66.500000	67.500000	G-3	90	80	1	-1	-2.415329
347	66.507937	66.746032	C4	99	80	0	4	-4.300502
348	66.746032	66.984127	A-3	99	80	0	2	-3.901124
349	66.984127	67.222222	G3	99	80	0	1	-3.290753
350	67.222222	67.936508	G3	99	80	0	1	-4.507997
351	67.500000	68.000000	B-2	90	80	1	-4	-4.458307
352	67.500000	68.000000	D3	90	80	1	-2	-2.871001
353	67.500000	68.000000	F3	90	80	1	-1	-2.415329
354	67.936508	68.888889	G3	99	80	0	1	-4.507997
355	68.500000	70.000000	A2	90	80	1	-4	-4.458307
356	68.500000	70.000000	C#3	90	80	1	-2	-3.159098
357	68.500000	70.000000	E3	90	80	1	-1	-2.464298
358	70.000000	70.500000	G2	63	80	1	-5	-3.730225
359	70.500000	71.000000	D3	63	80	1	-2	-2.554480
360	71.000000	71.500000	G2	63	80	1	-5	-3.155341
361	71.500000	72.000000	D3	63	80	1	-2	-2.554480
362	71.666667	72.777778	A-3	90	80	0	1	-6.512494
363	71.666667	72.777778	F4	90	80	0	4	-4.946245
364	71.666667	72.777778	G4	90	80	0	5	-2.706622
365	72.000000	73.000000	C3	63	80	1	-3	-2.891080
366	72.777778	73.333333	A-3	90	80	0	1	-4.221033
367	72.777778	73.333333	F4	90	80	0	4	-4.946245
368	72.777778	73.333333	G4	90	80	0	5	-2.706622
369	73.000000	74.000000	F2	63	80	1	-5	-3.785580
370	73.888889	75.000000	B-3	90	80	0	1	-3.521239
371	73.888889	75.000000	F4	90	80	0	4	-4.832705
372	73.888889	75.000000	G4	90	80	0	5	-2.706622
373	74.000000	74.500000	G2	63	80	1	-4	-3.907966
374	74.500000	75.000000	D3	63	80	1	-1	-2.959487
375	75.000000	75.555556	C4	90	80	0	2	-3.263552
376	75.000000	75.555556	F4	90	80	0	4	-2.909306
377	75.000000	75.555556	G4	90	80	0	5	-2.706622
378	75.000000	75.500000	E-3	63	80	1	-2	-4.643648
379	75.500000	76.000000	D3	63	80	1	-3	-3.281947
380	76.000000	76.500000	C3	63	80	1	-1	-3.930078
381	76.111111	77.222222	D-4	90	80	0	2	-4.412763
382	76.111111	77.222222	F4	90	80	0	4	-3.927704
383	76.111111	77.222222	G4	90	80	0	5	-2.706622
384	76.500000	77.000000	B-2	63	80	1	-2	-3.299403
385	77.000000	77.500000	E-2	63	80	1	-5	-3.155341
386	77.222222	77.777778	B-3	90	80	0	1	-3.521239
387	77.222222	77.777778	D-4	90	80	0	2	-2.525967
388	77.222222	77.777778	G4	90	80	0	5	-4.764150
389	77.500000	78.000000	F2	63	80	1	-3	-4.282909
390	78.000000	79.000000	G2	63	80	1	-2	-2.510186
391	78.333333	79.444444	B-3	90	80	0	1	-3.521239
392	78.333333	79.444444	D4	90	80	0	2	-3.465862
393	78.333333	79.444444	G4	90	80	0	5	-3.228870
394	79.000000	79.500000	C2	63	80	1	-5	-3.155341
395	79.444444	80.000000	C4	90	80	0	2	-3.263552
396	79.444444	80.000000	F4	90	80	0	4	-2.909306
397	79.444444	80.000000	G4	90	80	0	5	-2.706622
398	79.500000	80.000000	D2	63	80	1	-4	-3.907966
399	80.000000	81.000000	E-2	63	80	1	-3	-2.906925
400	80.555556	81.666667	B-3	90	80	0	1	-3.521239
401	80.555556	81.666667	E-4	90	80	0	3	-3.401091
402	80.555556	81.666667	G4	90	80	0	5	-3.340065
403	81.000000	81.500000	A-1	63	80	1	-5	-3.785580
404	81.500000	82.000000	B-1	63	80	1	-4	-3.907966
405	81.666667	82.222222	A-3	90	80	0	1	-4.221033
406	81.666667	82.222222	D-4	90	80	0	2	-2.963617
407	81.666667	82.222222	F4	90	80	0	4	-3.927704
408	81.666667	82.222222	G4	90	80	0	5	-2.706622
409	82.000000	82.250000	C2	126	80	1	-2	-3.571868
410	82.250000	84.000000	G1	126	80	1	-5	-3.713619
411	83.333333	84.444444	C4	90	80	0	1	-3.425130
412	83.333333	84.444444	D4	90	80	0	2	-2.867384
413	83.333333	84.444444	G4	90	80	0	4	-2.909306
414	84.000000	85.000000	G1	126	80	1	-5	-4.242005
415	85.000000	85.555556	B4	90	80	0	1	-6.131546
416	85.000000	85.555556	D5	90	80	0	2	-2.525967
417	85.000000	85.555556	G5	90	80	0	4	-2.909306
