//Version: PianoFingering_v170101
1	0.000000	0.500000	D5	99	80	0	5	-1.850019
2	0.000000	0.500000	D3	90	80	1	-5	-0.504576
3	0.500000	0.750000	A4	99	80	0	2	-3.071676
4	0.500000	0.750000	F#3	90	80	1	-3	-3.351805
5	0.750000	1.000000	B4	99	80	0	3	-2.675961
6	0.750000	1.000000	G#3	90	80	1	-2	-2.510186
7	1.000000	1.250000	C5	99	80	0	4	-2.883688
8	1.000000	1.250000	A3	90	80	1	-1	-3.404249
9	1.250000	1.500000	B4	99	80	0	3	-2.238713
10	1.250000	1.500000	G3	90	80	1	-2	-2.745489
11	1.500000	2.000000	A4	99	80	0	2	-2.287533
12	1.500000	2.000000	F#3	90	80	1	-3	-3.848567
13	2.000000	2.500000	B3	90	80	1	-1	-3.390615
14	2.250000	2.500000	D5	99	80	0	5	-3.228870
15	2.500000	2.750000	C5	99	80	0	4	-2.814339
16	2.500000	2.750000	A3	90	80	1	-2	-2.745489
17	2.750000	3.000000	B4	99	80	0	3	-2.238713
18	2.750000	3.000000	G3	90	80	1	-3	-2.891080
19	3.000000	3.250000	A4	99	80	0	2	-2.287533
20	3.000000	3.250000	F#3	90	80	1	-4	-5.020222
21	3.250000	3.500000	G4	99	80	0	1	-2.609267
22	3.250000	3.500000	E3	90	80	1	-1	-5.179099
23	3.500000	3.750000	F#4	99	80	0	2	-4.284147
24	3.500000	3.750000	D3	90	80	1	-2	-2.745489
25	3.750000	4.000000	E-4	99	80	0	1	-3.157580
26	3.750000	4.000000	C3	90	80	1	-3	-2.891080
27	4.000000	4.250000	G4	99	80	0	2	-3.465862
28	4.000000	4.500000	B2	90	80	1	-4	-3.061136
29	4.250000	4.500000	D4	99	80	0	1	-3.434905
30	4.500000	4.750000	G4	99	80	0	2	-2.963617
31	4.500000	5.000000	C#3	90	80	1	-3	-3.762277
32	4.750000	5.000000	A4	99	80	0	3	-2.675961
33	5.000000	5.250000	F#4	99	80	0	2	-3.032881
34	5.000000	5.500000	D3	90	80	1	-2	-3.642491
35	5.250000	5.500000	E-4	99	80	0	1	-3.157580
36	5.500000	5.750000	F#4	99	80	0	2	-2.525967
37	5.500000	6.000000	C3	90	80	1	-3	-2.891080
38	5.750000	6.000000	A4	99	80	0	4	-3.580467
39	6.000000	6.500000	B2	90	80	1	-4	-3.061136
40	6.250000	6.500000	D4	99	80	0	1	-2.857522
41	6.500000	6.750000	G4	99	80	0	2	-2.963617
42	6.500000	7.000000	C#3	90	80	1	-3	-3.762277
43	6.750000	7.000000	A4	99	80	0	3	-2.675961
44	7.000000	7.250000	F#4	99	80	0	2	-3.032881
45	7.250000	7.500000	E4	99	80	0	1	-3.360143
46	7.500000	7.750000	D3	90	80	1	-5	-6.301508
47	8.000000	8.500000	A4	126	80	1	-1	-5.511365
48	8.500000	8.750000	E4	126	80	1	-3	-3.831713
49	8.750000	9.000000	F#4	126	80	1	-2	-3.407298
50	9.000000	9.500000	A5	99	80	0	5	-6.120276
51	9.000000	9.250000	G4	126	80	1	-1	-3.404249
52	9.250000	9.500000	F#4	126	80	1	-2	-3.720116
53	9.500000	9.750000	E5	99	80	0	2	-3.071676
54	9.500000	10.000000	E4	126	80	1	-3	-4.407505
55	9.750000	10.000000	F#5	99	80	0	3	-3.409656
56	10.000000	10.250000	G5	99	80	0	4	-3.868143
57	10.000000	10.500000	A4	126	80	1	-1	-2.717521
58	10.250000	10.500000	F#5	99	80	0	3	-3.226506
59	10.500000	10.750000	E5	99	80	0	2	-3.286699
60	10.500000	10.750000	E4	126	80	1	-2	-3.456527
61	10.750000	11.000000	D5	99	80	0	1	-2.609267
62	10.750000	11.000000	F#4	126	80	1	-1	-3.101885
63	11.000000	11.500000	E5	99	80	0	2	-2.867384
64	11.000000	11.250000	E4	126	80	1	-2	-4.084076
65	11.250000	11.500000	D4	126	80	1	-1	-4.644141
66	11.500000	11.750000	A5	99	80	0	4	-2.909306
67	11.500000	11.750000	C#4	126	80	1	-2	-3.720116
68	11.750000	12.000000	G5	99	80	0	3	-2.238713
69	11.750000	12.000000	B-3	126	80	1	-4	-3.718276
70	12.000000	12.250000	F#5	99	80	0	2	-3.151465
71	12.000000	12.250000	D4	126	80	1	-2	-2.871001
72	12.250000	12.500000	E5	99	80	0	1	-3.360143
73	12.250000	12.500000	A3	126	80	1	-4	-4.045906
74	12.500000	12.750000	F#5	99	80	0	2	-3.246278
75	12.500000	12.750000	D4	126	80	1	-2	-2.507290
76	12.750000	13.000000	G#5	99	80	0	3	-2.675961
77	12.750000	13.000000	E4	126	80	1	-1	-2.578439
78	13.000000	13.500000	E5	99	80	0	2	-5.037433
79	13.000000	13.250000	C#4	126	80	1	-2	-3.299403
80	13.250000	13.500000	B-3	126	80	1	-4	-3.718276
81	13.500000	13.750000	A5	99	80	0	5	-3.228870
82	13.500000	13.750000	C#4	126	80	1	-2	-2.359478
83	13.750000	14.000000	G5	99	80	0	4	-2.814339
84	13.750000	14.000000	E4	126	80	1	-1	-2.464298
85	14.000000	14.250000	F#5	99	80	0	3	-3.226506
86	14.250000	14.500000	E5	99	80	0	2	-3.286699
87	14.250000	14.500000	A3	126	80	1	-5	-3.242781
88	14.500000	14.750000	D5	99	80	0	1	-2.609267
89	14.500000	14.750000	D4	126	80	1	-3	-3.463793
90	14.750000	15.000000	C#5	99	80	0	2	-4.284147
91	14.750000	15.000000	E4	126	80	1	-2	-2.510186
92	15.000000	15.500000	A4	99	80	0	1	-4.134704
93	15.000000	15.250000	C#4	126	80	1	-3	-3.464153
94	15.250000	15.500000	A3	126	80	1	-5	-3.859206
95	15.500000	15.750000	D5	99	80	0	3	-3.401091
96	15.500000	15.750000	D#4	126	80	1	-3	-5.669550
97	15.750000	16.000000	C#5	99	80	0	2	-3.151465
98	15.750000	16.000000	E4	126	80	1	-2	-3.642491
99	16.000000	16.250000	A4	99	80	0	1	-4.134704
100	16.000000	16.250000	C#4	126	80	1	-3	-3.464153
101	16.250000	16.500000	D5	99	80	0	3	-3.401091
102	16.250000	16.500000	D#4	126	80	1	-2	-2.510186
103	16.500000	16.750000	C#5	99	80	0	2	-3.151465
104	16.500000	16.750000	E4	126	80	1	-1	-3.404249
105	16.750000	17.000000	A4	99	80	0	1	-4.134704
106	16.750000	17.000000	C#4	126	80	1	-3	-4.826899
107	17.000000	17.250000	D5	99	80	0	3	-3.401091
108	17.000000	17.250000	D#4	126	80	1	-2	-2.510186
109	17.250000	17.500000	C#5	99	80	0	2	-3.151465
110	17.250000	17.500000	E4	126	80	1	-1	-3.404249
111	17.500000	17.750000	A4	99	80	0	1	-4.134704
112	17.500000	17.750000	C#4	126	80	1	-2	-3.299403
113	17.750000	18.000000	D5	99	80	0	3	-3.401091
114	17.750000	18.000000	B3	126	80	1	-3	-4.407505
115	18.000000	18.500000	A4	127	80	0	1	-2.905888
116	18.500000	18.750000	A3	126	80	1	-4	-3.061136
117	18.750000	19.000000	B3	126	80	1	-3	-2.915060
118	19.000000	19.500000	C5	63	80	0	2	-2.525967
119	19.000000	23.000000	C4	127	80	1	-2	-2.510186
120	19.500000	19.750000	G4	63	80	0	1	-3.434905
121	19.750000	20.000000	A4	63	80	0	2	-2.867384
122	20.000000	20.250000	B-4	63	80	0	3	-3.190537
123	20.250000	20.500000	A-4	63	80	0	2	-2.287533
124	20.500000	21.000000	G4	63	80	0	1	-3.290753
125	20.500000	20.750000	G3	127	80	1	-4	-4.045906
126	20.750000	21.000000	A3	127	80	1	-3	-2.915060
127	21.000000	21.250000	B-3	127	80	1	-2	-3.081523
128	21.250000	21.500000	A-3	127	80	1	-3	-2.891080
129	21.500000	22.000000	G3	127	80	1	-1	-3.371140
130	22.000000	23.000000	F#3	127	80	1	-2	-3.720116
131	22.000000	23.000000	C4	127	80	1	-1	-4.366821
132	22.250000	24.500000	D#5	81	80	0	5	-4.305381
133	22.250000	22.500000	D#5	81	80	0	5	-4.495609
134	22.500000	22.750000	A#4	81	80	0	2	-3.071676
135	22.750000	23.000000	B#4	81	80	0	3	-3.265372
136	23.000000	23.500000	C#5	81	80	0	4	-4.152325
137	23.250000	25.500000	D#4	81	80	1	-2	-5.583884
138	23.250000	23.500000	D#4	81	80	1	-2	-3.999177
139	23.500000	24.000000	B4	81	80	0	3	-3.914844
140	23.500000	23.750000	A#3	81	80	1	-5	-3.713619
141	23.750000	24.000000	B#3	81	80	1	-4	-4.523458
142	24.000000	24.500000	A#4	81	80	0	2	-3.151465
143	24.000000	24.250000	C#4	81	80	1	-3	-2.906925
144	24.250000	24.500000	B3	81	80	1	-1	-4.439870
145	24.500000	25.000000	F#5	99	80	0	5	-3.767315
146	24.500000	25.000000	A#3	81	80	1	-2	-3.720116
147	25.000000	25.500000	C#5	99	80	0	2	-3.071676
148	25.000000	25.500000	A3	81	80	1	-3	-3.281947
149	25.500000	26.000000	D#5	99	80	0	3	-2.675961
150	25.500000	26.000000	F#4	81	80	1	-1	-4.469532
151	26.000000	26.500000	E5	99	80	0	4	-3.868143
152	26.000000	26.500000	C#4	81	80	1	-3	-3.831713
153	26.500000	26.750000	D#5	99	80	0	3	-3.226506
154	26.500000	27.000000	D#4	81	80	1	-2	-2.510186
155	26.750000	27.000000	E5	99	80	0	4	-3.868143
156	27.000000	27.250000	C#5	99	80	0	3	-3.510496
157	27.000000	27.500000	E4	81	80	1	-1	-3.404249
158	27.250000	27.500000	G#4	99	80	0	1	-2.905888
159	27.500000	28.500000	C#5	99	80	0	2	-2.963617
160	27.500000	27.750000	D#4	81	80	1	-2	-3.720116
161	27.750000	28.000000	E4	81	80	1	-1	-3.404249
162	28.000000	28.500000	D#5	99	80	0	3	-2.675961
163	28.000000	28.250000	C#4	81	80	1	-2	-3.299403
164	28.250000	28.500000	G#3	81	80	1	-5	-3.713619
165	28.500000	29.000000	E5	99	80	0	4	-3.868143
166	28.500000	29.000000	C#4	81	80	1	-3	-3.463793
167	29.000000	29.250000	D#5	99	80	0	3	-3.226506
168	29.000000	29.500000	D#4	81	80	1	-2	-2.510186
169	29.250000	29.500000	E5	99	80	0	4	-3.868143
170	29.500000	30.000000	E4	81	80	1	-1	-3.404249
171	30.000000	30.500000	G#4	99	80	0	1	-3.577835
172	30.000000	30.250000	D#4	81	80	1	-2	-3.720116
173	30.250000	30.500000	E4	81	80	1	-1	-3.404249
174	30.500000	31.500000	C#5	99	80	0	2	-2.963617
175	30.500000	31.000000	C#4	81	80	1	-2	-3.299403
176	31.000000	31.500000	G#3	81	80	1	-5	-3.713619
177	31.500000	32.000000	E5	126	80	0	4	-3.580467
178	31.500000	32.000000	C#4	81	80	1	-3	-3.463793
179	32.000000	34.000000	D5	63	80	0	3	-2.238713
180	32.000000	34.000000	D4	81	80	1	-2	-3.642491
181	32.500000	32.750000	A4	63	80	0	1	-2.905888
182	32.500000	32.750000	F#4	81	80	1	-1	-3.194227
183	32.750000	33.000000	B4	63	80	0	2	-2.867384
184	32.750000	33.000000	G#4	81	80	1	-3	-4.611792
185	33.000000	33.500000	C5	63	80	0	3	-2.675961
186	33.000000	33.500000	A4	81	80	1	-2	-3.642491
187	33.500000	33.750000	A4	63	80	0	2	-3.674662
188	33.500000	33.750000	F#4	81	80	1	-3	-3.464153
189	33.750000	34.000000	B4	63	80	0	3	-2.675961
190	33.750000	34.000000	G#4	81	80	1	-2	-2.510186
191	34.000000	34.250000	C5	63	80	0	4	-2.883688
192	34.000000	35.000000	D5	63	80	0	5	-2.706622
193	34.000000	35.000000	D4	81	80	1	-5	-5.017302
194	34.000000	34.250000	A4	81	80	1	-1	-3.477173
195	34.250000	34.500000	B4	63	80	0	3	-3.509161
196	34.250000	34.500000	G#4	81	80	1	-2	-3.720116
197	34.500000	34.750000	A4	63	80	0	2	-2.287533
198	34.500000	34.750000	F#4	81	80	1	-3	-2.891080
199	34.750000	35.000000	G4	63	80	0	1	-2.609267
200	34.750000	35.000000	E4	81	80	1	-4	-4.404178
201	35.000000	35.500000	A4	63	80	0	2	-2.867384
202	35.000000	35.500000	F#4	81	80	1	-3	-3.762277
203	35.500000	36.500000	D5	63	80	0	5	-3.228870
204	35.500000	36.000000	D5	63	80	0	5	-4.495609
205	35.500000	41.750000	D4	81	80	1	-5	-3.859206
206	36.000000	36.250000	A4	63	80	0	2	-3.071676
207	36.000000	36.250000	F#4	81	80	1	-3	-3.351805
208	36.250000	36.500000	B4	63	80	0	3	-2.675961
209	36.250000	36.500000	G#4	81	80	1	-2	-2.510186
210	36.500000	36.750000	C5	63	80	0	4	-2.883688
211	36.500000	41.750000	D5	63	80	0	5	-2.706622
212	36.500000	36.750000	A4	81	80	1	-1	-3.404249
213	36.750000	37.000000	B4	63	80	0	3	-3.509161
214	36.750000	37.000000	G#4	81	80	1	-2	-3.720116
215	37.000000	37.250000	A4	63	80	0	2	-2.287533
216	37.000000	37.250000	F#4	81	80	1	-3	-2.891080
217	37.250000	37.500000	G4	63	80	0	1	-2.609267
218	37.250000	37.500000	E4	81	80	1	-4	-4.404178
219	37.500000	37.750000	A4	63	80	0	2	-2.867384
220	37.500000	37.750000	F#4	81	80	1	-3	-3.762277
221	37.750000	38.000000	B4	63	80	0	3	-2.675961
222	37.750000	38.000000	G#4	81	80	1	-2	-2.510186
223	38.000000	38.250000	C5	63	80	0	4	-2.883688
224	38.000000	38.250000	A4	81	80	1	-1	-3.404249
225	38.250000	38.500000	B4	63	80	0	3	-2.238713
226	38.250000	38.500000	G#4	81	80	1	-2	-3.720116
227	38.500000	38.750000	A4	63	80	0	2	-2.287533
228	38.500000	38.750000	F#4	81	80	1	-3	-2.891080
229	38.750000	39.000000	G4	63	80	0	1	-2.609267
230	38.750000	39.000000	E4	81	80	1	-4	-4.404178
231	39.000000	39.250000	A4	63	80	0	2	-2.867384
232	39.000000	39.250000	F#4	81	80	1	-3	-3.762277
233	39.250000	39.500000	B4	63	80	0	3	-2.675961
234	39.250000	39.500000	G#4	81	80	1	-2	-2.510186
235	39.500000	39.750000	C5	63	80	0	4	-2.883688
236	39.500000	39.750000	A4	81	80	1	-1	-3.404249
237	39.750000	40.000000	C#5	63	80	0	5	-4.385182
238	39.750000	40.000000	B-4	81	80	1	-2	-4.643648
239	40.000000	40.250000	C5	63	80	0	4	-4.300502
240	40.000000	40.250000	A4	81	80	1	-1	-3.931111
241	40.250000	40.500000	B4	63	80	0	3	-2.238713
242	40.250000	40.500000	G#4	81	80	1	-2	-3.720116
243	40.500000	40.750000	A4	63	80	0	2	-2.287533
244	40.500000	40.750000	F#4	81	80	1	-3	-2.891080
245	40.750000	41.000000	G4	63	80	0	1	-2.609267
246	40.750000	41.000000	E4	81	80	1	-4	-4.404178
247	41.000000	41.250000	A4	63	80	0	2	-2.867384
248	41.000000	41.250000	F#4	81	80	1	-3	-3.762277
249	41.250000	41.500000	B4	63	80	0	3	-2.675961
250	41.250000	41.500000	G#4	81	80	1	-2	-2.510186
251	41.500000	41.750000	C5	63	80	0	1	-5.198182
252	41.500000	41.750000	A4	81	80	1	-1	-3.404249
253	41.750000	42.000000	G#4	81	80	1	-2	-3.720116
254	42.000000	42.250000	C#5	63	80	0	2	-3.900292
255	42.000000	42.250000	A4	81	80	1	-1	-3.404249
256	42.250000	42.500000	G4	81	80	1	-2	-2.745489
257	42.500000	42.750000	F#4	81	80	1	-3	-3.848567
258	42.750000	43.000000	D5	63	80	0	1	-4.072488
259	42.750000	43.000000	G#4	81	80	1	-2	-2.510186
260	43.000000	43.250000	E5	63	80	0	2	-2.867384
261	43.000000	43.250000	G4	81	80	1	-1	-3.931111
262	43.250000	43.500000	F5	63	80	0	3	-2.675961
263	43.250000	43.500000	F4	81	80	1	-2	-2.745489
264	43.500000	43.750000	G5	63	80	0	1	-5.198182
265	43.500000	43.750000	E4	81	80	1	-3	-2.891080
266	43.750000	44.000000	A5	63	80	0	2	-2.867384
267	43.750000	44.000000	F#4	81	80	1	-2	-3.407298
268	44.000000	44.250000	B5	63	80	0	3	-2.675961
269	44.000000	44.250000	F4	81	80	1	-1	-3.931111
270	44.250000	46.500000	C6	127	80	0	4	-2.883688
271	44.250000	44.500000	E-4	81	80	1	-2	-3.299403
272	44.500000	44.750000	E4	81	80	1	-1	-3.404249
273	44.750000	45.000000	F4	81	80	1	-3	-4.611792
274	45.000000	45.250000	F#4	81	80	1	-2	-3.081523
275	45.250000	45.500000	G4	81	80	1	-1	-3.404249
276	45.500000	45.750000	G#4	81	80	1	-2	-4.643648
277	45.750000	46.000000	E4	81	80	1	-4	-4.761119
278	46.000000	46.250000	G#4	81	80	1	-2	-3.159098
279	46.250000	46.500000	B4	81	80	1	-1	-2.464298
280	46.500000	48.500000	C#6	127	80	0	5	-4.385182
281	46.500000	46.750000	G4	81	80	1	-2	-3.291596
282	46.750000	47.000000	E-4	81	80	1	-4	-4.647576
283	47.000000	47.250000	G4	81	80	1	-2	-2.871001
284	47.250000	47.500000	B-4	81	80	1	-1	-3.101885
285	47.500000	47.750000	E4	81	80	1	-4	-6.237620
286	47.750000	48.000000	F4	81	80	1	-3	-2.915060
287	48.000000	48.250000	F#4	81	80	1	-2	-3.081523
288	48.250000	48.500000	G4	81	80	1	-1	-3.404249
289	48.500000	48.750000	G#4	81	80	1	-2	-4.643648
290	48.750000	49.000000	D4	127	80	0	2	-8.202096
291	48.750000	49.000000	E4	81	80	1	-4	-4.761119
292	49.000000	49.250000	C4	127	80	0	1	-2.609267
293	49.000000	49.250000	G#4	81	80	1	-2	-3.159098
294	49.250000	49.500000	B3	127	80	0	3	-4.737465
295	49.250000	49.500000	B4	81	80	1	-1	-2.464298
296	49.500000	50.000000	A3	127	80	0	2	-2.287533
297	49.750000	50.000000	E-4	81	80	1	-4	-4.339145
298	50.000000	50.500000	G3	127	80	0	1	-2.609267
299	50.000000	50.250000	G4	81	80	1	-2	-2.871001
300	50.250000	50.500000	B-4	81	80	1	-1	-3.101885
301	50.500000	51.000000	F3	127	80	0	3	-4.737465
302	50.500000	50.750000	A4	81	80	1	-2	-4.597368
303	50.750000	51.000000	G4	81	80	1	-3	-2.891080
304	51.000000	51.500000	E-3	127	80	0	2	-3.032881
305	51.000000	51.250000	F4	81	80	1	-1	-3.930078
306	51.250000	51.500000	E-4	81	80	1	-2	-3.299403
307	51.500000	56.500000	D4	63	80	1	-3	-3.281947
308	51.500000	51.750000	F#4	63	80	1	-1	-4.184715
309	51.750000	52.000000	G#4	63	80	1	-3	-4.611792
310	52.000000	52.250000	A4	63	80	1	-2	-3.642491
311	52.250000	53.250000	D3	127	80	0	1	-3.290753
312	52.250000	52.500000	F#4	63	80	1	-3	-3.464153
313	52.500000	52.750000	G#4	63	80	1	-2	-2.510186
314	52.750000	53.000000	A4	63	80	1	-1	-3.404249
315	53.000000	53.250000	F#4	63	80	1	-3	-4.826899
316	53.250000	53.500000	E3	127	80	0	2	-2.867384
317	53.250000	53.500000	G#4	63	80	1	-2	-2.510186
318	53.500000	53.750000	F3	127	80	0	3	-2.675961
319	53.500000	53.750000	A4	63	80	1	-1	-3.404249
320	53.750000	54.000000	D3	127	80	0	1	-3.281335
321	53.750000	54.000000	F#4	63	80	1	-3	-4.826899
322	54.000000	54.250000	E3	127	80	0	2	-2.867384
323	54.000000	54.250000	G#4	63	80	1	-2	-2.510186
324	54.250000	54.500000	F3	127	80	0	3	-2.675961
325	54.250000	54.500000	A4	63	80	1	-1	-3.404249
326	54.500000	54.750000	D3	127	80	0	1	-3.281335
327	54.750000	55.000000	E3	127	80	0	2	-2.867384
328	55.000000	55.250000	F3	127	80	0	3	-2.675961
329	55.250000	55.500000	D3	127	80	0	1	-3.281335
330	55.250000	55.500000	F#4	63	80	1	-3	-4.826899
331	55.500000	55.750000	E3	127	80	0	2	-2.867384
332	55.500000	55.750000	G#4	63	80	1	-2	-2.510186
333	55.750000	56.000000	F3	127	80	0	3	-2.675961
334	55.750000	56.000000	A4	63	80	1	-1	-3.404249
335	56.000000	56.250000	D3	127	80	0	1	-3.281335
336	56.250000	56.500000	E3	127	80	0	2	-2.867384
337	56.250000	56.500000	G#4	63	80	1	-2	-3.720116
338	56.500000	56.750000	F3	127	80	0	3	-2.675961
339	56.500000	56.750000	A4	63	80	1	-1	-3.404249
340	56.750000	57.000000	D3	127	80	0	1	-3.281335
341	57.000000	57.250000	E3	127	80	0	2	-2.867384
342	57.250000	57.500000	F3	127	80	0	3	-2.675961
343	57.250000	57.500000	A4	63	80	1	-1	-4.426668
344	57.500000	60.500000	D3	127	80	0	1	-3.281335
345	57.500000	60.500000	D4	90	80	1	-5	-3.242781
346	57.500000	60.500000	F#4	90	80	1	-3	-3.351805
