//Version: PianoFingering_v170101
1	0.000000	0.172414	C#5	126	80	0	2	-1.773062
2	0.000000	0.250000	C#4	90	80	1	-2	-2.178510
3	0.172414	0.344828	E5	126	80	0	4	-3.580467
4	0.250000	0.500000	E4	90	80	1	-1	-2.464298
5	0.344828	0.517241	C#5	126	80	0	3	-3.510496
6	0.500000	0.750000	C#4	90	80	1	-2	-3.299403
7	0.517241	0.689655	F5	126	80	0	5	-3.340065
8	0.689655	0.862069	D5	126	80	0	3	-3.509161
9	0.750000	1.000000	F4	90	80	1	-1	-3.262923
10	0.862069	1.034483	C5	126	80	0	2	-2.287533
11	1.000000	1.250000	D4	90	80	1	-2	-3.291596
12	1.034483	1.206897	B4	126	80	0	1	-2.609267
13	1.206897	1.379310	A4	126	80	0	3	-4.737465
14	1.250000	1.500000	C4	90	80	1	-3	-2.891080
15	1.379310	1.551724	G4	126	80	0	2	-2.287533
16	1.500000	1.750000	B3	90	80	1	-1	-3.930078
17	1.551724	1.724138	F4	126	80	0	1	-2.609267
18	1.724138	1.896552	E4	126	80	0	3	-4.737465
19	1.750000	2.000000	A3	90	80	1	-2	-2.745489
20	1.896552	2.068966	D4	126	80	0	2	-2.287533
21	2.000000	2.250000	G3	90	80	1	-3	-2.891080
22	2.068966	2.241379	C4	126	80	0	1	-2.609267
23	2.250000	2.500000	F3	90	80	1	-1	-3.930078
24	2.500000	2.750000	E3	90	80	1	-2	-2.745489
25	2.750000	3.000000	D3	90	80	1	-3	-2.891080
26	3.000000	3.250000	C3	90	80	1	-4	-3.061136
27	3.103448	3.275862	C4	126	80	0	1	-4.507997
28	3.275862	3.448276	D4	126	80	0	2	-2.867384
29	3.448276	3.620690	E4	126	80	0	3	-2.675961
30	3.620690	4.482759	G4	126	80	0	5	-2.681011
31	4.482759	4.655172	D#4	126	80	0	3	-4.491606
32	4.500000	4.750000	C3	90	80	1	-4	-5.412714
33	4.655172	4.827586	E4	126	80	0	4	-3.868143
34	4.750000	5.000000	D3	90	80	1	-3	-2.915060
35	4.827586	5.000000	D4	126	80	0	3	-2.238713
36	5.000000	5.172414	C4	126	80	0	2	-2.287533
37	5.000000	5.250000	E3	90	80	1	-2	-2.510186
38	5.172414	6.034483	A3	126	80	0	1	-3.157580
39	5.250000	6.500000	G3	90	80	1	-1	-2.415329
40	6.034483	6.206897	D-4	126	80	0	2	-3.275273
41	6.206897	6.379310	C4	126	80	0	1	-3.290753
42	6.379310	6.551724	D4	126	80	0	2	-2.867384
43	6.500000	6.750000	D#3	90	80	1	-2	-4.444474
44	6.551724	6.724138	E4	126	80	0	3	-2.675961
45	6.724138	7.068966	G4	126	80	0	5	-2.681011
46	6.750000	7.000000	E3	90	80	1	-1	-3.404249
47	7.000000	7.250000	D3	90	80	1	-2	-2.745489
48	7.068966	7.241379	D#4	126	80	0	3	-4.491606
49	7.241379	7.413793	F4	126	80	0	5	-3.635747
50	7.250000	7.500000	C3	90	80	1	-3	-2.891080
51	7.413793	7.586207	E4	126	80	0	4	-2.814339
52	7.500000	8.750000	A2	90	80	1	-5	-3.990113
53	7.586207	7.758621	D4	126	80	0	3	-2.238713
54	7.758621	7.931034	C4	126	80	0	2	-2.287533
55	7.931034	8.103448	B3	126	80	0	1	-2.609267
56	8.103448	8.275862	A3	126	80	0	4	-5.839612
57	8.275862	9.655172	G#3	126	80	0	3	-3.226506
58	8.750000	9.000000	D-3	90	80	1	-3	-3.351805
59	9.000000	9.250000	C3	90	80	1	-4	-3.777019
60	9.250000	9.500000	D3	90	80	1	-3	-2.915060
61	9.500000	9.750000	E3	90	80	1	-2	-2.510186
62	9.655172	9.827586	C#4	127	80	0	1	-5.548003
63	9.750000	10.250000	G3	90	80	1	-1	-2.415329
64	10.250000	10.500000	D#3	90	80	1	-2	-4.444474
65	10.500000	10.750000	F3	90	80	1	-1	-2.464298
66	10.750000	11.000000	E3	90	80	1	-2	-2.745489
67	10.862069	11.034483	D5	63	80	0	5	-5.933121
68	11.000000	11.250000	D3	90	80	1	-1	-4.644141
69	11.034483	11.206897	C5	63	80	0	4	-2.814339
70	11.206897	11.379310	C-5	63	80	0	3	-2.238713
71	11.250000	11.500000	C3	90	80	1	-2	-2.745489
72	11.379310	11.896552	B-4	63	80	0	2	-3.151465
73	11.500000	11.750000	B2	90	80	1	-3	-2.891080
74	11.750000	12.000000	A2	90	80	1	-4	-3.061136
75	11.896552	12.241379	E-5	63	80	0	4	-2.909306
76	12.000000	14.000000	G#2	90	80	1	-5	-5.527356
77	12.413793	12.586207	D5	63	80	0	3	-3.302559
78	12.586207	12.758621	C5	63	80	0	2	-2.287533
79	12.758621	12.931034	C-5	63	80	0	1	-2.609267
80	12.931034	13.448276	B-4	63	80	0	3	-4.859211
81	13.448276	13.793103	F4	63	80	0	2	-5.037433
82	13.965517	14.137931	E4	63	80	0	1	-2.609267
83	14.000000	14.250000	C#3	90	80	1	-3	-3.463793
84	14.137931	14.310345	F#4	63	80	0	2	-3.246278
85	14.310345	14.482759	G#4	63	80	0	3	-2.675961
86	14.482759	15.172414	A4	63	80	0	1	-4.595018
87	15.172414	15.344828	B4	63	80	0	2	-2.867384
88	15.344828	15.517241	C#5	63	80	0	4	-4.064995
89	15.517241	15.689655	D5	63	80	0	5	-3.684684
90	15.689655	15.862069	C5	63	80	0	4	-2.814339
91	15.862069	16.034483	B4	63	80	0	3	-2.238713
92	16.034483	16.206897	A4	63	80	0	2	-2.287533
93	16.500000	16.750000	A3	90	80	1	-1	-3.687814
94	16.750000	17.000000	G3	90	80	1	-2	-2.745489
95	17.000000	17.250000	G-3	90	80	1	-3	-3.848567
96	17.068966	17.241379	D5	126	80	0	4	-2.909306
97	17.241379	17.413793	C#5	126	80	0	3	-3.226506
98	17.250000	18.000000	F3	90	80	1	-4	-3.777019
99	17.413793	17.586207	B4	126	80	0	2	-3.286699
100	17.586207	17.758621	A4	126	80	0	1	-2.609267
101	17.758621	17.931034	G4	126	80	0	4	-5.839612
102	17.931034	18.103448	F4	126	80	0	3	-2.238713
103	18.000000	18.500000	B-3	90	80	1	-2	-3.159098
104	18.103448	18.275862	E4	126	80	0	2	-2.287533
105	18.620690	18.793103	A4	126	80	0	5	-3.228870
106	18.750000	19.000000	A3	90	80	1	-1	-3.931111
107	18.793103	18.965517	G#4	126	80	0	4	-3.640665
108	18.965517	19.137931	F#4	126	80	0	3	-2.238713
109	19.000000	19.250000	G3	90	80	1	-2	-2.745489
110	19.137931	19.310345	E4	126	80	0	2	-3.286699
111	19.250000	19.500000	G-3	90	80	1	-3	-3.848567
112	19.310345	19.482759	D4	126	80	0	1	-2.609267
113	19.482759	19.655172	C4	126	80	0	3	-4.737465
114	19.500000	20.250000	F3	90	80	1	-1	-3.371140
115	19.655172	19.827586	B3	126	80	0	2	-2.287533
116	20.172414	20.344828	E4	126	80	0	4	-2.909306
117	20.250000	20.750000	C3	90	80	1	-4	-4.223116
118	20.344828	20.517241	D#4	126	80	0	3	-3.226506
119	20.517241	20.689655	C#4	126	80	0	2	-2.287533
120	20.689655	20.862069	B3	126	80	0	1	-3.360143
121	20.862069	21.034483	A3	126	80	0	3	-4.737465
122	21.000000	21.250000	C#3	90	80	1	-3	-2.906925
123	21.034483	21.206897	G3	126	80	0	2	-2.287533
124	21.206897	21.896552	F#3	126	80	0	1	-4.846711
125	21.250000	21.500000	D#3	90	80	1	-2	-2.510186
126	21.500000	21.750000	E#3	90	80	1	-1	-2.464298
127	21.750000	23.000000	F#3	90	80	1	-4	-7.573765
128	21.896552	22.068966	G#3	126	80	0	2	-2.867384
129	22.068966	22.241379	A#3	126	80	0	3	-2.675961
130	22.241379	22.413793	A3	126	80	0	2	-2.803601
131	23.000000	23.250000	G#3	90	80	1	-3	-2.915060
132	23.250000	23.500000	A3	90	80	1	-2	-3.642491
133	24.750000	25.000000	D4	90	80	1	-1	-2.320150
134	24.827586	25.000000	E-4	126	80	0	4	-5.307691
135	25.000000	25.172414	F#4	126	80	0	5	-3.402079
136	25.000000	25.250000	C#4	90	80	1	-2	-3.720116
137	25.172414	25.344828	E-4	126	80	0	3	-3.509161
138	25.250000	25.500000	B3	90	80	1	-1	-5.183592
139	25.344828	25.517241	G4	126	80	0	5	-3.340065
140	25.500000	25.750000	A3	90	80	1	-2	-2.745489
141	25.517241	25.689655	E4	126	80	0	3	-3.509161
142	25.689655	25.862069	D4	126	80	0	2	-2.287533
143	25.750000	26.000000	G3	90	80	1	-3	-2.891080
144	25.862069	26.034483	C4	126	80	0	1	-2.609267
145	26.000000	26.250000	F3	90	80	1	-1	-3.930078
146	26.034483	26.206897	B3	126	80	0	2	-4.891425
147	26.206897	26.379310	A3	126	80	0	1	-2.609267
148	26.250000	26.500000	E3	90	80	1	-2	-2.745489
149	26.896552	27.068966	A-4	126	80	0	4	-5.698296
150	27.000000	27.250000	A3	90	80	1	-1	-2.320150
151	27.068966	27.241379	B4	126	80	0	5	-3.871087
152	27.241379	27.413793	G4	126	80	0	3	-3.509161
153	27.250000	27.500000	G#3	90	80	1	-2	-3.720116
154	27.500000	27.750000	F#3	90	80	1	-3	-2.891080
155	27.750000	28.000000	E3	90	80	1	-1	-4.439870
156	27.931034	28.103448	B-4	126	80	0	4	-4.476680
157	28.000000	28.250000	D3	90	80	1	-2	-2.745489
158	28.103448	28.275862	B4	126	80	0	5	-3.684684
159	28.250000	28.500000	C3	90	80	1	-3	-2.891080
160	28.275862	28.448276	G4	126	80	0	3	-3.509161
161	28.448276	28.620690	C5	126	80	0	5	-3.128600
162	28.500000	28.750000	B2	90	80	1	-4	-3.061136
163	28.620690	28.793103	A4	126	80	0	4	-4.387405
164	28.793103	28.965517	G4	126	80	0	3	-2.238713
165	28.965517	29.137931	F4	126	80	0	2	-2.287533
166	29.137931	29.310345	E4	126	80	0	1	-2.609267
167	29.250000	29.500000	E3	90	80	1	-1	-3.219441
168	29.310345	29.482759	D4	126	80	0	3	-4.737465
169	29.482759	29.655172	D-4	126	80	0	2	-3.151465
170	29.500000	29.750000	D#3	90	80	1	-2	-3.720116
171	29.655172	29.827586	E-4	126	80	0	3	-2.675961
172	29.750000	30.000000	C#3	90	80	1	-3	-2.891080
173	29.827586	30.000000	E4	126	80	0	4	-3.868143
174	30.000000	31.000000	B2	90	80	1	-1	-4.439870
175	30.000000	30.862069	G4	126	80	0	5	-3.402079
176	30.862069	31.034483	E-4	126	80	0	3	-4.491606
177	31.000000	31.250000	A2	90	80	1	-2	-2.745489
178	31.034483	31.206897	A3	81	80	0	1	-4.323321
179	31.206897	31.379310	B3	81	80	0	2	-2.867384
180	31.250000	31.500000	G2	90	80	1	-3	-2.891080
181	31.379310	31.551724	C4	81	80	0	3	-2.675961
182	31.500000	31.750000	F#2	90	80	1	-4	-5.020222
183	31.551724	32.413793	E4	81	80	0	5	-2.681011
184	31.750000	32.000000	G#2	90	80	1	-3	-2.915060
185	32.000000	32.250000	A#2	90	80	1	-2	-2.510186
186	32.250000	32.500000	A2	90	80	1	-1	-3.931111
187	32.413793	32.586207	C#4	81	80	0	4	-4.424487
188	32.586207	32.758621	F3	81	80	0	1	-3.549056
189	32.758621	32.931034	G3	81	80	0	2	-2.867384
190	32.931034	33.103448	A3	81	80	0	3	-2.675961
191	33.103448	33.275862	B3	81	80	0	4	-2.883688
192	33.620690	33.793103	G3	81	80	0	2	-3.359779
193	33.750000	34.000000	A-2	90	80	1	-2	-3.720116
194	33.793103	33.965517	A3	81	80	0	3	-2.675961
195	33.965517	34.137931	B3	81	80	0	4	-2.883688
196	34.000000	34.250000	B2	90	80	1	-1	-2.464298
197	34.137931	34.310345	C4	81	80	0	5	-2.706622
198	34.250000	34.500000	A-2	90	80	1	-2	-3.299403
199	34.500000	34.750000	C3	90	80	1	-1	-3.262923
200	34.655172	34.827586	A-3	81	80	0	3	-4.491606
201	34.750000	35.000000	A2	90	80	1	-2	-3.291596
202	34.827586	35.000000	B-3	81	80	0	1	-5.198182
203	35.000000	35.172414	C4	81	80	0	2	-3.493146
204	35.000000	35.250000	G2	90	80	1	-1	-4.644141
205	35.172414	35.344828	D-4	81	80	0	3	-3.190537
206	35.250000	35.500000	F2	90	80	1	-2	-2.745489
207	35.500000	35.750000	E2	90	80	1	-3	-2.891080
208	35.689655	35.862069	A3	81	80	0	1	-3.996553
209	35.750000	36.000000	D2	99	80	1	-4	-3.061136
210	35.862069	36.034483	B3	81	80	0	2	-2.867384
211	36.000000	36.250000	C2	99	80	1	-5	-3.249332
212	36.034483	36.206897	C#4	81	80	0	3	-3.409656
213	36.206897	36.896552	D4	81	80	0	4	-3.868143
214	36.896552	37.068966	E4	81	80	0	1	-5.889308
215	37.068966	37.241379	F#4	81	80	0	2	-3.246278
216	37.241379	37.413793	G4	81	80	0	3	-3.686981
217	37.413793	37.586207	A4	81	80	0	4	-2.883688
218	37.586207	37.758621	B4	81	80	0	5	-2.706622
219	37.758621	37.931034	B-4	126	80	0	4	-3.640665
220	38.250000	38.500000	A-3	99	80	1	-1	-8.183237
221	38.250000	38.500000	A-3	99	80	1	-2	-4.675782
222	38.500000	38.750000	B3	99	80	1	-1	-2.464298
223	38.750000	39.000000	A-3	99	80	1	-2	-3.299403
224	38.793103	38.965517	B4	99	80	0	5	-3.684684
225	38.965517	39.137931	A4	99	80	0	4	-2.814339
226	39.000000	39.250000	C4	99	80	1	-1	-3.262923
227	39.137931	39.310345	A-4	99	80	0	3	-3.226506
228	39.250000	39.500000	B3	99	80	1	-2	-2.745489
229	39.310345	40.000000	C5	99	80	0	5	-3.340065
230	39.500000	39.750000	G3	99	80	1	-3	-4.063676
231	39.750000	40.000000	F3	99	80	1	-1	-3.930078
232	40.000000	40.172414	B-4	99	80	0	4	-4.424487
233	40.000000	40.250000	E3	99	80	1	-2	-2.745489
234	40.172414	40.344828	A-4	99	80	0	3	-2.238713
235	40.250000	40.500000	D3	99	80	1	-1	-4.644141
236	40.344828	40.517241	G4	99	80	0	2	-2.803601
237	40.500000	41.250000	D-3	99	80	1	-2	-3.720116
238	40.517241	40.689655	A4	99	80	0	3	-2.675961
239	40.689655	40.862069	B4	99	80	0	4	-2.883688
240	40.862069	41.551724	C5	99	80	0	5	-2.706622
241	41.250000	42.500000	D3	99	80	1	-1	-3.404249
242	41.551724	41.724138	B-4	99	80	0	4	-4.424487
243	41.724138	41.896552	A-4	99	80	0	3	-2.238713
244	41.896552	42.068966	G4	99	80	0	2	-2.803601
245	42.068966	42.241379	A4	99	80	0	3	-2.675961
246	42.241379	42.413793	B4	99	80	0	4	-2.883688
247	42.413793	42.586207	C5	99	80	0	5	-2.706622
248	42.500000	42.750000	C-3	99	80	1	-2	-3.291596
249	42.750000	43.750000	B-2	99	80	1	-3	-3.848567
250	42.931034	43.103448	C5	99	80	0	5	-4.495609
251	43.103448	43.275862	B-4	99	80	0	4	-4.424487
252	43.275862	43.448276	A-4	99	80	0	3	-2.238713
253	43.448276	43.620690	G4	99	80	0	2	-2.803601
254	43.620690	43.793103	F4	99	80	0	1	-2.609267
255	43.750000	44.000000	C3	99	80	1	-1	-3.288065
256	43.793103	43.965517	E-4	99	80	0	3	-5.389440
257	43.965517	44.137931	D-4	99	80	0	2	-2.287533
258	44.000000	44.250000	D-3	99	80	1	-2	-4.643648
259	44.250000	45.500000	G3	99	80	1	-1	-4.366821
260	45.000000	45.172414	F#4	63	80	0	5	-3.228870
261	45.172414	45.344828	E4	63	80	0	4	-4.503222
262	45.344828	45.517241	D4	63	80	0	3	-2.238713
263	45.500000	45.750000	E-3	99	80	1	-2	-4.444474
264	45.517241	46.034483	C4	63	80	0	2	-2.287533
265	45.750000	46.000000	A2	81	80	1	-5	-5.017302
266	46.000000	46.250000	B2	81	80	1	-4	-3.907966
267	46.034483	46.206897	G3	63	80	0	1	-3.434905
268	46.250000	46.500000	C3	81	80	1	-3	-2.915060
269	46.500000	47.750000	E3	81	80	1	-1	-2.967507
270	46.551724	46.724138	C4	63	80	0	2	-2.963617
271	46.724138	46.896552	D4	63	80	0	3	-2.675961
272	46.896552	47.068966	E4	63	80	0	1	-5.198182
273	47.068966	47.586207	F#4	63	80	0	2	-3.246278
274	47.586207	47.758621	B4	63	80	0	4	-3.927704
275	47.750000	48.000000	C#3	63	80	1	-2	-3.299403
276	48.000000	48.250000	F2	45	80	1	-5	-4.626444
277	48.103448	48.275862	F#4	63	80	0	2	-3.901124
278	48.250000	48.500000	G2	45	80	1	-4	-3.907966
279	48.275862	48.448276	E4	63	80	0	1	-3.360143
280	48.448276	48.620690	D4	63	80	0	3	-4.737465
281	48.500000	48.750000	A2	45	80	1	-3	-2.915060
282	48.620690	48.965517	C4	63	80	0	2	-2.287533
283	48.750000	49.000000	B2	45	80	1	-2	-2.510186
284	48.965517	49.137931	G3	63	80	0	1	-3.434905
285	49.137931	49.310345	C4	63	80	0	2	-2.963617
286	49.310345	49.482759	D4	63	80	0	3	-2.675961
287	49.482759	49.655172	E4	63	80	0	4	-2.883688
288	49.500000	49.750000	G-2	45	80	1	-4	-4.647576
289	49.655172	49.827586	F4	63	80	0	5	-2.706622
290	49.750000	50.000000	A-2	45	80	1	-3	-2.915060
291	49.827586	50.000000	E-4	63	80	0	4	-4.424487
292	50.000000	50.172414	D-4	63	80	0	3	-2.238713
293	50.000000	50.250000	B-2	45	80	1	-2	-2.510186
294	50.172414	50.344828	C4	63	80	0	2	-2.803601
295	50.250000	50.500000	C3	45	80	1	-1	-2.464298
296	51.000000	51.250000	G2	45	80	1	-2	-3.456527
297	51.250000	51.500000	A2	45	80	1	-1	-2.578439
298	51.500000	51.750000	B2	45	80	1	-3	-4.611792
299	51.750000	52.000000	C#3	45	80	1	-2	-3.407298
300	52.500000	52.750000	A2	45	80	1	-4	-4.761119
301	52.750000	53.000000	B2	45	80	1	-3	-2.915060
302	53.000000	53.250000	C#3	45	80	1	-2	-3.407298
303	53.250000	53.500000	D3	45	80	1	-1	-3.404249
304	53.500000	53.750000	E3	45	80	1	-3	-4.611792
305	53.750000	54.000000	F#3	45	80	1	-2	-3.407298
306	54.000000	54.250000	G3	45	80	1	-1	-3.404249
307	54.250000	54.500000	A3	45	80	1	-2	-5.429322
308	54.500000	54.750000	B3	45	80	1	-1	-2.578439
309	54.750000	55.000000	B-3	45	80	1	-2	-3.720116
310	57.000000	57.250000	B3	99	80	1	-1	-3.404249
311	57.250000	57.500000	A3	99	80	1	-2	-2.745489
312	57.500000	57.750000	A-3	99	80	1	-3	-3.848567
313	57.750000	58.750000	C4	99	80	1	-1	-3.390615
314	58.750000	59.000000	B-3	99	80	1	-2	-3.299403
315	59.000000	59.250000	A-3	99	80	1	-3	-2.891080
316	59.250000	59.500000	G3	99	80	1	-4	-3.777019
317	59.500000	59.750000	A3	99	80	1	-3	-2.915060
318	59.750000	60.000000	B3	99	80	1	-2	-2.510186
319	60.000000	61.000000	C4	99	80	1	-1	-2.578439
320	61.000000	61.250000	B-3	99	80	1	-2	-3.299403
321	61.250000	61.500000	A-3	99	80	1	-3	-2.891080
322	61.500000	61.750000	G3	99	80	1	-4	-3.777019
323	61.750000	62.000000	A3	99	80	1	-3	-2.915060
324	62.000000	62.250000	B3	99	80	1	-2	-2.510186
325	62.250000	62.500000	C4	99	80	1	-1	-2.578439
326	62.500000	62.750000	B-3	99	80	1	-2	-3.299403
327	62.750000	63.000000	A-3	99	80	1	-3	-2.891080
328	63.000000	63.250000	G3	99	80	1	-1	-3.371140
329	63.250000	63.500000	F3	99	80	1	-2	-2.745489
330	63.500000	63.750000	E-3	99	80	1	-3	-3.464153
331	63.750000	64.000000	D-3	99	80	1	-4	-3.061136
332	65.250000	65.500000	F#3	99	80	1	-2	-2.507290
333	65.500000	65.750000	E3	99	80	1	-3	-4.407505
334	65.750000	66.000000	D3	99	80	1	-1	-3.930078
335	66.000000	66.750000	C3	99	80	1	-2	-2.745489
336	66.750000	67.000000	G2	99	80	1	-4	-4.045906
337	67.500000	67.750000	C3	99	80	1	-2	-2.507290
338	67.750000	68.000000	D3	99	80	1	-1	-2.578439
339	68.000000	68.250000	E3	99	80	1	-3	-4.611792
340	68.250000	69.000000	F#3	99	80	1	-2	-3.407298
341	69.000000	69.250000	B3	99	80	1	-1	-3.262923
342	69.750000	70.000000	F#3	99	80	1	-2	-4.444474
343	70.000000	70.250000	E3	99	80	1	-3	-4.407505
344	70.250000	70.500000	D3	99	80	1	-4	-3.061136
345	70.500000	71.000000	C3	99	80	1	-1	-4.817923
346	71.000000	71.250000	G2	99	80	1	-2	-3.456527
347	71.250000	71.500000	C3	99	80	1	-1	-2.320150
348	71.500000	71.750000	D3	99	80	1	-3	-4.611792
349	71.750000	72.000000	E3	99	80	1	-2	-2.510186
350	72.000000	72.250000	F3	99	80	1	-1	-2.578439
351	72.250000	72.500000	E-3	99	80	1	-2	-3.299403
352	72.500000	72.750000	D-3	99	80	1	-3	-2.891080
353	72.750000	73.000000	C3	99	80	1	-1	-3.371140
