//Version: PianoFingering_v170101
1	0.000000	0.500000	C2	126	80	1	-5	-0.504576
2	0.375000	0.750000	C4	90	80	0	1	-0.925785
3	0.375000	0.750000	E4	90	80	0	2	-2.525967
4	0.375000	0.750000	G4	90	80	0	4	-2.758588
5	0.750000	1.125000	C4	90	80	0	1	-2.857522
6	0.750000	1.125000	E4	90	80	0	2	-2.525967
7	0.750000	1.125000	G4	90	80	0	4	-2.758588
8	1.000000	1.500000	C3	126	80	1	-1	-1.202832
9	1.125000	1.500000	C4	90	80	0	1	-2.857522
10	1.125000	1.500000	E4	90	80	0	2	-2.525967
11	1.125000	1.500000	G4	90	80	0	3	-3.012122
12	1.500000	1.875000	D4	90	80	0	1	-2.905888
13	1.500000	1.875000	F4	90	80	0	2	-2.525967
14	1.500000	1.875000	A4	90	80	0	4	-2.758588
15	1.875000	2.250000	C4	90	80	0	1	-2.969918
16	1.875000	2.250000	E4	90	80	0	3	-3.473158
17	1.875000	2.250000	G4	90	80	0	5	-2.681011
18	2.000000	2.500000	B-2	126	80	1	-2	-3.299403
19	2.250000	2.625000	B-3	90	80	0	1	-3.521239
20	2.250000	2.625000	D4	90	80	0	2	-3.465862
21	2.250000	2.625000	F4	90	80	0	3	-3.012122
22	2.625000	3.750000	C4	90	80	0	1	-2.905888
23	2.625000	3.750000	E4	90	80	0	2	-2.525967
24	2.625000	3.750000	G4	90	80	0	4	-2.758588
25	3.000000	3.500000	D3	126	80	1	-1	-3.262923
26	4.000000	4.500000	C3	126	80	1	-2	-2.745489
27	4.125000	4.500000	C4	90	80	0	1	-2.857522
28	4.125000	4.500000	E4	90	80	0	2	-2.525967
29	4.125000	4.500000	G4	90	80	0	3	-3.012122
30	4.500000	4.875000	E4	90	80	0	1	-3.281335
31	4.500000	4.875000	G4	90	80	0	2	-2.525967
32	4.500000	4.875000	B-4	90	80	0	4	-4.064995
33	4.500000	5.000000	G2	126	80	1	-3	-5.147120
34	4.875000	5.250000	D4	90	80	0	1	-3.549056
35	4.875000	5.250000	F4	90	80	0	2	-2.525967
36	4.875000	5.250000	A4	90	80	0	4	-2.758588
37	5.000000	5.500000	C2	126	80	1	-5	-3.785580
38	5.250000	5.625000	C4	90	80	0	1	-2.969918
39	5.250000	5.625000	E4	90	80	0	3	-3.473158
40	5.250000	5.625000	G4	90	80	0	5	-2.681011
41	5.625000	6.000000	B-3	90	80	0	1	-3.521239
42	5.625000	6.000000	D4	90	80	0	2	-3.465862
43	5.625000	6.000000	F4	90	80	0	3	-3.012122
44	6.000000	6.750000	C4	90	80	0	1	-2.905888
45	6.000000	6.750000	E4	90	80	0	2	-2.525967
46	6.000000	6.750000	G4	90	80	0	4	-2.758588
47	6.000000	6.500000	A2	126	80	1	-1	-4.009362
48	6.500000	7.000000	B-2	126	80	1	-2	-4.643648
49	6.750000	7.500000	C4	90	80	0	1	-2.857522
50	6.750000	7.500000	E4	90	80	0	2	-2.525967
51	6.750000	7.500000	G4	90	80	0	4	-2.758588
52	7.000000	7.500000	C3	126	80	1	-1	-2.464298
53	7.500000	8.000000	D3	126	80	1	-3	-4.611792
54	7.875000	8.250000	C4	90	80	0	1	-2.857522
55	7.875000	8.250000	E4	90	80	0	2	-2.525967
56	7.875000	8.250000	G4	90	80	0	3	-3.012122
57	8.500000	9.000000	G3	126	80	1	-1	-2.717521
58	8.625000	9.000000	C5	90	80	0	5	-3.128600
59	9.000000	9.375000	A4	90	80	0	3	-3.509161
60	9.375000	9.750000	G4	90	80	0	2	-2.287533
61	9.500000	10.000000	C3	126	80	1	-2	-4.659581
62	9.750000	10.125000	D4	90	80	0	1	-3.434905
63	10.000000	10.500000	G2	126	80	1	-5	-3.713619
64	10.125000	10.875000	G4	90	80	0	2	-2.963617
65	11.000000	11.500000	A2	90	80	1	-4	-3.907966
66	11.000000	11.500000	C3	90	80	1	-2	-2.359478
67	11.000000	11.500000	E3	90	80	1	-1	-2.415329
68	11.250000	11.625000	D5	90	80	0	5	-3.528229
69	11.625000	12.000000	B-4	90	80	0	3	-4.491606
70	12.000000	12.375000	A4	90	80	0	2	-2.803601
71	12.000000	12.500000	B-2	90	80	1	-4	-6.237620
72	12.000000	12.500000	D3	90	80	1	-2	-2.871001
73	12.000000	12.500000	F3	90	80	1	-1	-2.415329
74	12.375000	12.750000	G4	90	80	0	1	-2.609267
75	12.500000	13.000000	C3	90	80	1	-4	-4.223116
76	12.500000	13.000000	E3	90	80	1	-2	-2.359478
77	12.500000	13.000000	G3	90	80	1	-1	-2.415329
78	12.750000	13.125000	A4	90	80	0	2	-2.867384
79	13.000000	13.500000	D3	90	80	1	-4	-4.223116
80	13.000000	13.500000	F3	90	80	1	-2	-2.359478
81	13.000000	13.500000	A3	90	80	1	-1	-2.415329
82	13.125000	13.806818	E4	99	80	0	1	-3.434905
83	13.806818	14.147727	E4	99	80	0	3	-5.268790
84	14.000000	14.500000	E3	90	80	1	-4	-4.223116
85	14.000000	14.500000	G3	90	80	1	-2	-2.359478
86	14.000000	14.500000	B3	90	80	1	-1	-2.415329
87	14.147727	14.488636	D4	99	80	0	2	-2.287533
88	14.488636	15.170455	E4	99	80	0	3	-2.675961
89	14.500000	15.500000	F2	126	80	1	-5	-3.781310
90	15.170455	15.511364	E4	99	80	0	3	-4.378151
91	15.500000	16.000000	A2	90	80	1	-3	-3.170876
92	15.500000	16.000000	C3	90	80	1	-2	-3.046717
93	15.500000	16.000000	E3	90	80	1	-1	-2.415329
94	15.511364	15.852273	B3	99	80	0	1	-2.905888
95	15.852273	16.193182	E4	99	80	0	2	-2.963617
96	16.000000	16.500000	B-2	90	80	1	-4	-6.237620
97	16.000000	16.500000	D3	90	80	1	-2	-2.871001
98	16.000000	16.500000	F3	90	80	1	-1	-2.415329
99	16.193182	16.534091	F4	99	80	0	3	-2.675961
100	16.500000	17.000000	C3	90	80	1	-4	-4.223116
101	16.500000	17.000000	E3	90	80	1	-2	-2.359478
102	16.500000	17.000000	G3	90	80	1	-1	-2.415329
103	16.534091	16.875000	G4	99	80	0	4	-2.883688
104	16.875000	17.215909	A4	99	80	0	5	-2.706622
105	17.000000	17.500000	B2	90	80	1	-5	-3.730225
106	17.000000	17.500000	D3	90	80	1	-3	-3.170876
107	17.000000	17.500000	F3	90	80	1	-2	-3.046717
108	17.556818	18.238636	A3	90	80	0	1	-1.922714
109	17.556818	18.238636	C4	90	80	0	2	-2.525967
110	17.556818	18.238636	E4	90	80	0	4	-2.758588
111	18.000000	19.000000	E3	90	80	1	-3	-2.891080
112	18.000000	19.000000	G3	90	80	1	-2	-3.046717
113	18.000000	19.000000	B3	90	80	1	-1	-2.415329
114	18.238636	18.579545	G3	90	80	0	1	-2.969918
115	18.238636	18.579545	B3	90	80	0	2	-2.525967
116	18.238636	18.579545	D4	90	80	0	3	-3.012122
117	18.579545	18.920455	A3	90	80	0	1	-2.905888
118	18.579545	18.920455	C4	90	80	0	2	-2.525967
119	18.579545	18.920455	E4	90	80	0	3	-3.012122
120	18.920455	19.261364	B3	90	80	0	1	-2.905888
121	18.920455	19.261364	D4	90	80	0	2	-2.525967
122	18.920455	19.261364	F4	90	80	0	3	-3.012122
123	19.000000	19.500000	F3	90	80	1	-4	-4.223116
124	19.000000	19.500000	A3	90	80	1	-2	-2.359478
125	19.000000	19.500000	C4	90	80	1	-1	-2.415329
126	19.261364	19.602273	C4	90	80	0	1	-2.905888
127	19.261364	19.602273	E4	90	80	0	2	-2.525967
128	19.261364	19.602273	G4	90	80	0	3	-3.012122
129	19.602273	19.943182	D4	90	80	0	1	-2.905888
130	19.602273	19.943182	F4	90	80	0	2	-2.525967
131	19.602273	19.943182	A4	90	80	0	4	-2.758588
132	19.943182	20.625000	C4	90	80	0	1	-2.969918
133	19.943182	20.625000	E4	90	80	0	2	-2.525967
134	19.943182	20.625000	G4	90	80	0	4	-2.758588
135	20.000000	21.000000	E3	90	80	1	-4	-4.458307
136	20.000000	21.000000	G3	90	80	1	-2	-2.359478
137	20.000000	21.000000	B3	90	80	1	-1	-2.415329
138	20.625000	20.965909	B3	90	80	0	1	-2.969918
139	20.625000	20.965909	D4	90	80	0	2	-2.525967
140	20.625000	20.965909	F4	90	80	0	4	-2.758588
141	20.965909	21.578154	A3	90	80	0	1	-2.969918
142	20.965909	21.578154	C4	90	80	0	2	-2.525967
143	20.965909	21.578154	E4	90	80	0	3	-3.012122
144	21.000000	21.500000	D3	90	80	1	-4	-4.458307
145	21.000000	21.500000	F3	90	80	1	-2	-2.359478
146	21.000000	21.500000	A3	90	80	1	-1	-2.415329
147	21.578154	22.190399	B3	90	80	0	1	-2.905888
148	21.578154	22.190399	D4	90	80	0	2	-2.525967
149	22.000000	22.500000	D3	90	80	1	-4	-3.752799
150	22.000000	22.500000	F3	90	80	1	-2	-2.359478
151	22.000000	22.500000	A3	90	80	1	-1	-2.415329
152	22.496521	22.802644	B3	99	80	0	1	-3.157580
153	22.500000	23.000000	C3	90	80	1	-4	-4.458307
154	22.500000	23.000000	E3	90	80	1	-2	-2.359478
155	22.500000	23.000000	G3	90	80	1	-1	-2.415329
156	22.802644	23.414889	C#4	99	80	0	2	-3.246278
157	23.000000	23.500000	B2	90	80	1	-4	-4.458307
158	23.000000	23.500000	D3	90	80	1	-2	-2.359478
159	23.000000	23.500000	F3	90	80	1	-1	-2.415329
160	23.500000	24.500000	E3	63	80	1	-2	-2.745489
161	23.721011	24.027134	A3	90	80	0	1	-4.134704
162	23.721011	24.027134	C4	90	80	0	2	-2.525967
163	23.721011	24.027134	E4	90	80	0	4	-2.758588
164	24.333256	24.639378	G3	90	80	0	1	-2.969918
165	24.333256	24.639378	B3	90	80	0	2	-2.525967
166	24.333256	24.639378	D4	90	80	0	4	-2.758588
167	24.500000	25.000000	E3	63	80	1	-2	-3.999177
168	24.639378	25.863868	C#4	99	80	0	3	-3.226506
169	25.000000	25.500000	F3	63	80	1	-1	-2.578439
170	25.500000	26.000000	E3	63	80	1	-2	-2.745489
171	26.000000	26.500000	D3	63	80	1	-1	-4.644141
172	26.169991	26.476113	C4	90	80	0	2	-2.803601
173	26.169991	26.476113	E4	90	80	0	3	-3.012122
174	26.169991	26.476113	G4	90	80	0	5	-2.681011
175	26.500000	27.000000	C3	63	80	1	-2	-2.745489
176	26.782236	27.088358	G3	90	80	0	1	-1.922714
177	26.782236	27.088358	B3	90	80	0	2	-2.525967
178	26.782236	27.088358	D4	90	80	0	3	-3.012122
179	27.000000	27.500000	B2	63	80	1	-3	-2.891080
180	27.088358	28.312848	A3	99	80	0	1	-2.905888
181	28.000000	28.500000	C3	63	80	1	-2	-2.510186
182	28.312848	29.537338	A3	99	80	0	1	-4.507997
183	28.500000	29.000000	D3	63	80	1	-1	-2.578439
184	29.000000	30.000000	E3	126	80	1	-3	-4.611792
185	29.537338	30.761827	A3	99	80	0	1	-4.507997
186	30.000000	31.000000	G3	126	80	1	-2	-3.046717
187	31.000000	33.000000	A3	126	80	1	-1	-2.578439
188	31.067950	31.374072	C#4	99	80	0	2	-3.275273
189	31.374072	31.680195	D#4	99	80	0	3	-2.675961
190	31.680195	31.986317	E4	99	80	0	4	-3.868143
191	32.274779	32.563240	F4	90	80	0	1	-5.889308
192	32.274779	32.563240	A4	90	80	0	2	-2.525967
193	32.274779	32.563240	C5	90	80	0	3	-3.012122
194	32.851702	33.140163	B4	90	80	0	2	-2.287533
195	32.851702	33.140163	D5	90	80	0	3	-3.012122
196	32.851702	33.140163	F5	90	80	0	5	-2.681011
197	33.000000	33.500000	E3	126	80	1	-4	-4.223116
198	33.428625	33.717086	F4	90	80	0	1	-1.922714
199	33.428625	33.717086	A4	90	80	0	3	-3.473158
200	33.428625	33.717086	C5	90	80	0	5	-2.681011
201	34.000000	34.500000	G3	126	80	1	-2	-2.359478
202	34.005548	34.294010	C4	90	80	0	1	-1.922714
203	34.005548	34.294010	E4	90	80	0	2	-2.525967
204	34.005548	34.294010	G4	90	80	0	4	-2.758588
205	34.582471	34.870933	F4	90	80	0	1	-4.636880
206	34.582471	34.870933	A4	90	80	0	2	-2.525967
207	34.582471	34.870933	C5	90	80	0	3	-3.012122
208	35.159394	35.447856	B4	90	80	0	2	-2.287533
209	35.159394	35.447856	D5	90	80	0	3	-3.012122
210	35.159394	35.447856	F5	90	80	0	5	-2.681011
211	35.500000	36.000000	B3	126	80	1	-1	-2.415329
212	36.000000	36.500000	A3	126	80	1	-2	-2.745489
213	36.024779	36.601702	C4	90	80	0	1	-4.498352
214	36.024779	36.601702	E4	90	80	0	2	-2.525967
215	36.024779	36.601702	G4	90	80	0	3	-3.012122
216	36.500000	37.000000	F3	126	80	1	-3	-4.063676
217	36.890163	37.178625	D4	90	80	0	1	-2.905888
218	36.890163	37.178625	F4	90	80	0	2	-2.525967
219	36.890163	37.178625	A4	90	80	0	3	-3.012122
220	37.000000	37.500000	C3	126	80	1	-5	-4.227379
221	37.467086	37.755548	G4	90	80	0	2	-2.287533
222	37.467086	37.755548	B4	90	80	0	3	-3.012122
223	37.467086	37.755548	D5	90	80	0	5	-2.681011
224	38.000000	38.500000	E3	126	80	1	-3	-3.170876
225	38.044010	38.332471	D4	90	80	0	1	-1.922714
226	38.044010	38.332471	F4	90	80	0	3	-3.473158
227	38.044010	38.332471	A4	90	80	0	5	-2.681011
228	38.620933	38.909394	G3	90	80	0	1	-3.460971
229	38.620933	38.909394	B3	90	80	0	2	-2.525967
230	38.620933	38.909394	D4	90	80	0	3	-3.012122
231	39.197856	39.486317	A3	90	80	0	1	-2.905888
232	39.197856	39.486317	C#4	90	80	0	2	-3.275273
233	39.197856	39.486317	E4	90	80	0	3	-3.265372
234	39.774779	40.063240	D#4	90	80	0	2	-3.151465
235	39.774779	40.063240	F#4	90	80	0	3	-3.012122
236	39.774779	40.063240	A4	90	80	0	4	-4.111873
237	40.000000	40.500000	G3	126	80	1	-2	-3.046717
238	40.500000	41.000000	B3	126	80	1	-1	-2.415329
239	41.217086	41.494864	E4	90	80	0	1	-3.216633
240	41.217086	41.494864	G4	90	80	0	2	-2.525967
241	41.217086	41.494864	B4	90	80	0	3	-3.012122
242	41.494864	41.772642	F4	90	80	0	1	-2.905888
243	41.494864	41.772642	A4	90	80	0	2	-2.525967
244	41.494864	41.772642	C5	90	80	0	3	-3.012122
245	41.772642	42.050420	G4	90	80	0	1	-2.905888
246	41.772642	42.050420	B4	90	80	0	2	-2.525967
247	41.772642	42.050420	D5	90	80	0	4	-2.758588
248	42.000000	42.500000	B3	126	80	1	-1	-4.426668
249	42.050420	42.328198	F4	90	80	0	1	-2.969918
250	42.050420	42.328198	A4	90	80	0	2	-2.525967
251	42.050420	42.328198	C5	90	80	0	4	-2.758588
252	42.328198	42.883753	E4	90	80	0	1	-2.969918
253	42.328198	42.883753	G4	90	80	0	2	-2.525967
254	42.328198	42.883753	B4	90	80	0	4	-2.758588
255	42.500000	43.000000	E3	126	80	1	-4	-3.752799
256	42.883753	43.439309	D4	90	80	0	1	-2.969918
257	42.883753	43.439309	F4	90	80	0	2	-2.525967
258	42.883753	43.439309	A4	90	80	0	3	-3.012122
259	43.439309	43.717086	E4	90	80	0	1	-2.905888
260	43.439309	43.717086	G4	90	80	0	2	-2.525967
261	43.439309	43.717086	B4	90	80	0	3	-3.012122
262	43.500000	44.000000	C4	126	80	1	-1	-3.451917
263	43.717086	43.994864	F4	90	80	0	1	-2.905888
264	43.717086	43.994864	A4	90	80	0	2	-2.525967
265	43.717086	43.994864	C5	90	80	0	4	-2.758588
266	43.994864	44.550420	G4	90	80	0	2	-3.266530
267	43.994864	44.550420	B4	90	80	0	3	-3.012122
268	43.994864	44.550420	D5	90	80	0	5	-2.681011
269	44.000000	44.500000	B3	126	80	1	-2	-2.745489
270	44.500000	45.000000	F#3	126	80	1	-3	-5.110739
271	44.550420	44.828198	E3	90	80	0	1	-7.108616
272	44.550420	44.828198	G3	90	80	0	2	-2.525967
273	44.550420	44.828198	B3	90	80	0	3	-3.012122
274	44.828198	45.105975	F3	90	80	0	1	-2.905888
275	44.828198	45.105975	A3	90	80	0	2	-2.525967
276	44.828198	45.105975	C4	90	80	0	3	-3.012122
277	45.000000	45.500000	D3	126	80	1	-5	-3.859206
278	45.105975	45.383753	G3	90	80	0	1	-2.905888
279	45.105975	45.383753	B3	90	80	0	2	-2.525967
280	45.105975	45.383753	D4	90	80	0	4	-2.758588
281	45.383753	45.661531	F3	90	80	0	1	-2.969918
282	45.383753	45.661531	A3	90	80	0	2	-2.525967
283	45.383753	45.661531	C4	90	80	0	4	-2.758588
284	45.500000	46.500000	B-3	126	80	1	-1	-4.813538
285	45.661531	46.217086	E3	90	80	0	1	-2.969918
286	45.661531	46.217086	G3	90	80	0	2	-2.525967
287	45.661531	46.217086	B3	90	80	0	4	-2.758588
288	46.217086	46.772642	D3	90	80	0	1	-2.969918
289	46.217086	46.772642	F3	90	80	0	2	-2.525967
290	46.217086	46.772642	A3	90	80	0	3	-3.012122
291	46.772642	47.050420	E3	90	80	0	1	-2.905888
292	46.772642	47.050420	G3	90	80	0	2	-2.525967
293	46.772642	47.050420	B3	90	80	0	3	-3.012122
294	47.000000	47.500000	F4	90	80	1	-4	-6.237620
295	47.000000	47.500000	A4	90	80	1	-2	-2.359478
296	47.000000	47.500000	C5	90	80	1	-1	-2.415329
297	47.050420	47.328198	F3	90	80	0	1	-2.905888
298	47.050420	47.328198	A3	90	80	0	2	-2.525967
299	47.050420	47.328198	C4	90	80	0	3	-3.012122
300	47.328198	47.605975	G3	90	80	0	1	-2.905888
301	47.328198	47.605975	B3	90	80	0	2	-2.525967
302	47.328198	47.605975	D4	90	80	0	3	-3.012122
303	47.605975	47.883753	A3	90	80	0	1	-2.905888
304	47.605975	47.883753	C4	90	80	0	2	-2.525967
305	47.605975	47.883753	E4	90	80	0	3	-3.012122
306	47.883753	48.439309	B3	90	80	0	1	-2.905888
307	47.883753	48.439309	D4	90	80	0	2	-2.525967
308	47.883753	48.439309	F4	90	80	0	4	-2.758588
309	48.000000	48.500000	E4	90	80	1	-5	-3.730225
310	48.000000	48.500000	G#4	90	80	1	-3	-3.351805
311	48.000000	48.500000	B4	90	80	1	-2	-2.872099
312	48.439309	48.717086	A3	90	80	0	1	-2.969918
313	48.439309	48.717086	C4	90	80	0	2	-2.525967
314	48.439309	48.717086	E4	90	80	0	3	-3.012122
315	48.717086	48.994864	B3	90	80	0	1	-2.905888
316	48.717086	48.994864	D4	90	80	0	2	-2.525967
317	48.717086	48.994864	F4	90	80	0	4	-2.758588
318	48.994864	49.550420	C4	90	80	0	2	-3.266530
319	48.994864	49.550420	E4	90	80	0	3	-3.012122
320	48.994864	49.550420	G4	90	80	0	5	-2.681011
321	49.000000	49.500000	F4	90	80	1	-4	-4.045906
322	49.000000	49.500000	A4	90	80	1	-2	-2.359478
323	49.000000	49.500000	C5	90	80	1	-1	-2.415329
324	49.550420	49.828198	G4	90	80	0	1	-5.027158
325	49.550420	49.828198	B4	90	80	0	2	-2.525967
326	49.550420	49.828198	D5	90	80	0	3	-3.012122
327	49.828198	50.105975	A4	90	80	0	1	-2.905888
328	49.828198	50.105975	C5	90	80	0	2	-2.525967
329	49.828198	50.105975	E5	90	80	0	4	-2.758588
330	50.000000	50.500000	E4	90	80	1	-5	-3.730225
331	50.000000	50.500000	G#4	90	80	1	-3	-3.351805
332	50.000000	50.500000	B4	90	80	1	-2	-2.872099
333	50.105975	50.383753	B4	90	80	0	2	-3.266530
334	50.105975	50.383753	D5	90	80	0	3	-3.012122
335	50.105975	50.383753	F5	90	80	0	5	-2.681011
336	50.383753	50.661531	G4	90	80	0	1	-3.027253
337	50.383753	50.661531	B4	90	80	0	2	-2.525967
338	50.383753	50.661531	D5	90	80	0	3	-3.012122
339	50.661531	50.939309	A4	90	80	0	1	-2.905888
340	50.661531	50.939309	C5	90	80	0	2	-2.525967
341	50.661531	50.939309	E5	90	80	0	3	-3.012122
342	50.939309	51.217086	B4	90	80	0	1	-2.905888
343	50.939309	51.217086	D5	90	80	0	2	-2.525967
344	50.939309	51.217086	F5	90	80	0	3	-3.012122
345	51.000000	51.500000	F4	90	80	1	-4	-4.045906
346	51.000000	51.500000	A4	90	80	1	-2	-2.359478
347	51.000000	51.500000	C5	90	80	1	-1	-2.415329
348	51.217086	51.772642	C5	90	80	0	1	-2.905888
349	51.217086	51.772642	E5	90	80	0	2	-2.525967
350	51.217086	51.772642	G5	90	80	0	4	-2.758588
351	51.772642	52.050420	D5	90	80	0	2	-3.266530
352	51.772642	52.050420	F5	90	80	0	3	-3.012122
353	51.772642	52.050420	A5	90	80	0	5	-2.681011
354	52.000000	52.500000	E4	90	80	1	-5	-3.730225
355	52.000000	52.500000	G#4	90	80	1	-3	-3.351805
356	52.000000	52.500000	B4	90	80	1	-2	-2.872099
357	52.050420	52.605975	A4	90	80	0	1	-1.922714
358	52.050420	52.605975	C5	90	80	0	2	-2.525967
359	52.050420	52.605975	E5	90	80	0	4	-2.758588
360	52.605975	53.161531	G4	90	80	0	1	-2.969918
361	52.605975	53.161531	B4	90	80	0	2	-2.525967
362	52.605975	53.161531	D5	90	80	0	3	-3.012122
363	53.000000	54.000000	F4	90	80	1	-4	-4.045906
364	53.000000	54.000000	A4	90	80	1	-2	-2.359478
365	53.000000	54.000000	C5	90	80	1	-1	-2.415329
366	53.161531	54.272642	A4	126	80	0	1	-2.905888
367	53.439309	53.717086	B4	126	80	0	2	-2.867384
368	53.717086	54.272642	C#5	126	80	0	3	-3.409656
369	54.272642	55.383753	A4	90	80	0	1	-3.996553
370	54.272642	55.383753	C5	90	80	0	2	-2.525967
371	55.000000	55.500000	D4	90	80	1	-5	-3.181034
372	55.000000	55.500000	F4	90	80	1	-3	-3.170876
373	55.000000	55.500000	A4	90	80	1	-1	-2.967507
374	55.383753	55.661531	A4	126	80	0	1	-3.157580
375	55.383753	55.661531	C5	126	80	0	2	-2.525967
376	55.661531	55.939309	E5	90	80	0	1	-6.252742
377	55.661531	55.939309	G5	90	80	0	2	-2.525967
378	55.661531	55.939309	B5	90	80	0	3	-3.012122
379	55.939309	56.217086	F5	90	80	0	1	-2.905888
380	55.939309	56.217086	A5	90	80	0	2	-2.525967
381	55.939309	56.217086	C6	90	80	0	3	-3.012122
382	56.000000	56.500000	C4	90	80	1	-4	-4.458307
383	56.000000	56.500000	E4	90	80	1	-2	-2.359478
384	56.000000	56.500000	G4	90	80	1	-1	-2.415329
385	56.217086	56.494864	G5	90	80	0	1	-2.905888
386	56.217086	56.494864	B5	90	80	0	2	-2.525967
387	56.217086	56.494864	D6	90	80	0	3	-3.012122
388	56.494864	56.772642	A5	90	80	0	1	-2.905888
389	56.494864	56.772642	C6	90	80	0	2	-2.525967
390	56.494864	56.772642	E6	90	80	0	3	-3.012122
391	56.772642	57.050420	B5	90	80	0	1	-2.905888
392	56.772642	57.050420	D6	90	80	0	2	-2.525967
393	56.772642	57.050420	F6	90	80	0	3	-3.012122
394	57.000000	57.500000	D4	90	80	1	-4	-4.223116
395	57.000000	57.500000	F4	90	80	1	-2	-2.359478
396	57.000000	57.500000	A4	90	80	1	-1	-2.415329
397	57.050420	58.717086	C6	90	80	0	1	-2.905888
398	57.050420	58.717086	E6	90	80	0	2	-2.525967
399	57.050420	58.717086	G6	90	80	0	4	-2.758588
400	58.000000	58.500000	B3	90	80	1	-5	-3.181034
401	58.000000	58.500000	D4	90	80	1	-3	-3.170876
402	58.000000	58.500000	F4	90	80	1	-1	-2.967507
403	59.000000	59.500000	A3	90	80	1	-5	-3.730225
404	59.000000	59.500000	C#4	90	80	1	-3	-3.351805
405	59.000000	59.500000	E4	90	80	1	-2	-2.872099
406	60.000000	60.500000	B3	90	80	1	-4	-4.045906
407	60.000000	60.500000	D#4	90	80	1	-2	-3.159098
408	60.000000	60.500000	F#4	90	80	1	-1	-2.415329
409	61.000000	61.500000	A3	90	80	1	-4	-5.354361
410	61.000000	61.500000	C4	90	80	1	-2	-2.359478
411	61.000000	61.500000	E4	90	80	1	-1	-2.415329
412	61.500000	62.000000	G3	90	80	1	-4	-4.458307
413	61.500000	62.000000	B3	90	80	1	-2	-2.359478
414	61.500000	62.000000	D4	90	80	1	-1	-2.415329
415	62.000000	63.000000	F#3	90	80	1	-4	-4.339145
416	62.000000	63.000000	A3	90	80	1	-2	-3.571868
417	62.000000	63.000000	C4	90	80	1	-1	-2.415329
418	63.000000	63.500000	G3	90	80	1	-4	-4.223116
419	63.000000	63.500000	B3	90	80	1	-2	-2.359478
420	63.000000	63.500000	D4	90	80	1	-1	-2.415329
421	63.500000	64.000000	F3	90	80	1	-4	-4.458307
422	63.500000	64.000000	A3	90	80	1	-2	-2.359478
423	63.500000	64.000000	C4	90	80	1	-1	-2.415329
424	64.000000	65.000000	E3	90	80	1	-4	-4.458307
425	64.000000	65.000000	G3	90	80	1	-2	-2.359478
426	64.000000	65.000000	B3	90	80	1	-1	-2.415329
427	65.000000	65.500000	F2	90	80	1	-5	-3.781310
428	65.000000	65.500000	A2	90	80	1	-3	-3.170876
429	65.000000	65.500000	C3	90	80	1	-2	-3.046717
430	65.500000	66.000000	G2	90	80	1	-4	-4.045906
431	65.500000	66.000000	B2	90	80	1	-2	-2.359478
432	65.500000	66.000000	D3	90	80	1	-1	-2.415329
433	66.000000	66.500000	A2	90	80	1	-4	-4.223116
434	66.000000	66.500000	C3	90	80	1	-2	-2.359478
435	66.000000	66.500000	E3	90	80	1	-1	-2.415329
436	66.500000	67.000000	G2	90	80	1	-4	-4.458307
437	66.500000	67.000000	B2	90	80	1	-2	-2.359478
438	66.500000	67.000000	D3	90	80	1	-1	-2.415329
439	67.000000	67.500000	F2	90	80	1	-4	-4.458307
440	67.000000	67.500000	A2	90	80	1	-2	-2.359478
441	67.000000	67.500000	C3	90	80	1	-1	-2.415329
442	67.500000	68.000000	E2	90	80	1	-4	-4.458307
443	67.500000	68.000000	G2	90	80	1	-2	-2.359478
444	67.500000	68.000000	B2	90	80	1	-1	-2.415329
445	68.000000	69.000000	D2	90	80	1	-4	-4.458307
446	68.000000	69.000000	F2	90	80	1	-2	-2.359478
447	68.000000	69.000000	A2	90	80	1	-1	-2.415329
448	70.000000	71.500000	A2	126	80	1	-4	-5.794657
449	71.500000	72.000000	B2	126	80	1	-3	-2.915060
450	72.000000	72.500000	C3	126	80	1	-2	-2.510186
451	72.500000	73.000000	B2	126	80	1	-3	-2.891080
452	73.000000	73.500000	A2	126	80	1	-1	-3.930078
453	73.500000	74.000000	G2	126	80	1	-2	-2.745489
454	74.000000	74.500000	F2	126	80	1	-3	-2.891080
455	74.500000	75.000000	E2	126	80	1	-4	-3.061136
456	75.000000	76.000000	D2	126	80	1	-5	-3.249332
457	76.000000	76.500000	E3	126	80	1	-2	-6.875857
458	76.500000	77.000000	D3	126	80	1	-3	-2.891080
459	77.000000	78.000000	C3	126	80	1	-4	-3.061136
460	78.000000	78.500000	F4	90	80	1	-3	-7.513045
461	78.000000	78.500000	A4	90	80	1	-2	-3.046717
462	78.000000	78.500000	C5	90	80	1	-1	-2.415329
463	78.500000	79.000000	E4	90	80	1	-4	-4.458307
464	78.500000	79.000000	G4	90	80	1	-2	-2.359478
465	78.500000	79.000000	B4	90	80	1	-1	-2.415329
466	79.000000	79.500000	D4	90	80	1	-5	-3.730225
467	79.000000	79.500000	F4	90	80	1	-3	-3.170876
468	79.000000	79.500000	A4	90	80	1	-2	-3.046717
469	79.500000	80.000000	F4	90	80	1	-4	-3.718276
470	79.500000	80.000000	A4	90	80	1	-2	-2.359478
471	79.500000	80.000000	C5	90	80	1	-1	-2.415329
472	80.000000	80.500000	E4	90	80	1	-4	-4.458307
473	80.000000	80.500000	G4	90	80	1	-2	-2.359478
474	80.000000	80.500000	B4	90	80	1	-1	-2.415329
475	80.500000	81.000000	D4	90	80	1	-4	-4.458307
476	80.500000	81.000000	F4	90	80	1	-2	-2.359478
477	80.500000	81.000000	A4	90	80	1	-1	-2.415329
478	81.500000	82.000000	C3	90	80	1	-5	-5.860818
479	81.500000	82.000000	E3	90	80	1	-3	-3.170876
480	81.500000	82.000000	G3	90	80	1	-1	-2.967507
481	82.000000	82.500000	B2	90	80	1	-4	-4.458307
482	82.000000	82.500000	D3	90	80	1	-2	-2.359478
483	82.000000	82.500000	F3	90	80	1	-1	-2.415329
484	82.500000	83.500000	F3	90	80	1	-4	-5.794657
485	82.500000	83.500000	A3	90	80	1	-2	-2.359478
486	82.500000	83.500000	C4	90	80	1	-1	-2.415329
487	83.500000	84.500000	G3	90	80	1	-4	-4.223116
488	83.500000	84.500000	B3	90	80	1	-2	-2.359478
489	83.500000	84.500000	D4	90	80	1	-1	-2.415329
490	84.500000	88.500000	A3	126	80	1	-3	-3.831713
491	85.000000	85.500000	B3	126	80	1	-2	-2.510186
492	85.500000	86.500000	C#4	126	80	1	-1	-3.101885
493	86.500000	88.500000	C4	126	80	1	-2	-4.597368
494	88.500000	89.000000	A3	126	80	1	-4	-3.718276
495	88.500000	89.000000	C4	126	80	1	-2	-2.359478
496	89.000000	89.500000	A4	90	80	1	-4	-7.648546
497	89.000000	89.500000	C#5	90	80	1	-2	-3.159098
498	89.000000	89.500000	E5	90	80	1	-1	-2.464298
499	89.500000	90.000000	G4	90	80	1	-4	-4.458307
500	89.500000	90.000000	B4	90	80	1	-2	-2.359478
501	89.500000	90.000000	D5	90	80	1	-1	-2.415329
502	90.000000	90.500000	F4	90	80	1	-4	-4.458307
503	90.000000	90.500000	A4	90	80	1	-2	-2.359478
504	90.000000	90.500000	C5	90	80	1	-1	-2.415329
505	90.500000	91.000000	E4	90	80	1	-4	-4.458307
506	90.500000	91.000000	G4	90	80	1	-2	-2.359478
507	90.500000	91.000000	B4	90	80	1	-1	-2.415329
508	91.000000	91.500000	D4	90	80	1	-4	-4.458307
509	91.000000	91.500000	F4	90	80	1	-2	-2.359478
510	91.000000	91.500000	A4	90	80	1	-1	-2.415329
511	91.500000	94.500000	C4	90	80	1	-4	-4.458307
512	91.500000	94.500000	E4	90	80	1	-2	-2.359478
513	91.500000	94.500000	G4	90	80	1	-1	-2.415329
