//Version: PianoFingering_v170101
1	0.000000	0.187500	G4	90	80	0	1	-0.925785
2	0.000000	0.187500	A4	90	80	0	2	-2.867384
3	0.000000	0.187500	D5	90	80	0	4	-2.909306
4	0.000000	0.250000	C3	90	80	1	-5	-0.504576
5	0.000000	0.250000	F#3	90	80	1	-2	-5.232676
6	0.000000	0.250000	G3	90	80	1	-1	-3.404249
7	0.187500	0.562500	G4	90	80	0	1	-2.857522
8	0.187500	0.562500	B4	90	80	0	2	-2.525967
9	0.187500	0.562500	D5	90	80	0	4	-2.758588
10	0.250000	0.750000	C3	90	80	1	-4	-3.752799
11	0.250000	0.750000	E3	90	80	1	-2	-2.359478
12	0.250000	0.750000	G3	90	80	1	-1	-2.415329
13	0.562500	0.750000	G4	90	80	0	1	-2.857522
14	0.562500	0.750000	C5	90	80	0	2	-2.963617
15	0.562500	0.750000	D5	90	80	0	3	-2.675961
16	0.750000	1.125000	G4	90	80	0	1	-3.310457
17	0.750000	1.125000	B4	90	80	0	2	-2.525967
18	0.750000	1.125000	D5	90	80	0	4	-2.758588
19	0.750000	1.000000	C3	90	80	1	-3	-4.266477
20	0.750000	1.000000	D3	90	80	1	-2	-2.510186
21	0.750000	1.000000	G3	90	80	1	-1	-2.320150
22	1.000000	1.500000	C3	90	80	1	-4	-3.752799
23	1.000000	1.500000	E3	90	80	1	-2	-2.359478
24	1.000000	1.500000	G3	90	80	1	-1	-2.415329
25	1.125000	1.500000	G4	90	80	0	1	-2.857522
26	1.125000	1.500000	A4	90	80	0	2	-2.867384
27	1.125000	1.500000	D5	90	80	0	4	-2.909306
28	1.500000	1.687500	G4	90	80	0	1	-2.857522
29	1.500000	1.687500	G4	90	80	0	1	-4.507997
30	1.500000	1.687500	D5	90	80	0	4	-4.054949
31	1.500000	2.000000	C3	90	80	1	-5	-3.242781
32	1.500000	2.000000	F#3	90	80	1	-2	-5.232676
33	1.500000	2.000000	G3	90	80	1	-1	-3.404249
34	1.687500	1.875000	G4	90	80	0	1	-2.857522
35	1.687500	1.875000	A4	90	80	0	2	-2.867384
36	1.687500	1.875000	D5	90	80	0	4	-2.909306
37	1.875000	2.062500	G4	90	80	0	1	-2.857522
38	1.875000	2.062500	A4	90	80	0	2	-2.867384
39	1.875000	2.062500	D5	90	80	0	4	-2.909306
40	2.000000	2.250000	C3	90	80	1	-4	-3.752799
41	2.000000	2.250000	E3	90	80	1	-2	-2.359478
42	2.000000	2.250000	G3	90	80	1	-1	-2.415329
43	2.062500	2.250000	G4	90	80	0	1	-2.857522
44	2.062500	2.250000	A4	90	80	0	2	-2.867384
45	2.062500	2.250000	D5	90	80	0	4	-2.909306
46	2.250000	2.500000	C3	90	80	1	-5	-3.242781
47	2.250000	2.500000	F#3	90	80	1	-2	-5.232676
48	2.250000	2.500000	G3	90	80	1	-1	-3.404249
49	2.437500	2.625000	G4	90	80	0	1	-2.857522
50	2.437500	2.625000	A4	90	80	0	2	-2.867384
51	2.437500	2.625000	D5	90	80	0	4	-2.909306
52	2.500000	2.750000	C3	90	80	1	-5	-3.242781
53	2.500000	2.750000	F#3	90	80	1	-2	-5.232676
54	2.500000	2.750000	G3	90	80	1	-1	-3.404249
55	2.750000	3.000000	C3	90	80	1	-5	-3.242781
56	2.750000	3.000000	F#3	90	80	1	-2	-5.232676
57	2.750000	3.000000	G3	90	80	1	-1	-3.404249
58	2.812500	3.000000	G4	90	80	0	1	-2.857522
59	2.812500	3.000000	A4	90	80	0	2	-2.867384
60	2.812500	3.000000	D5	90	80	0	4	-2.909306
61	3.187500	3.375000	G4	90	80	0	1	-2.857522
62	3.187500	3.375000	A4	90	80	0	2	-2.867384
63	3.187500	3.375000	D5	90	80	0	4	-2.909306
64	3.250000	3.500000	C3	90	80	1	-5	-3.242781
65	3.250000	3.500000	F#3	90	80	1	-2	-5.232676
66	3.250000	3.500000	G3	90	80	1	-1	-3.404249
67	3.375000	3.562500	G4	90	80	0	1	-2.857522
68	3.375000	3.562500	A4	90	80	0	2	-2.867384
69	3.375000	3.562500	D5	90	80	0	4	-2.909306
70	3.562500	3.750000	G4	90	80	0	1	-2.857522
71	3.562500	3.750000	A4	90	80	0	2	-2.867384
72	3.562500	3.750000	D5	90	80	0	4	-2.909306
73	3.750000	4.000000	C3	90	80	1	-5	-3.242781
74	3.750000	4.000000	F#3	90	80	1	-2	-5.232676
75	3.750000	4.000000	G3	90	80	1	-1	-3.404249
76	3.937500	4.125000	G4	90	80	0	1	-2.857522
77	3.937500	4.125000	A4	90	80	0	2	-2.867384
78	3.937500	4.125000	D5	90	80	0	4	-2.909306
79	4.125000	4.312500	G4	90	80	0	1	-2.857522
80	4.125000	4.312500	B4	90	80	0	2	-2.525967
81	4.125000	4.312500	D5	90	80	0	4	-2.758588
82	4.250000	4.500000	C3	90	80	1	-5	-3.242781
83	4.250000	4.500000	F#3	90	80	1	-2	-5.232676
84	4.250000	4.500000	G3	90	80	1	-1	-3.404249
85	4.312500	4.500000	G4	90	80	0	1	-2.857522
86	4.312500	4.500000	C5	90	80	0	2	-2.963617
87	4.312500	4.500000	D5	90	80	0	3	-2.675961
88	4.500000	4.875000	G4	90	80	0	1	-3.310457
89	4.500000	4.875000	B4	90	80	0	2	-2.525967
90	4.500000	4.875000	D5	90	80	0	4	-2.758588
91	4.500000	4.750000	C3	90	80	1	-5	-3.242781
92	4.500000	4.750000	F#3	90	80	1	-2	-5.232676
93	4.500000	4.750000	G3	90	80	1	-1	-3.404249
94	4.750000	5.000000	C3	90	80	1	-5	-3.242781
95	4.750000	5.000000	F#3	90	80	1	-2	-5.232676
96	4.750000	5.000000	G3	90	80	1	-1	-3.404249
97	4.875000	5.250000	G4	90	80	0	1	-2.857522
98	4.875000	5.250000	A4	90	80	0	2	-2.867384
99	4.875000	5.250000	D5	90	80	0	5	-3.228870
100	5.250000	5.437500	G4	90	80	0	2	-3.263552
101	5.250000	5.437500	C5	90	80	0	4	-2.909306
102	5.250000	5.437500	D5	90	80	0	5	-2.706622
103	5.250000	5.500000	C3	90	80	1	-5	-3.242781
104	5.250000	5.500000	F#3	90	80	1	-2	-5.232676
105	5.250000	5.500000	G3	90	80	1	-1	-3.404249
106	5.437500	5.625000	G4	90	80	0	2	-3.263552
107	5.437500	5.625000	C5	90	80	0	4	-2.909306
108	5.437500	5.625000	D5	90	80	0	5	-2.706622
109	5.500000	5.750000	C3	90	80	1	-4	-3.752799
110	5.500000	5.750000	E3	90	80	1	-2	-2.359478
111	5.500000	5.750000	G3	90	80	1	-1	-2.415329
112	5.750000	6.000000	C3	90	80	1	-3	-4.266477
113	5.750000	6.000000	D3	90	80	1	-2	-2.510186
114	5.750000	6.000000	G3	90	80	1	-1	-2.320150
115	5.812500	6.000000	G4	90	80	0	2	-3.263552
116	5.812500	6.000000	C5	90	80	0	4	-2.909306
117	5.812500	6.000000	D5	90	80	0	5	-2.706622
118	6.000000	6.375000	G4	90	80	0	2	-3.263552
119	6.000000	6.375000	C5	90	80	0	4	-2.909306
120	6.000000	6.375000	D5	90	80	0	5	-2.706622
121	6.000000	6.500000	C3	90	80	1	-4	-3.752799
122	6.000000	6.500000	E3	90	80	1	-2	-2.359478
123	6.000000	6.500000	G3	90	80	1	-1	-2.415329
124	6.375000	6.562500	G4	90	80	0	2	-3.263552
125	6.375000	6.562500	C5	90	80	0	4	-2.909306
126	6.375000	6.562500	D5	90	80	0	5	-2.706622
127	6.500000	7.000000	C3	90	80	1	-5	-3.242781
128	6.500000	7.000000	F#3	90	80	1	-2	-5.232676
129	6.500000	7.000000	G3	90	80	1	-1	-3.404249
130	6.562500	6.750000	G4	90	80	0	2	-3.263552
131	6.562500	6.750000	C5	90	80	0	4	-2.909306
132	6.562500	6.750000	D5	90	80	0	5	-2.706622
133	6.937500	7.125000	G4	90	80	0	2	-3.263552
134	6.937500	7.125000	C5	90	80	0	4	-2.909306
135	6.937500	7.125000	D5	90	80	0	5	-2.706622
136	7.000000	7.250000	C3	90	80	1	-4	-3.752799
137	7.000000	7.250000	E3	90	80	1	-2	-2.359478
138	7.000000	7.250000	G3	90	80	1	-1	-2.415329
139	7.125000	7.500000	G4	90	80	0	2	-3.263552
140	7.125000	7.500000	C5	90	80	0	4	-2.909306
141	7.125000	7.500000	D5	90	80	0	5	-2.706622
142	7.250000	7.500000	C3	90	80	1	-4	-3.752799
143	7.250000	7.500000	E3	90	80	1	-2	-2.359478
144	7.250000	7.500000	G3	90	80	1	-1	-2.415329
145	7.500000	7.687500	G4	90	80	0	2	-3.263552
146	7.500000	7.687500	C5	90	80	0	4	-2.909306
147	7.500000	7.687500	D5	90	80	0	5	-2.706622
148	7.687500	7.875000	G4	90	80	0	2	-3.263552
149	7.687500	7.875000	C5	90	80	0	4	-2.909306
150	7.687500	7.875000	D5	90	80	0	5	-2.706622
151	7.750000	8.000000	C3	90	80	1	-4	-3.752799
152	7.750000	8.000000	E3	90	80	1	-2	-2.359478
153	7.750000	8.000000	G3	90	80	1	-1	-2.415329
154	8.000000	8.500000	C3	90	80	1	-4	-3.752799
155	8.000000	8.500000	E3	90	80	1	-2	-2.359478
156	8.000000	8.500000	G3	90	80	1	-1	-2.415329
157	8.062500	8.250000	G4	90	80	0	2	-3.263552
158	8.062500	8.250000	C5	90	80	0	4	-2.909306
159	8.062500	8.250000	D5	90	80	0	5	-2.706622
160	8.437500	8.625000	G4	90	80	0	2	-3.263552
161	8.437500	8.625000	C5	90	80	0	4	-2.909306
162	8.437500	8.625000	D5	90	80	0	5	-2.706622
163	8.500000	8.750000	C3	90	80	1	-4	-3.752799
164	8.500000	8.750000	E3	90	80	1	-2	-2.359478
165	8.500000	8.750000	G3	90	80	1	-1	-2.415329
166	8.625000	9.000000	G4	90	80	0	2	-3.263552
167	8.625000	9.000000	C5	90	80	0	4	-2.909306
168	8.625000	9.000000	D5	90	80	0	5	-2.706622
169	8.750000	9.000000	C3	90	80	1	-4	-3.752799
170	8.750000	9.000000	E3	90	80	1	-2	-2.359478
171	8.750000	9.000000	G3	90	80	1	-1	-2.415329
172	9.000000	9.187500	D4	90	80	0	1	-1.922714
173	9.000000	9.187500	G4	90	80	0	2	-2.963617
174	9.000000	9.187500	A4	90	80	0	3	-2.675961
175	9.187500	9.562500	D4	90	80	0	1	-3.310457
176	9.187500	9.562500	G4	90	80	0	2	-2.963617
177	9.187500	9.562500	B4	90	80	0	4	-2.758588
178	9.250000	9.500000	C3	90	80	1	-4	-3.752799
179	9.250000	9.500000	E3	90	80	1	-2	-2.359478
180	9.250000	9.500000	G3	90	80	1	-1	-2.415329
181	9.500000	10.000000	C3	90	80	1	-4	-3.752799
182	9.500000	10.000000	E3	90	80	1	-2	-2.359478
183	9.500000	10.000000	G3	90	80	1	-1	-2.415329
184	9.562500	9.750000	D4	90	80	0	1	-2.969918
185	9.562500	9.750000	G4	90	80	0	2	-2.963617
186	9.562500	9.750000	C5	90	80	0	5	-3.228870
187	9.750000	10.125000	D4	90	80	0	1	-3.027253
188	9.750000	10.125000	G4	90	80	0	2	-2.963617
189	9.750000	10.125000	B4	90	80	0	4	-2.758588
190	10.000000	10.250000	C3	90	80	1	-4	-3.752799
191	10.000000	10.250000	E3	90	80	1	-2	-2.359478
192	10.000000	10.250000	G3	90	80	1	-1	-2.415329
193	10.125000	10.500000	D4	90	80	0	1	-2.969918
194	10.125000	10.500000	G4	90	80	0	2	-2.963617
195	10.125000	10.500000	A4	90	80	0	3	-2.675961
196	10.250000	10.500000	C3	90	80	1	-4	-3.752799
197	10.250000	10.500000	E3	90	80	1	-2	-2.359478
198	10.250000	10.500000	G3	90	80	1	-1	-2.415329
199	10.500000	10.687500	D4	90	80	0	1	-3.310457
200	10.500000	10.687500	G4	90	80	0	3	-3.401091
201	10.500000	10.687500	G4	90	80	0	3	-4.378151
202	10.687500	10.875000	D4	90	80	0	1	-2.905888
203	10.687500	10.875000	G4	90	80	0	2	-2.963617
204	10.687500	10.875000	A4	90	80	0	3	-2.675961
205	10.750000	11.000000	C3	90	80	1	-4	-3.752799
206	10.750000	11.000000	E3	90	80	1	-2	-2.359478
207	10.750000	11.000000	G3	90	80	1	-1	-2.415329
208	10.875000	11.062500	D4	90	80	0	1	-3.310457
209	10.875000	11.062500	G4	90	80	0	2	-2.963617
210	10.875000	11.062500	A4	90	80	0	3	-2.675961
211	11.062500	11.250000	D4	90	80	0	1	-3.310457
212	11.062500	11.250000	G4	90	80	0	2	-2.963617
213	11.062500	11.250000	A4	90	80	0	3	-2.675961
214	11.250000	11.500000	C3	90	80	1	-4	-3.752799
215	11.250000	11.500000	E3	90	80	1	-2	-2.359478
216	11.250000	11.500000	G3	90	80	1	-1	-2.415329
217	11.437500	11.625000	D4	90	80	0	1	-3.310457
218	11.437500	11.625000	G4	90	80	0	2	-2.963617
219	11.437500	11.625000	A4	90	80	0	3	-2.675961
220	11.500000	12.000000	C3	90	80	1	-4	-3.752799
221	11.500000	12.000000	E3	90	80	1	-2	-2.359478
222	11.500000	12.000000	G3	90	80	1	-1	-2.415329
223	11.812500	12.000000	D4	90	80	0	1	-3.310457
224	11.812500	12.000000	G4	90	80	0	2	-2.963617
225	11.812500	12.000000	A4	90	80	0	3	-2.675961
226	12.187500	12.375000	D4	90	80	0	1	-3.310457
227	12.187500	12.375000	G4	90	80	0	2	-2.963617
228	12.187500	12.375000	A4	90	80	0	3	-2.675961
229	12.562500	12.750000	D4	90	80	0	1	-3.310457
230	12.562500	12.750000	G4	90	80	0	2	-2.963617
231	12.562500	12.750000	A4	90	80	0	3	-2.675961
232	12.937500	13.125000	A4	90	80	0	1	-5.748153
233	12.937500	13.125000	D5	90	80	0	2	-2.963617
234	12.937500	13.125000	G5	90	80	0	4	-2.909306
235	13.000000	13.250000	D3	90	80	1	-4	-4.223116
236	13.000000	13.250000	G3	90	80	1	-2	-2.507290
237	13.000000	13.250000	C4	90	80	1	-1	-2.320150
238	13.125000	13.312500	B4	90	80	0	1	-2.969918
239	13.125000	13.312500	D5	90	80	0	2	-2.525967
240	13.125000	13.312500	G5	90	80	0	4	-2.909306
241	13.250000	13.750000	E3	90	80	1	-4	-4.458307
242	13.250000	13.750000	G3	90	80	1	-2	-2.359478
243	13.250000	13.750000	C4	90	80	1	-1	-2.320150
244	13.312500	13.500000	C5	90	80	0	1	-2.857522
245	13.312500	13.500000	D5	90	80	0	2	-2.867384
246	13.312500	13.500000	G5	90	80	0	4	-2.909306
247	13.500000	13.875000	B4	90	80	0	1	-2.969918
248	13.500000	13.875000	D5	90	80	0	2	-2.525967
249	13.500000	13.875000	G5	90	80	0	5	-3.228870
250	13.750000	14.000000	F#3	90	80	1	-3	-6.025293
251	13.750000	14.000000	G3	90	80	1	-2	-3.642491
252	13.750000	14.000000	C4	90	80	1	-1	-2.320150
253	13.875000	14.250000	A4	90	80	0	1	-3.027253
254	13.875000	14.250000	D5	90	80	0	2	-2.963617
255	13.875000	14.250000	G5	90	80	0	4	-2.909306
256	14.000000	14.500000	E3	90	80	1	-4	-4.458307
257	14.000000	14.500000	G3	90	80	1	-2	-2.359478
258	14.000000	14.500000	C4	90	80	1	-1	-2.320150
259	14.250000	14.437500	C5	90	80	0	1	-2.857522
260	14.250000	14.437500	D5	90	80	0	2	-2.867384
261	14.250000	14.437500	G5	90	80	0	4	-2.909306
262	14.437500	14.625000	C5	90	80	0	1	-2.857522
263	14.437500	14.625000	D5	90	80	0	2	-2.867384
264	14.437500	14.625000	G5	90	80	0	4	-2.909306
265	14.500000	15.000000	D3	90	80	1	-5	-3.181034
266	14.500000	15.000000	G3	90	80	1	-2	-3.272976
267	14.500000	15.000000	C4	90	80	1	-1	-2.320150
268	14.812500	15.000000	C5	90	80	0	1	-2.857522
269	14.812500	15.000000	D5	90	80	0	2	-2.867384
270	14.812500	15.000000	G5	90	80	0	4	-2.909306
271	15.000000	15.250000	E3	90	80	1	-4	-4.458307
272	15.000000	15.250000	G3	90	80	1	-2	-2.359478
273	15.000000	15.250000	C4	90	80	1	-1	-2.320150
274	15.187500	15.375000	C5	90	80	0	1	-2.857522
275	15.187500	15.375000	D5	90	80	0	2	-2.867384
276	15.187500	15.375000	G5	90	80	0	4	-2.909306
277	15.250000	15.500000	F#3	90	80	1	-3	-6.025293
278	15.250000	15.500000	G3	90	80	1	-2	-3.642491
279	15.250000	15.500000	C4	90	80	1	-1	-2.320150
280	15.500000	15.750000	F#3	90	80	1	-3	-6.025293
281	15.500000	15.750000	G3	90	80	1	-2	-3.642491
282	15.500000	15.750000	C4	90	80	1	-1	-2.320150
283	15.562500	15.750000	C5	90	80	0	1	-2.857522
284	15.562500	15.750000	D5	90	80	0	2	-2.867384
285	15.562500	15.750000	G5	90	80	0	4	-2.909306
286	15.750000	16.000000	F#3	90	80	1	-3	-6.025293
287	15.750000	16.000000	G3	90	80	1	-2	-3.642491
288	15.750000	16.000000	C4	90	80	1	-1	-2.320150
289	15.937500	16.125000	C5	90	80	0	1	-2.857522
290	15.937500	16.125000	D5	90	80	0	2	-2.867384
291	15.937500	16.125000	G5	90	80	0	4	-2.909306
292	16.125000	16.500000	C5	90	80	0	1	-2.857522
293	16.125000	16.500000	D5	90	80	0	2	-2.867384
294	16.125000	16.500000	G5	90	80	0	4	-2.909306
295	16.250000	16.500000	F#3	90	80	1	-3	-6.025293
296	16.250000	16.500000	G3	90	80	1	-2	-3.642491
297	16.250000	16.500000	C4	90	80	1	-1	-2.320150
298	16.687500	16.875000	C5	90	80	0	1	-2.857522
299	16.687500	16.875000	D5	90	80	0	2	-2.867384
300	16.687500	16.875000	G5	90	80	0	4	-2.909306
301	16.750000	17.000000	F#3	90	80	1	-3	-6.025293
302	16.750000	17.000000	G3	90	80	1	-2	-3.642491
303	16.750000	17.000000	C4	90	80	1	-1	-2.320150
304	17.062500	17.250000	C5	90	80	0	1	-2.857522
305	17.062500	17.250000	D5	90	80	0	2	-2.867384
306	17.062500	17.250000	G5	90	80	0	4	-2.909306
307	17.250000	17.500000	F#3	90	80	1	-3	-6.025293
308	17.250000	17.500000	G3	90	80	1	-2	-3.642491
309	17.250000	17.500000	C4	90	80	1	-1	-2.320150
310	17.437500	17.625000	C5	90	80	0	1	-2.857522
311	17.437500	17.625000	D5	90	80	0	2	-2.867384
312	17.437500	17.625000	G5	90	80	0	4	-2.909306
313	17.625000	18.000000	C5	90	80	0	1	-2.857522
314	17.625000	18.000000	D5	90	80	0	2	-2.867384
315	17.625000	18.000000	G5	90	80	0	4	-2.909306
316	18.187500	18.375000	D5	90	80	0	2	-3.266530
317	18.187500	18.375000	E5	90	80	0	3	-2.675961
318	18.187500	18.375000	G5	90	80	0	5	-2.681011
319	18.250000	18.500000	G2	90	80	1	-5	-3.781310
320	18.250000	18.500000	C3	90	80	1	-2	-3.272976
321	18.250000	18.500000	D3	90	80	1	-1	-2.578439
322	18.375000	18.750000	D5	90	80	0	2	-3.071676
323	18.375000	18.750000	E5	90	80	0	3	-2.675961
324	18.375000	18.750000	G5	90	80	0	5	-2.681011
325	18.500000	18.750000	G2	90	80	1	-4	-3.752799
326	18.500000	18.750000	C3	90	80	1	-2	-2.507290
327	18.500000	18.750000	E3	90	80	1	-1	-2.415329
328	18.750000	19.000000	G2	90	80	1	-5	-3.730225
329	18.750000	19.000000	C3	90	80	1	-3	-3.463793
330	18.750000	19.000000	F#3	90	80	1	-1	-4.411093
331	18.937500	19.125000	E3	90	80	0	1	-6.163296
332	18.937500	19.125000	G3	90	80	0	1	-6.856287
333	19.250000	19.500000	G2	90	80	1	-5	-4.598096
334	19.250000	19.500000	C3	90	80	1	-2	-3.272976
335	19.250000	19.500000	E3	90	80	1	-1	-2.415329
336	19.500000	19.687500	E4	90	80	0	2	-5.302163
337	19.500000	19.687500	F#4	90	80	0	3	-3.409656
338	19.500000	19.687500	B4	90	80	0	5	-3.340065
339	19.687500	20.062500	E4	90	80	0	1	-3.425130
340	19.687500	20.062500	G4	90	80	0	2	-2.525967
341	19.687500	20.062500	B4	90	80	0	4	-2.758588
342	19.750000	20.000000	G2	90	80	1	-4	-4.458307
343	19.750000	20.000000	C3	90	80	1	-2	-2.507290
344	19.750000	20.000000	E3	90	80	1	-1	-2.415329
345	20.062500	20.250000	E4	90	80	0	1	-2.857522
346	20.062500	20.250000	A4	90	80	0	2	-2.963617
347	20.062500	20.250000	B4	90	80	0	3	-2.675961
348	20.250000	20.625000	E4	90	80	0	1	-3.310457
349	20.250000	20.625000	G4	90	80	0	2	-2.525967
350	20.250000	20.625000	B4	90	80	0	4	-2.758588
351	20.250000	20.500000	G2	90	80	1	-4	-4.458307
352	20.250000	20.500000	C3	90	80	1	-2	-2.507290
353	20.250000	20.500000	E3	90	80	1	-1	-2.415329
354	20.625000	21.000000	E4	90	80	0	1	-2.857522
355	20.625000	21.000000	F#4	90	80	0	2	-3.246278
356	20.625000	21.000000	B4	90	80	0	4	-3.927704
357	20.750000	21.000000	G2	90	80	1	-4	-4.458307
358	20.750000	21.000000	C3	90	80	1	-2	-2.507290
359	20.750000	21.000000	E3	90	80	1	-1	-2.415329
360	21.000000	21.187500	E4	90	80	0	1	-2.857522
361	21.000000	21.187500	E4	90	80	0	1	-4.507997
362	21.000000	21.187500	B4	90	80	0	4	-4.054949
363	21.187500	21.375000	E4	90	80	0	1	-2.857522
364	21.187500	21.375000	F#4	90	80	0	2	-3.246278
365	21.187500	21.375000	B4	90	80	0	4	-3.927704
366	21.250000	21.500000	G2	90	80	1	-4	-4.458307
367	21.250000	21.500000	C3	90	80	1	-2	-2.507290
368	21.250000	21.500000	E3	90	80	1	-1	-2.415329
369	21.375000	21.562500	E4	90	80	0	1	-2.857522
370	21.375000	21.562500	G4	90	80	0	2	-2.525967
371	21.375000	21.562500	B4	90	80	0	4	-2.758588
372	21.500000	22.000000	G2	90	80	1	-4	-4.458307
373	21.500000	22.000000	C3	90	80	1	-2	-2.507290
374	21.500000	22.000000	E3	90	80	1	-1	-2.415329
375	21.562500	21.750000	E4	90	80	0	1	-2.857522
376	21.562500	21.750000	A4	90	80	0	2	-2.963617
377	21.562500	21.750000	B4	90	80	0	3	-2.675961
378	21.750000	22.125000	E4	90	80	0	1	-3.310457
379	21.750000	22.125000	G4	90	80	0	2	-2.525967
380	21.750000	22.125000	B4	90	80	0	4	-2.758588
381	22.125000	22.312500	E4	90	80	0	1	-2.857522
382	22.125000	22.312500	F#4	90	80	0	2	-3.246278
383	22.125000	22.312500	B4	90	80	0	4	-3.927704
384	22.250000	22.500000	G3	90	80	1	-4	-6.413364
385	22.250000	22.500000	C4	90	80	1	-2	-2.507290
386	22.250000	22.500000	E4	90	80	1	-1	-2.415329
387	22.312500	22.500000	E4	90	80	0	1	-2.857522
388	22.312500	22.500000	E4	90	80	0	1	-4.507997
389	22.312500	22.500000	B4	90	80	0	4	-4.054949
390	22.500000	22.687500	E4	90	80	0	1	-2.857522
391	22.500000	22.687500	F#4	90	80	0	2	-3.246278
392	22.500000	22.687500	B4	90	80	0	4	-3.927704
393	22.687500	22.875000	E4	90	80	0	1	-2.857522
394	22.687500	22.875000	F#4	90	80	0	2	-3.246278
395	22.687500	22.875000	B4	90	80	0	4	-3.927704
396	22.750000	23.000000	G3	90	80	1	-4	-4.458307
397	22.750000	23.000000	C4	90	80	1	-2	-2.507290
398	22.750000	23.000000	E4	90	80	1	-1	-2.415329
399	23.062500	23.250000	E4	90	80	0	1	-2.857522
400	23.062500	23.250000	F#4	90	80	0	2	-3.246278
401	23.062500	23.250000	B4	90	80	0	4	-3.927704
402	23.250000	23.500000	G3	90	80	1	-4	-4.458307
403	23.250000	23.500000	C4	90	80	1	-2	-2.507290
404	23.250000	23.500000	E4	90	80	1	-1	-2.415329
405	23.437500	23.625000	E4	90	80	0	1	-2.857522
406	23.437500	23.625000	A4	90	80	0	2	-2.963617
407	23.437500	23.625000	B4	90	80	0	3	-2.675961
408	23.500000	24.000000	G3	90	80	1	-5	-3.730225
409	23.500000	24.000000	C4	90	80	1	-5	-5.427640
410	23.500000	24.000000	E4	90	80	1	-3	-3.170876
411	23.625000	24.000000	E4	90	80	0	1	-3.310457
412	23.625000	24.000000	F#4	90	80	0	2	-3.246278
413	23.625000	24.000000	B4	90	80	0	4	-3.927704
414	24.000000	24.187500	E4	90	80	0	1	-2.857522
415	24.000000	24.187500	G4	90	80	0	2	-2.525967
416	24.000000	24.187500	B4	90	80	0	4	-2.758588
417	24.187500	24.375000	E4	90	80	0	1	-2.857522
418	24.187500	24.375000	F#4	90	80	0	2	-3.246278
419	24.187500	24.375000	B4	90	80	0	4	-3.927704
420	24.250000	24.500000	G4	90	80	1	-2	-3.046717
421	24.250000	24.500000	C5	90	80	1	-1	-2.320150
422	24.375000	24.562500	E4	90	80	0	1	-2.857522
423	24.375000	24.562500	A4	90	80	0	2	-2.963617
424	24.375000	24.562500	B4	90	80	0	3	-2.675961
425	24.500000	25.000000	G4	90	80	1	-2	-3.456527
426	24.500000	25.000000	C5	90	80	1	-1	-2.320150
427	24.562500	24.750000	E4	90	80	0	1	-3.310457
428	24.562500	24.750000	F#4	90	80	0	2	-3.246278
429	24.562500	24.750000	B4	90	80	0	4	-3.927704
430	24.937500	25.125000	E4	90	80	0	1	-2.857522
431	24.937500	25.125000	A4	90	80	0	2	-2.963617
432	24.937500	25.125000	B4	90	80	0	3	-2.675961
433	25.125000	25.500000	E4	90	80	0	1	-3.310457
434	25.125000	25.500000	F#4	90	80	0	2	-3.246278
435	25.125000	25.500000	B4	90	80	0	3	-4.453766
436	25.250000	25.500000	G2	90	80	1	-5	-4.456078
437	25.250000	25.500000	C3	90	80	1	-5	-5.427640
438	25.500000	25.687500	E5	90	80	0	1	-5.548003
439	25.500000	25.687500	F#5	90	80	0	2	-3.246278
440	25.500000	25.687500	B5	90	80	0	4	-3.927704
441	25.687500	26.062500	E5	90	80	0	1	-2.857522
442	25.687500	26.062500	G5	90	80	0	2	-2.525967
443	25.687500	26.062500	B5	90	80	0	4	-2.758588
444	26.000000	26.250000	G3	90	80	1	-3	-3.416097
445	26.000000	26.250000	C#4	90	80	1	-2	-6.480701
446	26.000000	26.250000	D4	90	80	1	-1	-3.404249
447	26.062500	26.250000	E5	90	80	0	1	-2.857522
448	26.062500	26.250000	A5	90	80	0	2	-2.963617
449	26.062500	26.250000	B5	90	80	0	3	-2.675961
450	26.250000	26.625000	E5	90	80	0	1	-3.310457
451	26.250000	26.625000	G5	90	80	0	2	-2.525967
452	26.250000	26.625000	B5	90	80	0	4	-2.758588
453	26.250000	26.750000	G3	90	80	1	-4	-3.752799
454	26.250000	26.750000	B3	90	80	1	-2	-2.359478
455	26.250000	26.750000	D4	90	80	1	-1	-2.415329
456	26.625000	27.000000	E5	90	80	0	1	-2.857522
457	26.625000	27.000000	F#5	90	80	0	2	-3.246278
458	26.625000	27.000000	B5	90	80	0	4	-3.927704
459	26.750000	27.000000	G3	90	80	1	-3	-4.266477
460	26.750000	27.000000	A3	90	80	1	-2	-2.510186
461	26.750000	27.000000	D4	90	80	1	-1	-2.320150
462	27.000000	27.187500	E5	90	80	0	1	-2.857522
463	27.000000	27.187500	E5	90	80	0	1	-4.507997
464	27.000000	27.187500	B5	90	80	0	4	-4.054949
465	27.000000	27.500000	G3	90	80	1	-4	-3.752799
466	27.000000	27.500000	B3	90	80	1	-2	-2.359478
467	27.000000	27.500000	D4	90	80	1	-1	-2.415329
468	27.187500	27.375000	E5	90	80	0	1	-2.857522
469	27.187500	27.375000	F#5	90	80	0	2	-3.246278
470	27.187500	27.375000	B5	90	80	0	4	-3.927704
471	27.375000	27.562500	E5	90	80	0	1	-2.857522
472	27.375000	27.562500	G5	90	80	0	2	-2.525967
473	27.375000	27.562500	B5	90	80	0	4	-2.758588
474	27.500000	28.000000	G3	90	80	1	-5	-3.242781
475	27.500000	28.000000	C#4	90	80	1	-2	-5.232676
476	27.500000	28.000000	D4	90	80	1	-1	-3.404249
477	27.562500	27.750000	E5	90	80	0	1	-2.857522
478	27.562500	27.750000	A5	90	80	0	2	-2.963617
479	27.562500	27.750000	B5	90	80	0	3	-2.675961
480	27.750000	28.125000	E5	90	80	0	1	-3.310457
481	27.750000	28.125000	G5	90	80	0	2	-2.525967
482	27.750000	28.125000	B5	90	80	0	4	-2.758588
483	28.000000	28.250000	G3	90	80	1	-4	-3.752799
484	28.000000	28.250000	B3	90	80	1	-2	-2.359478
485	28.000000	28.250000	D4	90	80	1	-1	-2.415329
486	28.125000	28.500000	E5	90	80	0	1	-2.857522
487	28.125000	28.500000	F#5	90	80	0	2	-3.246278
488	28.125000	28.500000	B5	90	80	0	4	-3.927704
489	28.250000	28.500000	G3	90	80	1	-5	-3.242781
490	28.250000	28.500000	C#4	90	80	1	-2	-5.232676
491	28.250000	28.500000	D4	90	80	1	-1	-3.404249
492	28.500000	28.687500	E5	90	80	0	1	-2.857522
493	28.500000	28.687500	E5	90	80	0	1	-4.507997
494	28.500000	28.687500	B5	90	80	0	4	-4.054949
495	28.500000	28.750000	G3	90	80	1	-4	-3.752799
496	28.500000	28.750000	B3	90	80	1	-2	-2.359478
497	28.500000	28.750000	D4	90	80	1	-1	-2.415329
498	28.687500	28.875000	E5	90	80	0	1	-2.857522
499	28.687500	28.875000	F#5	90	80	0	2	-3.246278
500	28.687500	28.875000	B5	90	80	0	4	-3.927704
501	28.750000	29.000000	G3	90	80	1	-3	-4.266477
502	28.750000	29.000000	A3	90	80	1	-2	-2.510186
503	28.750000	29.000000	D4	90	80	1	-1	-2.320150
504	28.875000	29.062500	E5	90	80	0	1	-2.857522
505	28.875000	29.062500	G5	90	80	0	2	-2.525967
506	28.875000	29.062500	B5	90	80	0	4	-2.758588
507	29.000000	29.500000	G3	90	80	1	-4	-3.752799
508	29.000000	29.500000	B3	90	80	1	-2	-2.359478
509	29.000000	29.500000	D4	90	80	1	-1	-2.415329
510	29.062500	29.250000	E5	90	80	0	1	-2.857522
511	29.062500	29.250000	A5	90	80	0	2	-2.963617
512	29.062500	29.250000	B5	90	80	0	3	-2.675961
513	29.250000	29.437500	E5	90	80	0	1	-3.310457
514	29.250000	29.437500	B5	90	80	0	5	-4.274449
515	29.437500	29.625000	E5	90	80	0	2	-3.263552
516	29.437500	29.625000	B5	90	80	0	5	-3.528229
517	29.500000	29.750000	G3	90	80	1	-5	-3.242781
518	29.500000	29.750000	C#4	90	80	1	-2	-5.232676
519	29.500000	29.750000	D4	90	80	1	-1	-3.404249
520	29.750000	30.000000	G3	90	80	1	-4	-3.752799
521	29.750000	30.000000	B3	90	80	1	-2	-2.359478
522	29.750000	30.000000	D4	90	80	1	-1	-2.415329
523	29.812500	30.000000	E5	90	80	0	2	-3.263552
524	29.812500	30.000000	B5	90	80	0	5	-3.528229
525	30.000000	30.250000	G3	90	80	1	-5	-3.242781
526	30.000000	30.250000	C#4	90	80	1	-2	-5.232676
527	30.000000	30.250000	D4	90	80	1	-1	-3.404249
528	30.187500	30.375000	E5	90	80	0	2	-3.263552
529	30.187500	30.375000	B5	90	80	0	5	-3.528229
530	30.250000	30.500000	G3	90	80	1	-5	-3.242781
531	30.250000	30.500000	C#4	90	80	1	-2	-5.232676
532	30.250000	30.500000	D4	90	80	1	-1	-3.404249
533	30.562500	30.750000	E5	90	80	0	2	-3.263552
534	30.562500	30.750000	B5	90	80	0	5	-3.528229
535	30.750000	31.000000	G3	90	80	1	-5	-3.242781
536	30.750000	31.000000	C#4	90	80	1	-2	-5.232676
537	30.750000	31.000000	D4	90	80	1	-1	-3.404249
538	30.937500	31.125000	E5	90	80	0	2	-3.263552
539	30.937500	31.125000	B5	90	80	0	5	-3.528229
540	31.125000	31.500000	E5	90	80	0	2	-3.263552
541	31.125000	31.500000	B5	90	80	0	5	-3.528229
542	31.250000	31.500000	G3	90	80	1	-3	-4.266477
543	31.250000	31.500000	A3	90	80	1	-2	-2.510186
544	31.250000	31.500000	D4	90	80	1	-1	-2.320150
545	31.500000	32.000000	G3	90	80	1	-5	-3.242781
546	31.500000	32.000000	C#4	90	80	1	-2	-5.232676
547	31.500000	32.000000	D4	90	80	1	-1	-3.404249
548	31.687500	31.875000	E4	90	80	0	1	-5.027158
549	31.687500	31.875000	B4	90	80	0	5	-4.274449
550	32.000000	32.250000	G3	90	80	1	-4	-3.752799
551	32.000000	32.250000	B3	90	80	1	-2	-2.359478
552	32.000000	32.250000	D4	90	80	1	-1	-2.415329
553	32.062500	32.250000	E4	90	80	0	2	-3.263552
554	32.062500	32.250000	B4	90	80	0	5	-3.528229
555	32.250000	32.500000	G3	90	80	1	-5	-3.242781
556	32.250000	32.500000	C#4	90	80	1	-2	-5.232676
557	32.250000	32.500000	D4	90	80	1	-1	-3.404249
558	32.437500	32.625000	E4	90	80	0	2	-3.263552
559	32.437500	32.625000	B4	90	80	0	5	-3.528229
560	32.500000	32.750000	G3	90	80	1	-3	-4.266477
561	32.500000	32.750000	A3	90	80	1	-2	-2.510186
562	32.500000	32.750000	D4	90	80	1	-1	-2.320150
563	32.625000	33.000000	E4	90	80	0	2	-3.263552
564	32.625000	33.000000	B4	90	80	0	5	-3.528229
565	32.750000	33.000000	G3	90	80	1	-5	-3.242781
566	32.750000	33.000000	C#4	90	80	1	-2	-5.232676
567	32.750000	33.000000	D4	90	80	1	-1	-3.404249
568	33.187500	33.375000	E3	90	80	0	1	-5.027158
569	33.187500	33.375000	B3	90	80	0	4	-4.054949
570	33.250000	33.500000	G3	90	80	1	-3	-4.266477
571	33.250000	33.500000	A3	90	80	1	-2	-2.510186
572	33.250000	33.500000	D4	90	80	1	-1	-2.320150
573	33.375000	33.750000	E3	90	80	0	1	-2.857522
574	33.375000	33.750000	B3	90	80	0	4	-4.054949
575	33.500000	34.000000	G3	90	80	1	-5	-3.242781
576	33.500000	34.000000	C#4	90	80	1	-2	-5.232676
577	33.500000	34.000000	D4	90	80	1	-1	-3.404249
578	33.937500	34.125000	E3	90	80	0	1	-2.857522
579	33.937500	34.125000	B3	90	80	0	4	-4.054949
580	34.125000	34.500000	E3	90	80	0	1	-2.857522
581	34.125000	34.500000	B3	90	80	0	4	-4.054949
582	34.687500	34.875000	E3	90	80	0	1	-2.857522
583	34.687500	34.875000	B3	90	80	0	4	-4.054949
584	35.250000	35.437500	E3	90	80	0	1	-2.857522
585	35.250000	35.437500	B3	90	80	0	2	-3.928858
586	36.000000	36.187500	A3	90	80	0	1	-2.609267
587	36.000000	36.187500	B3	90	80	0	2	-2.867384
588	36.000000	36.187500	E4	90	80	0	4	-2.909306
589	36.000000	36.250000	G4	90	80	1	-3	-6.025293
590	36.000000	36.250000	A4	90	80	1	-2	-2.510186
591	36.000000	36.250000	D5	90	80	1	-1	-2.320150
592	36.187500	36.562500	A3	90	80	0	1	-2.857522
593	36.187500	36.562500	C4	90	80	0	2	-2.525967
594	36.187500	36.562500	E4	90	80	0	4	-2.758588
595	36.250000	36.750000	G4	90	80	1	-4	-3.752799
596	36.250000	36.750000	B4	90	80	1	-2	-2.359478
597	36.250000	36.750000	D5	90	80	1	-1	-2.415329
598	36.562500	36.750000	A3	90	80	0	1	-2.857522
599	36.562500	36.750000	D4	90	80	0	2	-2.963617
600	36.562500	36.750000	E4	90	80	0	3	-2.675961
601	36.750000	37.125000	A3	90	80	0	1	-3.310457
602	36.750000	37.125000	C4	90	80	0	2	-2.525967
603	36.750000	37.125000	E4	90	80	0	4	-2.758588
604	36.750000	37.000000	G4	90	80	1	-5	-3.242781
605	36.750000	37.000000	C#5	90	80	1	-2	-5.232676
606	36.750000	37.000000	D5	90	80	1	-1	-3.404249
607	37.000000	37.500000	G4	90	80	1	-4	-3.752799
608	37.000000	37.500000	B4	90	80	1	-2	-2.359478
609	37.000000	37.500000	D5	90	80	1	-1	-2.415329
610	37.125000	37.500000	A3	90	80	0	1	-2.857522
611	37.125000	37.500000	B3	90	80	0	2	-2.867384
612	37.125000	37.500000	E4	90	80	0	4	-2.909306
613	37.500000	37.687500	A3	90	80	0	1	-2.857522
614	37.500000	37.687500	A3	90	80	0	1	-4.507997
615	37.500000	37.687500	E4	90	80	0	4	-4.054949
616	37.500000	38.000000	G4	90	80	1	-3	-4.266477
617	37.500000	38.000000	A4	90	80	1	-2	-2.510186
618	37.500000	38.000000	D5	90	80	1	-1	-2.320150
619	37.687500	37.875000	A3	90	80	0	1	-2.857522
620	37.687500	37.875000	B3	90	80	0	2	-2.867384
621	37.687500	37.875000	E4	90	80	0	4	-2.909306
622	37.875000	38.062500	A3	90	80	0	1	-2.857522
623	37.875000	38.062500	C4	90	80	0	2	-2.525967
624	37.875000	38.062500	E4	90	80	0	4	-2.758588
625	38.000000	38.250000	G4	90	80	1	-5	-3.242781
626	38.000000	38.250000	G4	90	80	1	-5	-4.242005
627	38.000000	38.250000	D5	90	80	1	-1	-3.477173
628	38.062500	38.250000	A3	90	80	0	1	-2.857522
629	38.062500	38.250000	D4	90	80	0	2	-2.963617
630	38.062500	38.250000	E4	90	80	0	3	-2.675961
631	38.250000	38.500000	G4	90	80	1	-3	-4.266477
632	38.250000	38.500000	A4	90	80	1	-2	-2.510186
633	38.250000	38.500000	D5	90	80	1	-1	-2.320150
634	38.437500	38.625000	B4	90	80	0	3	-6.757222
635	38.437500	38.625000	E5	90	80	0	5	-3.128600
636	38.500000	38.750000	G4	90	80	1	-4	-3.752799
637	38.500000	38.750000	B4	90	80	1	-2	-2.359478
638	38.500000	38.750000	D5	90	80	1	-1	-2.415329
639	38.625000	38.812500	A4	90	80	0	1	-3.425130
640	38.625000	38.812500	C5	90	80	0	2	-2.525967
641	38.625000	38.812500	E5	90	80	0	4	-2.758588
642	38.750000	39.000000	G4	90	80	1	-5	-3.242781
643	38.750000	39.000000	C#5	90	80	1	-2	-5.232676
644	38.750000	39.000000	D5	90	80	1	-1	-3.404249
645	38.812500	39.000000	A4	90	80	0	1	-2.857522
646	38.812500	39.000000	D5	90	80	0	2	-2.963617
647	38.812500	39.000000	E5	90	80	0	3	-2.675961
648	39.000000	39.375000	A4	90	80	0	1	-3.310457
649	39.000000	39.375000	C5	90	80	0	2	-2.525967
650	39.000000	39.375000	E5	90	80	0	4	-2.758588
651	39.000000	39.500000	G4	90	80	1	-4	-3.752799
652	39.000000	39.500000	B4	90	80	1	-2	-2.359478
653	39.000000	39.500000	D5	90	80	1	-1	-2.415329
654	39.375000	39.750000	A4	90	80	0	1	-2.857522
655	39.375000	39.750000	B4	90	80	0	2	-2.867384
656	39.375000	39.750000	E5	90	80	0	4	-2.909306
657	39.500000	40.000000	G4	90	80	1	-3	-4.266477
658	39.500000	40.000000	A4	90	80	1	-2	-2.510186
659	39.500000	40.000000	D5	90	80	1	-1	-2.320150
660	39.750000	39.937500	A4	90	80	0	1	-2.857522
661	39.750000	39.937500	A4	90	80	0	1	-4.507997
662	39.750000	39.937500	E5	90	80	0	4	-4.054949
663	39.937500	40.125000	A4	90	80	0	1	-2.857522
664	39.937500	40.125000	B4	90	80	0	2	-2.867384
665	39.937500	40.125000	E5	90	80	0	4	-2.909306
666	40.000000	40.250000	G4	90	80	1	-5	-3.242781
667	40.000000	40.250000	D5	90	80	1	-2	-2.554480
668	40.125000	40.312500	A4	90	80	0	1	-2.857522
669	40.125000	40.312500	C5	90	80	0	2	-2.525967
670	40.125000	40.312500	E5	90	80	0	4	-2.758588
671	40.250000	40.500000	G4	90	80	1	-5	-3.155341
672	40.250000	40.500000	D5	90	80	1	-2	-2.554480
673	40.312500	40.500000	A4	90	80	0	1	-2.857522
674	40.312500	40.500000	D5	90	80	0	2	-2.963617
675	40.312500	40.500000	E5	90	80	0	3	-2.675961
676	40.687500	40.875000	A5	90	80	0	1	-5.548003
677	40.687500	40.875000	B5	90	80	0	2	-2.867384
678	40.687500	40.875000	E6	90	80	0	4	-2.909306
679	40.750000	41.000000	G4	90	80	1	-5	-3.155341
680	40.750000	41.000000	D5	90	80	1	-2	-2.554480
681	40.875000	41.062500	A5	90	80	0	1	-2.857522
682	40.875000	41.062500	C6	90	80	0	2	-2.525967
683	40.875000	41.062500	E6	90	80	0	4	-2.758588
684	41.062500	41.250000	A5	90	80	0	1	-2.857522
685	41.062500	41.250000	D6	90	80	0	2	-2.963617
686	41.062500	41.250000	E6	90	80	0	3	-2.675961
687	41.250000	41.625000	A5	90	80	0	1	-3.310457
688	41.250000	41.625000	C6	90	80	0	2	-2.525967
689	41.250000	41.625000	E6	90	80	0	4	-2.758588
690	41.250000	41.500000	G4	90	80	1	-5	-3.155341
691	41.250000	41.500000	D5	90	80	1	-2	-2.554480
692	41.625000	42.000000	A5	90	80	0	1	-2.857522
693	41.625000	42.000000	B5	90	80	0	2	-2.867384
694	41.625000	42.000000	E6	90	80	0	5	-3.228870
695	41.750000	42.000000	G4	90	80	1	-5	-3.155341
696	41.750000	42.000000	D5	90	80	1	-2	-2.554480
697	42.187500	42.375000	B4	90	80	0	1	-4.498352
698	42.187500	42.375000	E5	90	80	0	3	-3.401091
699	42.250000	42.500000	G4	90	80	1	-5	-3.155341
700	42.250000	42.500000	D5	90	80	1	-2	-2.554480
701	42.375000	42.562500	C5	90	80	0	2	-3.674662
702	42.375000	42.562500	E5	90	80	0	4	-2.758588
703	42.500000	43.000000	G4	90	80	1	-5	-3.155341
704	42.500000	43.000000	D5	90	80	1	-1	-3.477173
705	42.562500	42.750000	D5	90	80	0	3	-2.238713
706	42.562500	42.750000	E5	90	80	0	4	-2.883688
707	42.750000	43.125000	A4	90	80	0	1	-2.857522
708	42.750000	43.125000	C5	90	80	0	2	-2.525967
709	42.750000	43.125000	E5	90	80	0	4	-2.758588
710	43.125000	43.500000	A4	90	80	0	1	-2.857522
711	43.125000	43.500000	B4	90	80	0	2	-2.867384
712	43.125000	43.500000	E5	90	80	0	4	-2.909306
713	43.250000	43.500000	G3	90	80	1	-5	-4.212346
714	43.250000	43.500000	D4	90	80	1	-2	-2.554480
715	43.500000	43.687500	A4	90	80	0	1	-2.857522
716	43.500000	43.687500	E5	90	80	0	4	-4.054949
717	43.687500	43.875000	A4	90	80	0	1	-2.857522
718	43.687500	43.875000	B4	90	80	0	2	-2.867384
719	43.687500	43.875000	E5	90	80	0	4	-2.909306
720	43.750000	44.000000	G3	90	80	1	-5	-3.155341
721	43.750000	44.000000	D4	90	80	1	-2	-2.554480
722	43.875000	44.062500	A4	90	80	0	1	-2.857522
723	43.875000	44.062500	C5	90	80	0	2	-2.525967
724	43.875000	44.062500	E5	90	80	0	4	-2.758588
725	44.062500	44.250000	A4	90	80	0	1	-2.857522
726	44.062500	44.250000	D5	90	80	0	3	-3.401091
727	44.062500	44.250000	E5	90	80	0	4	-2.883688
728	44.250000	44.437500	G4	90	80	0	1	-2.969918
729	44.250000	44.437500	A4	90	80	0	2	-2.867384
730	44.250000	44.437500	D5	90	80	0	4	-2.909306
731	44.250000	44.437500	E5	90	80	0	5	-2.706622
732	44.250000	44.500000	G3	90	80	1	-5	-3.155341
733	44.250000	44.500000	D4	90	80	1	-2	-2.554480
734	44.437500	44.625000	G4	90	80	0	1	-2.845304
735	44.437500	44.625000	A4	90	80	0	2	-2.867384
736	44.437500	44.625000	D5	90	80	0	4	-2.909306
737	44.437500	44.625000	E5	90	80	0	5	-2.706622
738	44.500000	45.000000	G3	90	80	1	-5	-3.155341
739	44.500000	45.000000	D4	90	80	1	-1	-3.477173
740	44.812500	45.000000	G4	90	80	0	1	-2.845304
741	44.812500	45.000000	A4	90	80	0	2	-2.867384
742	44.812500	45.000000	D5	90	80	0	4	-2.909306
743	44.812500	45.000000	E5	90	80	0	5	-2.706622
744	45.187500	45.375000	G4	90	80	0	1	-2.845304
745	45.187500	45.375000	A4	90	80	0	2	-2.867384
746	45.187500	45.375000	D5	90	80	0	4	-2.909306
747	45.187500	45.375000	E5	90	80	0	5	-2.706622
748	45.250000	45.500000	G2	90	80	1	-5	-4.212346
749	45.250000	45.500000	D3	90	80	1	-2	-2.554480
750	45.375000	45.750000	G4	90	80	0	1	-2.845304
751	45.375000	45.750000	A4	90	80	0	2	-2.867384
752	45.375000	45.750000	D5	90	80	0	4	-2.909306
753	45.375000	45.750000	E5	90	80	0	5	-2.706622
754	45.500000	46.000000	G2	90	80	1	-5	-3.155341
755	45.500000	46.000000	D3	90	80	1	-2	-2.554480
756	45.937500	46.125000	D5	90	80	0	1	-6.440580
757	45.937500	46.125000	E5	90	80	0	2	-2.867384
758	45.937500	46.125000	G5	90	80	0	4	-2.758588
759	45.937500	46.125000	A5	90	80	0	5	-2.706622
760	46.250000	46.500000	G2	90	80	1	-5	-3.155341
761	46.250000	46.500000	D3	90	80	1	-2	-2.554480
762	46.312500	46.500000	G4	127	80	0	1	-3.460971
763	46.500000	47.000000	G2	90	80	1	-5	-3.155341
764	46.500000	47.000000	D3	90	80	1	-2	-2.554480
765	46.687500	46.875000	G4	90	80	0	1	-4.507997
766	46.687500	46.875000	A4	90	80	0	2	-2.867384
767	46.687500	46.875000	D5	90	80	0	4	-2.909306
768	46.687500	46.875000	E5	90	80	0	5	-2.706622
769	47.062500	47.250000	G4	90	80	0	1	-2.845304
770	47.062500	47.250000	A4	90	80	0	2	-2.867384
771	47.062500	47.250000	D5	90	80	0	4	-2.909306
772	47.062500	47.250000	E5	90	80	0	5	-2.706622
773	47.250000	47.500000	G2	90	80	1	-5	-3.155341
774	47.250000	47.500000	D3	90	80	1	-2	-2.554480
775	47.437500	47.625000	G4	90	80	0	1	-2.845304
776	47.437500	47.625000	A4	90	80	0	2	-2.867384
777	47.437500	47.625000	D5	90	80	0	4	-2.909306
778	47.437500	47.625000	E5	90	80	0	5	-2.706622
779	47.500000	47.750000	G2	90	80	1	-5	-3.155341
780	47.500000	47.750000	D3	90	80	1	-2	-2.554480
781	47.625000	48.000000	G4	90	80	0	1	-2.845304
782	47.625000	48.000000	A4	90	80	0	2	-2.867384
783	47.625000	48.000000	D5	90	80	0	4	-2.909306
784	47.625000	48.000000	E5	90	80	0	5	-2.706622
785	47.750000	48.000000	G2	90	80	1	-5	-3.155341
786	47.750000	48.000000	D3	90	80	1	-2	-2.554480
787	48.000000	48.187500	G5	90	80	0	1	-6.440580
788	48.000000	48.187500	A5	90	80	0	2	-2.867384
789	48.000000	48.187500	D6	90	80	0	4	-2.909306
790	48.000000	48.187500	E6	90	80	0	5	-2.706622
791	48.000000	48.250000	G2	90	80	1	-5	-3.155341
792	48.000000	48.250000	D3	90	80	1	-2	-2.554480
793	48.250000	48.500000	G2	90	80	1	-5	-3.155341
794	48.250000	48.500000	D3	90	80	1	-2	-2.554480
795	48.562500	48.750000	G4	90	80	0	1	-6.163296
796	48.562500	48.750000	A4	90	80	0	2	-2.867384
797	48.562500	48.750000	D5	90	80	0	4	-2.909306
798	48.562500	48.750000	E5	90	80	0	5	-2.706622
799	48.937500	49.125000	G4	90	80	0	1	-2.845304
800	48.937500	49.125000	A4	90	80	0	2	-2.867384
801	48.937500	49.125000	D5	90	80	0	4	-2.909306
802	48.937500	49.125000	E5	90	80	0	5	-2.706622
803	49.312500	49.500000	G4	90	80	0	1	-2.845304
804	49.312500	49.500000	A4	90	80	0	2	-2.867384
805	49.312500	49.500000	D5	90	80	0	4	-2.909306
806	49.312500	49.500000	E5	90	80	0	5	-2.706622
807	49.687500	49.875000	G4	90	80	0	1	-2.845304
808	49.687500	49.875000	A4	90	80	0	2	-2.867384
809	49.687500	49.875000	D5	90	80	0	4	-2.909306
810	49.687500	49.875000	E5	90	80	0	5	-2.706622
811	50.000000	50.250000	C3	90	80	1	-3	-2.891080
812	50.000000	50.250000	F3	90	80	1	-1	-2.717521
813	50.062500	50.250000	G4	90	80	0	1	-2.845304
814	50.062500	50.250000	A4	90	80	0	2	-2.867384
815	50.062500	50.250000	D5	90	80	0	4	-2.909306
816	50.062500	50.250000	E5	90	80	0	5	-2.706622
817	50.250000	50.750000	D3	90	80	1	-2	-3.291596
818	50.250000	50.750000	F3	90	80	1	-1	-2.415329
819	50.437500	50.625000	G4	90	80	0	1	-2.845304
820	50.437500	50.625000	A4	90	80	0	2	-2.867384
821	50.437500	50.625000	D5	90	80	0	4	-2.909306
822	50.437500	50.625000	E5	90	80	0	5	-2.706622
823	50.750000	51.000000	E3	90	80	1	-2	-2.745489
824	50.750000	51.000000	F3	90	80	1	-1	-2.578439
825	50.812500	51.000000	G4	90	80	0	1	-2.845304
826	50.812500	51.000000	A4	90	80	0	2	-2.867384
827	50.812500	51.000000	D5	90	80	0	4	-2.909306
828	50.812500	51.000000	E5	90	80	0	5	-2.706622
829	51.000000	51.500000	D3	90	80	1	-2	-3.291596
830	51.000000	51.500000	F3	90	80	1	-1	-2.415329
831	51.187500	51.375000	G5	90	80	0	1	-6.440580
832	51.187500	51.375000	A5	90	80	0	2	-2.867384
833	51.187500	51.375000	D6	90	80	0	4	-2.909306
834	51.187500	51.375000	E6	90	80	0	5	-2.706622
835	51.375000	51.562500	G5	90	80	0	1	-2.845304
836	51.375000	51.562500	A5	90	80	0	2	-2.867384
837	51.375000	51.562500	D6	90	80	0	4	-2.909306
838	51.375000	51.562500	E6	90	80	0	5	-2.706622
839	51.500000	52.000000	C3	90	80	1	-2	-3.456527
840	51.500000	52.000000	F3	90	80	1	-1	-2.320150
841	51.562500	51.750000	G5	90	80	0	1	-2.845304
842	51.562500	51.750000	A5	90	80	0	2	-2.867384
843	51.562500	51.750000	D6	90	80	0	4	-2.909306
844	51.562500	51.750000	E6	90	80	0	5	-2.706622
845	51.750000	51.937500	G5	90	80	0	1	-2.845304
846	51.750000	51.937500	A5	90	80	0	2	-2.867384
847	51.750000	51.937500	D6	90	80	0	4	-2.909306
848	51.750000	51.937500	E6	90	80	0	5	-2.706622
849	51.937500	52.125000	G5	90	80	0	1	-2.845304
850	51.937500	52.125000	A5	90	80	0	2	-2.867384
851	51.937500	52.125000	D6	90	80	0	4	-2.909306
852	51.937500	52.125000	E6	90	80	0	5	-2.706622
853	52.000000	52.250000	B2	90	80	1	-4	-3.752799
854	52.000000	52.250000	F3	90	80	1	-1	-2.959487
855	52.125000	52.312500	G5	90	80	0	1	-2.845304
856	52.125000	52.312500	A5	90	80	0	2	-2.867384
857	52.125000	52.312500	D6	90	80	0	4	-2.909306
858	52.125000	52.312500	E6	90	80	0	5	-2.706622
859	52.250000	52.500000	C3	90	80	1	-2	-3.456527
860	52.250000	52.500000	F3	90	80	1	-1	-2.320150
861	52.312500	52.500000	G5	90	80	0	1	-2.845304
862	52.312500	52.500000	A5	90	80	0	2	-2.867384
863	52.312500	52.500000	D6	90	80	0	4	-2.909306
864	52.312500	52.500000	E6	90	80	0	5	-2.706622
865	52.500000	52.687500	G5	90	80	0	1	-2.845304
866	52.500000	52.687500	A5	90	80	0	2	-2.867384
867	52.500000	52.687500	D6	90	80	0	4	-2.909306
868	52.500000	52.687500	E6	90	80	0	5	-2.706622
869	52.500000	52.750000	D3	90	80	1	-2	-3.291596
870	52.500000	52.750000	F3	90	80	1	-1	-2.415329
871	52.687500	52.875000	G5	90	80	0	1	-2.845304
872	52.687500	52.875000	A5	90	80	0	2	-2.867384
873	52.687500	52.875000	D6	90	80	0	4	-2.909306
874	52.687500	52.875000	E6	90	80	0	5	-2.706622
875	52.750000	53.000000	E3	90	80	1	-2	-2.745489
876	52.750000	53.000000	F3	90	80	1	-1	-2.578439
877	52.875000	53.062500	G5	90	80	0	1	-2.845304
878	52.875000	53.062500	A5	90	80	0	2	-2.867384
879	52.875000	53.062500	D6	90	80	0	4	-2.909306
880	52.875000	53.062500	E6	90	80	0	5	-2.706622
881	53.062500	53.250000	G5	90	80	0	1	-2.845304
882	53.062500	53.250000	A5	90	80	0	2	-2.867384
883	53.062500	53.250000	D6	90	80	0	4	-2.909306
884	53.062500	53.250000	E6	90	80	0	5	-2.706622
885	53.250000	53.437500	G5	90	80	0	1	-2.845304
886	53.250000	53.437500	A5	90	80	0	2	-2.867384
887	53.250000	53.437500	D6	90	80	0	4	-2.909306
888	53.250000	53.437500	E6	90	80	0	5	-2.706622
889	53.250000	53.500000	F3	90	80	1	-5	-4.801795
890	53.250000	53.500000	C4	90	80	1	-1	-3.477173
891	53.437500	53.625000	G5	90	80	0	1	-2.845304
892	53.437500	53.625000	A5	90	80	0	2	-2.867384
893	53.437500	53.625000	D6	90	80	0	4	-2.909306
894	53.437500	53.625000	E6	90	80	0	5	-2.706622
895	53.500000	53.750000	G3	90	80	1	-2	-3.456527
896	53.500000	53.750000	C4	90	80	1	-1	-2.320150
897	53.750000	54.000000	A3	90	80	1	-2	-3.291596
898	53.750000	54.000000	C4	90	80	1	-1	-2.415329
899	54.000000	54.500000	B3	90	80	1	-2	-2.745489
900	54.000000	54.500000	C4	90	80	1	-1	-2.578439
901	54.500000	55.000000	G3	90	80	1	-2	-3.456527
902	54.500000	55.000000	C4	90	80	1	-1	-2.320150
903	55.000000	55.250000	F3	90	80	1	-4	-3.752799
904	55.000000	55.250000	C4	90	80	1	-1	-2.959487
905	55.250000	55.500000	G3	90	80	1	-2	-3.456527
906	55.250000	55.500000	C4	90	80	1	-1	-2.320150
907	55.500000	55.750000	A3	90	80	1	-2	-3.291596
908	55.500000	55.750000	C4	90	80	1	-1	-2.415329
909	55.750000	56.000000	B3	90	80	1	-2	-2.745489
910	55.750000	56.000000	C4	90	80	1	-1	-2.578439
911	56.250000	56.500000	D4	90	80	1	-3	-4.611792
912	56.250000	56.500000	A4	90	80	1	-1	-3.342645
913	56.500000	56.750000	E4	90	80	1	-2	-3.456527
914	56.500000	56.750000	A4	90	80	1	-1	-2.320150
915	56.750000	57.000000	F4	90	80	1	-2	-3.291596
916	56.750000	57.000000	A4	90	80	1	-1	-2.415329
917	57.000000	57.500000	E4	90	80	1	-2	-3.456527
918	57.000000	57.500000	A4	90	80	1	-1	-2.320150
919	57.500000	58.000000	D4	90	80	1	-4	-3.752799
920	57.500000	58.000000	A4	90	80	1	-1	-2.959487
921	58.250000	58.500000	D3	90	80	1	-5	-4.212346
922	58.250000	58.500000	A3	90	80	1	-1	-3.477173
923	58.500000	58.750000	E3	90	80	1	-2	-3.456527
924	58.500000	58.750000	A3	90	80	1	-1	-2.320150
925	58.750000	59.000000	F3	90	80	1	-2	-3.291596
926	58.750000	59.000000	A3	90	80	1	-1	-2.415329
927	59.000000	59.500000	E3	90	80	1	-2	-3.456527
928	59.000000	59.500000	A3	90	80	1	-1	-2.320150
929	59.500000	60.000000	D3	90	80	1	-4	-3.752799
930	59.500000	60.000000	A3	90	80	1	-1	-2.959487
931	60.000000	60.250000	C3	90	80	1	-5	-3.730225
932	60.000000	60.250000	D3	90	80	1	-4	-3.907966
933	60.000000	60.250000	G3	90	80	1	-2	-2.507290
934	60.000000	60.250000	A3	90	80	1	-1	-2.578439
935	60.250000	60.500000	C3	90	80	1	-5	-3.730225
936	60.250000	60.500000	D3	90	80	1	-4	-3.907966
937	60.250000	60.500000	G3	90	80	1	-2	-2.507290
938	60.250000	60.500000	A3	90	80	1	-1	-2.578439
939	60.750000	61.000000	C3	90	80	1	-5	-3.730225
940	60.750000	61.000000	D3	90	80	1	-4	-3.907966
941	60.750000	61.000000	G3	90	80	1	-2	-2.507290
942	60.750000	61.000000	A3	90	80	1	-1	-2.578439
943	61.250000	61.500000	C3	90	80	1	-5	-3.730225
944	61.250000	61.500000	D3	90	80	1	-4	-3.907966
945	61.250000	61.500000	G3	90	80	1	-2	-2.507290
946	61.250000	61.500000	A3	90	80	1	-1	-2.578439
947	62.000000	62.250000	G2	90	80	1	-5	-3.842215
948	62.000000	62.250000	A2	90	80	1	-4	-3.907966
949	62.000000	62.250000	C3	90	80	1	-2	-2.359478
950	62.000000	62.250000	D3	90	80	1	-1	-2.578439
951	62.750000	63.000000	C3	90	80	1	-4	-5.901873
952	62.750000	63.000000	D3	90	80	1	-3	-2.915060
953	62.750000	63.000000	G3	90	80	1	-2	-3.936874
954	62.750000	63.000000	A3	90	80	1	-1	-2.578439
955	63.250000	63.500000	C3	90	80	1	-5	-3.730225
956	63.250000	63.500000	D3	90	80	1	-4	-3.907966
957	63.250000	63.500000	G3	90	80	1	-2	-2.507290
958	63.250000	63.500000	A3	90	80	1	-1	-2.578439
959	63.750000	64.000000	C3	90	80	1	-5	-3.730225
960	63.750000	64.000000	D3	90	80	1	-4	-3.907966
961	63.750000	64.000000	G3	90	80	1	-2	-2.507290
962	63.750000	64.000000	A3	90	80	1	-1	-2.578439
963	64.250000	64.500000	C3	90	80	1	-5	-3.730225
964	64.250000	64.500000	D3	90	80	1	-4	-3.907966
965	64.250000	64.500000	G3	90	80	1	-2	-2.507290
966	64.250000	64.500000	A3	90	80	1	-1	-2.578439
967	64.750000	65.000000	C3	90	80	1	-5	-3.730225
968	64.750000	65.000000	D3	90	80	1	-4	-3.907966
969	64.750000	65.000000	G3	90	80	1	-2	-2.507290
970	64.750000	65.000000	A3	90	80	1	-1	-2.578439
971	65.250000	65.500000	C2	90	80	1	-5	-5.860818
972	65.250000	65.500000	D2	90	80	1	-4	-3.907966
973	65.250000	65.500000	G2	90	80	1	-2	-2.507290
974	65.250000	65.500000	A2	90	80	1	-1	-2.578439
975	66.250000	66.500000	C3	90	80	1	-4	-6.413364
976	66.250000	66.500000	D3	90	80	1	-3	-2.915060
977	66.250000	66.500000	G3	90	80	1	-2	-3.936874
978	66.250000	66.500000	A3	90	80	1	-1	-2.578439
979	66.750000	67.000000	C3	90	80	1	-5	-3.730225
980	66.750000	67.000000	D3	90	80	1	-4	-3.907966
981	66.750000	67.000000	G3	90	80	1	-2	-2.507290
982	66.750000	67.000000	A3	90	80	1	-1	-2.578439
983	67.250000	67.500000	C3	90	80	1	-5	-3.730225
984	67.250000	67.500000	D3	90	80	1	-4	-3.907966
985	67.250000	67.500000	G3	90	80	1	-2	-2.507290
986	67.250000	67.500000	A3	90	80	1	-1	-2.578439
987	67.500000	68.000000	C3	90	80	1	-5	-3.730225
988	67.500000	68.000000	D3	90	80	1	-4	-3.907966
989	67.500000	68.000000	G3	90	80	1	-2	-2.507290
990	67.500000	68.000000	A3	90	80	1	-1	-2.578439
991	68.250000	68.500000	C3	90	80	1	-5	-3.730225
992	68.250000	68.500000	D3	90	80	1	-4	-3.907966
993	68.250000	68.500000	G3	90	80	1	-2	-2.507290
994	68.250000	68.500000	A3	90	80	1	-1	-2.578439
995	68.500000	69.000000	C3	90	80	1	-5	-3.730225
996	68.500000	69.000000	D3	90	80	1	-4	-3.907966
997	68.500000	69.000000	G3	90	80	1	-2	-2.507290
998	68.500000	69.000000	A3	90	80	1	-1	-2.578439
999	69.250000	69.500000	C3	90	80	1	-5	-3.730225
1000	69.250000	69.500000	D3	90	80	1	-4	-3.907966
1001	69.250000	69.500000	G3	90	80	1	-2	-2.507290
1002	69.250000	69.500000	A3	90	80	1	-1	-2.578439
1003	70.000000	70.250000	C4	90	80	1	-4	-6.413364
1004	70.000000	70.250000	D4	90	80	1	-3	-2.915060
1005	70.000000	70.250000	G4	90	80	1	-2	-3.936874
1006	70.000000	70.250000	A4	90	80	1	-1	-2.578439
1007	70.250000	70.500000	C4	90	80	1	-5	-3.730225
1008	70.250000	70.500000	D4	90	80	1	-4	-3.907966
1009	70.250000	70.500000	G4	90	80	1	-2	-2.507290
1010	70.250000	70.500000	A4	90	80	1	-1	-2.578439
1011	70.500000	70.750000	C4	90	80	1	-5	-3.730225
1012	70.500000	70.750000	D4	90	80	1	-4	-3.907966
1013	70.500000	70.750000	G4	90	80	1	-2	-2.507290
1014	70.500000	70.750000	A4	90	80	1	-1	-2.578439
1015	70.750000	71.000000	C4	90	80	1	-5	-3.730225
1016	70.750000	71.000000	D4	90	80	1	-4	-3.907966
1017	70.750000	71.000000	G4	90	80	1	-2	-2.507290
1018	70.750000	71.000000	A4	90	80	1	-1	-2.578439
1019	71.000000	71.250000	C4	90	80	1	-5	-3.730225
1020	71.000000	71.250000	D4	90	80	1	-4	-3.907966
1021	71.000000	71.250000	G4	90	80	1	-2	-2.507290
1022	71.000000	71.250000	A4	90	80	1	-1	-2.578439
1023	71.250000	71.500000	C4	90	80	1	-5	-3.730225
1024	71.250000	71.500000	D4	90	80	1	-4	-3.907966
1025	71.250000	71.500000	G4	90	80	1	-2	-2.507290
1026	71.250000	71.500000	A4	90	80	1	-1	-2.578439
1027	71.500000	71.750000	C4	90	80	1	-5	-3.730225
1028	71.500000	71.750000	D4	90	80	1	-4	-3.907966
1029	71.500000	71.750000	G4	90	80	1	-2	-2.507290
1030	71.500000	71.750000	A4	90	80	1	-1	-2.578439
1031	71.750000	72.000000	C4	90	80	1	-5	-3.730225
1032	71.750000	72.000000	D4	90	80	1	-4	-3.907966
1033	71.750000	72.000000	G4	90	80	1	-2	-2.507290
1034	71.750000	72.000000	A4	90	80	1	-1	-2.578439
1035	72.000000	72.250000	C4	90	80	1	-5	-3.730225
1036	72.000000	72.250000	D4	90	80	1	-4	-3.907966
1037	72.000000	72.250000	G4	90	80	1	-2	-2.507290
1038	72.000000	72.250000	A4	90	80	1	-1	-2.578439
1039	72.250000	72.500000	C4	90	80	1	-5	-3.730225
1040	72.250000	72.500000	D4	90	80	1	-4	-3.907966
1041	72.250000	72.500000	G4	90	80	1	-2	-2.507290
1042	72.250000	72.500000	A4	90	80	1	-1	-2.578439
