//Version: PianoFingering_v170101
1	0.000000	0.250000	G2	126	80	1	-5	-0.504576
2	0.238095	0.476190	C4	126	80	0	1	-0.925785
3	0.250000	0.500000	A2	126	80	1	-4	-3.907966
4	0.476190	0.714286	D4	126	80	0	2	-2.867384
5	0.500000	0.750000	B2	126	80	1	-3	-2.915060
6	0.714286	0.952381	E4	126	80	0	3	-2.675961
7	0.750000	1.000000	C3	126	80	1	-2	-2.510186
8	0.952381	1.190476	F4	126	80	0	4	-2.883688
9	1.000000	1.250000	B2	126	80	1	-1	-4.644141
10	1.190476	1.428571	E4	126	80	0	3	-2.238713
11	1.250000	1.750000	A#2	126	80	1	-2	-3.720116
12	1.428571	1.904762	D#4	126	80	0	2	-3.151465
13	1.750000	2.000000	B2	126	80	1	-1	-3.404249
14	1.904762	2.142857	E4	126	80	0	1	-4.072488
15	2.000000	2.250000	A2	126	80	1	-2	-2.745489
16	2.142857	2.380952	D4	126	80	0	4	-5.839612
17	2.250000	2.750000	A-2	126	80	1	-3	-3.848567
18	2.380952	2.857143	D-4	126	80	0	3	-3.226506
19	3.000000	3.250000	G2	126	80	1	-4	-3.777019
20	3.095238	3.333333	C4	126	80	0	2	-2.803601
21	3.250000	3.500000	A2	126	80	1	-3	-2.915060
22	3.333333	3.571429	D4	126	80	0	3	-2.675961
23	3.500000	3.750000	B2	126	80	1	-2	-2.510186
24	3.571429	3.809524	E4	126	80	0	4	-2.883688
25	3.750000	4.000000	C3	126	80	1	-1	-2.578439
26	3.809524	4.047619	F4	126	80	0	5	-2.706622
27	4.000000	4.250000	B2	126	80	1	-2	-2.745489
28	4.047619	4.285714	E4	126	80	0	4	-2.814339
29	4.250000	4.750000	A#2	126	80	1	-3	-3.848567
30	4.285714	4.761905	D#4	126	80	0	3	-3.226506
31	4.750000	5.000000	B2	126	80	1	-2	-3.642491
32	4.761905	5.000000	E4	126	80	0	4	-3.868143
33	5.000000	5.238095	D4	126	80	0	3	-2.238713
34	5.000000	5.250000	A2	126	80	1	-3	-2.891080
35	5.238095	5.476190	D-4	126	80	0	2	-3.151465
36	5.250000	5.500000	A-2	126	80	1	-4	-5.020222
37	5.476190	5.714286	C4	126	80	0	1	-3.290753
38	5.500000	5.750000	G2	126	80	1	-5	-4.693569
39	5.952381	6.190476	G4	126	80	0	2	-3.928858
40	6.000000	6.250000	D3	126	80	1	-3	-3.416097
41	6.190476	6.428571	A4	126	80	0	3	-2.675961
42	6.250000	6.500000	E3	126	80	1	-2	-2.510186
43	6.428571	6.666667	B4	126	80	0	4	-2.883688
44	6.500000	6.750000	F#3	126	80	1	-1	-3.101885
45	6.666667	6.904762	D-5	126	80	0	5	-4.070264
46	6.750000	7.000000	A-3	126	80	1	-3	-4.611792
47	6.904762	7.142857	C5	126	80	0	4	-4.300502
48	7.000000	7.250000	G3	126	80	1	-1	-3.371140
49	7.142857	7.619048	B-4	126	80	0	3	-3.510496
50	7.250000	7.750000	F3	126	80	1	-2	-2.745489
51	7.619048	7.857143	A4	126	80	0	2	-2.803601
52	7.750000	8.000000	E3	126	80	1	-3	-2.891080
53	7.857143	8.095238	B4	126	80	0	3	-2.675961
54	8.000000	8.250000	F#3	126	80	1	-2	-3.407298
55	8.095238	8.571429	A-4	126	80	0	2	-3.032881
56	8.250000	8.750000	E-3	126	80	1	-3	-4.063676
57	8.809524	9.047619	G4	126	80	0	1	-3.290753
58	9.000000	9.250000	D3	126	80	1	-4	-3.777019
59	9.047619	9.285714	A4	126	80	0	2	-2.867384
60	9.250000	9.500000	E3	126	80	1	-3	-2.915060
61	9.285714	9.523810	B4	126	80	0	3	-2.675961
62	9.500000	9.750000	F#3	126	80	1	-2	-3.407298
63	9.523810	9.761905	D-5	126	80	0	5	-3.990232
64	9.750000	10.000000	G3	126	80	1	-1	-3.404249
65	9.761905	10.000000	C5	126	80	0	4	-4.300502
66	10.000000	10.238095	B4	126	80	0	3	-2.238713
67	10.000000	10.250000	F3	126	80	1	-2	-2.745489
68	10.238095	10.476190	B-4	126	80	0	2	-3.151465
69	10.250000	10.500000	E-3	126	80	1	-3	-3.464153
70	10.476190	10.714286	A4	126	80	0	1	-3.290753
71	10.500000	10.750000	D3	126	80	1	-1	-3.371140
72	10.714286	10.952381	A-4	126	80	0	2	-4.284147
73	10.750000	11.000000	C3	126	80	1	-2	-2.745489
74	10.952381	11.190476	G4	126	80	0	1	-3.290753
75	11.000000	11.250000	B2	126	80	1	-3	-2.891080
76	11.190476	11.428571	G-4	126	80	0	2	-4.284147
77	11.500000	11.750000	B-2	126	80	1	-4	-5.020222
78	11.666667	11.904762	F4	126	80	0	1	-3.290753
79	11.750000	12.000000	A-2	126	80	1	-1	-4.817923
80	11.904762	12.142857	E-4	126	80	0	3	-5.389440
81	12.000000	12.250000	G-2	126	80	1	-2	-2.745489
82	12.142857	12.380952	D-4	126	80	0	2	-2.287533
83	12.250000	12.500000	F2	126	80	1	-3	-3.281947
84	12.380952	12.619048	C4	126	80	0	1	-3.290753
85	12.500000	12.750000	F#2	126	80	1	-2	-3.081523
86	12.619048	12.857143	C#4	126	80	0	2	-3.900292
87	12.750000	13.500000	G2	126	80	1	-1	-3.404249
88	12.857143	13.571429	D4	126	80	0	1	-4.072488
89	13.500000	13.750000	A-2	126	80	1	-3	-5.495075
90	13.571429	13.809524	E-4	126	80	0	2	-3.900292
91	13.750000	14.250000	A2	126	80	1	-2	-3.642491
92	13.809524	14.285714	E4	126	80	0	3	-3.686981
93	14.500000	14.750000	B-2	126	80	1	-1	-4.284379
94	14.523810	14.761905	F4	126	80	0	4	-2.883688
95	14.750000	15.000000	A-2	126	80	1	-2	-2.745489
96	14.761905	15.000000	E-4	126	80	0	3	-3.510496
97	15.000000	15.238095	D-4	126	80	0	2	-2.287533
98	15.000000	15.250000	G-2	126	80	1	-3	-2.891080
99	15.238095	15.476190	C4	126	80	0	1	-3.290753
100	15.250000	15.500000	F2	126	80	1	-4	-3.777019
101	15.476190	15.714286	D4	126	80	0	2	-2.867384
102	15.500000	15.750000	G2	126	80	1	-3	-2.915060
103	15.714286	16.190476	E4	126	80	0	3	-2.675961
104	15.750000	16.250000	A2	126	80	1	-2	-2.510186
105	16.428571	16.666667	F4	126	80	0	4	-2.883688
106	16.500000	16.750000	B2	126	80	1	-1	-2.578439
107	16.666667	16.904762	E-4	126	80	0	3	-3.510496
108	16.750000	17.000000	A2	126	80	1	-2	-2.745489
109	16.904762	17.142857	D-4	126	80	0	2	-2.287533
110	17.000000	17.250000	G2	126	80	1	-3	-2.891080
111	17.142857	17.380952	C4	126	80	0	1	-3.290753
112	17.250000	17.500000	G-2	126	80	1	-4	-5.020222
113	17.380952	17.619048	D4	126	80	0	2	-2.867384
114	17.500000	17.750000	A-2	126	80	1	-3	-2.915060
115	17.619048	18.095238	E4	126	80	0	3	-2.675961
116	17.750000	18.250000	B-2	126	80	1	-2	-2.510186
117	18.333333	18.571429	F-4	126	80	0	5	-6.674803
118	18.500000	18.750000	C-3	126	80	1	-1	-3.404249
119	18.571429	18.809524	E-4	126	80	0	4	-3.640665
120	18.750000	19.000000	B-2	126	80	1	-2	-3.720116
121	18.809524	19.047619	D-4	126	80	0	3	-2.238713
122	19.000000	19.250000	A-2	126	80	1	-3	-2.891080
123	19.047619	19.285714	C4	126	80	0	2	-2.803601
124	19.250000	19.500000	G2	126	80	1	-2	-6.265640
125	19.285714	19.523810	F-4	126	80	0	4	-2.758588
126	19.500000	19.750000	C-3	126	80	1	-1	-2.415329
127	19.523810	19.761905	E-4	126	80	0	3	-3.226506
128	19.750000	20.000000	B-2	126	80	1	-2	-3.720116
129	19.761905	20.000000	D-4	126	80	0	2	-2.287533
130	20.000000	20.250000	A-2	126	80	1	-3	-2.891080
131	20.250000	20.500000	G2	126	80	1	-4	-3.777019
132	20.500000	20.750000	C-3	126	80	1	-2	-2.359478
133	20.750000	21.000000	B-2	126	80	1	-3	-3.848567
134	21.000000	21.250000	A-2	126	80	1	-1	-3.930078
135	21.190476	21.428571	F4	126	80	0	4	-3.927704
136	21.250000	21.500000	G-2	126	80	1	-2	-2.745489
137	21.428571	21.666667	E-4	126	80	0	3	-3.510496
138	21.500000	21.750000	F2	126	80	1	-3	-3.281947
139	21.666667	21.904762	D-4	126	80	0	2	-2.287533
140	21.750000	22.750000	C3	126	80	1	-1	-3.342645
141	21.904762	23.809524	C4	126	80	0	1	-3.290753
142	22.750000	23.750000	C3	126	80	1	-5	-4.801795
143	24.000000	24.250000	C4	63	80	1	-1	-1.202832
144	24.250000	24.500000	D4	63	80	1	-3	-4.611792
145	24.500000	24.750000	E4	63	80	1	-2	-2.510186
146	24.750000	25.000000	F4	63	80	1	-1	-2.578439
147	25.000000	25.238095	G4	63	80	0	2	-3.928858
148	25.000000	25.250000	E4	63	80	1	-2	-2.745489
149	25.238095	25.476190	A4	63	80	0	3	-2.675961
150	25.250000	25.750000	D#4	63	80	1	-3	-3.848567
151	25.476190	25.714286	B4	63	80	0	4	-2.883688
152	25.714286	25.952381	C5	63	80	0	5	-2.706622
153	25.750000	26.000000	E4	63	80	1	-1	-4.922596
154	25.952381	26.190476	B4	63	80	0	4	-2.814339
155	26.000000	26.250000	D4	63	80	1	-2	-2.745489
156	26.190476	26.666667	A#4	63	80	0	3	-3.226506
157	26.250000	26.750000	D-4	63	80	1	-3	-3.848567
158	26.666667	26.904762	B4	63	80	0	4	-3.868143
159	26.904762	27.142857	A4	63	80	0	3	-2.238713
160	27.000000	27.250000	C4	63	80	1	-4	-3.777019
161	27.142857	27.619048	A-4	63	80	0	2	-3.151465
162	27.250000	27.500000	D4	63	80	1	-3	-2.915060
163	27.500000	27.750000	E4	63	80	1	-2	-2.510186
164	27.750000	28.000000	F4	63	80	1	-1	-2.578439
165	27.857143	28.095238	G4	63	80	0	1	-3.290753
166	28.000000	28.250000	E4	63	80	1	-2	-2.745489
167	28.095238	28.333333	A4	63	80	0	2	-2.867384
168	28.250000	28.750000	D#4	63	80	1	-3	-3.848567
169	28.333333	28.571429	B4	63	80	0	3	-2.675961
170	28.571429	28.809524	C5	63	80	0	4	-2.883688
171	28.750000	29.000000	E4	63	80	1	-1	-4.922596
172	28.809524	29.047619	B4	63	80	0	3	-2.238713
173	29.000000	29.250000	D4	63	80	1	-2	-2.745489
174	29.047619	29.523810	A#4	63	80	0	2	-3.151465
175	29.250000	29.500000	D-4	63	80	1	-3	-3.848567
176	29.500000	29.750000	C4	63	80	1	-1	-3.371140
177	29.523810	29.761905	B4	63	80	0	1	-4.072488
178	29.761905	30.000000	A4	63	80	0	3	-4.737465
179	30.000000	30.238095	A-4	63	80	0	2	-3.151465
180	30.000000	30.250000	G3	99	80	1	-2	-3.456527
181	30.238095	30.476190	G4	63	80	0	1	-3.290753
182	30.250000	30.500000	A3	99	80	1	-1	-2.578439
183	30.500000	30.750000	B3	99	80	1	-3	-4.611792
184	30.714286	30.952381	D5	63	80	0	2	-3.928858
185	30.750000	31.000000	D-4	99	80	1	-2	-3.407298
186	30.952381	31.190476	E5	63	80	0	3	-2.675961
187	31.000000	31.250000	C4	99	80	1	-1	-3.931111
188	31.190476	31.428571	F#5	63	80	0	4	-4.476680
189	31.250000	31.750000	B-3	99	80	1	-2	-3.299403
190	31.428571	31.666667	A-5	63	80	0	5	-2.706622
191	31.666667	31.904762	G5	63	80	0	4	-4.300502
192	31.750000	32.000000	A3	99	80	1	-3	-3.281947
193	31.904762	32.380952	F5	63	80	0	3	-2.238713
194	32.000000	32.250000	B3	99	80	1	-1	-4.411093
195	32.250000	32.750000	A-3	99	80	1	-2	-3.299403
196	32.380952	32.619048	E5	63	80	0	2	-2.287533
197	32.619048	32.857143	F#5	63	80	0	3	-3.409656
198	32.857143	33.333333	E-5	63	80	0	2	-3.674662
199	33.000000	33.250000	G3	99	80	1	-3	-3.281947
200	33.250000	33.500000	A3	99	80	1	-2	-2.510186
201	33.500000	33.750000	B3	99	80	1	-1	-2.578439
202	33.571429	33.809524	D5	63	80	0	1	-3.290753
203	33.750000	34.000000	D-4	99	80	1	-3	-5.700951
204	33.809524	34.047619	E5	63	80	0	2	-2.867384
205	34.000000	34.250000	C4	99	80	1	-1	-3.371140
206	34.047619	34.285714	F#5	63	80	0	3	-3.409656
207	34.250000	34.500000	B3	99	80	1	-2	-2.745489
208	34.285714	34.523810	G5	63	80	0	4	-3.868143
209	34.500000	34.750000	B-3	99	80	1	-3	-3.848567
210	34.523810	34.761905	F5	63	80	0	3	-2.238713
211	34.750000	35.000000	A3	99	80	1	-1	-3.371140
212	34.761905	35.000000	E-5	63	80	0	2	-3.032881
213	35.000000	35.238095	D5	63	80	0	1	-3.290753
214	35.000000	35.250000	A-3	99	80	1	-2	-3.720116
215	35.238095	35.476190	C5	63	80	0	4	-5.839612
216	35.250000	35.500000	G3	99	80	1	-1	-3.931111
217	35.476190	35.714286	B4	63	80	0	3	-2.238713
218	35.500000	35.750000	G-3	99	80	1	-2	-3.720116
219	35.952381	36.190476	B-4	126	80	0	2	-3.151465
220	36.000000	36.250000	F3	126	80	1	-1	-3.931111
221	36.190476	36.428571	A-4	126	80	0	1	-2.609267
222	36.250000	36.500000	E-3	126	80	1	-2	-3.299403
223	36.428571	36.666667	G-4	126	80	0	3	-4.737465
224	36.500000	36.750000	D-3	126	80	1	-3	-2.891080
225	36.666667	36.904762	F4	126	80	0	2	-2.803601
226	36.750000	37.000000	C3	126	80	1	-1	-3.371140
227	36.904762	37.142857	F#4	126	80	0	3	-3.190537
228	37.000000	37.250000	C#3	126	80	1	-2	-4.643648
229	37.142857	37.857143	G4	126	80	0	1	-4.595018
230	37.250000	38.000000	D3	126	80	1	-1	-3.404249
231	37.857143	38.095238	A-4	126	80	0	2	-3.900292
232	38.000000	38.250000	E-3	126	80	1	-3	-5.495075
233	38.095238	38.571429	A4	126	80	0	3	-3.686981
234	38.250000	38.750000	E3	126	80	1	-2	-3.642491
235	38.809524	39.047619	B-4	126	80	0	4	-4.152325
236	39.000000	39.250000	F3	126	80	1	-1	-2.578439
237	39.047619	39.285714	A-4	126	80	0	3	-2.238713
238	39.250000	39.500000	E-3	126	80	1	-2	-3.299403
239	39.285714	39.523810	G-4	126	80	0	2	-2.287533
240	39.500000	39.750000	D-3	126	80	1	-3	-2.891080
241	39.523810	39.761905	F4	126	80	0	1	-3.290753
242	39.750000	40.000000	C3	126	80	1	-4	-3.777019
243	39.761905	40.000000	G4	126	80	0	3	-4.936371
244	40.000000	40.476190	A4	126	80	0	4	-2.883688
245	40.000000	40.250000	D3	126	80	1	-3	-2.915060
246	40.250000	40.750000	E3	126	80	1	-2	-2.510186
247	40.714286	40.952381	B4	126	80	0	5	-2.706622
248	40.952381	41.190476	A4	126	80	0	4	-2.814339
249	41.000000	41.250000	F3	126	80	1	-1	-2.578439
250	41.190476	41.428571	G4	126	80	0	3	-2.238713
251	41.250000	41.500000	E-3	126	80	1	-2	-3.299403
252	41.428571	41.666667	G-4	126	80	0	2	-3.151465
253	41.500000	41.750000	D-3	126	80	1	-3	-2.891080
254	41.666667	41.904762	A-4	126	80	0	3	-2.675961
255	41.750000	42.000000	C3	126	80	1	-4	-3.777019
256	41.904762	42.380952	B-4	126	80	0	4	-2.883688
257	42.000000	42.250000	D3	126	80	1	-3	-2.915060
258	42.250000	42.750000	E3	126	80	1	-2	-2.510186
259	42.619048	42.857143	C-5	126	80	0	5	-3.684684
260	42.857143	43.095238	B-4	126	80	0	4	-3.640665
261	43.000000	43.250000	F-3	126	80	1	-1	-4.535716
262	43.095238	43.333333	A-4	126	80	0	3	-2.238713
263	43.250000	43.500000	E-3	126	80	1	-2	-3.720116
264	43.333333	43.571429	G4	126	80	0	2	-2.803601
265	43.500000	43.750000	D-3	126	80	1	-3	-2.891080
266	43.571429	43.809524	C-5	126	80	0	4	-2.758588
267	43.750000	44.000000	C3	126	80	1	-4	-3.777019
268	43.809524	44.047619	B-4	126	80	0	3	-3.226506
269	44.000000	44.250000	F-3	126	80	1	-2	-2.359478
270	44.047619	44.285714	A-4	126	80	0	2	-2.287533
271	44.250000	44.500000	E-3	126	80	1	-3	-3.848567
272	44.285714	44.523810	G4	126	80	0	1	-3.290753
273	44.500000	44.750000	D-3	126	80	1	-4	-3.061136
274	44.523810	44.761905	C-5	126	80	0	3	-3.473158
275	44.761905	45.000000	B-4	126	80	0	2	-3.151465
276	45.000000	45.238095	A-4	126	80	0	1	-2.609267
277	45.238095	45.476190	G-4	126	80	0	3	-4.737465
278	45.476190	45.714286	F4	126	80	0	2	-2.803601
279	45.714286	49.523810	C4	126	80	0	1	-3.434905
280	46.000000	46.250000	F3	126	80	1	-2	-2.871001
281	46.250000	46.500000	E-3	126	80	1	-3	-3.464153
282	46.500000	46.750000	D-3	126	80	1	-4	-3.061136
283	46.750000	48.750000	C3	126	80	1	-5	-4.693569
284	48.750000	49.750000	C3	126	80	1	-5	-4.242005
285	49.750000	50.750000	C3	126	80	1	-5	-4.242005
