//Version: PianoFingering_v170101
1	0.000000	0.500000	F#3	90	80	1	-2	-2.178510
2	0.000000	0.500000	G3	90	80	1	-1	-3.404249
3	0.500000	1.000000	G2	126	80	1	-5	-2.314770
4	1.000000	1.500000	F#3	90	80	1	-2	-6.336491
5	1.000000	1.500000	G3	90	80	1	-1	-3.404249
6	1.500000	2.000000	G2	126	80	1	-5	-2.314770
7	2.000000	2.500000	F#3	90	80	1	-2	-6.336491
8	2.000000	2.500000	G3	90	80	1	-1	-3.404249
9	2.500000	3.000000	G2	126	80	1	-5	-2.314770
10	3.000000	3.500000	F#3	90	80	1	-2	-6.336491
11	3.000000	3.500000	G3	90	80	1	-1	-3.404249
12	3.500000	4.000000	G2	126	80	1	-5	-2.314770
13	4.000000	4.500000	F3	90	80	1	-2	-5.277521
14	4.000000	4.500000	G3	90	80	1	-1	-2.578439
15	4.285714	4.553571	G4	90	80	0	1	-0.925785
16	4.500000	5.000000	G2	126	80	1	-5	-2.314770
17	4.553571	4.821429	G4	90	80	0	1	-4.507997
18	4.821429	5.089286	A4	90	80	0	2	-2.867384
19	5.000000	5.500000	E3	90	80	1	-2	-4.349399
20	5.000000	5.500000	G3	90	80	1	-1	-2.415329
21	5.089286	5.357143	G4	90	80	0	1	-2.609267
22	5.357143	5.892857	C5	90	80	0	2	-2.963617
23	5.500000	6.000000	G2	126	80	1	-5	-2.314770
24	5.892857	6.160714	C5	90	80	0	2	-4.554564
25	6.000000	6.500000	E-3	90	80	1	-2	-4.281723
26	6.000000	6.500000	F#3	90	80	1	-1	-2.415329
27	6.160714	6.428571	C5	90	80	0	2	-4.554564
28	6.428571	6.696429	C5	90	80	0	2	-4.554564
29	6.500000	7.000000	G2	126	80	1	-5	-4.598096
30	6.696429	6.964286	E-5	90	80	0	3	-3.409656
31	6.964286	7.232143	D5	90	80	0	2	-2.803601
32	7.000000	7.500000	D3	90	80	1	-2	-2.554480
33	7.000000	7.500000	F3	90	80	1	-1	-2.415329
34	7.232143	7.500000	C5	90	80	0	1	-2.609267
35	7.500000	8.035714	B-4	90	80	0	3	-5.389440
36	7.500000	8.000000	G2	126	80	1	-5	-3.181034
37	8.000000	8.500000	D3	90	80	1	-3	-3.416097
38	8.000000	8.500000	E-3	90	80	1	-2	-3.081523
39	8.035714	8.303571	B-4	90	80	0	3	-4.378151
40	8.303571	8.571429	B-4	90	80	0	3	-4.378151
41	8.500000	9.000000	G2	126	80	1	-5	-4.626444
42	8.571429	8.839286	E-4	90	80	0	1	-3.310457
43	8.839286	9.107143	E-4	90	80	0	2	-4.712397
44	9.000000	9.500000	C3	90	80	1	-2	-3.272976
45	9.000000	9.500000	E-3	90	80	1	-1	-3.101885
46	9.107143	9.375000	F4	90	80	0	3	-3.265372
47	9.375000	9.642857	E-4	90	80	0	2	-3.032881
48	9.500000	10.000000	G2	126	80	1	-4	-5.233707
49	9.642857	10.178571	A-4	90	80	0	5	-3.228870
50	10.000000	10.500000	C3	90	80	1	-2	-2.507290
51	10.000000	10.500000	F3	90	80	1	-1	-2.320150
52	10.178571	10.446429	A-4	90	80	0	1	-5.027158
53	10.446429	10.714286	A-4	90	80	0	2	-4.712397
54	10.500000	11.000000	G2	126	80	1	-5	-3.181034
55	10.714286	10.982143	D5	90	80	0	5	-4.764150
56	10.982143	11.250000	C5	90	80	0	4	-2.814339
57	11.000000	11.500000	B2	90	80	1	-3	-3.170876
58	11.000000	11.500000	D3	90	80	1	-2	-3.046717
59	11.250000	11.517857	B-4	90	80	0	3	-3.510496
60	11.500000	12.000000	G2	126	80	1	-5	-3.155341
61	11.517857	11.785714	A-4	90	80	0	2	-2.287533
62	11.785714	12.321429	G4	90	80	0	1	-3.290753
63	12.000000	12.500000	D4	90	80	1	-2	-5.900828
64	12.000000	12.500000	F4	90	80	1	-1	-2.415329
65	12.321429	12.589286	G4	90	80	0	1	-4.507997
66	12.500000	13.000000	G3	126	80	1	-5	-3.181034
67	12.589286	12.857143	G4	90	80	0	1	-4.507997
68	13.000000	13.500000	C4	90	80	1	-2	-3.272976
69	13.000000	13.500000	E-4	90	80	1	-1	-3.101885
70	13.125000	13.392857	G4	90	80	0	1	-4.507997
71	13.392857	13.660714	A4	90	80	0	2	-2.867384
72	13.500000	14.000000	A-3	126	80	1	-3	-4.266477
73	13.660714	13.928571	G4	90	80	0	1	-2.609267
74	13.928571	14.464286	C5	90	80	0	2	-2.963617
75	14.000000	14.500000	A3	90	80	1	-2	-3.642491
76	14.000000	14.500000	C4	90	80	1	-1	-2.415329
77	14.464286	14.732143	E-5	90	80	0	3	-3.409656
78	14.500000	15.000000	G-3	126	80	1	-4	-6.237620
79	14.732143	15.000000	C5	90	80	0	2	-3.286699
80	15.000000	15.267857	F5	90	80	0	4	-2.909306
81	15.000000	15.500000	B-3	90	80	1	-2	-2.359478
82	15.000000	15.500000	D4	90	80	1	-1	-3.262923
83	15.267857	15.535714	E-5	90	80	0	3	-3.510496
84	15.500000	16.000000	F3	126	80	1	-4	-4.458307
85	15.535714	15.803571	D5	90	80	0	2	-2.803601
86	15.803571	16.071429	C5	90	80	0	1	-2.609267
87	16.000000	16.500000	G3	90	80	1	-3	-2.915060
88	16.000000	16.500000	D-4	90	80	1	-1	-4.411093
89	16.071429	16.607143	B-4	90	80	0	3	-5.389440
90	16.500000	17.000000	E-3	126	80	1	-5	-3.181034
91	16.607143	16.875000	D5	90	80	0	5	-3.340065
92	16.875000	17.142857	B-4	90	80	0	3	-4.491606
93	17.000000	17.500000	A-3	90	80	1	-2	-3.272976
94	17.000000	17.500000	C4	90	80	1	-1	-3.262923
95	17.142857	17.410714	E-5	90	80	0	5	-3.128600
96	17.410714	17.678571	D5	90	80	0	4	-4.300502
97	17.500000	18.000000	A-2	126	80	1	-3	-7.576533
98	17.678571	17.946429	C5	90	80	0	3	-2.238713
99	17.946429	18.214286	B-4	90	80	0	2	-3.032881
100	18.214286	18.750000	A-4	90	80	0	1	-2.609267
101	18.500000	19.000000	A-2	126	80	1	-3	-4.764209
102	18.500000	19.000000	C3	126	80	1	-1	-3.390615
103	18.750000	19.017857	F5	127	80	0	5	-4.733635
104	19.000000	19.500000	A-2	126	80	1	-2	-4.444474
105	19.000000	20.000000	B2	126	80	1	-1	-2.464298
106	19.017857	19.285714	A-4	127	80	0	2	-4.240163
107	19.285714	19.553571	C4	127	80	0	1	-6.596535
108	19.500000	20.000000	E-2	126	80	1	-5	-4.332318
109	19.553571	19.821429	D4	127	80	0	2	-2.867384
110	19.821429	20.089286	E-4	127	80	0	3	-3.190537
111	20.000000	20.500000	B-2	90	80	1	-2	-2.554480
112	20.000000	20.500000	E-3	90	80	1	-1	-2.320150
113	20.089286	20.357143	F4	127	80	0	4	-4.111873
114	20.357143	20.892857	G4	127	80	0	5	-2.706622
115	20.500000	21.000000	A2	90	80	1	-4	-6.237620
116	20.500000	21.000000	D-3	90	80	1	-2	-3.159098
117	20.892857	21.160714	G4	127	80	0	5	-4.495609
118	21.000000	21.500000	F2	90	80	1	-5	-4.626444
119	21.000000	21.500000	C3	90	80	1	-3	-3.416097
120	21.160714	21.428571	G4	127	80	0	5	-4.495609
121	21.428571	21.696429	C4	127	80	0	1	-3.425130
122	21.500000	22.000000	D3	90	80	1	-2	-2.510186
123	21.500000	22.000000	G3	90	80	1	-1	-2.320150
124	21.696429	21.964286	D4	127	80	0	2	-2.867384
125	21.964286	22.232143	E-4	127	80	0	3	-3.190537
126	22.000000	22.500000	C3	90	80	1	-4	-3.752799
127	22.000000	22.500000	F3	90	80	1	-1	-3.219441
128	22.232143	22.500000	F4	127	80	0	4	-4.111873
129	22.500000	23.035714	G4	127	80	0	5	-2.706622
130	22.500000	23.000000	A2	90	80	1	-5	-3.730225
131	22.500000	23.000000	E3	90	80	1	-3	-3.416097
132	23.000000	23.500000	G3	90	80	1	-2	-3.046717
133	23.000000	23.500000	B-3	90	80	1	-1	-3.101885
134	23.035714	23.303571	C4	127	80	0	1	-3.425130
135	23.303571	23.571429	D4	127	80	0	2	-2.867384
136	23.500000	24.000000	F3	90	80	1	-2	-4.597368
137	23.500000	24.000000	A3	90	80	1	-1	-2.415329
138	23.571429	23.839286	E-4	127	80	0	3	-3.190537
139	23.839286	24.107143	F4	127	80	0	4	-4.111873
140	24.000000	26.500000	E-3	90	80	1	-4	-6.237620
141	24.000000	26.500000	G#3	90	80	1	-2	-2.507290
142	24.000000	26.500000	C#4	90	80	1	-1	-2.320150
143	24.107143	24.642857	G4	127	80	0	5	-2.706622
144	24.642857	24.910714	C4	127	80	0	1	-3.425130
145	24.910714	25.178571	D4	127	80	0	2	-2.867384
146	25.178571	25.446429	E-4	127	80	0	3	-3.190537
147	25.446429	25.714286	F4	127	80	0	4	-4.111873
148	25.714286	26.250000	G4	127	80	0	5	-2.706622
149	26.250000	26.517857	G4	127	80	0	5	-4.495609
150	26.500000	27.000000	E-3	90	80	1	-5	-3.181034
151	26.500000	27.000000	G#3	90	80	1	-2	-3.272976
152	26.500000	27.000000	C#4	90	80	1	-1	-2.320150
153	26.517857	26.785714	G4	127	80	0	5	-4.495609
154	26.785714	27.321429	G4	127	80	0	5	-4.495609
155	27.321429	27.589286	G4	127	80	0	5	-4.495609
156	27.589286	27.857143	G4	127	80	0	5	-4.495609
157	27.750000	28.000000	C4	63	80	1	-2	-4.597368
158	27.857143	28.392857	G4	127	80	0	1	-5.027158
159	28.000000	28.250000	D4	63	80	1	-1	-2.578439
160	28.250000	28.500000	C4	63	80	1	-2	-2.745489
161	28.392857	28.660714	B-4	127	80	0	2	-3.246278
162	28.500000	29.750000	F4	63	80	1	-1	-2.320150
163	28.660714	28.928571	G4	127	80	0	1	-3.360143
164	29.750000	30.000000	B-4	63	80	1	-2	-5.718611
165	30.000000	30.250000	G4	63	80	1	-3	-4.407505
166	30.250000	30.500000	F4	63	80	1	-1	-3.930078
167	30.500000	31.750000	E-4	63	80	1	-2	-3.299403
168	30.803571	31.071429	A-4	127	80	0	2	-3.900292
169	31.071429	31.339286	B-4	127	80	0	3	-2.675961
170	31.339286	31.607143	A-4	127	80	0	2	-2.287533
171	31.607143	32.946429	D-5	127	80	0	3	-4.897982
172	31.750000	32.000000	A-3	63	80	1	-5	-3.155341
173	32.000000	32.250000	B-3	63	80	1	-4	-3.907966
174	32.250000	32.500000	A-3	63	80	1	-5	-3.249332
175	32.500000	33.750000	D-4	63	80	1	-2	-3.272976
176	32.946429	33.214286	G-5	127	80	0	5	-3.128600
177	33.214286	33.482143	E-5	127	80	0	4	-4.387405
178	33.482143	33.750000	D-5	127	80	0	3	-2.238713
179	33.750000	35.089286	C5	127	80	0	2	-2.803601
180	33.750000	34.000000	G-4	63	80	1	-1	-2.320150
181	34.000000	34.250000	E-4	63	80	1	-2	-3.291596
182	34.250000	34.500000	D-4	63	80	1	-3	-2.891080
183	34.500000	35.250000	C4	63	80	1	-1	-3.371140
184	35.089286	35.357143	F4	127	80	0	1	-4.740672
185	35.250000	35.500000	E3	63	80	1	-5	-3.730225
186	35.357143	35.625000	G4	127	80	0	2	-2.867384
187	35.500000	35.750000	G3	63	80	1	-3	-3.170876
188	35.625000	35.892857	F4	127	80	0	1	-2.609267
189	35.750000	36.000000	F3	63	80	1	-4	-3.061136
190	35.892857	37.232143	B-4	127	80	0	2	-3.275273
191	36.000000	36.750000	B-3	63	80	1	-2	-3.159098
192	36.750000	37.000000	D-4	63	80	1	-1	-2.415329
193	37.000000	37.250000	C4	63	80	1	-2	-4.597368
194	37.232143	37.500000	E-5	127	80	0	4	-2.909306
195	37.250000	37.500000	B-3	63	80	1	-3	-3.464153
196	37.500000	37.767857	C5	127	80	0	2	-4.043146
197	37.500000	38.250000	A-3	63	80	1	-1	-3.930078
198	37.767857	38.035714	B-4	127	80	0	1	-3.967913
199	38.035714	38.839286	A-4	127	80	0	3	-4.737465
200	38.250000	38.500000	C3	63	80	1	-4	-5.233707
201	38.500000	38.750000	E-3	63	80	1	-3	-3.762277
202	38.750000	39.000000	D-3	63	80	1	-4	-3.061136
203	38.839286	39.107143	C4	127	80	0	1	-4.449629
204	39.000000	39.750000	G-3	63	80	1	-2	-2.507290
205	39.107143	39.375000	E-4	127	80	0	2	-3.246278
206	39.375000	39.642857	D-4	127	80	0	1	-2.609267
207	39.642857	40.446429	G-4	127	80	0	2	-2.963617
208	39.750000	40.000000	B-3	63	80	1	-1	-2.415329
209	40.000000	40.250000	A-3	63	80	1	-2	-2.745489
210	40.250000	40.500000	G-3	63	80	1	-3	-2.891080
211	40.446429	40.714286	B-4	127	80	0	4	-2.758588
212	40.500000	40.750000	F3	63	80	1	-1	-3.371140
213	40.714286	40.982143	A-4	127	80	0	3	-2.238713
214	40.750000	41.000000	E-3	63	80	1	-2	-3.299403
215	40.982143	41.250000	G-4	127	80	0	2	-2.287533
216	41.000000	41.250000	D-3	63	80	1	-3	-2.891080
217	41.250000	42.053571	F4	127	80	0	1	-3.290753
218	41.250000	41.500000	C3	63	80	1	-4	-3.777019
219	41.500000	41.750000	B2	63	80	1	-5	-3.249332
220	41.750000	42.000000	G-3	63	80	1	-2	-4.281723
221	42.000000	42.250000	F3	63	80	1	-1	-3.931111
222	42.053571	42.321429	A3	127	80	0	1	-6.259598
223	42.250000	42.500000	E-3	63	80	1	-2	-3.299403
224	42.321429	42.589286	C4	127	80	0	2	-2.525967
225	42.500000	42.750000	D-3	63	80	1	-3	-2.891080
226	42.589286	42.857143	B-3	127	80	0	1	-3.967913
227	42.750000	43.000000	C3	63	80	1	-1	-3.371140
228	42.857143	43.125000	D4	127	80	0	2	-3.465862
229	43.000000	43.250000	B2	63	80	1	-2	-2.745489
230	43.125000	43.392857	G-4	81	80	0	4	-3.522723
231	43.250000	43.500000	G-2	63	80	1	-3	-5.110739
232	43.392857	43.660714	F4	81	80	0	3	-3.302559
233	43.500000	43.750000	F2	63	80	1	-1	-3.371140
234	43.660714	43.928571	E-4	81	80	0	4	-6.911262
235	43.750000	44.000000	E-2	63	80	1	-2	-3.299403
236	43.928571	44.196429	D-4	81	80	0	3	-2.238713
237	44.000000	44.250000	D-2	63	80	1	-3	-2.891080
238	44.196429	44.464286	C4	81	80	0	2	-2.803601
239	44.250000	44.500000	C2	63	80	1	-1	-3.371140
240	44.464286	44.732143	B3	81	80	0	1	-2.609267
241	44.500000	44.750000	B-1	63	80	1	-2	-3.299403
242	44.732143	45.000000	G-4	99	80	0	3	-5.042408
243	44.750000	45.000000	B-1	63	80	1	-2	-3.999177
244	45.000000	45.267857	F4	99	80	0	2	-2.803601
245	45.000000	45.500000	A-1	63	80	1	-3	-2.891080
246	45.267857	45.535714	E-4	99	80	0	1	-3.967913
247	45.500000	46.000000	D-2	63	80	1	-2	-3.936874
248	45.535714	45.803571	D-4	99	80	0	3	-4.737465
249	45.803571	46.071429	C4	99	80	0	2	-2.803601
250	46.000000	47.000000	G2	127	80	1	-1	-4.366821
251	46.071429	46.339286	B3	99	80	0	1	-2.609267
252	46.339286	46.607143	G-4	99	80	0	5	-4.305381
253	46.607143	46.875000	F4	99	80	0	4	-4.300502
254	46.875000	47.142857	E-4	99	80	0	3	-3.510496
255	47.142857	47.410714	D-4	99	80	0	2	-2.287533
256	47.410714	47.678571	C4	99	80	0	1	-3.290753
257	47.678571	47.946429	B-3	99	80	0	2	-5.755227
258	47.946429	48.214286	B-3	99	80	0	2	-4.554564
259	48.000000	49.000000	F#4	127	80	1	-3	-15.294993
260	48.214286	48.750000	A-3	99	80	0	1	-2.609267
261	48.750000	49.285714	D-4	99	80	0	2	-2.963617
262	49.000000	52.956522	F4	127	80	1	-1	-3.371140
263	50.357143	51.696429	G4	127	80	0	5	-4.764150
264	51.696429	52.232143	G4	127	80	0	5	-4.495609
265	52.232143	52.767857	G4	127	80	0	5	-4.495609
266	52.767857	53.035714	G4	127	80	0	5	-4.495609
267	52.956522	53.608696	E-4	127	80	1	-2	-3.299403
268	53.035714	53.839286	G4	127	80	0	5	-4.495609
269	53.608696	54.260870	E-4	127	80	1	-1	-4.535716
270	53.839286	54.375000	G4	127	80	0	5	-4.495609
271	54.260870	54.913043	A3	127	80	1	-2	-5.875271
272	54.375000	54.910714	G4	127	80	0	5	-4.495609
273	54.910714	55.178571	G4	127	80	0	1	-5.027158
274	54.913043	55.565217	D4	127	80	1	-1	-2.320150
275	55.178571	55.312500	A4	127	80	0	2	-2.867384
276	55.312500	55.446429	G4	127	80	0	1	-2.609267
277	55.446429	55.580357	A4	127	80	0	2	-2.867384
278	55.565217	56.217391	A-3	127	80	1	-2	-5.099885
279	55.580357	55.714286	B-4	127	80	0	3	-3.190537
280	55.714286	56.250000	C5	127	80	0	4	-4.111873
281	56.217391	58.173913	D-4	127	80	1	-1	-2.320150
282	56.250000	56.517857	C5	127	80	0	3	-5.185589
283	56.517857	56.785714	C5	127	80	0	3	-4.378151
284	56.785714	56.919643	B-4	127	80	0	2	-3.032881
285	56.919643	57.053571	C5	127	80	0	1	-5.162135
286	57.053571	57.187500	D5	127	80	0	2	-2.867384
287	57.187500	57.321429	E-5	127	80	0	3	-3.190537
288	57.321429	57.455357	F5	127	80	0	4	-4.111873
289	57.455357	57.589286	E-5	127	80	0	3	-3.510496
290	57.589286	57.723214	D5	127	80	0	2	-2.803601
291	57.723214	57.857143	C5	127	80	0	1	-2.609267
292	57.857143	58.392857	B-4	127	80	0	4	-6.205414
293	58.173913	58.826087	C-4	127	80	1	-2	-4.084076
294	58.392857	58.660714	B-4	127	80	0	5	-5.360328
295	58.660714	58.928571	B-4	127	80	0	5	-4.495609
296	58.826087	59.478261	B-3	127	80	1	-3	-3.848567
297	58.928571	59.062500	B-4	127	80	0	5	-4.495609
298	59.062500	59.196429	E-4	127	80	0	2	-3.263552
299	59.196429	59.330357	D4	127	80	0	1	-3.290753
300	59.330357	59.464286	E-4	127	80	0	2	-3.900292
301	59.464286	59.598214	F4	127	80	0	3	-3.265372
302	59.478261	59.804348	D-3	127	80	1	-5	-6.793818
303	59.598214	59.732143	E-4	127	80	0	2	-3.032881
304	59.732143	59.866071	F4	127	80	0	3	-3.265372
305	59.866071	60.000000	G4	127	80	0	4	-2.883688
306	60.000000	60.535714	A-4	127	80	0	5	-4.385182
307	60.535714	60.803571	A-4	127	80	0	1	-5.027158
308	60.782609	60.945652	D-3	127	80	1	-5	-4.242005
309	60.803571	61.071429	A-4	127	80	0	2	-4.712397
310	60.945652	61.108696	D3	127	80	1	-4	-5.624397
311	61.071429	61.205357	G4	127	80	0	1	-3.290753
312	61.108696	61.271739	E-3	127	80	1	-3	-2.906925
313	61.205357	61.339286	A-4	127	80	0	2	-3.900292
314	61.271739	61.434783	F3	127	80	1	-2	-2.872099
315	61.339286	61.473214	B-4	127	80	0	3	-2.675961
316	61.434783	61.597826	G3	127	80	1	-1	-2.578439
317	61.473214	61.607143	C5	127	80	0	4	-4.111873
318	61.597826	61.760870	F3	127	80	1	-2	-2.745489
319	61.607143	61.741071	D-5	127	80	0	5	-4.385182
320	61.741071	61.875000	C5	127	80	0	4	-4.300502
321	61.760870	61.923913	E-3	127	80	1	-3	-3.464153
322	61.875000	62.008929	B-4	127	80	0	3	-3.510496
323	61.923913	62.086957	D3	127	80	1	-1	-3.371140
324	62.008929	62.142857	A-4	127	80	0	2	-2.287533
325	62.086957	62.250000	D-3	127	80	1	-2	-3.720116
326	62.142857	62.276786	G4	127	80	0	1	-3.290753
327	62.250000	62.413043	C3	127	80	1	-3	-3.281947
328	62.276786	62.410714	A-4	127	80	0	2	-3.900292
329	62.410714	62.544643	B-4	127	80	0	3	-2.675961
330	62.413043	62.576087	B2	127	80	1	-4	-3.061136
331	62.544643	62.678571	C5	127	80	0	4	-4.111873
332	62.576087	62.739130	C3	127	80	1	-3	-2.915060
333	62.678571	62.812500	D-5	127	80	0	5	-4.385182
334	62.739130	62.902174	D-3	127	80	1	-2	-3.081523
335	62.812500	62.946429	C5	127	80	0	4	-4.300502
336	62.902174	63.065217	C3	127	80	1	-3	-3.281947
337	62.946429	63.080357	B-4	127	80	0	3	-3.510496
338	63.065217	63.228261	D-3	127	80	1	-2	-3.081523
339	63.080357	63.214286	A-4	127	80	0	2	-2.287533
340	63.214286	63.348214	G4	127	80	0	1	-3.290753
341	63.228261	63.391304	D3	127	80	1	-1	-3.404249
342	63.348214	63.482143	A-4	127	80	0	2	-3.900292
343	63.391304	63.554348	E3	127	80	1	-3	-4.611792
344	63.482143	63.616071	B-4	127	80	0	3	-2.675961
345	63.554348	63.717391	D3	127	80	1	-4	-3.061136
346	63.616071	63.750000	C5	127	80	0	1	-5.285870
347	63.717391	63.880435	E3	127	80	1	-3	-2.915060
348	63.750000	63.883929	D-5	127	80	0	2	-3.900292
349	63.880435	64.043478	F3	127	80	1	-2	-2.510186
350	63.883929	64.017857	E-5	127	80	0	3	-2.675961
351	64.017857	64.151786	F5	127	80	0	4	-4.111873
352	64.043478	64.543478	G3	127	80	1	-1	-2.578439
353	64.151786	64.285714	E-5	127	80	0	3	-3.510496
354	64.285714	64.419643	D-5	127	80	0	2	-2.287533
355	64.419643	64.553571	E-5	127	80	0	3	-2.675961
356	64.543478	64.793478	F2	90	80	1	-5	-3.842215
357	64.543478	64.793478	E-3	90	80	1	-1	-5.043358
358	64.553571	64.687500	D-5	127	80	0	2	-2.287533
359	64.687500	64.821429	C5	127	80	0	1	-3.290753
360	64.793478	65.043478	F2	90	80	1	-5	-4.087479
361	64.793478	65.043478	E-3	90	80	1	-2	-4.731534
362	64.821429	64.955357	B-4	127	80	0	3	-5.389440
363	64.955357	65.089286	C5	127	80	0	5	-3.635747
364	65.043478	65.543478	G2	90	80	1	-5	-4.626444
365	65.043478	65.543478	F3	90	80	1	-1	-3.610078
366	65.089286	65.223214	B-4	127	80	0	4	-4.424487
367	65.223214	65.357143	A-4	127	80	0	3	-2.238713
368	65.357143	65.892857	G4	126	80	0	2	-2.803601
369	65.543478	65.793478	F2	90	80	1	-5	-2.314770
370	65.543478	65.793478	E-3	90	80	1	-1	-5.043358
371	65.793478	66.043478	F2	90	80	1	-5	-4.087479
372	65.793478	66.043478	E-3	90	80	1	-2	-4.731534
373	65.892857	66.160714	C4	90	80	0	1	-4.740672
374	65.892857	66.160714	A-4	90	80	0	4	-4.298356
375	66.043478	66.543478	G2	90	80	1	-5	-4.626444
376	66.043478	66.543478	F3	90	80	1	-1	-3.610078
377	66.160714	66.428571	C4	90	80	0	1	-3.549056
378	66.160714	66.428571	A-4	90	80	0	5	-4.305381
379	66.428571	66.964286	B-3	90	80	0	1	-3.027253
380	66.428571	66.964286	G4	90	80	0	4	-4.946245
381	66.543478	66.793478	E-3	127	80	1	-2	-3.299403
382	66.793478	67.043478	F2	127	80	1	-5	-6.076302
383	66.964286	67.232143	C4	90	80	0	1	-2.857522
384	66.964286	67.232143	A-4	90	80	0	4	-4.298356
385	67.043478	67.293478	D-3	127	80	1	-1	-4.813538
386	67.232143	67.500000	C4	90	80	0	1	-3.549056
387	67.232143	67.500000	A-4	90	80	0	5	-4.305381
388	67.293478	67.543478	E-2	127	80	1	-5	-3.181034
389	67.500000	68.035714	B-3	90	80	0	1	-3.027253
390	67.500000	68.035714	G4	90	80	0	4	-4.946245
391	67.543478	67.793478	E-3	127	80	1	-1	-1.202832
392	67.793478	68.043478	F2	127	80	1	-5	-4.087479
393	68.035714	68.303571	C4	126	80	0	1	-2.857522
394	68.043478	68.543478	G2	90	80	1	-4	-3.907966
395	68.043478	68.543478	D3	90	80	1	-1	-2.959487
396	68.303571	68.571429	A-4	126	80	0	4	-4.298356
397	68.543478	70.043478	G2	90	80	1	-5	-3.242781
398	68.543478	70.043478	D3	90	80	1	-2	-2.554480
399	68.571429	68.839286	D-4	126	80	0	1	-2.857522
400	68.839286	69.107143	B-4	126	80	0	5	-3.707830
401	69.107143	69.375000	C4	126	80	0	1	-4.031984
402	69.375000	69.642857	A-4	126	80	0	4	-4.298356
403	69.642857	70.178571	B3	90	80	0	1	-3.493957
404	69.642857	70.178571	G4	90	80	0	5	-3.707830
405	70.178571	70.714286	B3	90	80	0	1	-2.845304
406	70.178571	70.714286	G4	90	80	0	5	-3.707830
407	70.714286	71.785714	D4	90	80	0	2	-3.071676
