//Version: PianoFingering_v170101
1	0.000000	0.319149	G3	90	80	0	1	-0.925785
2	0.000000	0.250000	G2	90	80	1	-5	-0.504576
3	0.250000	0.375000	C3	90	80	1	-3	-3.463793
4	0.319149	0.478723	C4	90	80	0	2	-2.963617
5	0.375000	0.500000	D3	90	80	1	-2	-2.510186
6	0.478723	0.638298	D4	90	80	0	3	-2.675961
7	0.500000	0.625000	E3	90	80	1	-1	-2.578439
8	0.625000	0.750000	F#3	90	80	1	-3	-5.700951
9	0.638298	0.797872	E4	90	80	0	4	-2.883688
10	0.750000	1.000000	G3	90	80	1	-2	-3.642491
11	0.797872	0.957447	F#4	90	80	0	3	-5.905849
12	0.957447	1.276596	G4	90	80	0	4	-3.868143
13	1.000000	1.250000	A3	90	80	1	-1	-2.578439
14	1.276596	1.595745	A4	90	80	0	5	-2.706622
15	1.500000	1.750000	G3	90	80	1	-2	-2.745489
16	1.595745	2.234043	E-4	90	80	0	2	-4.412763
17	2.000000	2.250000	G2	90	80	1	-5	-4.896649
18	2.234043	2.361702	D4	90	80	0	1	-3.290753
19	2.361702	2.489362	E-4	90	80	0	4	-5.465822
20	2.489362	2.617021	D4	90	80	0	3	-3.302559
21	2.500000	2.750000	C3	90	80	1	-1	-4.729663
22	2.617021	2.744681	C4	90	80	0	2	-2.287533
23	2.744681	2.872340	D4	90	80	0	3	-2.675961
24	2.750000	3.000000	C2	90	80	1	-5	-2.314770
25	2.872340	3.510638	C4	90	80	0	2	-2.287533
26	3.250000	3.375000	G3	90	80	1	-2	-5.900828
27	3.375000	3.500000	A3	90	80	1	-1	-2.578439
28	3.500000	3.625000	B3	90	80	1	-3	-4.611792
29	3.625000	3.750000	C#4	90	80	1	-2	-3.407298
30	3.750000	4.000000	D4	90	80	1	-1	-3.404249
31	3.829787	4.148936	C4	90	80	0	1	-4.802885
32	4.000000	4.250000	E4	90	80	1	-3	-4.611792
33	4.148936	4.308511	G4	90	80	0	3	-3.751952
34	4.308511	4.468085	A4	90	80	0	1	-5.198182
35	4.468085	4.627660	B4	90	80	0	2	-2.867384
36	4.500000	4.750000	D4	90	80	1	-1	-3.930078
37	4.627660	4.787234	C#5	90	80	0	3	-3.409656
38	4.787234	5.106383	D5	90	80	0	4	-3.868143
39	5.000000	5.250000	D3	90	80	1	-5	-2.314770
40	5.106383	5.425532	E5	90	80	0	5	-2.706622
41	5.425532	6.063830	B-4	90	80	0	2	-4.412763
42	5.500000	5.750000	G3	90	80	1	-1	-4.729663
43	5.750000	6.000000	G2	90	80	1	-5	-2.314770
44	6.063830	6.191489	A4	90	80	0	1	-3.290753
45	6.191489	6.319149	B-4	90	80	0	4	-5.465822
46	6.250000	6.500000	C2	90	80	1	-5	-6.147898
47	6.319149	6.446809	A4	90	80	0	3	-3.302559
48	6.446809	6.574468	G4	90	80	0	2	-2.287533
49	6.500000	6.750000	C3	90	80	1	-1	-1.202832
50	6.574468	6.702128	A4	90	80	0	3	-2.675961
51	6.702128	7.340426	G4	90	80	0	2	-2.287533
52	6.750000	7.000000	C2	90	80	1	-5	-2.314770
53	7.000000	7.250000	C3	90	80	1	-1	-1.202832
54	7.250000	7.500000	C2	90	80	1	-5	-2.314770
55	7.500000	7.750000	C3	90	80	1	-1	-1.202832
56	7.659574	7.978723	G4	90	80	0	1	-4.802885
57	7.750000	8.000000	C2	90	80	1	-5	-2.314770
58	7.978723	8.138298	E-5	90	80	0	5	-4.305381
59	8.000000	8.250000	C3	90	80	1	-1	-1.202832
60	8.138298	8.297872	D5	90	80	0	4	-4.300502
61	8.250000	8.500000	C2	90	80	1	-5	-2.314770
62	8.297872	8.457447	C5	90	80	0	3	-2.238713
63	8.457447	8.617021	B-4	90	80	0	2	-3.032881
64	8.500000	8.750000	C3	90	80	1	-1	-1.202832
65	8.617021	8.936170	A-4	90	80	0	1	-2.609267
66	8.750000	9.000000	C2	90	80	1	-5	-2.314770
67	8.936170	9.255319	G-4	90	80	0	3	-4.737465
68	9.000000	9.250000	C3	90	80	1	-1	-1.202832
69	9.250000	9.500000	C2	90	80	1	-5	-2.314770
70	9.255319	9.414894	F4	90	80	0	2	-2.803601
71	9.414894	9.574468	G4	90	80	0	3	-2.675961
72	9.500000	9.750000	C3	90	80	1	-1	-1.202832
73	9.574468	10.212766	A4	90	80	0	4	-2.883688
74	9.750000	10.000000	C-2	90	80	1	-5	-3.842215
75	10.000000	10.250000	C-3	90	80	1	-1	-1.202832
76	10.212766	10.531915	C4	90	80	0	1	-2.969918
77	10.250000	10.500000	B-1	90	80	1	-5	-4.553252
78	10.500000	10.750000	B-2	90	80	1	-1	-1.202832
79	10.531915	10.691489	A-4	90	80	0	3	-5.042408
80	10.691489	10.851064	G4	90	80	0	2	-2.803601
81	10.750000	11.000000	B-1	90	80	1	-5	-2.314770
82	10.851064	11.010638	F4	90	80	0	1	-2.609267
83	11.000000	11.250000	B-2	90	80	1	-1	-1.202832
84	11.010638	11.170213	E-4	90	80	0	3	-5.389440
85	11.170213	11.489362	D-4	90	80	0	2	-2.287533
86	11.250000	11.500000	A1	90	80	1	-5	-4.645128
87	11.489362	11.808511	C-4	90	80	0	1	-3.360143
88	11.500000	11.750000	A2	90	80	1	-1	-1.202832
89	11.750000	12.000000	F1	90	80	1	-5	-4.233080
90	11.808511	11.968085	B-3	90	80	0	2	-4.284147
91	11.968085	12.127660	C4	90	80	0	3	-3.265372
92	12.000000	12.250000	F2	90	80	1	-1	-1.202832
93	12.127660	12.765957	D4	90	80	0	4	-2.883688
94	12.500000	12.750000	G2	90	80	1	-1	-5.955167
95	12.765957	13.085106	F3	99	80	0	1	-2.969918
96	13.000000	13.250000	G1	90	80	1	-5	-2.314770
97	13.085106	13.244681	D-4	99	80	0	4	-4.298356
98	13.244681	13.404255	C4	99	80	0	3	-3.302559
99	13.404255	13.563830	B-3	99	80	0	2	-3.032881
100	13.500000	13.750000	C2	90	80	1	-1	-4.729663
101	13.563830	13.723404	A-3	99	80	0	1	-2.609267
102	13.723404	14.042553	G-3	99	80	0	2	-4.891425
103	13.750000	14.000000	C1	90	80	1	-5	-2.314770
104	14.000000	14.250000	G2	90	80	1	-4	-5.094177
105	14.042553	14.361702	F-3	99	80	0	1	-3.360143
106	14.250000	14.375000	C3	90	80	1	-2	-2.507290
107	14.361702	14.521277	E-3	99	80	0	2	-4.284147
108	14.375000	14.500000	D3	90	80	1	-1	-2.578439
109	14.500000	14.625000	E3	90	80	1	-3	-4.611792
110	14.521277	14.680851	F3	99	80	0	3	-3.265372
111	14.625000	14.750000	F#3	90	80	1	-2	-3.407298
112	14.680851	15.319149	G3	99	80	0	4	-2.883688
113	14.750000	14.875000	G3	90	80	1	-1	-3.404249
114	14.875000	15.000000	E3	90	80	1	-3	-4.276897
115	15.000000	15.125000	F#3	90	80	1	-2	-3.407298
116	15.125000	15.250000	A3	90	80	1	-1	-2.464298
117	15.250000	15.750000	E-3	90	80	1	-2	-5.099885
118	15.319149	15.638298	A3	99	80	0	5	-2.706622
119	15.638298	16.276596	E-3	126	80	0	2	-4.412763
120	15.750000	15.850000	D3	90	80	1	-3	-3.281947
121	15.850000	15.950000	E-3	90	80	1	-2	-3.081523
122	15.950000	16.050000	D3	90	80	1	-3	-3.281947
123	16.050000	16.150000	G2	90	80	1	-5	-3.785580
124	16.150000	16.250000	D3	90	80	1	-2	-2.554480
125	16.250000	16.750000	C3	90	80	1	-1	-4.644141
126	16.276596	16.404255	D3	126	80	0	1	-3.290753
127	16.404255	16.531915	E-3	126	80	0	4	-5.465822
128	16.531915	16.659574	D3	126	80	0	3	-3.302559
129	16.659574	16.787234	C3	126	80	0	2	-2.287533
130	16.787234	16.914894	D3	126	80	0	3	-2.675961
131	16.914894	17.553191	C3	126	80	0	2	-2.287533
132	17.000000	17.250000	C3	90	80	1	-5	-4.801795
133	17.250000	17.375000	G3	90	80	1	-2	-2.554480
134	17.375000	17.500000	A3	90	80	1	-1	-2.578439
135	17.500000	17.625000	B3	90	80	1	-3	-4.611792
136	17.625000	17.750000	C#4	90	80	1	-2	-3.407298
137	17.750000	17.875000	D4	90	80	1	-1	-3.404249
138	17.875000	18.000000	B3	90	80	1	-3	-4.276897
139	18.000000	18.125000	C#4	90	80	1	-2	-3.407298
140	18.125000	18.250000	E4	90	80	1	-1	-2.464298
141	18.250000	18.750000	B-3	90	80	1	-2	-5.099885
142	18.510638	18.829787	B-4	90	80	0	1	-15.131606
143	18.510638	18.829787	C5	90	80	0	2	-3.493146
144	18.750000	18.850000	A3	90	80	1	-3	-3.281947
145	18.850000	18.950000	B-3	90	80	1	-2	-3.081523
146	18.950000	19.050000	A3	90	80	1	-3	-3.281947
147	19.050000	19.150000	D3	90	80	1	-5	-3.785580
148	19.148936	19.468085	A4	90	80	0	1	-3.157580
149	19.148936	19.468085	C5	90	80	0	2	-2.525967
150	19.150000	19.250000	A3	90	80	1	-2	-2.554480
151	19.250000	19.750000	G3	90	80	1	-1	-4.644141
152	19.787234	20.106383	G4	90	80	0	1	-3.434905
153	19.787234	20.106383	B-4	90	80	0	2	-3.246278
154	19.787234	20.106383	C5	90	80	0	4	-3.580467
155	20.000000	20.250000	G3	90	80	1	-5	-4.801795
156	20.250000	20.375000	E-4	90	80	1	-2	-4.281723
157	20.375000	20.500000	D4	90	80	1	-1	-3.931111
158	20.425532	20.744681	F#4	90	80	0	1	-4.295977
159	20.425532	20.744681	A4	90	80	0	2	-3.493146
160	20.425532	20.744681	C5	90	80	0	4	-2.758588
161	20.500000	20.625000	C4	90	80	1	-2	-2.745489
162	20.625000	20.750000	B-3	90	80	1	-3	-3.464153
163	20.750000	21.000000	A-3	90	80	1	-1	-3.930078
164	21.000000	21.250000	G-3	90	80	1	-2	-2.745489
165	21.063830	21.382979	F#4	90	80	0	1	-4.295977
166	21.063830	21.382979	B4	90	80	0	2	-3.465862
167	21.063830	21.382979	E5	90	80	0	5	-3.228870
168	21.250000	21.375000	F3	90	80	1	-3	-3.281947
169	21.375000	21.500000	G3	90	80	1	-2	-2.510186
170	21.382979	21.702128	E4	90	80	0	1	-1.922714
171	21.382979	21.702128	G4	90	80	0	1	-6.856287
172	21.382979	21.702128	C5	90	80	0	2	-2.963617
173	21.500000	22.000000	A3	90	80	1	-1	-2.578439
174	22.000000	22.250000	C3	90	80	1	-5	-3.730225
175	22.250000	22.375000	A-3	90	80	1	-2	-4.281723
176	22.340426	22.659574	F5	90	80	0	4	-2.909306
177	22.340426	22.659574	G5	90	80	0	5	-2.706622
178	22.375000	22.500000	G3	90	80	1	-1	-3.931111
179	22.500000	22.625000	F3	90	80	1	-2	-2.745489
180	22.625000	22.750000	E-3	90	80	1	-3	-3.464153
181	22.750000	23.000000	D-3	90	80	1	-1	-3.930078
182	22.978723	23.297872	E5	90	80	0	3	-3.509161
183	22.978723	23.297872	G5	90	80	0	5	-2.681011
184	23.000000	23.250000	C-3	90	80	1	-2	-4.084076
185	23.250000	23.375000	B-2	90	80	1	-3	-3.848567
186	23.375000	23.500000	C3	90	80	1	-2	-2.872099
187	23.500000	24.000000	D3	90	80	1	-1	-2.578439
188	23.617021	23.936170	D5	90	80	0	2	-3.071676
189	23.617021	23.936170	F5	90	80	0	4	-2.758588
190	23.617021	23.936170	G5	90	80	0	5	-2.706622
191	24.000000	24.250000	F2	90	80	1	-5	-3.730225
192	24.250000	24.375000	D-3	90	80	1	-2	-4.281723
193	24.255319	24.574468	C#5	90	80	0	2	-4.412763
194	24.255319	24.574468	E5	90	80	0	3	-3.265372
195	24.255319	24.574468	G5	90	80	0	5	-2.681011
196	24.375000	24.500000	C3	90	80	1	-1	-3.931111
197	24.500000	24.625000	B-2	90	80	1	-2	-3.299403
198	24.625000	24.750000	A-2	90	80	1	-3	-2.891080
199	24.750000	25.000000	G-2	90	80	1	-4	-3.061136
200	24.893617	25.212766	C#5	90	80	0	2	-4.412763
201	24.893617	25.212766	F5	90	80	0	3	-4.453766
202	24.893617	25.212766	B-5	90	80	0	5	-3.549127
203	25.000000	25.250000	F-2	90	80	1	-1	-5.179099
204	25.212766	25.531915	B4	90	80	0	1	-3.885272
205	25.212766	25.531915	D5	90	80	0	2	-2.525967
206	25.212766	25.531915	G5	90	80	0	4	-2.909306
207	25.250000	25.375000	E-2	90	80	1	-2	-3.720116
208	25.375000	25.500000	F2	90	80	1	-1	-2.464298
209	25.500000	26.000000	G2	90	80	1	-2	-5.429322
210	26.000000	26.250000	A2	90	80	1	-1	-2.578439
211	26.170213	26.489362	E5	90	80	0	2	-3.359779
212	26.170213	26.489362	F5	90	80	0	3	-2.675961
213	26.250000	26.750000	E-2	90	80	1	-2	-5.099885
214	26.489362	26.808511	B4	90	80	0	1	-3.310457
215	26.489362	26.808511	C5	90	80	0	2	-2.867384
216	26.750000	26.850000	D2	90	80	1	-3	-3.281947
217	26.808511	27.127660	E5	90	80	0	3	-3.012122
218	26.808511	27.127660	F5	90	80	0	4	-2.883688
219	26.850000	26.950000	E-2	90	80	1	-2	-3.081523
220	26.950000	27.050000	D2	90	80	1	-3	-3.281947
221	27.050000	27.150000	G1	90	80	1	-5	-3.785580
222	27.127660	27.446809	B4	90	80	0	1	-2.857522
223	27.127660	27.446809	C5	90	80	0	2	-2.867384
224	27.150000	27.250000	D2	90	80	1	-4	-4.864358
225	27.250000	27.750000	C2	126	80	1	-5	-3.249332
226	27.446809	27.765957	E5	90	80	0	3	-3.012122
227	27.446809	27.765957	F5	90	80	0	4	-2.883688
228	27.765957	28.085106	B4	90	80	0	1	-2.857522
229	27.765957	28.085106	C5	90	80	0	2	-2.867384
230	28.085106	28.404255	G#5	90	80	0	4	-7.148284
231	28.085106	28.404255	A5	90	80	0	5	-3.684684
232	28.500000	28.750000	E3	90	80	1	-2	-6.485069
233	28.500000	28.750000	F3	90	80	1	-1	-2.578439
234	28.723404	29.042553	E5	90	80	0	3	-3.854029
235	28.723404	29.042553	F5	90	80	0	4	-2.883688
236	28.750000	29.000000	B2	90	80	1	-5	-3.242781
237	28.750000	29.000000	C3	90	80	1	-4	-3.907966
238	29.000000	29.250000	E3	90	80	1	-2	-2.359478
239	29.000000	29.250000	F3	90	80	1	-1	-2.578439
240	29.042553	29.361702	A4	90	80	0	1	-2.969918
241	29.042553	29.361702	B-4	90	80	0	2	-3.900292
242	29.250000	29.500000	B2	90	80	1	-5	-3.242781
243	29.250000	29.500000	C3	90	80	1	-4	-3.907966
244	29.361702	29.680851	E5	90	80	0	4	-5.030376
245	29.361702	29.680851	F5	90	80	0	5	-2.706622
246	29.500000	29.750000	E3	90	80	1	-2	-2.359478
247	29.500000	29.750000	F3	90	80	1	-1	-2.578439
248	29.680851	30.000000	A4	90	80	0	1	-2.845304
249	29.680851	30.000000	B-4	90	80	0	2	-3.900292
250	29.750000	30.000000	B2	90	80	1	-4	-3.752799
251	29.750000	30.000000	C3	90	80	1	-3	-2.915060
252	30.000000	30.319149	E5	90	80	0	4	-5.030376
253	30.000000	30.319149	F5	90	80	0	5	-2.706622
254	30.000000	30.250000	G#3	90	80	1	-2	-7.148656
255	30.000000	30.250000	A3	90	80	1	-1	-3.404249
256	30.319149	30.638298	A4	90	80	0	1	-2.845304
257	30.319149	30.638298	B-4	90	80	0	1	-6.512494
258	30.500000	30.750000	E3	90	80	1	-2	-3.456527
259	30.500000	30.750000	F3	90	80	1	-1	-2.578439
260	30.638298	30.957447	A5	90	80	0	4	-6.366444
261	30.638298	30.957447	B-5	90	80	0	5	-4.385182
262	30.750000	31.000000	A2	90	80	1	-5	-3.730225
263	30.750000	31.000000	B-2	90	80	1	-4	-5.131985
264	31.000000	31.250000	E3	90	80	1	-2	-4.383116
265	31.000000	31.250000	F3	90	80	1	-1	-2.578439
266	31.250000	31.500000	A2	90	80	1	-5	-3.730225
267	31.250000	31.500000	B-2	90	80	1	-4	-5.131985
268	31.276596	31.595745	A-4	90	80	0	1	-3.460971
269	31.276596	31.595745	B-4	90	80	0	1	-5.893792
270	31.500000	31.750000	E3	90	80	1	-2	-4.383116
271	31.500000	31.750000	F3	90	80	1	-1	-2.578439
272	31.595745	31.914894	A-5	90	80	0	4	-4.869085
273	31.595745	31.914894	B-5	90	80	0	5	-2.706622
274	31.750000	32.000000	A2	90	80	1	-3	-5.389809
275	31.750000	32.000000	B-2	90	80	1	-2	-3.081523
276	31.914894	32.234043	A-4	90	80	0	1	-3.460971
277	31.914894	32.234043	B-4	90	80	0	2	-2.867384
278	32.000000	32.250000	A3	90	80	1	-2	-8.357227
279	32.000000	32.250000	B-3	90	80	1	-1	-4.284379
280	32.500000	32.750000	B-3	126	80	1	-1	-4.426668
281	32.553191	32.872340	D-5	90	80	0	4	-2.758588
282	32.553191	32.872340	E-5	90	80	0	5	-2.706622
283	32.750000	33.000000	A-2	90	80	1	-5	-3.842215
284	32.750000	33.000000	B-2	90	80	1	-4	-3.907966
285	32.872340	33.191489	D-4	90	80	0	1	-3.460971
286	32.872340	33.191489	E-4	90	80	0	2	-2.867384
287	33.000000	33.250000	B-3	126	80	1	-1	-2.522980
288	33.250000	33.500000	G2	90	80	1	-5	-5.012184
289	33.250000	33.500000	B-2	90	80	1	-4	-4.807638
290	33.500000	33.750000	B-3	126	80	1	-1	-2.522980
291	33.750000	34.000000	G-2	90	80	1	-5	-4.233080
292	33.750000	34.000000	B-2	90	80	1	-4	-4.139458
293	33.829787	34.148936	A-3	90	80	0	1	-4.740672
294	33.829787	34.148936	B-3	90	80	0	2	-2.867384
295	34.000000	34.250000	B-3	126	80	1	-1	-2.522980
296	34.468085	34.787234	A-4	90	80	0	3	-8.476926
297	34.468085	34.787234	B-4	90	80	0	4	-2.883688
298	34.500000	34.750000	F2	90	80	1	-5	-5.345987
299	34.500000	34.750000	A2	90	80	1	-3	-3.170876
300	35.000000	35.250000	G2	90	80	1	-4	-3.061136
301	35.000000	35.250000	B2	90	80	1	-2	-2.359478
302	35.106383	35.425532	G4	90	80	0	2	-4.043146
303	35.106383	35.425532	B4	90	80	0	4	-2.758588
304	35.106383	35.425532	C5	90	80	0	5	-2.706622
305	35.425532	35.744681	G3	90	80	0	1	-4.498352
306	35.425532	35.744681	B3	90	80	0	1	-6.856287
307	35.425532	35.744681	C4	90	80	0	2	-2.867384
308	35.500000	35.750000	C3	126	80	1	-1	-2.578439
309	35.750000	36.000000	C2	126	80	1	-5	-2.314770
310	35.904255	36.063830	G5	63	80	0	2	-7.910011
311	36.063830	36.223404	E-6	63	80	0	5	-4.848026
312	36.223404	36.382979	D6	63	80	0	4	-4.300502
313	36.382979	36.542553	C6	63	80	0	3	-2.238713
314	36.542553	36.702128	B-5	63	80	0	2	-3.032881
315	36.702128	36.861702	A-5	63	80	0	1	-2.609267
316	36.861702	37.021277	B-5	63	80	0	2	-2.867384
317	37.021277	37.180851	G-5	63	80	0	1	-3.157580
318	37.180851	37.340426	A-5	63	80	0	2	-2.867384
319	37.340426	37.500000	F5	63	80	0	1	-3.360143
320	37.500000	37.659574	G5	63	80	0	2	-2.867384
321	37.659574	38.297872	A5	63	80	0	3	-2.675961
322	38.457447	38.617021	C5	63	80	0	1	-4.393458
323	38.617021	38.776596	A-5	63	80	0	5	-4.305381
324	38.776596	38.936170	G5	63	80	0	4	-4.300502
325	38.936170	39.095745	F5	63	80	0	3	-2.238713
326	39.095745	39.255319	E-5	63	80	0	2	-3.032881
327	39.255319	39.414894	D-5	63	80	0	1	-2.609267
328	39.414894	39.574468	E-5	63	80	0	2	-2.867384
329	39.574468	39.734043	C-5	63	80	0	1	-4.134704
330	39.734043	39.893617	D-5	63	80	0	2	-3.246278
331	39.893617	40.053191	B-4	63	80	0	1	-3.157580
332	40.053191	40.212766	C5	63	80	0	2	-3.493146
333	40.212766	40.851064	D5	63	80	0	3	-2.675961
334	41.010638	41.170213	F4	63	80	0	1	-4.393458
335	41.170213	41.329787	D-5	63	80	0	5	-4.305381
336	41.329787	41.489362	C5	63	80	0	4	-4.300502
337	41.489362	41.648936	B-4	63	80	0	3	-3.510496
338	41.648936	41.808511	A-4	63	80	0	2	-2.287533
339	41.808511	41.968085	G-4	63	80	0	1	-2.609267
340	41.968085	42.127660	A-4	63	80	0	2	-2.867384
341	42.127660	42.287234	F-4	63	80	0	1	-4.134704
342	42.287234	42.446809	G-4	63	80	0	2	-3.246278
343	42.446809	42.606383	E-4	63	80	0	1	-3.157580
344	42.606383	42.765957	F4	63	80	0	2	-3.493146
345	42.765957	43.244681	G4	63	80	0	3	-2.675961
346	43.244681	43.404255	F4	63	80	0	2	-2.287533
347	43.404255	43.563830	G4	63	80	0	3	-2.675961
348	43.563830	43.723404	A4	63	80	0	4	-2.883688
349	43.723404	44.361702	E-4	63	80	0	2	-5.641611
350	44.361702	44.489362	F4	63	80	0	4	-3.580467
351	44.489362	44.617021	E-4	63	80	0	3	-3.510496
352	44.617021	44.744681	D4	63	80	0	2	-2.803601
353	44.744681	44.872340	C4	63	80	0	1	-2.609267
354	44.872340	45.000000	D4	63	80	0	2	-2.867384
355	45.000000	45.638298	C4	126	80	0	1	-2.609267
