//Version: PianoFingering_v170101
1	0.000000	0.241935	D-4	90	80	0	3	-1.701607
2	0.000000	0.241935	G-4	90	80	0	5	-3.128600
3	0.000000	0.250000	B-2	90	80	1	-2	-2.178510
4	0.000000	0.250000	E-3	90	80	1	-1	-2.320150
5	0.241935	0.483871	D-4	90	80	0	2	-3.071676
6	0.241935	0.483871	G-4	90	80	0	4	-2.909306
7	0.250000	0.500000	B-2	90	80	1	-2	-3.456527
8	0.250000	0.500000	E-3	90	80	1	-1	-2.320150
9	0.483871	0.725806	D-4	90	80	0	2	-3.266530
10	0.483871	0.725806	G-4	90	80	0	5	-3.228870
11	0.500000	0.750000	B-2	90	80	1	-2	-3.456527
12	0.500000	0.750000	E-3	90	80	1	-1	-2.320150
13	0.725806	0.967742	C4	90	80	0	2	-4.646957
14	0.725806	0.967742	F4	90	80	0	4	-2.909306
15	0.750000	1.000000	C-3	90	80	1	-2	-4.597368
16	0.750000	1.000000	F-3	90	80	1	-1	-2.320150
17	0.967742	1.209677	D-4	90	80	0	2	-3.901124
18	0.967742	1.209677	G-4	90	80	0	4	-2.909306
19	1.000000	1.250000	B-2	90	80	1	-2	-5.099885
20	1.000000	1.250000	E-3	90	80	1	-1	-2.320150
21	1.209677	1.451613	D-4	90	80	0	2	-3.266530
22	1.209677	1.451613	G-4	90	80	0	4	-2.909306
23	1.250000	1.500000	B-2	90	80	1	-2	-3.456527
24	1.250000	1.500000	E-3	90	80	1	-1	-2.320150
25	1.451613	1.693548	D-4	90	80	0	2	-3.266530
26	1.451613	1.693548	G-4	90	80	0	4	-2.909306
27	1.500000	1.750000	B-2	90	80	1	-2	-3.456527
28	1.500000	1.750000	E-3	90	80	1	-1	-2.320150
29	1.693548	1.935484	B-3	90	80	0	1	-2.969918
30	1.693548	1.935484	E-4	90	80	0	3	-3.401091
31	1.750000	2.000000	D-3	90	80	1	-2	-2.745489
32	1.750000	2.000000	G-3	90	80	1	-1	-2.320150
33	1.935484	2.177419	D-4	90	80	0	2	-2.287533
34	1.935484	2.177419	G-4	90	80	0	4	-2.909306
35	2.000000	2.250000	B-2	90	80	1	-4	-4.458307
36	2.000000	2.250000	E-3	90	80	1	-1	-3.219441
37	2.177419	2.419355	D-4	90	80	0	2	-3.266530
38	2.177419	2.419355	G-4	90	80	0	4	-2.909306
39	2.250000	2.500000	B-2	90	80	1	-2	-3.456527
40	2.250000	2.500000	E-3	90	80	1	-1	-2.320150
41	2.419355	2.661290	D-4	90	80	0	2	-3.266530
42	2.419355	2.661290	G-4	90	80	0	4	-2.909306
43	2.500000	2.750000	B-2	90	80	1	-2	-3.456527
44	2.500000	2.750000	E-3	90	80	1	-1	-2.320150
45	2.661290	2.903226	E-4	90	80	0	2	-3.359779
46	2.661290	2.903226	A-4	90	80	0	5	-3.228870
47	2.750000	3.000000	A2	90	80	1	-2	-5.875271
48	2.750000	3.000000	D3	90	80	1	-1	-2.320150
49	2.903226	3.387097	D-4	90	80	0	2	-3.263552
50	2.903226	3.387097	G-4	90	80	0	4	-2.909306
51	3.000000	3.500000	B-2	90	80	1	-2	-4.444474
52	3.000000	3.500000	E-3	90	80	1	-1	-2.320150
53	3.387097	3.870968	D-4	90	80	0	2	-3.266530
54	3.387097	3.870968	G-4	90	80	0	4	-2.909306
55	3.500000	4.000000	B-2	90	80	1	-2	-3.456527
56	3.500000	4.000000	E-3	90	80	1	-1	-2.320150
57	4.000000	4.250000	B-2	90	80	1	-2	-3.456527
58	4.000000	4.250000	E-3	90	80	1	-1	-2.320150
59	4.112903	4.354839	D-4	90	80	0	2	-3.266530
60	4.112903	4.354839	G-4	90	80	0	4	-2.909306
61	4.250000	4.500000	B-2	90	80	1	-2	-3.456527
62	4.250000	4.500000	E-3	90	80	1	-1	-2.320150
63	4.354839	4.596774	D-4	90	80	0	2	-3.266530
64	4.354839	4.596774	G-4	90	80	0	4	-2.909306
65	4.500000	4.750000	B-2	90	80	1	-2	-3.456527
66	4.500000	4.750000	E-3	90	80	1	-1	-2.320150
67	4.596774	4.838710	C-4	90	80	0	1	-3.549056
68	4.596774	4.838710	F4	90	80	0	4	-4.054949
69	4.750000	5.000000	C-3	90	80	1	-2	-4.597368
70	4.750000	5.000000	F-3	90	80	1	-1	-2.320150
71	5.000000	5.250000	B-2	90	80	1	-2	-5.099885
72	5.000000	5.250000	E-3	90	80	1	-1	-2.320150
73	5.080645	5.322581	D-4	90	80	0	2	-3.901124
74	5.080645	5.322581	G-4	90	80	0	4	-2.909306
75	5.250000	5.500000	B-2	90	80	1	-2	-3.456527
76	5.250000	5.500000	E-3	90	80	1	-1	-2.320150
77	5.322581	5.564516	D-4	90	80	0	2	-3.266530
78	5.322581	5.564516	G-4	90	80	0	4	-2.909306
79	5.500000	5.750000	B-2	90	80	1	-2	-3.456527
80	5.500000	5.750000	E-3	90	80	1	-1	-2.320150
81	5.564516	5.806452	B-3	90	80	0	1	-2.969918
82	5.564516	5.806452	E-4	90	80	0	3	-3.401091
83	5.750000	6.000000	D-3	90	80	1	-2	-2.745489
84	5.750000	6.000000	G-3	90	80	1	-1	-2.320150
85	6.000000	6.250000	B-2	90	80	1	-4	-4.458307
86	6.000000	6.250000	E-3	90	80	1	-1	-3.219441
87	6.048387	6.290323	D-4	90	80	0	2	-2.287533
88	6.048387	6.290323	G-4	90	80	0	4	-2.909306
89	6.250000	6.500000	B-2	90	80	1	-2	-3.456527
90	6.250000	6.500000	E-3	90	80	1	-1	-2.320150
91	6.290323	6.532258	D-4	90	80	0	2	-3.266530
92	6.290323	6.532258	G-4	90	80	0	4	-2.909306
93	6.500000	6.750000	B-2	90	80	1	-2	-3.456527
94	6.500000	6.750000	E-3	90	80	1	-1	-2.320150
95	6.532258	6.774194	E-4	90	80	0	2	-3.359779
96	6.532258	6.774194	A-4	90	80	0	4	-2.909306
97	6.750000	7.000000	A2	90	80	1	-2	-5.875271
98	6.750000	7.000000	D3	90	80	1	-1	-2.320150
99	6.774194	7.741935	D-4	90	80	0	1	-2.857522
100	6.774194	7.741935	G-4	90	80	0	3	-3.401091
101	7.000000	8.000000	B-2	90	80	1	-5	-5.919258
102	7.000000	8.000000	E-3	90	80	1	-3	-3.463793
103	7.741935	8.467742	F4	90	80	0	2	-2.803601
104	7.741935	8.467742	B-4	90	80	0	4	-3.522723
105	8.250000	8.500000	F#3	90	80	1	-2	-3.046717
106	8.250000	8.500000	B-3	90	80	1	-1	-2.415329
107	8.467742	8.709677	E-4	90	80	0	1	-2.857522
108	8.467742	8.709677	A-4	90	80	0	3	-3.401091
109	8.500000	9.000000	G-3	90	80	1	-2	-3.291596
110	8.500000	9.000000	C4	90	80	1	-1	-4.366821
111	8.709677	9.435484	F4	90	80	0	2	-3.286699
112	8.709677	9.435484	B-4	90	80	0	4	-3.522723
113	9.250000	9.500000	F#3	90	80	1	-2	-5.099885
114	9.250000	9.500000	B3	90	80	1	-1	-3.262923
115	9.435484	9.677419	E-4	90	80	0	1	-2.857522
116	9.435484	9.677419	A-4	90	80	0	3	-3.401091
117	9.500000	10.000000	G-3	90	80	1	-2	-4.444474
118	9.500000	10.000000	C4	90	80	1	-1	-4.366821
119	9.919355	10.161290	D-4	90	80	0	1	-3.310457
120	9.919355	10.161290	G-4	90	80	0	3	-3.401091
121	10.000000	10.750000	A3	90	80	1	-2	-3.291596
122	10.000000	10.750000	D4	90	80	1	-1	-2.320150
123	10.161290	10.403226	D-4	90	80	0	1	-2.905888
124	10.161290	10.403226	G-4	90	80	0	2	-2.963617
125	10.403226	10.645161	E-4	90	80	0	1	-3.157580
126	10.403226	10.645161	A-4	90	80	0	3	-3.401091
127	10.750000	11.000000	G3	90	80	1	-4	-3.752799
128	10.750000	11.000000	C4	90	80	1	-1	-3.219441
129	10.887097	11.129032	D-4	90	80	0	1	-3.310457
130	10.887097	11.129032	G-4	90	80	0	3	-3.401091
131	11.000000	11.500000	A3	90	80	1	-2	-3.291596
132	11.000000	11.500000	D4	90	80	1	-1	-2.320150
133	11.129032	11.370968	D-4	90	80	0	1	-2.905888
134	11.129032	11.370968	G-4	90	80	0	2	-2.963617
135	11.370968	11.612903	E-4	90	80	0	1	-3.157580
136	11.370968	11.612903	A-4	90	80	0	3	-3.401091
137	11.500000	11.750000	B-3	127	80	1	-2	-4.444474
138	11.612903	12.338710	F4	90	80	0	2	-3.286699
139	11.612903	12.338710	B-4	90	80	0	4	-3.522723
140	11.750000	12.000000	G-3	90	80	1	-4	-3.718276
141	11.750000	12.000000	C-4	90	80	1	-2	-2.871001
142	12.250000	12.500000	F#3	90	80	1	-3	-5.110739
143	12.250000	12.500000	B3	90	80	1	-1	-3.390615
144	12.338710	12.580645	E-4	90	80	0	1	-2.857522
145	12.338710	12.580645	A-4	90	80	0	3	-3.401091
146	12.500000	13.000000	G3	90	80	1	-2	-3.291596
147	12.500000	13.000000	C4	90	80	1	-1	-2.320150
148	12.580645	13.306452	F4	90	80	0	2	-3.286699
149	12.580645	13.306452	B-4	90	80	0	4	-3.522723
150	13.250000	13.500000	F#2	90	80	1	-4	-7.296520
151	13.250000	13.500000	B2	90	80	1	-2	-2.871001
152	13.306452	13.548387	E-4	90	80	0	1	-2.857522
153	13.306452	13.548387	A-4	90	80	0	3	-3.401091
154	13.500000	14.000000	G-2	90	80	1	-3	-5.110739
155	13.500000	14.000000	C3	90	80	1	-1	-4.001517
156	13.548387	13.790323	D-4	90	80	0	1	-3.310457
157	13.548387	13.790323	G-4	90	80	0	3	-3.401091
158	13.790323	14.032258	D-4	90	80	0	1	-2.905888
159	13.790323	14.032258	G-4	90	80	0	3	-3.401091
160	14.032258	14.274194	D-4	90	80	0	1	-2.905888
161	14.032258	14.274194	G-4	90	80	0	2	-2.963617
162	14.250000	14.750000	G2	90	80	1	-2	-3.456527
163	14.250000	14.750000	C3	90	80	1	-1	-2.320150
164	14.274194	14.516129	E-4	90	80	0	1	-3.157580
165	14.274194	14.516129	A-4	90	80	0	3	-3.401091
166	14.516129	15.000000	D-4	90	80	0	1	-3.310457
167	14.516129	15.000000	G-4	90	80	0	2	-2.963617
168	15.000000	15.500000	B-2	90	80	1	-2	-3.299403
169	15.000000	15.500000	E-3	90	80	1	-1	-2.320150
170	15.241935	15.483871	D-5	90	80	0	3	-6.082358
171	15.241935	15.483871	G-5	90	80	0	5	-3.128600
172	15.483871	15.725806	C5	63	80	0	2	-4.646957
173	15.483871	15.725806	F5	63	80	0	4	-2.909306
174	15.725806	15.967742	D-5	90	80	0	2	-3.901124
175	15.725806	15.967742	G-5	90	80	0	4	-2.909306
176	16.209677	16.451613	D-5	90	80	0	2	-3.266530
177	16.209677	16.451613	G-5	90	80	0	4	-2.909306
178	16.250000	16.500000	B-3	90	80	1	-2	-6.730551
179	16.250000	16.500000	E-4	90	80	1	-1	-2.320150
180	16.451613	16.693548	E--5	90	80	0	2	-4.058569
181	16.451613	16.693548	A--5	90	80	0	5	-3.228870
182	16.500000	16.750000	C-4	90	80	1	-2	-4.597368
183	16.500000	16.750000	F-4	90	80	1	-1	-2.320150
184	16.693548	16.935484	D-5	90	80	0	2	-4.412763
185	16.693548	16.935484	G-5	90	80	0	4	-2.909306
186	16.750000	17.000000	B-3	90	80	1	-2	-5.099885
187	16.750000	17.000000	E-4	90	80	1	-1	-2.320150
188	17.177419	17.419355	C5	90	80	0	1	-3.845468
189	17.177419	17.419355	F5	90	80	0	2	-2.963617
190	17.250000	17.500000	B-3	90	80	1	-2	-3.456527
191	17.250000	17.500000	E-4	90	80	1	-1	-2.320150
192	17.419355	17.661290	D-5	90	80	0	1	-3.898407
193	17.419355	17.661290	G-5	90	80	0	3	-3.401091
194	17.500000	17.750000	A3	90	80	1	-2	-5.875271
195	17.500000	17.750000	D4	90	80	1	-1	-2.320150
196	17.661290	17.903226	D-5	90	80	0	1	-2.905888
197	17.661290	17.903226	G-5	90	80	0	2	-2.963617
198	17.750000	18.000000	B-3	90	80	1	-2	-4.444474
199	17.750000	18.000000	E-4	90	80	1	-1	-2.320150
200	17.903226	18.145161	E-5	90	80	0	1	-3.157580
201	17.903226	18.145161	A-5	90	80	0	3	-3.401091
202	18.145161	18.387097	E-5	90	80	0	1	-2.905888
203	18.145161	18.387097	A-5	90	80	0	2	-2.963617
204	18.250000	18.500000	A3	90	80	1	-2	-5.875271
205	18.250000	18.500000	D4	90	80	1	-1	-2.320150
206	18.387097	18.870968	F5	90	80	0	1	-3.360143
207	18.387097	18.870968	B-5	90	80	0	2	-3.275273
208	18.750000	19.000000	G3	90	80	1	-4	-3.752799
209	18.750000	19.000000	C4	90	80	1	-1	-3.219441
210	19.112903	19.354839	F5	90	80	0	1	-4.134704
211	19.112903	19.354839	B-5	90	80	0	2	-3.275273
212	19.250000	19.750000	F#3	90	80	1	-2	-5.099885
213	19.250000	19.750000	B3	90	80	1	-1	-3.262923
214	19.354839	19.596774	G-5	90	80	0	1	-3.157580
215	19.354839	19.596774	C-6	90	80	0	2	-3.465862
216	19.596774	19.838710	F5	90	80	0	1	-3.434905
217	19.596774	19.838710	B-5	90	80	0	2	-3.275273
218	20.080645	20.322581	F5	90	80	0	1	-4.134704
219	20.080645	20.322581	B-5	90	80	0	3	-3.998423
220	20.250000	20.500000	F#3	90	80	1	-2	-4.444474
221	20.250000	20.500000	B3	90	80	1	-1	-3.262923
222	20.322581	20.564516	E-5	90	80	0	1	-3.310457
223	20.322581	20.564516	A-5	90	80	0	3	-3.401091
224	20.500000	20.750000	G3	90	80	1	-2	-3.291596
225	20.500000	20.750000	C4	90	80	1	-1	-2.320150
226	20.564516	20.806452	F5	90	80	0	2	-3.286699
227	20.564516	20.806452	B-5	90	80	0	4	-3.522723
228	20.750000	21.000000	F#3	90	80	1	-2	-5.099885
229	20.750000	21.000000	B3	90	80	1	-1	-3.262923
230	21.048387	21.290323	E-5	90	80	0	1	-2.857522
231	21.048387	21.290323	A-5	90	80	0	3	-3.401091
232	21.250000	21.500000	F#3	90	80	1	-2	-4.444474
233	21.250000	21.500000	B3	90	80	1	-1	-3.262923
234	21.290323	21.532258	D-5	90	80	0	1	-3.310457
235	21.290323	21.532258	G-5	90	80	0	4	-4.278061
236	21.500000	21.750000	G-3	90	80	1	-2	-4.444474
237	21.500000	21.750000	C4	90	80	1	-1	-4.366821
238	21.532258	21.774194	D-5	90	80	0	2	-3.266530
239	21.532258	21.774194	G-5	90	80	0	5	-3.228870
240	21.774194	22.016129	C-5	90	80	0	2	-4.577242
241	21.774194	22.016129	F-5	90	80	0	4	-2.909306
242	22.016129	22.258065	C-5	90	80	0	2	-3.266530
243	22.016129	22.258065	F-5	90	80	0	4	-2.909306
244	22.250000	22.500000	A3	90	80	1	-2	-3.291596
245	22.250000	22.500000	D4	90	80	1	-1	-2.320150
246	22.258065	22.741935	B-4	90	80	0	1	-4.295977
247	22.258065	22.741935	E-5	90	80	0	3	-3.401091
248	22.741935	23.225806	C5	90	80	0	2	-3.286699
249	22.741935	23.225806	F5	90	80	0	4	-2.909306
250	22.750000	23.000000	C4	90	80	1	-2	-2.745489
251	22.750000	23.000000	F4	90	80	1	-1	-2.320150
252	23.000000	23.250000	D-4	90	80	1	-2	-4.444474
253	23.000000	23.250000	G-4	90	80	1	-1	-2.320150
254	23.225806	23.467742	D-5	90	80	0	2	-3.901124
255	23.225806	23.467742	G-5	90	80	0	4	-2.909306
256	23.250000	23.500000	D-4	90	80	1	-2	-3.456527
257	23.250000	23.500000	G-4	90	80	1	-1	-2.320150
258	23.467742	23.709677	D-5	90	80	0	2	-3.266530
259	23.467742	23.709677	G-5	90	80	0	5	-3.228870
260	23.500000	23.750000	C-4	90	80	1	-4	-5.233707
261	23.500000	23.750000	F-4	90	80	1	-1	-3.219441
262	23.709677	23.951613	C-5	90	80	0	2	-4.577242
263	23.709677	23.951613	F-5	90	80	0	4	-2.909306
264	23.750000	24.000000	C-4	90	80	1	-2	-3.456527
265	23.750000	24.000000	F-4	90	80	1	-1	-2.320150
266	23.951613	24.677419	C-5	90	80	0	2	-3.266530
267	23.951613	24.677419	F-5	90	80	0	5	-3.228870
268	24.000000	24.500000	B-3	90	80	1	-2	-5.099885
269	24.000000	24.500000	E-4	90	80	1	-1	-2.320150
270	24.193548	24.435484	B-4	90	80	0	2	-4.412763
271	24.193548	24.435484	E-5	90	80	0	4	-2.909306
272	24.435484	24.677419	B-4	90	80	0	2	-3.266530
273	24.435484	24.677419	E-5	90	80	0	4	-2.909306
274	24.500000	25.000000	C4	90	80	1	-2	-4.084076
275	24.500000	25.000000	F4	90	80	1	-1	-2.320150
276	25.000000	25.250000	D-4	90	80	1	-2	-4.444474
277	25.000000	25.250000	G-4	90	80	1	-1	-2.320150
278	25.250000	25.500000	D-4	90	80	1	-2	-3.456527
279	25.250000	25.500000	G-4	90	80	1	-1	-2.320150
280	25.403226	25.645161	D-5	90	80	0	3	-2.238713
281	25.403226	25.645161	G-5	90	80	0	5	-3.128600
282	25.500000	25.750000	C-4	90	80	1	-4	-5.233707
283	25.500000	25.750000	F-4	90	80	1	-1	-3.219441
284	25.750000	26.000000	C-4	90	80	1	-2	-3.456527
285	25.750000	26.000000	F-4	90	80	1	-1	-2.320150
286	25.887097	26.129032	C-5	90	80	0	2	-4.577242
287	25.887097	26.129032	F-5	90	80	0	4	-2.909306
288	26.000000	26.250000	B-3	90	80	1	-2	-5.099885
289	26.000000	26.250000	E-4	90	80	1	-1	-2.320150
290	26.250000	26.500000	B-3	90	80	1	-2	-3.456527
291	26.250000	26.500000	E-4	90	80	1	-1	-2.320150
292	26.370968	26.612903	B-4	90	80	0	1	-4.295977
293	26.370968	26.612903	E-5	90	80	0	3	-3.401091
294	26.500000	27.000000	C4	90	80	1	-2	-4.084076
295	26.500000	27.000000	F4	90	80	1	-1	-2.320150
296	26.612903	27.096774	C5	90	80	0	2	-3.286699
297	26.612903	27.096774	F5	90	80	0	4	-2.909306
298	27.000000	27.500000	D-4	90	80	1	-2	-4.444474
299	27.000000	27.500000	G-4	90	80	1	-1	-2.320150
300	27.096774	27.580645	D-5	90	80	0	2	-3.901124
301	27.096774	27.580645	G-5	90	80	0	5	-3.228870
302	27.750000	28.000000	C-4	90	80	1	-4	-5.233707
303	27.750000	28.000000	F-4	90	80	1	-2	-2.507290
304	27.822581	28.064516	C-5	90	80	0	2	-4.577242
305	27.822581	28.064516	F-5	90	80	0	4	-2.909306
306	28.064516	28.306452	B-4	90	80	0	1	-4.295977
307	28.064516	28.306452	E-5	90	80	0	3	-3.401091
308	28.250000	28.500000	B-3	90	80	1	-4	-6.312522
309	28.250000	28.500000	E-4	90	80	1	-2	-2.507290
310	28.306452	28.548387	C5	90	80	0	2	-3.286699
311	28.306452	28.548387	F5	90	80	0	5	-3.228870
312	28.500000	29.000000	C-4	90	80	1	-4	-4.761119
313	28.500000	29.000000	F4	90	80	1	-1	-2.959487
314	28.790323	29.032258	G-4	90	80	0	1	-4.221033
315	28.790323	29.032258	C5	90	80	0	4	-5.537262
316	29.000000	29.250000	D-4	90	80	1	-2	-4.444474
317	29.000000	29.250000	G-4	90	80	1	-1	-2.320150
318	29.032258	29.274194	F4	90	80	0	1	-2.857522
319	29.032258	29.274194	B-4	90	80	0	3	-3.998423
320	29.250000	29.500000	C-4	90	80	1	-4	-5.233707
321	29.250000	29.500000	F-4	90	80	1	-1	-3.219441
322	29.274194	29.516129	G-4	90	80	0	2	-3.674662
323	29.274194	29.516129	C-5	90	80	0	5	-4.964310
324	29.516129	29.758065	E-4	90	80	0	2	-3.763668
325	29.516129	29.758065	A-4	90	80	0	4	-2.909306
326	29.750000	30.000000	E-3	90	80	1	-5	-4.553252
327	29.750000	30.000000	A-3	90	80	1	-2	-3.272976
328	29.758065	30.000000	G-4	90	80	0	3	-2.238713
329	29.758065	30.000000	C-5	90	80	0	5	-3.340065
330	30.000000	30.241935	F4	90	80	0	3	-3.854029
331	30.000000	30.241935	B-4	90	80	0	5	-3.549127
332	30.000000	30.250000	F-3	90	80	1	-4	-4.761119
333	30.000000	30.250000	B--3	90	80	1	-1	-3.219441
334	30.241935	30.483871	G-4	90	80	0	3	-3.509161
335	30.241935	30.483871	C-5	90	80	0	5	-3.340065
336	30.250000	30.500000	E-3	90	80	1	-2	-5.099885
337	30.250000	30.500000	A-3	90	80	1	-1	-2.320150
338	30.483871	30.725806	E-4	90	80	0	2	-3.763668
339	30.483871	30.725806	A-4	90	80	0	4	-2.909306
340	30.500000	30.750000	G-3	90	80	1	-2	-2.745489
341	30.500000	30.750000	C-4	90	80	1	-1	-3.262923
342	30.725806	30.967742	G-4	90	80	0	3	-2.238713
343	30.725806	30.967742	C-5	90	80	0	5	-3.340065
344	30.750000	31.000000	E-3	90	80	1	-4	-4.339145
345	30.750000	31.000000	A-3	90	80	1	-1	-3.219441
346	30.967742	31.209677	F4	90	80	0	3	-3.854029
347	30.967742	31.209677	B-4	90	80	0	5	-3.549127
348	31.000000	31.250000	F-3	90	80	1	-2	-4.597368
349	31.000000	31.250000	B--3	90	80	1	-1	-2.320150
350	31.209677	31.451613	G-4	90	80	0	3	-3.509161
351	31.209677	31.451613	C-5	90	80	0	5	-3.340065
352	31.250000	31.500000	E-3	90	80	1	-2	-5.099885
353	31.250000	31.500000	A-3	90	80	1	-1	-2.320150
354	31.451613	31.693548	E-4	90	80	0	2	-3.763668
355	31.451613	31.693548	A-4	90	80	0	4	-2.909306
356	31.500000	31.750000	G-3	90	80	1	-2	-2.745489
357	31.500000	31.750000	C-4	90	80	1	-1	-3.262923
358	31.693548	31.935484	G-4	90	80	0	3	-2.238713
359	31.693548	31.935484	C-5	90	80	0	5	-3.340065
360	31.750000	32.000000	E-3	90	80	1	-4	-4.339145
361	31.750000	32.000000	A-3	90	80	1	-1	-3.219441
362	31.935484	32.177419	F4	90	80	0	2	-3.071676
363	31.935484	32.177419	B-4	90	80	0	4	-3.522723
364	32.000000	32.250000	F-3	90	80	1	-2	-4.597368
365	32.000000	32.250000	B--3	90	80	1	-1	-2.320150
366	32.177419	32.419355	G-4	90	80	0	2	-3.359779
367	32.177419	32.419355	C-5	90	80	0	4	-3.927704
368	32.250000	32.500000	E-3	90	80	1	-2	-5.099885
369	32.250000	32.500000	A-3	90	80	1	-1	-2.320150
370	32.419355	32.661290	E-4	90	80	0	1	-3.577835
371	32.419355	32.661290	A-4	90	80	0	2	-2.963617
372	32.500000	32.750000	G-3	90	80	1	-2	-2.745489
373	32.500000	32.750000	C-4	90	80	1	-1	-3.262923
374	32.661290	32.903226	G-4	90	80	0	1	-2.609267
375	32.661290	32.903226	C-5	90	80	0	2	-3.465862
376	32.750000	33.000000	E-3	90	80	1	-4	-4.339145
377	32.750000	33.000000	A-3	90	80	1	-1	-3.219441
378	33.000000	33.250000	F-3	90	80	1	-2	-4.597368
379	33.000000	33.250000	B--3	90	80	1	-1	-2.320150
380	33.250000	33.500000	E-3	90	80	1	-2	-5.099885
381	33.250000	33.500000	A-3	90	80	1	-1	-2.320150
382	33.500000	33.750000	G-3	90	80	1	-2	-2.745489
383	33.500000	33.750000	C-4	90	80	1	-1	-3.262923
384	33.629032	34.596774	F4	63	80	0	1	-3.434905
385	33.750000	34.000000	E-3	90	80	1	-4	-4.339145
386	33.750000	34.000000	A-3	90	80	1	-2	-2.507290
387	33.870968	34.112903	B-4	63	80	0	2	-3.275273
388	34.000000	35.000000	D3	99	80	1	-5	-5.017302
389	34.112903	34.354839	E-5	63	80	0	5	-3.228870
390	34.250000	34.500000	G3	99	80	1	-2	-3.272976
391	34.354839	34.596774	B-4	63	80	0	3	-3.854029
392	34.500000	35.500000	C4	99	80	1	-1	-2.320150
393	35.000000	35.500000	D3	99	80	1	-5	-3.181034
394	35.564516	35.806452	C4	63	80	0	1	-5.332902
395	35.564516	35.806452	B-4	63	80	0	5	-4.874096
396	35.806452	36.774194	F4	63	80	0	3	-4.396088
397	36.000000	36.250000	D3	99	80	1	-5	-4.242005
398	36.250000	36.500000	G-3	99	80	1	-3	-3.351805
399	36.290323	36.774194	B-4	63	80	0	5	-3.549127
400	36.750000	37.750000	A2	99	80	1	-5	-7.852239
401	37.000000	37.250000	D3	99	80	1	-2	-3.272976
402	37.250000	38.250000	G3	99	80	1	-1	-2.320150
403	37.500000	37.741935	F3	63	80	0	1	-5.695314
404	37.741935	38.467742	F3	63	80	0	1	-4.507997
405	37.741935	37.983871	B-3	63	80	0	2	-3.275273
406	37.983871	38.225806	E-4	63	80	0	4	-2.909306
407	38.225806	38.467742	B-3	63	80	0	1	-3.216633
408	38.250000	38.750000	A2	99	80	1	-5	-3.181034
409	38.250000	38.750000	D-3	99	80	1	-3	-3.351805
410	38.750000	39.750000	D2	81	80	1	-5	-6.125788
411	38.951613	39.193548	E-5	126	80	0	5	-6.120276
412	39.000000	39.250000	G2	81	80	1	-2	-3.272976
413	39.193548	39.435484	B-4	126	80	0	1	-4.713462
414	39.250000	40.250000	C3	81	80	1	-1	-2.320150
415	39.435484	39.677419	E-5	126	80	0	2	-2.963617
416	39.677419	39.919355	A-5	126	80	0	5	-3.228870
417	40.250000	40.500000	D-2	81	80	1	-5	-4.582913
418	40.250000	40.500000	G-2	81	80	1	-3	-3.463793
419	40.403226	40.645161	D-3	90	80	0	1	-6.163296
420	40.403226	40.645161	G-3	90	80	0	3	-3.401091
421	40.645161	40.887097	C3	90	80	0	1	-4.323321
422	40.645161	40.887097	F3	90	80	0	4	-4.278061
423	40.887097	41.129032	D-3	90	80	0	2	-3.901124
424	40.887097	41.129032	G-3	90	80	0	4	-2.909306
425	41.000000	41.250000	E-3	81	80	1	-1	-4.439870
426	41.129032	41.370968	B-2	90	80	0	1	-2.969918
427	41.129032	41.370968	E-3	90	80	0	3	-3.401091
428	41.250000	41.500000	B-2	81	80	1	-4	-4.223116
429	41.370968	41.612903	D-3	90	80	0	2	-2.287533
430	41.370968	41.612903	G-3	90	80	0	5	-3.228870
431	41.500000	41.750000	E-3	81	80	1	-2	-2.507290
432	41.612903	41.854839	C3	90	80	0	2	-4.646957
433	41.612903	41.854839	F3	90	80	0	4	-2.909306
434	41.750000	42.000000	A-3	81	80	1	-1	-2.320150
435	41.854839	42.096774	D-3	90	80	0	2	-3.901124
436	41.854839	42.096774	G-3	90	80	0	4	-2.909306
437	42.096774	42.338710	B-2	90	80	0	1	-2.969918
438	42.096774	42.338710	E-3	90	80	0	3	-3.401091
439	42.338710	42.580645	D-3	90	80	0	2	-2.287533
440	42.338710	42.580645	G-3	90	80	0	5	-3.228870
441	42.500000	42.750000	B-1	90	80	1	-5	-5.805721
442	42.500000	42.750000	E-2	90	80	1	-2	-3.272976
443	42.580645	42.822581	C3	90	80	0	2	-4.646957
444	42.580645	42.822581	F3	90	80	0	4	-2.909306
445	42.750000	43.000000	C-2	90	80	1	-4	-4.761119
446	42.750000	43.000000	F-2	90	80	1	-1	-3.219441
447	42.822581	43.064516	D-3	90	80	0	2	-3.901124
448	42.822581	43.064516	G-3	90	80	0	4	-2.909306
449	43.000000	43.250000	B-1	90	80	1	-2	-5.099885
450	43.000000	43.250000	E-2	90	80	1	-1	-2.320150
451	43.064516	43.306452	B-2	90	80	0	1	-2.969918
452	43.064516	43.306452	E-3	90	80	0	3	-3.401091
453	43.250000	43.500000	D-2	90	80	1	-2	-2.745489
454	43.250000	43.500000	G-2	90	80	1	-1	-2.320150
455	43.306452	43.548387	D-3	90	80	0	2	-2.287533
456	43.306452	43.548387	G-3	90	80	0	4	-2.909306
457	43.500000	43.750000	B-1	90	80	1	-4	-4.458307
458	43.500000	43.750000	E-2	90	80	1	-1	-3.219441
459	43.548387	43.790323	C3	90	80	0	1	-3.845468
460	43.548387	43.790323	F3	90	80	0	2	-2.963617
461	43.750000	44.000000	C-2	90	80	1	-2	-4.597368
462	43.750000	44.000000	F-2	90	80	1	-1	-2.320150
463	43.790323	44.032258	D-3	90	80	0	1	-3.898407
464	43.790323	44.032258	G-3	90	80	0	2	-2.963617
465	44.000000	44.250000	B-1	90	80	1	-2	-5.099885
466	44.000000	44.250000	E-2	90	80	1	-1	-2.320150
467	44.250000	44.500000	D-2	90	80	1	-2	-2.745489
468	44.250000	44.500000	G-2	90	80	1	-1	-2.320150
469	44.274194	44.516129	A-5	90	80	0	3	-15.136964
470	44.274194	44.516129	D-6	90	80	0	5	-3.128600
471	44.500000	44.750000	B-1	90	80	1	-4	-4.458307
472	44.500000	44.750000	E-2	90	80	1	-1	-3.219441
473	44.516129	45.241935	E-5	126	80	0	1	-3.027253
474	44.750000	45.000000	C-2	90	80	1	-2	-4.597368
475	44.750000	45.000000	F-2	90	80	1	-1	-2.320150
476	45.000000	45.250000	B-1	90	80	1	-2	-5.099885
477	45.000000	45.250000	E-2	90	80	1	-1	-2.320150
478	45.241935	45.483871	A-5	90	80	0	2	-2.963617
479	45.241935	45.483871	D-6	90	80	0	5	-3.228870
480	45.250000	45.500000	D-2	90	80	1	-2	-2.745489
481	45.250000	45.500000	G-2	90	80	1	-1	-2.320150
482	45.483871	46.209677	E-5	126	80	0	1	-3.027253
483	45.500000	45.750000	B-1	90	80	1	-4	-4.458307
484	45.500000	45.750000	E-2	90	80	1	-1	-3.219441
485	45.750000	46.000000	C-2	90	80	1	-2	-4.597368
486	45.750000	46.000000	F-2	90	80	1	-1	-2.320150
487	46.000000	46.250000	B-1	90	80	1	-2	-5.099885
488	46.000000	46.250000	E-2	90	80	1	-1	-2.320150
489	46.209677	46.451613	A-5	90	80	0	2	-2.963617
490	46.209677	46.451613	D-6	90	80	0	5	-3.228870
491	46.451613	46.693548	E-5	126	80	0	2	-5.139378
492	46.693548	46.935484	B-4	126	80	0	1	-3.434905
493	46.935484	47.177419	E-5	126	80	0	2	-2.963617
494	47.000000	47.250000	F3	90	80	1	-5	-7.255468
495	47.000000	47.250000	B-3	90	80	1	-3	-3.351805
496	47.177419	47.419355	A-5	90	80	0	3	-4.897982
497	47.177419	47.419355	D-6	90	80	0	5	-3.128600
498	47.250000	48.000000	E-4	45	80	1	-1	-2.717521
499	47.419355	47.661290	E-5	126	80	0	1	-3.027253
500	48.000000	48.250000	F3	90	80	1	-5	-4.087479
501	48.000000	48.250000	B-3	90	80	1	-4	-4.565377
502	48.250000	49.000000	E-4	45	80	1	-2	-2.507290
503	49.000000	49.250000	A-4	45	80	1	-1	-2.320150
504	49.250000	49.500000	E-4	45	80	1	-2	-3.456527
505	49.500000	49.750000	F3	90	80	1	-5	-6.076302
506	49.500000	49.750000	B-3	90	80	1	-3	-3.351805
507	49.750000	50.000000	E-4	45	80	1	-1	-2.717521
