//Version: PianoFingering_v170101
1	0.000000	0.750000	B3	63	80	1	-5	-0.504576
2	0.750000	1.250000	B3	63	80	1	-4	-6.683330
3	1.250000	1.500000	D-4	63	80	1	-2	-3.337019
4	1.500000	1.750000	C4	63	80	1	-3	-3.281947
5	1.730769	8.653846	F4	90	80	0	1	-0.925785
6	1.730769	8.653846	G4	90	80	0	2	-2.867384
7	1.750000	2.000000	D4	63	80	1	-2	-2.510186
8	2.000000	2.250000	C#4	63	80	1	-3	-3.848567
9	2.250000	2.500000	E-4	63	80	1	-2	-2.510186
10	2.500000	2.750000	D4	63	80	1	-3	-3.281947
11	2.750000	3.000000	E4	63	80	1	-2	-2.510186
12	3.000000	3.750000	C#4	63	80	1	-3	-3.464153
13	3.750000	4.250000	C4	63	80	1	-1	-3.371140
14	4.500000	5.250000	B3	63	80	1	-2	-2.745489
15	5.250000	5.500000	C4	63	80	1	-1	-2.578439
16	5.500000	5.750000	B3	63	80	1	-2	-2.745489
17	5.750000	6.000000	D-4	63	80	1	-1	-3.101885
18	6.000000	6.250000	C4	63	80	1	-2	-4.597368
19	6.250000	6.500000	D4	63	80	1	-1	-2.578439
20	6.500000	6.750000	C#4	63	80	1	-2	-3.720116
21	6.750000	7.000000	E-4	63	80	1	-1	-2.578439
22	7.000000	7.250000	D4	63	80	1	-2	-4.597368
23	7.250000	7.500000	E4	63	80	1	-1	-2.578439
24	7.500000	8.250000	D#4	63	80	1	-2	-3.720116
25	8.250000	8.750000	A#3	63	80	1	-5	-3.713619
26	8.653846	9.807692	E4	90	80	0	1	-3.157580
27	8.653846	9.807692	F#4	90	80	0	2	-3.246278
28	8.653846	9.807692	G#4	90	80	0	3	-2.675961
29	9.000000	10.000000	E4	63	80	1	-2	-4.656382
30	10.000000	10.250000	F4	63	80	1	-1	-2.578439
31	10.250000	10.500000	E4	63	80	1	-2	-2.745489
32	10.500000	10.750000	E-4	63	80	1	-3	-3.848567
33	10.750000	11.000000	D4	63	80	1	-4	-3.777019
34	11.000000	11.250000	E4	63	80	1	-3	-2.915060
35	11.250000	12.250000	F4	63	80	1	-2	-2.510186
36	11.538462	12.115385	F4	90	80	0	1	-3.984578
37	11.538462	12.115385	G4	90	80	0	2	-2.867384
38	11.538462	12.115385	A4	90	80	0	3	-2.675961
39	12.115385	15.576923	F#4	90	80	0	2	-3.032881
40	12.115385	15.576923	G#4	90	80	0	3	-2.675961
41	12.250000	12.500000	G4	63	80	1	-1	-2.578439
42	12.500000	12.750000	E4	63	80	1	-2	-3.291596
43	12.750000	13.000000	E-4	63	80	1	-3	-3.848567
44	13.000000	13.250000	D4	63	80	1	-4	-3.777019
45	13.250000	13.500000	F4	63	80	1	-3	-4.675518
46	13.500000	14.500000	F#4	63	80	1	-2	-3.081523
47	14.500000	14.750000	F4	63	80	1	-3	-3.281947
48	14.750000	15.000000	E-4	63	80	1	-4	-4.210732
49	15.000000	16.000000	F#4	63	80	1	-2	-2.359478
50	16.000000	16.250000	F4	63	80	1	-3	-3.281947
51	16.250000	16.500000	E4	63	80	1	-4	-3.061136
52	16.500000	17.750000	F#4	63	80	1	-3	-3.762277
53	17.750000	18.000000	E#4	63	80	1	-4	-3.777019
54	18.000000	19.250000	F#4	63	80	1	-3	-2.906925
55	19.038462	20.192308	A4	90	80	0	4	-3.868143
56	19.250000	19.500000	E#4	63	80	1	-4	-3.777019
57	19.500000	20.250000	F#4	63	80	1	-3	-2.906925
58	20.250000	24.000000	G4	63	80	1	-2	-3.642491
59	21.923077	22.500000	G4	90	80	0	3	-2.238713
60	21.923077	22.500000	A4	90	80	0	4	-2.883688
61	21.923077	22.500000	B4	90	80	0	5	-2.706622
62	22.500000	27.115385	A-4	90	80	0	3	-4.229469
63	22.500000	27.115385	B-4	90	80	0	4	-2.883688
64	23.000000	23.250000	F4	90	80	1	-3	-2.891080
65	23.000000	23.250000	G4	90	80	1	-2	-2.510186
66	23.000000	23.250000	A4	90	80	1	-1	-2.578439
67	23.250000	26.000000	G-4	90	80	1	-2	-3.299403
68	23.250000	26.000000	A4	90	80	1	-1	-2.464298
69	26.000000	26.250000	B-4	63	80	1	-2	-4.643648
70	26.250000	26.750000	A4	90	80	1	-3	-3.281947
71	26.250000	26.750000	B4	90	80	1	-2	-2.510186
72	27.000000	29.500000	A-4	90	80	1	-3	-3.464153
73	27.000000	29.500000	B-4	90	80	1	-2	-2.510186
74	27.115385	27.692308	A4	90	80	0	3	-3.302559
75	27.115385	27.692308	C-5	90	80	0	4	-2.883688
76	27.115385	27.692308	D-5	90	80	0	5	-4.070264
77	27.692308	31.730769	A-4	90	80	0	2	-3.071676
78	27.692308	31.730769	B-4	90	80	0	3	-2.675961
79	29.500000	30.500000	C5	63	80	1	-1	-2.464298
80	29.500000	29.750000	C5	63	80	1	-1	-4.426668
81	29.750000	30.000000	B4	63	80	1	-2	-2.745489
82	30.000000	31.000000	B-4	99	80	1	-3	-3.848567
83	30.500000	30.750000	C5	99	80	1	-1	-3.288065
84	30.750000	31.000000	B4	99	80	1	-2	-2.745489
85	31.000000	31.250000	A4	99	80	1	-3	-2.891080
86	31.500000	32.500000	G-4	90	80	1	-4	-4.210732
87	31.500000	32.500000	A-4	90	80	1	-3	-2.915060
88	31.730769	32.307692	G4	90	80	0	1	-3.984578
89	31.730769	32.307692	A4	90	80	0	2	-2.867384
90	31.730769	32.307692	B4	90	80	0	3	-2.675961
91	32.307692	32.884615	A-4	90	80	0	2	-3.032881
92	32.307692	32.884615	B-4	90	80	0	3	-2.675961
93	32.307692	32.884615	C5	90	80	0	4	-4.111873
94	32.500000	32.750000	G4	99	80	1	-1	-3.371140
95	32.750000	33.000000	F4	99	80	1	-2	-2.745489
96	32.884615	35.192308	G4	90	80	0	1	-3.216633
97	32.884615	35.192308	A4	90	80	0	2	-2.867384
98	33.000000	34.500000	D4	90	80	1	-3	-4.063676
99	33.000000	34.500000	E4	90	80	1	-2	-2.510186
100	34.500000	34.750000	E4	99	80	1	-1	-4.535716
101	34.750000	35.250000	E-4	99	80	1	-2	-3.720116
102	35.000000	35.250000	D-4	99	80	1	-3	-2.891080
103	35.192308	35.769231	G4	90	80	0	1	-2.609267
104	35.192308	35.769231	A4	90	80	0	2	-2.867384
105	35.192308	35.769231	B-4	90	80	0	3	-3.190537
106	35.250000	37.500000	C4	90	80	1	-4	-3.777019
107	35.250000	37.500000	D4	90	80	1	-2	-4.145153
108	35.769231	36.346154	A-4	90	80	0	2	-2.287533
109	35.769231	36.346154	B4	90	80	0	3	-3.265372
110	36.346154	39.230769	G4	90	80	0	2	-3.674662
111	36.346154	39.230769	A4	90	80	0	3	-2.675961
112	37.750000	41.750000	B3	63	80	1	-4	-3.718276
113	38.000000	38.250000	D-4	63	80	1	-2	-3.337019
114	38.250000	38.625000	C4	63	80	1	-3	-3.281947
115	38.625000	38.875000	D4	63	80	1	-2	-2.510186
116	38.875000	39.125000	C#4	63	80	1	-3	-3.848567
117	39.125000	39.375000	E-4	63	80	1	-2	-2.510186
118	39.230769	39.807692	A-4	90	80	0	2	-3.151465
119	39.230769	39.807692	B-4	90	80	0	3	-2.675961
120	39.375000	39.625000	D4	63	80	1	-3	-3.281947
121	39.750000	41.250000	E4	63	80	1	-2	-2.510186
122	39.807692	42.692308	G4	90	80	0	2	-3.286699
123	39.807692	42.692308	A4	90	80	0	3	-2.675961
124	41.250000	41.750000	E4	63	80	1	-2	-3.999177
125	41.750000	42.000000	B3	63	80	1	-4	-4.045906
126	42.000000	42.250000	C#4	63	80	1	-2	-3.337019
127	42.250000	42.500000	B#3	63	80	1	-3	-3.281947
128	42.500000	42.750000	D4	63	80	1	-2	-2.510186
129	42.692308	43.269231	A-4	90	80	0	2	-3.151465
130	42.750000	43.000000	C#4	63	80	1	-3	-3.848567
131	43.000000	43.250000	D#4	63	80	1	-2	-2.510186
132	43.250000	43.500000	D4	63	80	1	-3	-3.281947
133	43.269231	45.000000	G4	90	80	0	1	-3.290753
134	43.269231	45.000000	A4	90	80	0	2	-2.867384
135	43.269231	45.000000	B4	90	80	0	3	-2.675961
136	43.500000	44.000000	E4	63	80	1	-2	-2.510186
137	44.000000	44.250000	D#4	63	80	1	-3	-3.848567
138	44.250000	45.000000	B3	63	80	1	-5	-3.859206
139	44.250000	44.750000	E#4	63	80	1	-2	-2.554480
140	45.000000	46.730769	A-4	90	80	0	2	-3.032881
141	45.000000	45.500000	B3	45	80	1	-5	-3.155341
142	45.000000	45.500000	B3	45	80	1	-5	-4.242005
143	45.500000	46.250000	C#4	45	80	1	-3	-4.350585
144	46.250000	46.500000	C4	45	80	1	-1	-3.371140
145	46.500000	46.750000	C4	45	80	1	-2	-4.675782
146	46.750000	47.250000	D4	45	80	1	-1	-2.578439
147	47.250000	47.750000	C#4	45	80	1	-2	-3.720116
148	47.750000	48.250000	D#4	45	80	1	-1	-2.578439
149	48.000000	50.250000	B3	45	80	1	-2	-4.597368
150	48.250000	48.500000	D4	45	80	1	-1	-2.415329
151	48.500000	48.750000	E4	45	80	1	-3	-4.611792
152	48.750000	50.250000	E#4	45	80	1	-2	-2.510186
153	51.923077	54.807692	C5	63	80	0	3	-4.453766
154	54.807692	55.384615	D5	63	80	0	4	-2.883688
155	55.384615	55.961538	D-5	63	80	0	3	-3.226506
156	55.961538	56.538462	E-5	63	80	0	4	-2.883688
157	56.538462	57.115385	D5	63	80	0	3	-3.302559
158	57.115385	57.692308	E5	63	80	0	4	-2.883688
159	57.692308	58.269231	E-5	63	80	0	3	-3.226506
160	58.269231	58.846154	F5	63	80	0	5	-3.635747
161	58.846154	60.576923	E5	63	80	0	4	-2.814339
162	60.576923	61.730769	D-5	63	80	0	3	-3.510496
163	62.884615	63.461538	C5	63	80	0	2	-2.803601
164	63.461538	64.038462	D5	63	80	0	3	-2.675961
165	64.038462	64.615385	D-5	63	80	0	2	-3.151465
166	64.615385	65.192308	E-5	63	80	0	3	-2.675961
167	65.192308	65.769231	D5	63	80	0	2	-2.803601
168	65.769231	66.346154	E5	63	80	0	3	-2.675961
169	66.346154	66.923077	E-5	63	80	0	2	-3.151465
170	66.923077	67.500000	F5	63	80	0	4	-3.580467
171	67.500000	68.653846	E5	63	80	0	3	-2.238713
172	68.653846	69.230769	C#5	63	80	0	2	-3.032881
173	69.807692	70.384615	D5	63	80	0	3	-3.686981
174	70.384615	70.961538	C#5	90	80	0	2	-3.151465
175	70.384615	70.961538	E-5	90	80	0	3	-2.675961
176	70.961538	72.115385	D5	90	80	0	2	-2.803601
177	70.961538	72.115385	E5	90	80	0	3	-2.675961
178	72.115385	72.692308	E-5	90	80	0	2	-3.151465
179	72.115385	72.692308	F5	90	80	0	4	-3.580467
180	73.269231	73.846154	B-4	63	80	0	1	-3.577835
181	73.846154	74.423077	A4	90	80	0	2	-6.767166
182	73.846154	74.423077	C-5	90	80	0	3	-2.675961
183	74.423077	75.576923	B-4	90	80	0	2	-3.151465
184	74.423077	75.576923	C5	90	80	0	4	-3.580467
185	75.576923	76.153846	C-5	90	80	0	3	-2.238713
186	75.576923	76.153846	D-5	90	80	0	5	-3.990232
187	76.730769	77.307692	F#4	63	80	0	2	-3.263552
188	77.307692	77.884615	G4	63	80	0	3	-3.686981
189	77.884615	80.769231	F#4	90	80	0	2	-3.151465
190	77.884615	80.769231	A-4	90	80	0	3	-2.675961
191	80.769231	81.346154	G4	90	80	0	2	-2.803601
192	80.769231	81.346154	A4	90	80	0	3	-2.675961
193	83.653846	86.538462	F#4	63	80	0	2	-3.032881
194	84.230769	84.807692	A-4	63	80	0	3	-2.675961
195	84.807692	85.384615	G4	63	80	0	2	-2.803601
196	85.384615	85.961538	A4	63	80	0	3	-2.675961
197	85.961538	86.538462	A-4	63	80	0	2	-3.151465
198	86.538462	90.000000	F#4	90	80	0	1	-2.609267
199	86.538462	90.000000	A-4	90	80	0	2	-2.867384
200	86.538462	90.000000	B-4	90	80	0	3	-2.675961
201	90.000000	91.730769	F#4	63	80	0	1	-3.281335
202	90.000000	91.730769	A-4	90	80	0	2	-2.867384
203	90.000000	91.730769	B-4	90	80	0	3	-2.675961
204	93.461538	96.923077	F#4	63	80	0	2	-3.674662
205	94.615385	95.192308	G#4	63	80	0	3	-2.675961
206	95.192308	95.769231	G4	63	80	0	2	-2.803601
207	95.769231	96.346154	A4	63	80	0	3	-2.675961
208	96.346154	96.923077	G#4	63	80	0	2	-3.151465
209	96.923077	100.384615	G4	90	80	0	1	-3.290753
210	96.923077	100.384615	A#4	90	80	0	2	-3.246278
211	100.384615	105.576923	F4	63	80	0	1	-4.134704
212	107.307692	107.884615	F#4	63	80	0	2	-3.900292
213	107.307692	107.884615	G#4	90	80	0	3	-2.675961
214	107.307692	107.884615	A#4	90	80	0	4	-2.883688
215	107.884615	112.500000	F#4	45	80	0	2	-3.359779
216	109.038462	110.192308	G#4	45	80	0	3	-2.675961
217	110.192308	111.346154	G#4	45	80	0	2	-4.935872
218	111.346154	112.500000	A4	45	80	0	3	-3.686981
219	112.500000	117.115385	F4	45	80	0	1	-3.281335
220	112.500000	113.653846	G#4	45	80	0	2	-3.246278
221	114.807692	115.961538	A4	45	80	0	3	-3.686981
222	115.961538	119.423077	B4	45	80	0	4	-2.883688
223	117.692308	121.153846	G4	45	80	0	2	-3.359779
