//Version: PianoFingering_v170101
1	0.000000	0.250000	G3	90	80	1	-5	-0.504576
2	0.000000	0.250000	B3	90	80	1	-3	-3.170876
3	0.000000	0.250000	D4	90	80	1	-1	-2.967507
4	0.197368	0.394737	E-4	90	80	0	1	-0.925785
5	0.394737	0.592105	F#4	90	80	0	2	-2.525967
6	0.750000	1.000000	G3	90	80	1	-4	-3.752799
7	0.750000	1.000000	B3	90	80	1	-2	-2.359478
8	0.750000	1.000000	D4	90	80	1	-1	-2.415329
9	0.789474	0.986842	E-4	90	80	0	1	-3.157580
10	0.986842	1.184211	F#4	90	80	0	3	-3.473158
11	1.381579	1.578947	E#4	90	80	0	2	-2.803601
12	1.381579	1.578947	F#4	90	80	0	3	-3.190537
13	1.776316	1.973684	E4	90	80	0	2	-3.286699
14	1.776316	1.973684	F#4	90	80	0	3	-3.409656
15	2.000000	2.250000	G3	90	80	1	-4	-3.752799
16	2.000000	2.250000	B3	90	80	1	-2	-2.359478
17	2.000000	2.250000	D4	90	80	1	-1	-2.415329
18	2.171053	2.368421	E-4	90	80	0	2	-3.674662
19	2.368421	2.565789	F#4	90	80	0	4	-2.758588
20	2.500000	2.750000	G3	90	80	1	-4	-3.752799
21	2.500000	2.750000	B3	90	80	1	-2	-2.359478
22	2.500000	2.750000	D4	90	80	1	-1	-2.415329
23	2.763158	3.157895	F4	90	80	0	3	-3.302559
24	3.250000	3.500000	G3	90	80	1	-4	-3.752799
25	3.250000	3.500000	B3	90	80	1	-2	-2.359478
26	3.250000	3.500000	D4	90	80	1	-1	-2.415329
27	3.355263	3.552632	E-4	90	80	0	2	-3.032881
28	3.355263	3.552632	F#4	90	80	0	4	-2.758588
29	4.000000	4.250000	G3	90	80	1	-4	-3.752799
30	4.000000	4.250000	B3	90	80	1	-2	-2.359478
31	4.000000	4.250000	D4	90	80	1	-1	-2.415329
32	4.500000	9.000000	B-3	127	80	1	-2	-4.444474
33	4.934211	5.131579	D-4	127	80	0	2	-3.266530
34	5.131579	5.328947	C4	127	80	0	1	-3.290753
35	5.328947	5.526316	B3	127	80	0	2	-4.891425
36	5.526316	5.723684	C4	127	80	0	3	-2.675961
37	5.723684	5.921053	B3	127	80	0	2	-2.287533
38	5.921053	6.118421	D-4	127	80	0	4	-4.064995
39	6.118421	6.315789	C4	127	80	0	3	-3.302559
40	6.315789	6.513158	B3	127	80	0	2	-2.287533
41	6.513158	6.710526	D-4	127	80	0	3	-3.409656
42	6.710526	6.907895	C4	127	80	0	2	-2.803601
43	6.907895	7.105263	B3	127	80	0	1	-2.609267
44	7.302632	7.500000	D-4	127	80	0	2	-3.246278
45	7.500000	7.697368	E4	127	80	0	3	-3.265372
46	7.894737	8.092105	G4	127	80	0	5	-2.681011
47	8.092105	8.289474	E4	127	80	0	3	-3.509161
48	8.486842	8.684211	D#4	90	80	0	2	-3.151465
49	8.486842	8.684211	E4	90	80	0	3	-3.686981
50	8.881579	9.078947	D4	90	80	0	2	-2.287533
51	8.881579	9.078947	E4	90	80	0	3	-2.675961
52	9.000000	9.250000	F3	90	80	1	-4	-4.761119
53	9.000000	9.250000	A3	90	80	1	-2	-2.359478
54	9.000000	9.250000	C4	90	80	1	-1	-2.415329
55	9.276316	9.473684	D-4	127	80	0	2	-3.032881
56	9.473684	9.671053	E4	127	80	0	3	-3.265372
57	9.750000	10.000000	F3	90	80	1	-4	-3.752799
58	9.750000	10.000000	A3	90	80	1	-2	-2.359478
59	9.750000	10.000000	C4	90	80	1	-1	-2.415329
60	9.868421	10.065789	D#4	127	80	0	2	-3.151465
61	10.065789	10.263158	E4	127	80	0	3	-3.686981
62	10.460526	10.657895	F#4	90	80	0	4	-4.476680
63	10.460526	10.657895	G4	90	80	0	5	-3.684684
64	11.000000	11.250000	F3	90	80	1	-4	-3.752799
65	11.000000	11.250000	A3	90	80	1	-2	-2.359478
66	11.000000	11.250000	C4	90	80	1	-1	-2.415329
67	11.644737	11.842105	A3	126	80	0	1	-3.027253
68	11.842105	12.039474	B-3	126	80	0	2	-3.900292
69	12.039474	12.236842	C-4	126	80	0	3	-3.686981
70	12.236842	12.434211	A3	126	80	0	2	-2.287533
71	12.250000	12.500000	F3	90	80	1	-4	-3.752799
72	12.250000	12.500000	A3	90	80	1	-2	-2.359478
73	12.250000	12.500000	C4	90	80	1	-1	-2.415329
74	12.434211	12.631579	B-3	126	80	0	3	-3.190537
75	12.631579	12.828947	A3	126	80	0	2	-2.803601
76	12.828947	13.026316	B-3	126	80	0	3	-3.190537
77	13.000000	13.250000	F3	90	80	1	-4	-3.752799
78	13.000000	13.250000	A3	90	80	1	-2	-2.359478
79	13.000000	13.250000	C4	90	80	1	-1	-2.415329
80	13.026316	13.223684	C-4	126	80	0	4	-3.868143
81	13.223684	13.421053	A3	126	80	0	3	-2.238713
82	13.421053	13.618421	B-3	126	80	0	4	-4.152325
83	13.500000	18.000000	A-3	127	80	1	-2	-4.444474
84	13.618421	13.815789	A3	126	80	0	3	-3.302559
85	13.815789	14.013158	B-3	126	80	0	4	-4.152325
86	14.013158	14.210526	C-4	126	80	0	5	-3.684684
87	14.407895	14.605263	C-4	126	80	0	1	-5.027158
88	14.605263	14.802632	D4	126	80	0	2	-2.525967
89	15.000000	15.197368	C-4	126	80	0	1	-3.157580
90	15.197368	15.394737	D4	126	80	0	2	-2.525967
91	15.592105	15.789474	D#4	90	80	0	3	-3.190537
92	15.592105	15.789474	F#4	90	80	0	5	-2.681011
93	15.986842	16.184211	C-4	126	80	0	1	-3.738292
94	16.184211	16.381579	D4	126	80	0	2	-2.525967
95	16.578947	16.776316	D#4	90	80	0	3	-3.190537
96	16.578947	16.776316	F#4	90	80	0	5	-2.681011
97	16.973684	17.171053	C-4	127	80	0	1	-3.738292
98	17.171053	17.368421	D4	127	80	0	3	-3.473158
99	17.565789	17.763158	C#4	90	80	0	2	-3.151465
100	17.565789	17.763158	D#4	90	80	0	3	-2.675961
101	17.763158	17.960526	F#4	127	80	0	5	-2.681011
102	18.000000	18.250000	E-3	90	80	1	-4	-4.045906
103	18.000000	18.250000	G-3	90	80	1	-2	-2.359478
104	18.000000	18.250000	B-3	90	80	1	-1	-2.415329
105	18.157895	18.355263	F#4	90	80	0	1	-5.027158
106	18.157895	18.355263	G#4	90	80	0	2	-2.867384
107	18.355263	18.552632	D#4	127	80	0	1	-3.434905
108	18.750000	18.947368	E#4	90	80	0	2	-3.493146
109	18.750000	18.947368	F#4	90	80	0	3	-3.190537
110	18.750000	18.947368	G#4	90	80	0	4	-2.883688
111	18.750000	19.000000	E-3	90	80	1	-5	-3.242781
112	18.750000	19.000000	G-3	90	80	1	-3	-3.170876
113	18.750000	19.000000	B-3	90	80	1	-2	-3.046717
114	19.144737	19.342105	E4	90	80	0	2	-4.058569
115	19.144737	19.342105	F#4	90	80	0	3	-3.409656
116	19.144737	19.342105	G#4	90	80	0	4	-2.883688
117	19.500000	19.750000	A3	90	80	1	-3	-3.281947
118	19.500000	19.750000	C4	90	80	1	-2	-3.046717
119	19.500000	19.750000	E4	90	80	1	-1	-2.415329
120	19.539474	19.736842	D#4	90	80	0	1	-3.216633
121	19.539474	19.736842	F#4	90	80	0	2	-2.525967
122	19.736842	19.934211	G#4	127	80	0	3	-2.675961
123	20.000000	20.250000	E3	90	80	1	-5	-2.314770
124	20.000000	20.250000	G3	90	80	1	-3	-3.170876
125	20.000000	20.250000	B-3	90	80	1	-2	-3.407298
126	20.131579	20.328947	D#4	90	80	0	1	-2.905888
127	20.131579	20.328947	F#4	90	80	0	2	-2.525967
128	20.131579	20.328947	G#4	90	80	0	3	-2.675961
129	20.328947	20.526316	B4	127	80	0	5	-3.635747
130	20.723684	20.921053	D#4	90	80	0	1	-3.862851
131	20.723684	20.921053	F#4	90	80	0	2	-2.525967
132	20.723684	20.921053	G#4	90	80	0	3	-2.675961
133	20.723684	20.921053	B4	90	80	0	5	-3.635747
134	20.750000	21.000000	A3	90	80	1	-3	-3.281947
135	20.750000	21.000000	C4	90	80	1	-2	-3.046717
136	20.750000	21.000000	E4	90	80	1	-1	-2.415329
137	21.118421	21.315789	D#4	90	80	0	1	-3.862851
138	21.118421	21.315789	F#4	90	80	0	2	-2.525967
139	21.118421	21.315789	G#4	90	80	0	3	-2.675961
140	21.118421	21.315789	B4	90	80	0	5	-3.635747
141	21.250000	21.500000	E-3	90	80	1	-5	-4.553252
142	21.250000	21.500000	G-3	90	80	1	-3	-3.170876
143	21.250000	21.500000	B-3	90	80	1	-2	-3.046717
144	21.513158	21.710526	D4	90	80	0	1	-2.845304
145	21.513158	21.710526	F#4	90	80	0	2	-3.275273
146	21.513158	21.710526	G#4	90	80	0	3	-2.675961
147	21.513158	21.710526	B4	90	80	0	5	-3.635747
148	21.907895	22.105263	D4	90	80	0	1	-2.845304
149	21.907895	22.105263	F#4	90	80	0	2	-3.275273
150	21.907895	22.105263	G#4	90	80	0	3	-2.675961
151	21.907895	22.105263	B4	90	80	0	5	-3.635747
152	22.000000	22.250000	A3	90	80	1	-3	-3.281947
153	22.000000	22.250000	C4	90	80	1	-2	-3.046717
154	22.000000	22.250000	E4	90	80	1	-1	-2.415329
155	22.302632	22.500000	D#4	90	80	0	1	-3.862851
156	22.302632	22.500000	F#4	90	80	0	2	-2.525967
157	22.302632	22.500000	G#4	90	80	0	3	-2.675961
158	22.302632	22.500000	B4	90	80	0	5	-3.635747
159	22.750000	23.000000	C4	90	80	1	-3	-4.276897
160	22.750000	23.000000	E4	90	80	1	-2	-3.046717
161	22.750000	23.000000	G4	90	80	1	-1	-2.415329
162	22.894737	23.092105	D#4	90	80	0	1	-3.862851
163	22.894737	23.092105	F#4	90	80	0	2	-2.525967
164	22.894737	23.092105	G#4	90	80	0	3	-2.675961
165	23.092105	23.289474	B4	127	80	0	4	-4.111873
166	23.486842	23.684211	G#4	90	80	0	2	-4.090178
167	23.486842	23.684211	A#4	90	80	0	3	-2.675961
168	23.500000	23.750000	G3	90	80	1	-5	-2.314770
169	23.500000	23.750000	B3	90	80	1	-3	-3.170876
170	23.684211	23.881579	A#4	90	80	0	3	-4.378151
171	23.684211	23.881579	C#5	90	80	0	5	-2.681011
172	24.000000	24.250000	B3	90	80	1	-3	-4.764209
173	24.000000	24.250000	D4	90	80	1	-2	-3.046717
174	24.276316	24.473684	D4	90	80	0	1	-3.885272
175	24.276316	24.473684	F#4	90	80	0	2	-3.275273
176	24.276316	24.473684	G#4	90	80	0	3	-2.675961
177	24.276316	24.473684	B4	90	80	0	5	-3.635747
178	24.500000	24.750000	A3	90	80	1	-5	-3.713619
179	24.500000	24.750000	C4	90	80	1	-3	-3.170876
180	24.500000	24.750000	E4	90	80	1	-2	-3.046717
181	24.671053	24.868421	D#4	90	80	0	1	-3.862851
182	24.671053	24.868421	F#4	90	80	0	2	-2.525967
183	24.671053	24.868421	G#4	90	80	0	3	-2.675961
184	24.671053	24.868421	B4	90	80	0	4	-4.111873
185	25.065789	25.263158	G#4	90	80	0	2	-4.090178
186	25.065789	25.263158	A4	90	80	0	3	-3.686981
187	25.250000	25.500000	C4	90	80	1	-4	-3.718276
188	25.250000	25.500000	E4	90	80	1	-2	-2.359478
189	25.250000	25.500000	G4	90	80	1	-1	-2.415329
190	25.263158	25.460526	C#5	90	80	0	5	-3.549127
191	25.657895	26.052632	A4	90	80	0	3	-4.396088
192	25.657895	26.052632	C#5	90	80	0	5	-3.549127
193	26.250000	26.644737	G#4	90	80	0	2	-3.071676
194	26.250000	26.644737	A#4	90	80	0	3	-2.675961
195	26.842105	27.039474	A#4	90	80	0	1	-5.748153
196	27.039474	27.236842	C#5	90	80	0	2	-2.525967
197	27.250000	27.500000	D-4	81	80	1	-4	-6.237620
198	27.434211	27.631579	B4	90	80	0	1	-3.360143
199	27.434211	27.631579	B#4	90	80	0	2	-2.867384
200	27.500000	27.750000	E-4	81	80	1	-3	-2.915060
201	27.631579	27.828947	C#5	127	80	0	3	-3.190537
202	27.750000	28.000000	F-4	81	80	1	-2	-3.642491
203	28.000000	28.250000	C4	90	80	1	-4	-3.718276
204	28.000000	28.250000	E4	90	80	1	-2	-2.359478
205	28.000000	28.250000	G4	90	80	1	-1	-2.415329
206	28.026316	28.223684	A#4	90	80	0	1	-3.281335
207	28.223684	28.421053	C#5	90	80	0	2	-2.525967
208	28.421053	30.789474	D5	127	80	0	3	-3.686981
209	28.750000	29.000000	C4	90	80	1	-5	-3.242781
210	28.750000	29.000000	E4	90	80	1	-3	-3.170876
211	28.750000	29.000000	G4	90	80	1	-2	-3.046717
212	29.500000	29.750000	E4	90	80	1	-4	-3.718276
213	29.500000	29.750000	G4	90	80	1	-2	-2.359478
214	29.500000	29.750000	B4	90	80	1	-1	-2.415329
215	30.750000	31.000000	D-3	81	80	1	-5	-5.753604
216	30.789474	33.157895	D5	90	80	0	2	-4.935872
217	30.789474	33.157895	E-5	90	80	0	3	-3.190537
218	31.000000	31.250000	E-3	81	80	1	-4	-3.907966
219	31.250000	31.500000	F3	81	80	1	-2	-3.571868
220	31.500000	31.750000	G3	81	80	1	-1	-2.578439
221	31.578947	33.157895	D5	127	80	0	2	-2.803601
222	32.250000	32.500000	G3	90	80	1	-4	-5.794657
223	32.250000	32.500000	B3	90	80	1	-2	-2.359478
224	32.250000	32.500000	E4	90	80	1	-1	-2.320150
225	33.000000	33.250000	B3	90	80	1	-4	-4.223116
226	33.000000	33.250000	E4	90	80	1	-2	-2.507290
227	33.000000	33.250000	G4	90	80	1	-1	-2.415329
228	33.157895	33.947368	E5	90	80	0	3	-2.675961
229	33.750000	34.000000	E4	90	80	1	-2	-3.291596
230	33.750000	34.000000	G4	90	80	1	-1	-2.415329
231	33.947368	34.736842	A4	90	80	0	1	-3.310457
232	33.947368	34.736842	D5	90	80	0	2	-2.963617
233	33.947368	34.736842	E-5	90	80	0	3	-3.190537
234	34.500000	34.750000	G4	90	80	1	-2	-4.675782
235	34.500000	34.750000	B4	90	80	1	-1	-2.415329
236	34.736842	39.868421	E-5	127	80	0	3	-4.378151
237	35.250000	35.500000	B4	81	80	1	-5	-4.801795
238	36.315789	36.710526	D-5	127	80	0	2	-2.287533
239	36.710526	37.894737	D-5	90	80	0	2	-4.554564
240	36.710526	39.473684	E#5	127	80	0	4	-3.927704
241	36.750000	37.000000	C#5	81	80	1	-3	-4.350585
242	37.000000	37.250000	C5	81	80	1	-1	-3.371140
243	37.250000	37.500000	B4	81	80	1	-2	-2.745489
244	37.500000	37.750000	C5	81	80	1	-1	-2.578439
245	37.750000	38.000000	B4	81	80	1	-2	-2.745489
246	38.000000	38.250000	B-4	81	80	1	-3	-3.848567
247	38.250000	38.500000	C-5	81	80	1	-2	-3.642491
248	38.500000	38.750000	B-4	81	80	1	-3	-3.848567
249	38.750000	39.000000	A4	81	80	1	-4	-3.777019
250	39.500000	39.750000	B-4	81	80	1	-3	-2.906925
251	39.671053	39.868421	A#4	90	80	0	1	-3.577835
252	39.671053	39.868421	C#5	90	80	0	2	-2.525967
253	39.671053	39.868421	E-5	90	80	0	3	-2.675961
254	39.671053	39.868421	F#5	90	80	0	5	-2.681011
255	39.750000	40.000000	A4	81	80	1	-4	-3.777019
256	40.000000	40.250000	B-4	81	80	1	-3	-2.906925
257	40.250000	40.500000	A4	81	80	1	-1	-3.371140
258	40.263158	40.460526	A#4	90	80	0	1	-2.845304
259	40.263158	40.460526	C#5	90	80	0	2	-2.525967
260	40.263158	40.460526	E-5	90	80	0	3	-2.675961
261	40.460526	40.657895	F#5	127	80	0	5	-2.681011
262	40.500000	40.750000	G#4	81	80	1	-2	-3.720116
263	40.750000	41.000000	A4	81	80	1	-1	-3.404249
264	40.855263	41.052632	A#4	90	80	0	1	-2.845304
265	40.855263	41.052632	C#5	90	80	0	2	-2.525967
266	40.855263	41.052632	E-5	90	80	0	3	-2.675961
267	40.855263	41.052632	F#5	90	80	0	5	-2.681011
268	41.000000	41.250000	A-4	81	80	1	-2	-3.720116
269	41.250000	41.447368	A#4	90	80	0	1	-2.845304
270	41.250000	41.447368	C#5	90	80	0	2	-2.525967
271	41.250000	41.447368	E-5	90	80	0	3	-2.675961
272	41.250000	41.500000	G4	81	80	1	-1	-3.931111
273	41.447368	41.644737	F#5	127	80	0	5	-2.681011
274	41.750000	42.000000	G4	81	80	1	-1	-4.426668
275	41.842105	42.039474	A#4	90	80	0	1	-2.845304
276	41.842105	42.039474	C#5	90	80	0	2	-2.525967
277	41.842105	42.039474	E-5	90	80	0	3	-2.675961
278	41.842105	42.039474	F#5	90	80	0	5	-2.681011
279	42.000000	42.250000	F#4	81	80	1	-2	-3.720116
280	42.236842	42.434211	A#4	90	80	0	1	-2.845304
281	42.236842	42.434211	C#5	90	80	0	2	-2.525967
282	42.236842	42.434211	E-5	90	80	0	3	-2.675961
283	42.250000	42.500000	G4	81	80	1	-1	-3.404249
284	42.434211	42.631579	F#5	127	80	0	5	-2.681011
285	42.500000	42.750000	F#4	81	80	1	-2	-3.720116
286	42.750000	43.000000	F4	81	80	1	-1	-3.931111
287	43.250000	43.500000	E4	81	80	1	-2	-2.745489
288	43.500000	43.750000	D#4	81	80	1	-3	-3.848567
289	43.750000	44.000000	D4	81	80	1	-4	-3.777019
290	44.250000	44.500000	E-4	81	80	1	-3	-2.906925
291	44.407895	44.605263	A#3	90	80	0	1	-6.163296
292	44.407895	44.605263	C#4	90	80	0	2	-2.525967
293	44.407895	44.605263	E-4	90	80	0	3	-2.675961
294	44.500000	44.750000	D4	81	80	1	-1	-3.371140
295	44.605263	44.802632	F#4	127	80	0	5	-2.681011
296	45.000000	45.197368	A#3	90	80	0	1	-2.845304
297	45.000000	45.197368	C#4	90	80	0	2	-2.525967
298	45.000000	45.197368	E-4	90	80	0	3	-2.675961
299	45.000000	45.197368	F#4	90	80	0	5	-2.681011
300	45.000000	45.250000	D4	81	80	1	-1	-4.426668
301	45.250000	45.500000	C#4	81	80	1	-2	-3.720116
302	45.394737	45.592105	A#3	90	80	0	1	-2.845304
303	45.394737	45.592105	C#4	90	80	0	2	-2.525967
304	45.394737	45.592105	E-4	90	80	0	3	-2.675961
305	45.500000	45.750000	C4	81	80	1	-3	-3.281947
306	45.592105	45.789474	F#4	127	80	0	4	-4.820507
307	45.750000	46.000000	D-4	81	80	1	-2	-3.081523
308	46.000000	46.250000	C4	81	80	1	-1	-3.931111
309	46.250000	46.500000	B3	81	80	1	-2	-2.745489
310	46.750000	47.000000	C4	81	80	1	-1	-2.578439
311	47.000000	47.250000	B3	81	80	1	-2	-2.745489
312	47.250000	47.500000	C4	81	80	1	-1	-2.578439
313	47.500000	47.750000	B3	81	80	1	-2	-2.745489
314	47.565789	47.763158	F4	127	80	0	3	-3.302559
315	47.750000	48.000000	B-3	81	80	1	-3	-3.848567
316	47.763158	47.960526	F#4	127	80	0	4	-4.152325
317	47.960526	48.157895	A-4	127	80	0	5	-2.706622
318	48.000000	48.250000	B3	81	80	1	-2	-3.642491
319	48.250000	48.500000	B-3	81	80	1	-3	-3.848567
320	48.500000	48.750000	A3	81	80	1	-4	-3.777019
321	48.750000	49.000000	B-3	81	80	1	-3	-2.906925
322	49.000000	49.250000	A3	81	80	1	-1	-3.371140
323	49.250000	49.500000	A-3	81	80	1	-2	-3.720116
324	49.500000	49.750000	B3	81	80	1	-1	-2.464298
325	49.736842	49.934211	A#2	90	80	0	1	-7.108616
326	49.736842	49.934211	C3	90	80	0	2	-3.493146
327	49.736842	49.934211	E3	90	80	0	4	-2.758588
328	49.750000	50.000000	A-3	81	80	1	-2	-3.299403
329	49.934211	50.131579	F#3	45	80	0	5	-4.070264
330	50.000000	50.250000	G3	81	80	1	-1	-3.931111
331	50.328947	50.526316	A#2	90	80	0	1	-2.845304
332	50.328947	50.526316	C3	90	80	0	2	-3.493146
333	50.328947	50.526316	E3	90	80	0	4	-2.758588
334	50.328947	50.526316	F#3	90	80	0	5	-4.070264
335	50.750000	51.000000	G3	90	80	1	-5	-4.801795
336	50.750000	51.000000	B3	90	80	1	-3	-3.170876
337	50.750000	51.000000	D4	90	80	1	-2	-3.046717
338	50.921053	51.118421	A2	90	80	0	1	-4.031984
339	50.921053	51.118421	C3	90	80	0	2	-2.525967
340	50.921053	51.118421	E-3	90	80	0	3	-3.409656
341	51.000000	51.250000	F4	81	80	1	-1	-2.415329
342	51.118421	51.315789	F#3	45	80	0	5	-2.681011
343	51.500000	51.750000	G3	90	80	1	-5	-3.181034
344	51.500000	51.750000	B3	90	80	1	-3	-3.170876
345	51.500000	51.750000	D4	90	80	1	-2	-3.046717
346	51.513158	51.710526	A2	90	80	0	1	-4.031984
347	51.513158	51.710526	C3	90	80	0	2	-2.525967
348	51.513158	51.710526	E-3	90	80	0	3	-3.409656
349	51.513158	51.710526	F#3	90	80	0	5	-2.681011
350	51.750000	52.000000	F4	81	80	1	-1	-2.415329
351	52.000000	52.250000	G3	90	80	1	-5	-3.181034
352	52.000000	52.250000	B3	90	80	1	-3	-3.170876
353	52.000000	52.250000	D4	90	80	1	-2	-3.046717
354	52.105263	52.302632	A#2	90	80	0	1	-2.845304
355	52.105263	52.302632	C#3	90	80	0	2	-2.525967
356	52.105263	52.302632	E-3	90	80	0	3	-2.675961
357	52.250000	52.500000	F4	81	80	1	-1	-2.415329
358	52.302632	52.500000	F#3	45	80	0	5	-2.681011
359	52.697368	52.894737	A#2	90	80	0	1	-2.845304
360	52.697368	52.894737	C#3	90	80	0	2	-2.525967
361	52.697368	52.894737	E-3	90	80	0	3	-2.675961
362	52.697368	52.894737	F#3	90	80	0	5	-2.681011
363	52.750000	53.000000	G3	90	80	1	-5	-3.181034
364	52.750000	53.000000	B3	90	80	1	-3	-3.170876
365	52.750000	53.000000	D4	90	80	1	-2	-3.046717
366	52.750000	53.000000	F4	90	80	1	-1	-2.415329
367	53.250000	53.500000	G3	90	80	1	-5	-3.181034
368	53.250000	53.500000	B3	90	80	1	-3	-3.170876
369	53.250000	53.500000	D4	90	80	1	-2	-3.046717
370	53.500000	53.750000	F4	81	80	1	-1	-2.415329
371	53.881579	54.078947	C6	45	80	0	5	-14.944987
372	54.000000	55.500000	E2	126	80	1	-4	-6.022524
373	54.078947	54.276316	B-5	45	80	0	4	-4.424487
374	54.276316	54.473684	A-5	45	80	0	3	-2.238713
375	55.500000	55.750000	F2	126	80	1	-3	-2.915060
376	55.657895	55.855263	A#4	90	80	0	1	-5.548003
377	55.657895	55.855263	C#5	90	80	0	2	-2.525967
378	55.657895	55.855263	E-5	90	80	0	3	-2.675961
379	55.750000	56.000000	F#2	126	80	1	-2	-3.081523
380	55.855263	56.052632	F#5	126	80	0	4	-4.820507
381	56.000000	56.250000	G2	126	80	1	-1	-3.404249
382	56.250000	56.447368	E-5	90	80	0	2	-3.359779
383	56.250000	56.447368	F#5	90	80	0	4	-2.758588
384	56.250000	56.447368	G5	90	80	0	5	-3.684684
385	56.447368	56.644737	C#5	126	80	0	2	-4.412763
386	56.750000	57.000000	G2	90	80	1	-5	-4.801795
387	56.750000	57.000000	D3	90	80	1	-2	-2.554480
388	56.842105	57.039474	A#4	90	80	0	1	-3.157580
389	56.842105	57.039474	C#5	90	80	0	2	-2.525967
390	56.842105	57.039474	E-5	90	80	0	3	-2.675961
391	56.842105	57.039474	F#5	90	80	0	5	-2.681011
392	57.236842	57.434211	A#4	90	80	0	1	-2.845304
393	57.236842	57.434211	C#5	90	80	0	2	-2.525967
394	57.236842	57.434211	E-5	90	80	0	3	-2.675961
395	57.250000	57.500000	G2	90	80	1	-5	-3.155341
396	57.250000	57.500000	D3	90	80	1	-1	-3.477173
397	57.434211	57.631579	F#5	126	80	0	4	-4.820507
398	57.828947	58.026316	E-5	90	80	0	2	-3.359779
399	57.828947	58.026316	F#5	90	80	0	4	-2.758588
400	57.828947	58.026316	A-5	90	80	0	5	-2.706622
401	58.000000	58.500000	E1	63	80	1	-5	-5.805721
402	58.026316	58.223684	C#5	126	80	0	2	-3.263552
403	58.421053	58.618421	A#4	90	80	0	1	-3.157580
404	58.421053	58.618421	C#5	90	80	0	2	-2.525967
405	58.421053	58.618421	E-5	90	80	0	3	-2.675961
406	58.421053	58.618421	F#5	90	80	0	5	-2.681011
407	58.500000	58.750000	F1	63	80	1	-4	-3.907966
408	58.750000	59.000000	F#1	63	80	1	-3	-2.906925
409	58.815789	59.013158	A#4	90	80	0	1	-2.845304
410	58.815789	59.013158	C#5	90	80	0	2	-2.525967
411	58.815789	59.013158	E-5	90	80	0	3	-2.675961
412	59.013158	59.210526	F#5	126	80	0	5	-2.681011
413	59.250000	59.500000	F1	63	80	1	-1	-3.371140
414	59.407895	59.605263	E-5	90	80	0	1	-5.557373
415	59.407895	59.605263	F#5	90	80	0	2	-2.525967
416	59.407895	59.605263	A5	90	80	0	4	-3.580467
417	59.500000	59.750000	F#1	63	80	1	-4	-7.573765
418	59.605263	59.802632	C#5	126	80	0	1	-3.577835
419	59.750000	60.000000	A-1	63	80	1	-3	-2.915060
420	60.000000	60.197368	A#5	90	80	0	2	-5.302163
421	60.000000	60.197368	C#6	90	80	0	3	-3.012122
422	60.000000	60.197368	E-6	90	80	0	4	-2.883688
423	60.000000	60.197368	F#6	90	80	0	5	-3.402079
424	61.250000	61.500000	E-3	63	80	1	-1	-7.141857
425	61.500000	61.750000	C#3	63	80	1	-2	-2.745489
426	61.750000	62.000000	B2	63	80	1	-1	-5.183592
427	62.000000	68.000000	D2	63	80	1	-5	-3.730225
428	63.500000	63.750000	A2	63	80	1	-2	-2.554480
429	65.000000	65.250000	A2	63	80	1	-1	-4.535716
430	66.500000	66.750000	A2	63	80	1	-5	-4.801795
431	68.250000	68.500000	C4	63	80	1	-1	-4.493372
432	68.500000	68.750000	B-3	63	80	1	-2	-3.299403
433	68.750000	69.000000	A-3	63	80	1	-1	-4.644141
434	69.250000	69.500000	C#3	63	80	1	-3	-4.266477
435	69.500000	69.750000	E-3	63	80	1	-2	-2.510186
436	69.750000	70.000000	F3	63	80	1	-1	-2.464298
437	70.000000	72.000000	G2	63	80	1	-5	-3.181034
438	71.000000	71.250000	G4	63	80	1	-1	-5.964413
439	71.750000	72.000000	D4	63	80	1	-4	-4.223116
440	73.000000	73.250000	G3	63	80	1	-1	-5.763343
441	73.750000	74.000000	D3	63	80	1	-4	-4.223116
442	75.000000	75.250000	G2	63	80	1	-1	-5.763343
443	75.750000	76.000000	D2	63	80	1	-2	-3.456527
444	76.000000	76.250000	G1	63	80	1	-5	-3.155341
