//Version: PianoFingering_v170101
1	0.000000	0.214286	C4	90	80	0	1	-0.925785
2	0.000000	0.214286	E4	90	80	0	3	-3.473158
3	0.000000	0.250000	C3	90	80	1	-2	-2.178510
4	0.000000	0.250000	E3	90	80	1	-1	-2.415329
5	0.214286	0.428571	D-4	90	80	0	2	-3.032881
6	0.214286	0.428571	E4	90	80	0	3	-3.265372
7	0.250000	0.500000	D3	90	80	1	-2	-2.745489
8	0.250000	0.500000	E3	90	80	1	-1	-2.578439
9	0.428571	0.642857	C4	90	80	0	2	-3.674662
10	0.428571	0.642857	E4	90	80	0	3	-3.012122
11	0.500000	0.750000	C3	90	80	1	-2	-3.291596
12	0.500000	0.750000	E3	90	80	1	-1	-2.415329
13	0.642857	0.857143	D-4	90	80	0	2	-3.032881
14	0.642857	0.857143	E-4	90	80	0	3	-2.675961
15	0.750000	1.000000	D3	90	80	1	-2	-2.745489
16	0.750000	1.000000	E3	90	80	1	-1	-2.578439
17	0.857143	1.071429	C4	90	80	0	2	-3.286699
18	0.857143	1.071429	E4	90	80	0	3	-3.012122
19	1.000000	1.250000	C3	90	80	1	-2	-3.291596
20	1.000000	1.250000	E3	90	80	1	-1	-2.415329
21	1.071429	1.285714	D-4	90	80	0	2	-3.032881
22	1.071429	1.285714	E-4	90	80	0	3	-2.675961
23	1.250000	1.500000	D3	90	80	1	-2	-2.745489
24	1.250000	1.500000	E-3	90	80	1	-1	-4.284379
25	1.285714	1.500000	C4	90	80	0	2	-3.286699
26	1.285714	1.500000	E4	90	80	0	3	-3.012122
27	1.500000	1.714286	D-4	90	80	0	2	-3.032881
28	1.500000	1.714286	E-4	90	80	0	3	-2.675961
29	1.500000	1.750000	C3	90	80	1	-2	-4.084076
30	1.500000	1.750000	E3	90	80	1	-1	-2.415329
31	1.714286	1.928571	C4	90	80	0	2	-3.286699
32	1.714286	1.928571	E4	90	80	0	3	-3.012122
33	1.750000	2.000000	D3	90	80	1	-2	-2.745489
34	1.750000	2.000000	E-3	90	80	1	-1	-4.284379
35	1.928571	2.142857	E-4	90	80	0	2	-3.151465
36	1.928571	2.142857	F#4	90	80	0	4	-2.758588
37	2.000000	2.250000	C3	90	80	1	-2	-4.084076
38	2.000000	2.250000	E3	90	80	1	-1	-2.415329
39	2.142857	2.357143	D4	90	80	0	2	-4.058569
40	2.142857	2.357143	G4	90	80	0	4	-2.909306
41	2.250000	2.500000	E-3	90	80	1	-2	-3.720116
42	2.250000	2.500000	F#3	90	80	1	-1	-2.415329
43	2.357143	2.571429	G-4	90	80	0	3	-3.226506
44	2.357143	2.571429	A-4	90	80	0	4	-2.883688
45	2.500000	2.750000	D3	90	80	1	-2	-4.597368
46	2.500000	2.750000	G3	90	80	1	-1	-2.320150
47	2.571429	2.785714	F4	90	80	0	3	-3.914844
48	2.571429	2.785714	A4	90	80	0	5	-2.681011
49	2.750000	3.000000	G-3	90	80	1	-2	-3.720116
50	2.750000	3.000000	A-3	90	80	1	-1	-2.578439
51	2.785714	3.000000	E-4	90	80	0	2	-4.412763
52	2.785714	3.000000	F#4	90	80	0	4	-2.758588
53	3.000000	3.214286	D4	90	80	0	2	-4.058569
54	3.000000	3.214286	G-4	90	80	0	4	-3.522723
55	3.000000	3.250000	F3	90	80	1	-2	-4.084076
56	3.000000	3.250000	A3	90	80	1	-1	-2.415329
57	3.214286	3.428571	D-4	90	80	0	2	-3.266530
58	3.214286	3.428571	E-4	90	80	0	3	-2.675961
59	3.250000	3.500000	E-3	90	80	1	-2	-5.099885
60	3.250000	3.500000	F#3	90	80	1	-1	-2.415329
61	3.428571	3.642857	C4	90	80	0	2	-3.286699
62	3.428571	3.642857	E4	90	80	0	3	-3.012122
63	3.500000	3.750000	D3	90	80	1	-2	-4.597368
64	3.500000	3.750000	G3	90	80	1	-1	-2.320150
65	3.642857	3.857143	D-4	90	80	0	2	-3.032881
66	3.642857	3.857143	E4	90	80	0	3	-3.265372
67	3.750000	4.000000	D-3	90	80	1	-2	-5.099885
68	3.750000	4.000000	E-3	90	80	1	-1	-2.578439
69	3.857143	4.071429	C4	90	80	0	2	-3.674662
70	3.857143	4.071429	E4	90	80	0	3	-3.012122
71	4.000000	4.250000	C3	90	80	1	-2	-4.084076
72	4.000000	4.250000	E3	90	80	1	-1	-2.415329
73	4.071429	4.285714	D-4	90	80	0	2	-3.032881
74	4.071429	4.285714	E-4	90	80	0	3	-2.675961
75	4.250000	4.500000	D-3	90	80	1	-2	-3.299403
76	4.250000	4.500000	E-3	90	80	1	-1	-2.578439
77	4.285714	4.500000	C4	90	80	0	2	-3.286699
78	4.285714	4.500000	E4	90	80	0	3	-3.012122
79	4.500000	4.714286	D-4	90	80	0	2	-3.032881
80	4.500000	4.714286	E-4	90	80	0	3	-2.675961
81	4.500000	4.750000	C3	90	80	1	-2	-4.084076
82	4.500000	4.750000	E3	90	80	1	-1	-2.415329
83	4.714286	4.928571	C4	90	80	0	2	-3.286699
84	4.714286	4.928571	E4	90	80	0	3	-3.012122
85	4.750000	5.000000	D-3	90	80	1	-2	-3.299403
86	4.750000	5.000000	E-3	90	80	1	-1	-2.578439
87	4.928571	5.142857	D-4	90	80	0	2	-3.032881
88	4.928571	5.142857	E-4	90	80	0	3	-2.675961
89	5.000000	5.250000	C3	90	80	1	-2	-4.084076
90	5.000000	5.250000	E3	90	80	1	-1	-2.415329
91	5.142857	5.357143	C4	90	80	0	2	-3.286699
92	5.142857	5.357143	E4	90	80	0	3	-3.012122
93	5.250000	5.500000	D-3	90	80	1	-2	-3.299403
94	5.250000	5.500000	E-3	90	80	1	-1	-2.578439
95	5.357143	5.571429	E-4	90	80	0	2	-3.151465
96	5.357143	5.571429	F#4	90	80	0	4	-2.758588
97	5.500000	5.750000	C3	90	80	1	-2	-4.084076
98	5.500000	5.750000	E3	90	80	1	-1	-2.415329
99	5.571429	5.785714	D4	90	80	0	2	-4.058569
100	5.571429	5.785714	G4	90	80	0	4	-2.909306
101	5.750000	6.000000	D-3	90	80	1	-2	-3.299403
102	5.750000	6.000000	E-3	90	80	1	-1	-2.578439
103	5.785714	6.000000	G-4	90	80	0	3	-3.226506
104	5.785714	6.000000	A4	90	80	0	4	-4.111873
105	6.000000	6.214286	F4	90	80	0	2	-3.359779
106	6.000000	6.214286	A4	90	80	0	3	-3.012122
107	6.000000	6.250000	C3	90	80	1	-2	-4.084076
108	6.000000	6.250000	E3	90	80	1	-1	-2.415329
109	6.214286	6.428571	A-4	90	80	0	2	-3.151465
110	6.214286	6.428571	B-4	90	80	0	3	-2.675961
111	6.250000	6.500000	E-3	90	80	1	-2	-3.720116
112	6.250000	6.500000	F#3	90	80	1	-1	-2.415329
113	6.428571	6.642857	G4	90	80	0	2	-3.286699
114	6.428571	6.642857	B4	90	80	0	4	-2.758588
115	6.500000	6.750000	D3	90	80	1	-2	-4.597368
116	6.500000	6.750000	G3	90	80	1	-1	-2.320150
117	6.642857	6.857143	B-4	90	80	0	3	-3.226506
118	6.642857	6.857143	C#5	90	80	0	5	-2.681011
119	6.750000	7.000000	G-3	90	80	1	-2	-3.720116
120	6.750000	7.000000	A3	90	80	1	-1	-2.464298
121	6.857143	7.071429	A4	90	80	0	3	-4.396088
122	6.857143	7.071429	D5	90	80	0	5	-3.128600
123	7.000000	7.250000	F3	90	80	1	-2	-3.291596
124	7.000000	7.250000	A3	90	80	1	-1	-2.415329
125	7.071429	7.285714	A-4	90	80	0	2	-4.412763
126	7.071429	7.285714	B-4	90	80	0	3	-2.675961
127	7.250000	7.500000	A-3	90	80	1	-2	-3.720116
128	7.250000	7.500000	B3	90	80	1	-1	-2.464298
129	7.285714	7.500000	G4	90	80	0	2	-3.286699
130	7.285714	7.500000	B4	90	80	0	4	-2.758588
131	7.500000	7.714286	G-4	90	80	0	2	-3.901124
132	7.500000	7.714286	A-4	90	80	0	3	-2.675961
133	7.500000	7.750000	G3	90	80	1	-2	-3.291596
134	7.500000	7.750000	B3	90	80	1	-1	-2.415329
135	7.714286	7.928571	F4	90	80	0	2	-3.286699
136	7.714286	7.928571	A4	90	80	0	4	-2.758588
137	7.750000	8.000000	B-3	90	80	1	-2	-3.720116
138	7.750000	8.000000	C#4	90	80	1	-1	-2.415329
139	7.928571	8.142857	E-4	90	80	0	1	-4.295977
140	7.928571	8.142857	F#4	90	80	0	2	-2.525967
141	8.000000	8.250000	A3	90	80	1	-2	-4.597368
142	8.000000	8.250000	D4	90	80	1	-1	-2.320150
143	8.142857	8.357143	D4	90	80	0	1	-4.134704
144	8.142857	8.357143	G4	90	80	0	3	-3.401091
145	8.250000	8.500000	A3	90	80	1	-2	-3.456527
146	8.250000	8.500000	B3	90	80	1	-1	-2.578439
147	8.357143	8.571429	D-4	90	80	0	2	-5.483387
148	8.357143	8.571429	E-4	90	80	0	3	-2.675961
149	8.500000	8.750000	G3	90	80	1	-2	-3.291596
150	8.500000	8.750000	B3	90	80	1	-1	-2.415329
151	8.571429	8.785714	C4	90	80	0	2	-3.286699
152	8.571429	8.785714	E4	90	80	0	3	-3.012122
153	8.750000	9.000000	G-3	90	80	1	-2	-4.444474
154	8.750000	9.000000	A3	90	80	1	-1	-2.464298
155	8.785714	9.000000	D-4	90	80	0	2	-3.032881
156	8.785714	9.000000	E4	90	80	0	3	-3.265372
157	9.000000	9.214286	C4	90	80	0	2	-3.674662
158	9.000000	9.214286	E4	90	80	0	3	-3.012122
159	9.000000	9.250000	F3	90	80	1	-2	-3.291596
160	9.000000	9.250000	A3	90	80	1	-1	-2.415329
161	9.214286	9.428571	D-4	90	80	0	2	-3.032881
162	9.214286	9.428571	E-4	90	80	0	3	-2.675961
163	9.250000	9.500000	E-3	90	80	1	-2	-5.099885
164	9.250000	9.500000	F#3	90	80	1	-1	-2.415329
165	9.428571	9.642857	C4	90	80	0	2	-3.286699
166	9.428571	9.642857	E4	90	80	0	3	-3.012122
167	9.500000	9.750000	D3	90	80	1	-2	-4.597368
168	9.500000	9.750000	G3	90	80	1	-1	-2.320150
169	9.642857	9.857143	D-4	90	80	0	2	-3.032881
170	9.642857	9.857143	E-4	90	80	0	3	-2.675961
171	9.750000	10.000000	D-3	90	80	1	-2	-5.099885
172	9.750000	10.000000	E-3	90	80	1	-1	-2.578439
173	9.857143	10.071429	C4	90	80	0	2	-3.286699
174	9.857143	10.071429	E4	90	80	0	3	-3.012122
175	10.000000	10.250000	C3	90	80	1	-2	-4.084076
176	10.000000	10.250000	E3	90	80	1	-1	-2.415329
177	10.071429	10.285714	D-4	90	80	0	2	-3.032881
178	10.071429	10.285714	E-4	90	80	0	3	-2.675961
179	10.250000	10.500000	D3	90	80	1	-2	-2.745489
180	10.250000	10.500000	E3	90	80	1	-1	-2.578439
181	10.285714	10.500000	C4	90	80	0	2	-3.286699
182	10.285714	10.500000	E4	90	80	0	3	-3.012122
183	10.500000	10.714286	E-4	90	80	0	2	-3.151465
184	10.500000	10.714286	F#4	90	80	0	4	-2.758588
185	10.500000	10.750000	C3	90	80	1	-2	-3.291596
186	10.500000	10.750000	E3	90	80	1	-1	-2.415329
187	10.714286	10.928571	D4	90	80	0	2	-4.058569
188	10.714286	10.928571	G4	90	80	0	4	-2.909306
189	10.750000	11.000000	D3	90	80	1	-2	-2.745489
190	10.750000	11.000000	E3	90	80	1	-1	-2.578439
191	10.928571	11.142857	G-4	90	80	0	3	-3.226506
192	10.928571	11.142857	A-4	90	80	0	4	-2.883688
193	11.000000	11.250000	C3	90	80	1	-2	-3.291596
194	11.000000	11.250000	E3	90	80	1	-1	-2.415329
195	11.142857	11.357143	F4	90	80	0	3	-3.914844
196	11.142857	11.357143	A4	90	80	0	5	-2.681011
197	11.250000	11.500000	D3	90	80	1	-2	-2.745489
198	11.250000	11.500000	E-3	90	80	1	-1	-4.284379
199	11.357143	11.571429	E-4	90	80	0	2	-4.412763
200	11.357143	11.571429	F#4	90	80	0	4	-2.758588
201	11.500000	11.750000	C3	90	80	1	-2	-4.084076
202	11.500000	11.750000	E3	90	80	1	-1	-2.415329
203	11.571429	11.785714	D4	90	80	0	2	-4.058569
204	11.571429	11.785714	G-4	90	80	0	4	-3.522723
205	11.750000	12.000000	D3	90	80	1	-2	-2.745489
206	11.750000	12.000000	E-3	90	80	1	-1	-4.284379
207	11.785714	12.000000	D-4	90	80	0	2	-3.266530
208	11.785714	12.000000	E-4	90	80	0	3	-2.675961
209	12.000000	12.214286	C4	90	80	0	2	-3.286699
210	12.000000	12.214286	E4	90	80	0	3	-3.012122
211	12.000000	12.250000	C3	90	80	1	-2	-4.084076
212	12.000000	12.250000	E3	90	80	1	-1	-2.415329
213	12.214286	12.428571	D-4	90	80	0	2	-3.032881
214	12.214286	12.428571	E4	90	80	0	3	-3.265372
215	12.250000	12.500000	E-3	90	80	1	-2	-3.720116
216	12.250000	12.500000	F#3	90	80	1	-1	-2.415329
217	12.428571	12.642857	C4	90	80	0	2	-3.674662
218	12.428571	12.642857	E4	90	80	0	3	-3.012122
219	12.500000	12.750000	D3	90	80	1	-2	-4.597368
220	12.500000	12.750000	G3	90	80	1	-1	-2.320150
221	12.642857	12.857143	D-4	90	80	0	2	-3.032881
222	12.642857	12.857143	E-4	90	80	0	3	-2.675961
223	12.750000	13.000000	G-3	90	80	1	-2	-3.720116
224	12.750000	13.000000	A-3	90	80	1	-1	-2.578439
225	12.857143	13.071429	C4	90	80	0	2	-3.286699
226	12.857143	13.071429	E4	90	80	0	3	-3.012122
227	13.000000	13.250000	F3	90	80	1	-2	-4.084076
228	13.000000	13.250000	A3	90	80	1	-1	-2.415329
229	13.071429	13.285714	D-4	90	80	0	2	-3.032881
230	13.071429	13.285714	E-4	90	80	0	3	-2.675961
231	13.250000	13.500000	E-3	90	80	1	-2	-5.099885
232	13.250000	13.500000	F#3	90	80	1	-1	-2.415329
233	13.285714	13.500000	C4	90	80	0	2	-3.286699
234	13.285714	13.500000	E4	90	80	0	3	-3.012122
235	13.500000	13.714286	D-4	90	80	0	2	-3.032881
236	13.500000	13.714286	E-4	90	80	0	3	-2.675961
237	13.500000	13.750000	D3	90	80	1	-2	-4.597368
238	13.500000	13.750000	G3	90	80	1	-1	-2.320150
239	13.714286	13.928571	C4	90	80	0	2	-3.286699
240	13.714286	13.928571	E4	90	80	0	3	-3.012122
241	13.750000	14.000000	D-3	90	80	1	-2	-5.099885
242	13.750000	14.000000	E-3	90	80	1	-1	-2.578439
243	13.928571	14.142857	E-4	90	80	0	2	-3.151465
244	13.928571	14.142857	F#4	90	80	0	4	-2.758588
245	14.000000	14.250000	C3	90	80	1	-2	-4.084076
246	14.000000	14.250000	E3	90	80	1	-1	-2.415329
247	14.142857	14.357143	D4	90	80	0	2	-4.058569
248	14.142857	14.357143	G4	90	80	0	4	-2.909306
249	14.250000	14.500000	D-3	90	80	1	-2	-3.299403
250	14.250000	14.500000	E-3	90	80	1	-1	-2.578439
251	14.357143	14.571429	G-4	90	80	0	3	-3.226506
252	14.357143	14.571429	A4	90	80	0	4	-4.111873
253	14.500000	14.750000	C3	90	80	1	-2	-4.084076
254	14.500000	14.750000	E3	90	80	1	-1	-2.415329
255	14.571429	14.785714	F4	90	80	0	2	-3.359779
256	14.571429	14.785714	A4	90	80	0	3	-3.012122
257	14.750000	15.000000	D-3	90	80	1	-2	-3.299403
258	14.750000	15.000000	E-3	90	80	1	-1	-2.578439
259	14.785714	15.000000	A-4	90	80	0	2	-3.151465
260	14.785714	15.000000	B-4	90	80	0	3	-2.675961
261	15.000000	15.214286	G4	90	80	0	2	-3.286699
262	15.000000	15.214286	B4	90	80	0	4	-2.758588
263	15.000000	15.250000	C3	90	80	1	-2	-4.084076
264	15.000000	15.250000	E3	90	80	1	-1	-2.415329
265	15.214286	15.428571	B-4	90	80	0	3	-3.226506
266	15.214286	15.428571	C#5	90	80	0	5	-2.681011
267	15.250000	15.500000	D-3	90	80	1	-2	-3.299403
268	15.250000	15.500000	E-3	90	80	1	-1	-2.578439
269	15.428571	15.642857	A4	90	80	0	3	-4.396088
270	15.428571	15.642857	D5	90	80	0	5	-3.128600
271	15.500000	15.750000	C3	90	80	1	-2	-4.084076
272	15.500000	15.750000	E3	90	80	1	-1	-2.415329
273	15.642857	15.857143	A-4	90	80	0	2	-4.412763
274	15.642857	15.857143	B-4	90	80	0	3	-2.675961
275	15.750000	16.000000	D-3	90	80	1	-2	-3.299403
276	15.750000	16.000000	E-3	90	80	1	-1	-2.578439
277	15.857143	16.071429	G4	90	80	0	2	-3.286699
278	15.857143	16.071429	B4	90	80	0	4	-2.758588
279	16.000000	16.250000	C3	90	80	1	-2	-4.084076
280	16.000000	16.250000	E3	90	80	1	-1	-2.415329
281	16.071429	16.285714	G-4	90	80	0	2	-3.901124
282	16.071429	16.285714	A-4	90	80	0	3	-2.675961
283	16.250000	16.500000	E-3	90	80	1	-2	-3.720116
284	16.250000	16.500000	F#3	90	80	1	-1	-2.415329
285	16.285714	16.500000	F4	90	80	0	2	-3.286699
286	16.285714	16.500000	A4	90	80	0	4	-2.758588
287	16.500000	16.714286	E-4	90	80	0	1	-4.295977
288	16.500000	16.714286	F#4	90	80	0	2	-2.525967
289	16.500000	16.750000	D3	90	80	1	-2	-4.597368
290	16.500000	16.750000	G3	90	80	1	-1	-2.320150
291	16.714286	16.928571	D4	90	80	0	1	-4.134704
292	16.714286	16.928571	G4	90	80	0	4	-4.278061
293	16.750000	17.000000	G-3	90	80	1	-2	-3.720116
294	16.750000	17.000000	A3	90	80	1	-1	-2.464298
295	16.928571	17.142857	D-4	90	80	0	1	-4.295977
296	16.928571	17.142857	E-4	90	80	0	2	-2.867384
297	17.000000	17.250000	F3	90	80	1	-2	-3.291596
298	17.000000	17.250000	A3	90	80	1	-1	-2.415329
299	17.142857	18.857143	C4	90	80	0	1	-3.360143
300	17.142857	18.857143	E4	90	80	0	2	-2.525967
301	17.250000	17.500000	A-3	90	80	1	-2	-3.720116
302	17.250000	17.500000	B3	90	80	1	-1	-2.464298
303	17.500000	17.750000	G3	90	80	1	-2	-3.291596
304	17.500000	17.750000	B3	90	80	1	-1	-2.415329
305	17.750000	18.000000	B-3	90	80	1	-2	-3.720116
306	17.750000	18.000000	C#4	90	80	1	-1	-2.415329
307	18.000000	18.250000	A3	90	80	1	-2	-4.597368
308	18.000000	18.250000	D4	90	80	1	-1	-2.320150
309	18.250000	18.500000	A3	90	80	1	-2	-3.456527
310	18.250000	18.500000	B3	90	80	1	-1	-2.578439
311	18.500000	18.750000	G3	90	80	1	-2	-3.291596
312	18.500000	18.750000	B3	90	80	1	-1	-2.415329
313	18.750000	19.000000	G-3	90	80	1	-2	-4.444474
314	18.750000	19.000000	A3	90	80	1	-1	-2.464298
315	18.857143	19.071429	C4	90	80	0	1	-3.157580
316	18.857143	19.071429	E4	90	80	0	3	-3.473158
317	19.000000	19.250000	F3	90	80	1	-2	-3.291596
318	19.000000	19.250000	A3	90	80	1	-1	-2.415329
319	19.071429	19.285714	D-4	90	80	0	2	-3.032881
320	19.071429	19.285714	E4	90	80	0	3	-3.265372
321	19.250000	19.500000	E-3	90	80	1	-2	-5.099885
322	19.250000	19.500000	F#3	90	80	1	-1	-2.415329
323	19.285714	19.500000	C4	90	80	0	2	-3.674662
324	19.285714	19.500000	E4	90	80	0	3	-3.012122
325	19.500000	19.714286	D-4	90	80	0	2	-3.032881
326	19.500000	19.714286	E-4	90	80	0	3	-2.675961
327	19.500000	19.750000	D3	90	80	1	-2	-4.597368
328	19.500000	19.750000	G3	90	80	1	-1	-2.320150
329	19.714286	19.928571	C4	90	80	0	2	-3.286699
330	19.714286	19.928571	E4	90	80	0	3	-3.012122
331	19.750000	20.000000	D-3	90	80	1	-2	-5.099885
332	19.750000	20.000000	E-3	90	80	1	-1	-2.578439
333	19.928571	20.142857	D-4	90	80	0	2	-3.032881
334	19.928571	20.142857	E-4	90	80	0	3	-2.675961
335	20.000000	22.000000	C3	90	80	1	-2	-4.084076
336	20.000000	22.000000	E3	90	80	1	-1	-2.415329
337	20.142857	20.357143	C4	90	80	0	2	-3.286699
338	20.142857	20.357143	E4	90	80	0	3	-3.012122
339	20.357143	20.571429	D-4	90	80	0	2	-3.032881
340	20.357143	20.571429	E-4	90	80	0	3	-2.675961
341	20.571429	20.785714	C4	90	80	0	2	-3.286699
342	20.571429	20.785714	E4	90	80	0	3	-3.012122
343	20.785714	21.000000	E-4	90	80	0	2	-3.151465
344	20.785714	21.000000	F#4	90	80	0	4	-2.758588
345	21.000000	21.214286	D4	90	80	0	2	-4.058569
346	21.000000	21.214286	G4	90	80	0	4	-2.909306
347	21.214286	21.428571	G-4	90	80	0	3	-3.226506
348	21.214286	21.428571	A-4	90	80	0	4	-2.883688
349	21.428571	21.642857	F4	90	80	0	3	-3.914844
350	21.428571	21.642857	A4	90	80	0	5	-2.681011
351	21.642857	21.857143	E-4	90	80	0	2	-4.412763
352	21.642857	21.857143	F#4	90	80	0	4	-2.758588
353	21.857143	22.071429	D4	90	80	0	2	-4.058569
354	21.857143	22.071429	G-4	90	80	0	4	-3.522723
355	22.000000	22.250000	C3	90	80	1	-2	-3.291596
356	22.000000	22.250000	E3	90	80	1	-1	-2.415329
357	22.071429	22.285714	D-4	90	80	0	2	-3.266530
358	22.071429	22.285714	E-4	90	80	0	3	-2.675961
359	22.250000	22.500000	D3	90	80	1	-2	-2.745489
360	22.250000	22.500000	E3	90	80	1	-1	-2.578439
361	22.285714	22.500000	C4	90	80	0	2	-3.286699
362	22.285714	22.500000	E4	90	80	0	3	-3.012122
363	22.500000	22.714286	D-4	90	80	0	2	-3.032881
364	22.500000	22.714286	E4	90	80	0	3	-3.265372
365	22.500000	22.750000	C3	90	80	1	-2	-3.291596
366	22.500000	22.750000	E3	90	80	1	-1	-2.415329
367	22.714286	22.928571	C4	90	80	0	2	-3.674662
368	22.714286	22.928571	E4	90	80	0	3	-3.012122
369	22.750000	23.000000	D3	90	80	1	-2	-2.745489
370	22.750000	23.000000	E3	90	80	1	-1	-2.578439
371	22.928571	23.142857	D-4	90	80	0	2	-3.032881
372	22.928571	23.142857	E-4	90	80	0	3	-2.675961
373	23.000000	23.250000	C3	90	80	1	-2	-3.291596
374	23.000000	23.250000	E3	90	80	1	-1	-2.415329
375	23.142857	23.357143	C4	90	80	0	2	-3.286699
376	23.142857	23.357143	E4	90	80	0	3	-3.012122
377	23.250000	23.500000	D3	90	80	1	-2	-2.745489
378	23.250000	23.500000	E-3	90	80	1	-1	-4.284379
379	23.357143	23.571429	D-4	90	80	0	2	-3.032881
380	23.357143	23.571429	E-4	90	80	0	3	-2.675961
381	23.500000	23.750000	C3	90	80	1	-2	-4.084076
382	23.500000	23.750000	E3	90	80	1	-1	-2.415329
383	23.571429	23.785714	C4	90	80	0	2	-3.286699
384	23.571429	23.785714	E4	90	80	0	3	-3.012122
385	23.750000	24.000000	D3	90	80	1	-2	-2.745489
386	23.750000	24.000000	E-3	90	80	1	-1	-4.284379
387	23.785714	24.000000	D-4	90	80	0	2	-3.032881
388	23.785714	24.000000	E-4	90	80	0	3	-2.675961
389	24.000000	24.214286	C4	90	80	0	2	-3.286699
390	24.000000	24.214286	E4	90	80	0	3	-3.012122
391	24.000000	24.250000	C3	90	80	1	-2	-4.084076
392	24.000000	24.250000	E3	90	80	1	-1	-2.415329
393	24.214286	24.428571	E-4	90	80	0	2	-3.151465
394	24.214286	24.428571	F#4	90	80	0	4	-2.758588
395	24.250000	24.500000	E-3	90	80	1	-2	-3.720116
396	24.250000	24.500000	F#3	90	80	1	-1	-2.415329
397	24.428571	24.642857	D4	90	80	0	2	-4.058569
398	24.428571	24.642857	G4	90	80	0	4	-2.909306
399	24.500000	24.750000	D3	90	80	1	-2	-4.597368
400	24.500000	24.750000	G3	90	80	1	-1	-2.320150
401	24.642857	24.857143	G-4	90	80	0	3	-3.226506
402	24.642857	24.857143	A4	90	80	0	4	-4.111873
403	24.750000	25.000000	G-3	90	80	1	-2	-3.720116
404	24.750000	25.000000	A-3	90	80	1	-1	-2.578439
405	24.857143	25.071429	F4	90	80	0	2	-3.359779
406	24.857143	25.071429	A4	90	80	0	3	-3.012122
407	25.000000	25.250000	F3	90	80	1	-2	-4.084076
408	25.000000	25.250000	A3	90	80	1	-1	-2.415329
409	25.071429	25.285714	A-4	90	80	0	2	-3.151465
410	25.071429	25.285714	B-4	90	80	0	3	-2.675961
411	25.250000	25.500000	E-3	90	80	1	-2	-5.099885
412	25.250000	25.500000	F#3	90	80	1	-1	-2.415329
413	25.285714	25.500000	G4	90	80	0	2	-3.286699
414	25.285714	25.500000	B4	90	80	0	4	-2.758588
415	25.500000	25.714286	B-4	90	80	0	3	-3.226506
416	25.500000	25.714286	C#5	90	80	0	5	-2.681011
417	25.500000	25.750000	D3	90	80	1	-2	-4.597368
418	25.500000	25.750000	G3	90	80	1	-1	-2.320150
419	25.714286	25.928571	A4	90	80	0	3	-4.396088
420	25.714286	25.928571	D5	90	80	0	5	-3.128600
421	25.750000	26.000000	D-3	90	80	1	-2	-5.099885
422	25.750000	26.000000	E-3	90	80	1	-1	-2.578439
423	25.928571	26.142857	A-4	90	80	0	2	-4.412763
424	25.928571	26.142857	B-4	90	80	0	3	-2.675961
425	26.000000	26.250000	C3	90	80	1	-2	-4.084076
426	26.000000	26.250000	E3	90	80	1	-1	-2.415329
427	26.142857	26.357143	G4	90	80	0	2	-3.286699
428	26.142857	26.357143	B4	90	80	0	4	-2.758588
429	26.250000	26.500000	D-3	90	80	1	-2	-3.299403
430	26.250000	26.500000	E-3	90	80	1	-1	-2.578439
431	26.357143	26.571429	G-4	90	80	0	2	-3.901124
432	26.357143	26.571429	A-4	90	80	0	3	-2.675961
433	26.500000	26.750000	C3	90	80	1	-2	-4.084076
434	26.500000	26.750000	E3	90	80	1	-1	-2.415329
435	26.571429	26.785714	F4	90	80	0	2	-3.286699
436	26.571429	26.785714	A4	90	80	0	4	-2.758588
437	26.750000	27.000000	D-3	90	80	1	-2	-3.299403
438	26.750000	27.000000	E-3	90	80	1	-1	-2.578439
439	26.785714	27.000000	E-4	90	80	0	1	-4.295977
440	26.785714	27.000000	F#4	90	80	0	2	-2.525967
441	27.000000	27.214286	D4	90	80	0	1	-4.134704
442	27.000000	27.214286	G4	90	80	0	3	-3.401091
443	27.000000	27.250000	C3	90	80	1	-2	-4.084076
444	27.000000	27.250000	E3	90	80	1	-1	-2.415329
445	27.214286	27.428571	D-4	90	80	0	2	-5.483387
446	27.214286	27.428571	E-4	90	80	0	3	-2.675961
447	27.250000	27.500000	D-3	90	80	1	-2	-3.299403
448	27.250000	27.500000	E-3	90	80	1	-1	-2.578439
449	27.428571	27.642857	C4	90	80	0	2	-3.286699
450	27.428571	27.642857	E4	90	80	0	3	-3.012122
451	27.500000	27.750000	C3	90	80	1	-2	-4.084076
452	27.500000	27.750000	E3	90	80	1	-1	-2.415329
453	27.642857	27.857143	D-4	90	80	0	2	-3.032881
454	27.642857	27.857143	E4	90	80	0	3	-3.265372
455	27.750000	28.000000	D-3	90	80	1	-2	-3.299403
456	27.750000	28.000000	E-3	90	80	1	-1	-2.578439
457	27.857143	28.071429	C4	90	80	0	2	-3.674662
458	27.857143	28.071429	E4	90	80	0	3	-3.012122
459	28.000000	28.250000	C3	90	80	1	-2	-4.084076
460	28.000000	28.250000	E3	90	80	1	-1	-2.415329
461	28.071429	28.285714	D-4	90	80	0	2	-3.032881
462	28.071429	28.285714	E-4	90	80	0	3	-2.675961
463	28.250000	28.500000	E-3	90	80	1	-2	-3.720116
464	28.250000	28.500000	F#3	90	80	1	-1	-2.415329
465	28.285714	28.500000	C4	90	80	0	2	-3.286699
466	28.285714	28.500000	E4	90	80	0	3	-3.012122
467	28.500000	28.714286	D-4	90	80	0	2	-3.032881
468	28.500000	28.714286	E-4	90	80	0	3	-2.675961
469	28.500000	28.750000	D3	90	80	1	-2	-4.597368
470	28.500000	28.750000	G3	90	80	1	-1	-2.320150
471	28.714286	28.928571	C4	90	80	0	2	-3.286699
472	28.714286	28.928571	E4	90	80	0	3	-3.012122
473	28.750000	29.000000	G-3	90	80	1	-2	-3.720116
474	28.750000	29.000000	A3	90	80	1	-1	-2.464298
475	28.928571	29.142857	D-4	90	80	0	2	-3.032881
476	28.928571	29.142857	E-4	90	80	0	3	-2.675961
477	29.000000	29.250000	F3	90	80	1	-2	-3.291596
478	29.000000	29.250000	A3	90	80	1	-1	-2.415329
479	29.142857	29.357143	C4	90	80	0	2	-3.286699
480	29.142857	29.357143	E4	90	80	0	3	-3.012122
481	29.250000	29.500000	A-3	90	80	1	-2	-3.720116
482	29.250000	29.500000	B3	90	80	1	-1	-2.464298
483	29.357143	29.571429	E-4	90	80	0	2	-3.151465
484	29.357143	29.571429	F#4	90	80	0	4	-2.758588
485	29.500000	29.750000	G3	90	80	1	-2	-3.291596
486	29.500000	29.750000	B3	90	80	1	-1	-2.415329
487	29.571429	29.785714	D4	90	80	0	2	-4.058569
488	29.571429	29.785714	G4	90	80	0	4	-2.909306
489	29.750000	30.000000	B-3	90	80	1	-2	-3.720116
490	29.750000	30.000000	C#4	90	80	1	-1	-2.415329
491	29.785714	30.000000	G-4	90	80	0	3	-3.226506
492	29.785714	30.000000	A-4	90	80	0	4	-2.883688
493	30.000000	30.214286	F4	90	80	0	3	-3.914844
494	30.000000	30.214286	A4	90	80	0	5	-2.681011
495	30.000000	30.250000	A3	90	80	1	-2	-4.597368
496	30.000000	30.250000	D4	90	80	1	-1	-2.320150
497	30.214286	30.428571	E-4	90	80	0	2	-4.412763
498	30.214286	30.428571	F#4	90	80	0	4	-2.758588
499	30.250000	30.500000	A3	90	80	1	-2	-3.456527
500	30.250000	30.500000	B3	90	80	1	-1	-2.578439
501	30.428571	30.642857	D4	90	80	0	2	-4.058569
502	30.428571	30.642857	G-4	90	80	0	4	-3.522723
503	30.500000	30.750000	G3	90	80	1	-2	-3.291596
504	30.500000	30.750000	B3	90	80	1	-1	-2.415329
505	30.642857	30.857143	D-4	90	80	0	2	-3.266530
506	30.642857	30.857143	E-4	90	80	0	3	-2.675961
507	30.750000	31.000000	G-3	90	80	1	-2	-4.444474
508	30.750000	31.000000	A3	90	80	1	-1	-2.464298
509	30.857143	31.071429	C4	90	80	0	2	-3.286699
510	30.857143	31.071429	E4	90	80	0	3	-3.012122
511	31.000000	31.250000	F3	90	80	1	-2	-3.291596
512	31.000000	31.250000	A3	90	80	1	-1	-2.415329
513	31.071429	31.285714	D-4	90	80	0	2	-3.032881
514	31.071429	31.285714	E4	90	80	0	3	-3.265372
515	31.250000	31.500000	E-3	90	80	1	-2	-5.099885
516	31.250000	31.500000	F#3	90	80	1	-1	-2.415329
517	31.285714	31.500000	C4	90	80	0	2	-3.674662
518	31.285714	31.500000	E4	90	80	0	3	-3.012122
519	31.500000	31.714286	D-4	90	80	0	2	-3.032881
520	31.500000	31.714286	E-4	90	80	0	3	-2.675961
521	31.500000	31.750000	D3	90	80	1	-2	-4.597368
522	31.500000	31.750000	G3	90	80	1	-1	-2.320150
523	31.714286	31.928571	C4	90	80	0	2	-3.286699
524	31.714286	31.928571	E4	90	80	0	3	-3.012122
525	31.750000	32.000000	D-3	90	80	1	-2	-5.099885
526	31.750000	32.000000	E-3	90	80	1	-1	-2.578439
527	31.928571	32.142857	D-4	90	80	0	2	-3.032881
528	31.928571	32.142857	E-4	90	80	0	3	-2.675961
529	32.000000	32.250000	C3	90	80	1	-2	-4.084076
530	32.000000	32.250000	E3	90	80	1	-1	-2.415329
531	32.142857	32.357143	C4	90	80	0	2	-3.286699
532	32.142857	32.357143	E4	90	80	0	3	-3.012122
533	32.250000	32.500000	D3	90	80	1	-2	-2.745489
534	32.250000	32.500000	E3	90	80	1	-1	-2.578439
535	32.357143	32.571429	D-4	90	80	0	2	-3.032881
536	32.357143	32.571429	E-4	90	80	0	3	-2.675961
537	32.500000	32.750000	C3	90	80	1	-2	-3.291596
538	32.500000	32.750000	E3	90	80	1	-1	-2.415329
539	32.571429	32.785714	C4	90	80	0	2	-3.286699
540	32.571429	32.785714	E4	90	80	0	3	-3.012122
541	32.750000	33.000000	D3	90	80	1	-2	-2.745489
542	32.750000	33.000000	E3	90	80	1	-1	-2.578439
543	32.785714	33.000000	E-4	90	80	0	2	-3.151465
544	32.785714	33.000000	F#4	90	80	0	4	-2.758588
545	33.000000	33.214286	D4	90	80	0	2	-4.058569
546	33.000000	33.214286	G4	90	80	0	4	-2.909306
547	33.000000	33.250000	C3	90	80	1	-2	-3.291596
548	33.000000	33.250000	E3	90	80	1	-1	-2.415329
549	33.214286	33.428571	G-4	90	80	0	3	-3.226506
550	33.214286	33.428571	A4	90	80	0	4	-4.111873
551	33.250000	33.500000	D3	90	80	1	-2	-2.745489
552	33.250000	33.500000	E-3	90	80	1	-1	-4.284379
553	33.428571	33.642857	F4	90	80	0	2	-3.359779
554	33.428571	33.642857	A4	90	80	0	3	-3.012122
555	33.500000	33.750000	C3	90	80	1	-2	-4.084076
556	33.500000	33.750000	E3	90	80	1	-1	-2.415329
557	33.642857	33.857143	A-4	90	80	0	2	-3.151465
558	33.642857	33.857143	B-4	90	80	0	3	-2.675961
559	33.750000	34.000000	D3	90	80	1	-2	-2.745489
560	33.750000	34.000000	E-3	90	80	1	-1	-4.284379
561	33.857143	34.071429	G4	90	80	0	2	-3.286699
562	33.857143	34.071429	B4	90	80	0	4	-2.758588
563	34.000000	34.250000	C3	90	80	1	-2	-4.084076
564	34.000000	34.250000	E3	90	80	1	-1	-2.415329
565	34.071429	34.285714	B-4	90	80	0	3	-3.226506
566	34.071429	34.285714	C#5	90	80	0	5	-2.681011
567	34.250000	34.500000	E-3	90	80	1	-2	-3.720116
568	34.250000	34.500000	F#3	90	80	1	-1	-2.415329
569	34.285714	34.500000	A4	90	80	0	3	-4.396088
570	34.285714	34.500000	D5	90	80	0	5	-3.128600
571	34.500000	34.714286	A-4	90	80	0	2	-4.412763
572	34.500000	34.714286	B-4	90	80	0	3	-2.675961
573	34.500000	34.750000	D3	90	80	1	-2	-4.597368
574	34.500000	34.750000	G3	90	80	1	-1	-2.320150
575	34.714286	34.928571	G4	90	80	0	2	-3.286699
576	34.714286	34.928571	B4	90	80	0	4	-2.758588
577	34.750000	35.000000	G-3	90	80	1	-2	-3.720116
578	34.750000	35.000000	A-3	90	80	1	-1	-2.578439
579	34.928571	35.142857	G-4	90	80	0	2	-3.901124
580	34.928571	35.142857	A-4	90	80	0	3	-2.675961
581	35.000000	35.250000	F3	90	80	1	-2	-4.084076
582	35.000000	35.250000	A3	90	80	1	-1	-2.415329
583	35.142857	35.357143	F4	90	80	0	2	-3.286699
584	35.142857	35.357143	A4	90	80	0	4	-2.758588
585	35.250000	35.500000	E-3	90	80	1	-2	-5.099885
586	35.250000	35.500000	F#3	90	80	1	-1	-2.415329
587	35.357143	35.571429	E-4	90	80	0	1	-4.295977
588	35.357143	35.571429	F#4	90	80	0	2	-2.525967
589	35.500000	35.750000	D3	90	80	1	-2	-4.597368
590	35.500000	35.750000	G3	90	80	1	-1	-2.320150
591	35.571429	35.785714	D4	90	80	0	1	-4.134704
592	35.571429	35.785714	G4	90	80	0	4	-4.278061
593	35.750000	36.000000	D-3	90	80	1	-2	-5.099885
594	35.750000	36.000000	E-3	90	80	1	-1	-2.578439
595	35.785714	36.000000	D-4	90	80	0	1	-4.295977
596	35.785714	36.000000	E-4	90	80	0	2	-2.867384
597	36.000000	37.714286	C4	90	80	0	1	-3.360143
598	36.000000	37.714286	E4	90	80	0	2	-2.525967
599	36.000000	36.250000	C3	90	80	1	-2	-4.084076
600	36.000000	36.250000	E3	90	80	1	-1	-2.415329
601	36.250000	36.500000	D-3	90	80	1	-2	-3.299403
602	36.250000	36.500000	E-3	90	80	1	-1	-2.578439
603	36.500000	36.750000	C3	90	80	1	-2	-4.084076
604	36.500000	36.750000	E3	90	80	1	-1	-2.415329
605	36.750000	37.000000	D-3	90	80	1	-2	-3.299403
606	36.750000	37.000000	E-3	90	80	1	-1	-2.578439
607	37.000000	37.250000	C3	90	80	1	-2	-4.084076
608	37.000000	37.250000	E3	90	80	1	-1	-2.415329
609	37.250000	37.500000	D-3	90	80	1	-2	-3.299403
610	37.250000	37.500000	E-3	90	80	1	-1	-2.578439
611	37.500000	37.750000	C3	90	80	1	-2	-4.084076
612	37.500000	37.750000	E3	90	80	1	-1	-2.415329
613	37.714286	37.928571	G4	90	80	0	3	-3.012122
614	37.714286	37.928571	B4	90	80	0	5	-2.681011
615	37.750000	38.000000	D-3	90	80	1	-2	-3.299403
616	37.750000	38.000000	E-3	90	80	1	-1	-2.578439
617	37.928571	38.142857	B-4	90	80	0	4	-3.640665
618	37.928571	38.142857	C#5	90	80	0	5	-3.402079
619	38.000000	38.250000	C3	90	80	1	-2	-4.084076
620	38.000000	38.250000	E3	90	80	1	-1	-2.415329
621	38.142857	38.357143	A4	90	80	0	1	-6.163296
622	38.142857	38.357143	D5	90	80	0	3	-3.401091
623	38.250000	38.500000	E-3	90	80	1	-2	-3.720116
624	38.250000	38.500000	F#3	90	80	1	-1	-2.415329
625	38.357143	38.571429	D-5	90	80	0	2	-3.151465
626	38.357143	38.571429	E5	90	80	0	3	-3.265372
627	38.500000	38.750000	D3	90	80	1	-2	-4.597368
628	38.500000	38.750000	G3	90	80	1	-1	-2.320150
629	38.571429	38.785714	C5	90	80	0	2	-3.674662
630	38.571429	38.785714	E5	90	80	0	3	-3.012122
631	38.750000	39.000000	G-3	90	80	1	-2	-3.720116
632	38.750000	39.000000	A3	90	80	1	-1	-2.464298
633	38.785714	39.000000	E-5	90	80	0	2	-3.151465
634	38.785714	39.000000	F#5	90	80	0	4	-2.758588
635	39.000000	39.214286	D5	90	80	0	2	-4.058569
636	39.000000	39.214286	G5	90	80	0	4	-2.909306
637	39.000000	39.250000	F3	90	80	1	-2	-3.291596
638	39.000000	39.250000	A3	90	80	1	-1	-2.415329
639	39.214286	39.428571	F#5	90	80	0	3	-3.226506
640	39.214286	39.428571	A-5	90	80	0	4	-2.883688
641	39.250000	39.500000	A-3	90	80	1	-2	-3.720116
642	39.250000	39.500000	B3	90	80	1	-1	-2.464298
643	39.428571	39.642857	F5	90	80	0	3	-3.914844
644	39.428571	39.642857	A5	90	80	0	5	-2.681011
645	39.500000	39.750000	G3	90	80	1	-2	-3.291596
646	39.500000	39.750000	B3	90	80	1	-1	-2.415329
647	39.642857	39.857143	E-5	90	80	0	2	-4.412763
648	39.642857	39.857143	F#5	90	80	0	4	-2.758588
649	39.750000	40.000000	B-3	90	80	1	-2	-3.720116
650	39.750000	40.000000	C#4	90	80	1	-1	-2.415329
651	39.857143	40.071429	D5	90	80	0	2	-4.058569
652	39.857143	40.071429	G5	90	80	0	5	-3.228870
653	40.000000	40.250000	A3	90	80	1	-2	-4.597368
654	40.000000	40.250000	D4	90	80	1	-1	-2.320150
655	40.071429	40.285714	D-5	90	80	0	2	-4.412763
656	40.071429	40.285714	E-5	90	80	0	3	-2.675961
657	40.250000	40.500000	A3	90	80	1	-2	-3.456527
658	40.250000	40.500000	B3	90	80	1	-1	-2.578439
659	40.285714	40.500000	C5	90	80	0	2	-3.286699
660	40.285714	40.500000	E5	90	80	0	4	-2.758588
661	40.500000	40.714286	B-4	90	80	0	1	-4.295977
662	40.500000	40.714286	C#5	90	80	0	2	-2.525967
663	40.500000	40.750000	G3	90	80	1	-2	-3.291596
664	40.500000	40.750000	B3	90	80	1	-1	-2.415329
665	40.714286	40.928571	A4	90	80	0	1	-4.134704
666	40.714286	40.928571	D5	90	80	0	4	-4.278061
667	40.750000	41.000000	G-3	90	80	1	-2	-4.444474
668	40.750000	41.000000	A3	90	80	1	-1	-2.464298
669	40.928571	41.142857	A-4	90	80	0	1	-4.295977
670	40.928571	41.142857	B-4	90	80	0	2	-2.867384
671	41.000000	41.250000	F3	90	80	1	-2	-3.291596
672	41.000000	41.250000	A3	90	80	1	-1	-2.415329
673	41.142857	41.357143	G4	90	80	0	1	-3.360143
674	41.142857	41.357143	B4	90	80	0	2	-2.525967
675	41.250000	41.500000	E-3	90	80	1	-2	-5.099885
676	41.250000	41.500000	F#3	90	80	1	-1	-2.415329
677	41.357143	41.571429	B4	90	80	0	2	-4.554564
678	41.357143	41.571429	C5	90	80	0	3	-2.675961
679	41.500000	41.750000	D3	90	80	1	-2	-4.597368
680	41.500000	41.750000	G3	90	80	1	-1	-2.320150
681	41.571429	41.785714	A4	90	80	0	1	-3.281335
682	41.571429	41.785714	D5	90	80	0	3	-3.401091
683	41.750000	42.000000	D-3	90	80	1	-2	-5.099885
684	41.750000	42.000000	E-3	90	80	1	-1	-2.578439
685	41.785714	42.000000	D-5	90	80	0	2	-3.151465
686	41.785714	42.000000	E-5	90	80	0	3	-2.675961
687	42.000000	42.214286	C5	90	80	0	2	-3.286699
688	42.000000	42.214286	E5	90	80	0	3	-3.012122
689	42.000000	44.000000	C3	90	80	1	-2	-4.084076
690	42.000000	44.000000	E3	90	80	1	-1	-2.415329
691	42.214286	42.428571	E-5	90	80	0	2	-3.151465
692	42.214286	42.428571	F#5	90	80	0	4	-2.758588
693	42.428571	42.642857	D5	90	80	0	2	-4.058569
694	42.428571	42.642857	G5	90	80	0	4	-2.909306
695	42.642857	42.857143	F#5	90	80	0	3	-3.226506
696	42.642857	42.857143	A-5	90	80	0	4	-2.883688
697	42.857143	43.071429	F5	90	80	0	3	-3.914844
698	42.857143	43.071429	A5	90	80	0	5	-2.681011
699	43.071429	43.285714	E-5	90	80	0	2	-4.412763
700	43.071429	43.285714	F#5	90	80	0	4	-2.758588
701	43.285714	43.500000	D5	90	80	0	2	-4.058569
702	43.285714	43.500000	G5	90	80	0	5	-3.228870
703	43.500000	43.714286	D-5	90	80	0	2	-4.412763
704	43.500000	43.714286	E-5	90	80	0	3	-2.675961
705	43.714286	43.928571	C5	90	80	0	2	-3.286699
706	43.714286	43.928571	E5	90	80	0	4	-2.758588
707	43.928571	44.142857	B-4	90	80	0	1	-4.295977
708	43.928571	44.142857	C#5	90	80	0	2	-2.525967
709	44.142857	44.357143	A4	90	80	0	1	-4.134704
710	44.142857	44.357143	D5	90	80	0	4	-4.278061
711	44.357143	44.571429	A-4	90	80	0	1	-4.295977
712	44.357143	44.571429	B-4	90	80	0	2	-2.867384
713	44.571429	44.785714	G4	90	80	0	1	-3.360143
714	44.571429	44.785714	B4	90	80	0	2	-2.525967
715	44.785714	45.000000	B4	90	80	0	2	-4.554564
716	44.785714	45.000000	C5	90	80	0	3	-2.675961
717	45.000000	45.214286	A4	90	80	0	1	-3.281335
718	45.000000	45.214286	D5	90	80	0	3	-3.401091
719	45.214286	45.428571	D-5	90	80	0	2	-3.151465
720	45.214286	45.428571	E-5	90	80	0	3	-2.675961
721	45.428571	45.642857	C5	90	80	0	2	-3.286699
722	45.428571	45.642857	E5	90	80	0	3	-3.012122
723	45.642857	45.857143	E-5	90	80	0	2	-3.151465
724	45.642857	45.857143	F#5	90	80	0	4	-2.758588
725	45.857143	46.071429	D5	90	80	0	2	-4.058569
726	45.857143	46.071429	G5	90	80	0	4	-2.909306
727	46.000000	46.250000	G2	90	80	1	-4	-4.458307
728	46.000000	46.250000	B2	90	80	1	-2	-2.359478
729	46.071429	46.285714	F#5	90	80	0	3	-3.226506
730	46.071429	46.285714	A-5	90	80	0	4	-2.883688
731	46.250000	46.500000	B-2	90	80	1	-3	-3.848567
732	46.250000	46.500000	C#3	90	80	1	-1	-2.967507
733	46.285714	46.500000	F5	90	80	0	3	-3.914844
734	46.285714	46.500000	A5	90	80	0	5	-2.681011
735	46.500000	46.714286	E-5	90	80	0	2	-4.412763
736	46.500000	46.714286	F#5	90	80	0	4	-2.758588
737	46.500000	46.750000	A2	90	80	1	-2	-4.597368
738	46.500000	46.750000	D3	90	80	1	-1	-2.320150
739	46.714286	46.928571	D5	90	80	0	2	-4.058569
740	46.714286	46.928571	G5	90	80	0	5	-3.228870
741	46.750000	47.000000	D-3	90	80	1	-2	-3.720116
742	46.750000	47.000000	E-3	90	80	1	-1	-2.578439
743	46.928571	47.142857	D-5	90	80	0	2	-4.412763
744	46.928571	47.142857	E-5	90	80	0	3	-2.675961
745	47.000000	47.250000	C3	90	80	1	-2	-4.084076
746	47.000000	47.250000	E3	90	80	1	-1	-2.415329
747	47.142857	47.357143	C5	90	80	0	2	-3.286699
748	47.142857	47.357143	E5	90	80	0	4	-2.758588
749	47.250000	47.500000	E-3	90	80	1	-2	-3.720116
750	47.250000	47.500000	F#3	90	80	1	-1	-2.415329
751	47.357143	47.571429	B4	90	80	0	2	-3.266530
752	47.357143	47.571429	C5	90	80	0	3	-2.675961
753	47.500000	47.750000	D3	90	80	1	-2	-4.597368
754	47.500000	47.750000	G3	90	80	1	-1	-2.320150
755	47.571429	47.785714	A4	90	80	0	2	-3.674662
756	47.571429	47.785714	D5	90	80	0	5	-3.228870
757	47.750000	48.000000	F#3	90	80	1	-2	-3.720116
758	47.750000	48.000000	A-3	90	80	1	-1	-2.578439
759	47.785714	48.000000	A-4	90	80	0	2	-4.412763
760	47.785714	48.000000	B-4	90	80	0	3	-2.675961
761	48.000000	48.214286	G4	90	80	0	2	-3.286699
762	48.000000	48.214286	B4	90	80	0	3	-3.012122
763	48.000000	48.250000	F3	90	80	1	-2	-4.084076
764	48.000000	48.250000	A3	90	80	1	-1	-2.415329
765	48.250000	48.500000	E-3	90	80	1	-2	-5.099885
766	48.250000	48.500000	F#3	90	80	1	-1	-2.415329
767	48.500000	48.750000	D3	90	80	1	-2	-4.597368
768	48.500000	48.750000	G3	90	80	1	-1	-2.320150
769	48.642857	49.071429	A-4	90	80	0	2	-3.032881
770	48.642857	49.071429	B-4	90	80	0	3	-2.675961
771	48.750000	49.000000	D-3	90	80	1	-2	-5.099885
772	48.750000	49.000000	E-3	90	80	1	-1	-2.578439
773	48.857143	49.071429	G4	90	80	0	2	-3.286699
774	49.000000	49.250000	C3	90	80	1	-2	-4.084076
775	49.000000	49.250000	E3	90	80	1	-1	-2.415329
776	49.250000	49.500000	B-2	90	80	1	-2	-5.099885
777	49.250000	49.500000	C#3	90	80	1	-1	-2.415329
778	49.500000	49.750000	A2	90	80	1	-2	-4.597368
779	49.500000	49.750000	D3	90	80	1	-1	-2.320150
780	49.714286	49.928571	G4	90	80	0	3	-5.337046
781	49.750000	50.000000	A-2	90	80	1	-2	-5.099885
782	49.750000	50.000000	B-2	90	80	1	-1	-2.578439
783	50.000000	50.250000	G2	90	80	1	-2	-4.084076
784	50.000000	50.250000	B2	90	80	1	-1	-2.415329
785	50.142857	50.357143	G4	90	80	0	3	-4.378151
786	50.142857	50.357143	B4	90	80	0	5	-2.681011
787	50.250000	50.500000	B-2	90	80	1	-2	-3.720116
788	50.250000	50.500000	C#3	90	80	1	-1	-2.415329
789	50.500000	50.750000	A2	90	80	1	-2	-4.597368
790	50.500000	50.750000	D3	90	80	1	-1	-2.320150
791	50.750000	51.000000	D-3	90	80	1	-2	-3.720116
792	50.750000	51.000000	E-3	90	80	1	-1	-2.578439
793	51.000000	51.250000	C3	90	80	1	-2	-4.084076
794	51.000000	51.250000	E3	90	80	1	-1	-2.415329
795	51.250000	51.500000	E-3	90	80	1	-2	-3.720116
796	51.250000	51.500000	F#3	90	80	1	-1	-2.415329
797	51.428571	51.642857	G2	90	80	0	1	-6.163296
798	51.428571	51.642857	B2	90	80	0	3	-3.473158
799	51.500000	51.750000	D3	90	80	1	-2	-4.597368
800	51.500000	51.750000	G3	90	80	1	-1	-2.320150
801	51.642857	51.857143	B-2	90	80	0	2	-3.151465
802	51.642857	51.857143	C#3	90	80	0	3	-3.012122
803	51.750000	52.000000	F#3	90	80	1	-2	-3.720116
804	51.750000	52.000000	A-3	90	80	1	-1	-2.578439
805	51.857143	52.071429	A2	90	80	0	1	-3.996553
806	51.857143	52.071429	D3	90	80	0	3	-3.401091
807	52.000000	52.250000	F3	90	80	1	-2	-4.084076
808	52.000000	52.250000	A3	90	80	1	-1	-2.415329
809	52.071429	52.285714	D-3	90	80	0	2	-3.151465
810	52.071429	52.285714	E-3	90	80	0	3	-2.675961
811	52.250000	52.500000	E-3	90	80	1	-2	-5.099885
812	52.250000	52.500000	F#3	90	80	1	-1	-2.415329
813	52.285714	52.500000	C3	90	80	0	2	-3.286699
814	52.285714	52.500000	E3	90	80	0	3	-3.012122
815	52.500000	52.714286	E-3	90	80	0	2	-3.151465
816	52.500000	52.714286	F#3	90	80	0	3	-3.012122
817	52.500000	52.750000	D3	90	80	1	-2	-4.597368
818	52.500000	52.750000	G3	90	80	1	-1	-2.320150
819	52.714286	52.928571	D3	90	80	0	1	-3.996553
820	52.714286	52.928571	G3	90	80	0	3	-3.401091
821	52.750000	53.000000	D-3	90	80	1	-2	-5.099885
822	52.750000	53.000000	E-3	90	80	1	-1	-2.578439
823	52.928571	53.142857	G-3	90	80	0	2	-3.151465
824	52.928571	53.142857	A-3	90	80	0	3	-2.675961
825	53.000000	53.250000	C3	90	80	1	-2	-4.084076
826	53.000000	53.250000	E3	90	80	1	-1	-2.415329
827	53.142857	53.357143	F3	90	80	0	2	-3.286699
828	53.142857	53.357143	A3	90	80	0	3	-3.012122
829	53.250000	53.500000	B-2	90	80	1	-2	-5.099885
830	53.250000	53.500000	C#3	90	80	1	-1	-2.415329
831	53.357143	53.571429	A-3	90	80	0	2	-3.151465
832	53.357143	53.571429	B-3	90	80	0	3	-2.675961
833	53.500000	53.750000	A2	90	80	1	-2	-4.597368
834	53.500000	53.750000	D3	90	80	1	-1	-2.320150
835	53.571429	53.785714	G3	90	80	0	2	-3.286699
836	53.571429	53.785714	B3	90	80	0	3	-3.012122
837	53.750000	54.000000	A-2	90	80	1	-2	-5.099885
838	53.750000	54.000000	B-2	90	80	1	-1	-2.578439
839	53.785714	54.000000	B-3	90	80	0	2	-3.151465
840	53.785714	54.000000	C#4	90	80	0	4	-2.758588
841	54.000000	54.214286	A3	90	80	0	2	-4.058569
842	54.000000	54.214286	D4	90	80	0	4	-2.909306
843	54.000000	54.250000	G2	90	80	1	-2	-4.084076
844	54.000000	54.250000	B2	90	80	1	-1	-2.415329
845	54.214286	54.428571	D-4	90	80	0	3	-3.226506
846	54.214286	54.428571	E4	90	80	0	4	-4.111873
847	54.250000	54.500000	B-2	90	80	1	-2	-3.720116
848	54.250000	54.500000	C#3	90	80	1	-1	-2.415329
849	54.428571	54.642857	C4	90	80	0	2	-3.359779
850	54.428571	54.642857	E4	90	80	0	3	-3.012122
851	54.500000	54.750000	A2	90	80	1	-2	-4.597368
852	54.500000	54.750000	D3	90	80	1	-1	-2.320150
853	54.642857	54.857143	E-4	90	80	0	2	-3.151465
854	54.642857	54.857143	F#4	90	80	0	3	-3.012122
855	54.750000	55.000000	D-3	90	80	1	-2	-3.720116
856	54.750000	55.000000	E-3	90	80	1	-1	-2.578439
857	54.857143	55.071429	D4	90	80	0	1	-3.996553
858	54.857143	55.071429	G4	90	80	0	3	-3.401091
859	55.000000	55.250000	C3	90	80	1	-2	-4.084076
860	55.000000	55.250000	E3	90	80	1	-1	-2.415329
861	55.071429	55.285714	G-4	90	80	0	2	-3.151465
862	55.071429	55.285714	A-4	90	80	0	3	-2.675961
863	55.250000	55.500000	E-3	90	80	1	-2	-3.720116
864	55.250000	55.500000	F#3	90	80	1	-1	-2.415329
865	55.285714	55.500000	F4	90	80	0	2	-3.286699
866	55.285714	55.500000	A4	90	80	0	3	-3.012122
867	55.500000	55.714286	A-4	90	80	0	2	-3.151465
868	55.500000	55.714286	B-4	90	80	0	3	-2.675961
869	55.500000	55.750000	D3	90	80	1	-2	-4.597368
870	55.500000	55.750000	G3	90	80	1	-1	-2.320150
871	55.714286	55.928571	G4	90	80	0	2	-3.286699
872	55.714286	55.928571	B4	90	80	0	3	-3.012122
873	55.750000	56.000000	F#3	90	80	1	-2	-3.720116
874	55.750000	56.000000	A-3	90	80	1	-1	-2.578439
875	55.928571	56.142857	B-4	90	80	0	2	-3.151465
876	55.928571	56.142857	C#5	90	80	0	4	-2.758588
877	56.000000	56.250000	F3	90	80	1	-2	-4.084076
878	56.000000	56.250000	A3	90	80	1	-1	-2.415329
879	56.142857	56.357143	A4	90	80	0	2	-4.058569
880	56.142857	56.357143	D5	90	80	0	4	-2.909306
881	56.250000	56.500000	E-3	90	80	1	-2	-5.099885
882	56.250000	56.500000	F#3	90	80	1	-1	-2.415329
883	56.357143	56.571429	D-5	90	80	0	3	-3.226506
884	56.357143	56.571429	E5	90	80	0	4	-4.111873
885	56.500000	56.750000	D3	90	80	1	-2	-4.597368
886	56.500000	56.750000	G3	90	80	1	-1	-2.320150
887	56.571429	56.785714	C5	90	80	0	2	-3.359779
888	56.571429	56.785714	E5	90	80	0	3	-3.012122
889	56.750000	57.000000	D-3	90	80	1	-2	-5.099885
890	56.750000	57.000000	E-3	90	80	1	-1	-2.578439
891	56.785714	57.000000	E-5	90	80	0	2	-3.151465
892	56.785714	57.000000	F#5	90	80	0	3	-3.012122
893	57.000000	57.214286	D5	90	80	0	1	-3.996553
894	57.000000	57.214286	G5	90	80	0	3	-3.401091
895	57.000000	57.250000	C3	90	80	1	-2	-4.084076
896	57.000000	57.250000	E3	90	80	1	-1	-2.415329
897	57.214286	57.428571	G-5	90	80	0	2	-3.151465
898	57.214286	57.428571	A-5	90	80	0	3	-2.675961
899	57.250000	57.500000	B-2	90	80	1	-2	-5.099885
900	57.250000	57.500000	C#3	90	80	1	-1	-2.415329
901	57.428571	57.642857	F#5	90	80	0	2	-2.287533
902	57.428571	57.642857	A-5	90	80	0	3	-2.675961
903	57.500000	57.750000	A2	90	80	1	-2	-4.597368
904	57.500000	57.750000	D3	90	80	1	-1	-2.320150
905	57.642857	57.857143	A-5	90	80	0	2	-4.935872
906	57.642857	57.857143	B-5	90	80	0	3	-2.675961
907	57.750000	58.000000	A-2	90	80	1	-2	-5.099885
908	57.750000	58.000000	B-2	90	80	1	-1	-2.578439
909	57.857143	58.071429	G5	90	80	0	2	-3.286699
910	57.857143	58.071429	B5	90	80	0	4	-2.758588
911	58.000000	58.250000	G2	90	80	1	-2	-4.084076
912	58.000000	58.250000	B2	90	80	1	-1	-2.415329
913	58.071429	58.285714	B-5	90	80	0	3	-3.226506
914	58.071429	58.285714	C#6	90	80	0	5	-2.681011
915	58.285714	58.500000	A5	90	80	0	3	-4.396088
916	58.285714	58.500000	D6	90	80	0	5	-3.128600
917	58.500000	58.714286	A-5	90	80	0	2	-4.412763
918	58.500000	58.714286	B-5	90	80	0	3	-2.675961
919	58.500000	58.750000	G2	90	80	1	-2	-3.291596
920	58.500000	58.750000	B2	90	80	1	-1	-2.415329
921	58.714286	58.928571	G5	90	80	0	2	-3.286699
922	58.714286	58.928571	B5	90	80	0	4	-2.758588
923	58.928571	59.142857	G-5	90	80	0	2	-3.901124
924	58.928571	59.142857	A-5	90	80	0	3	-2.675961
925	59.142857	59.357143	F5	90	80	0	2	-3.286699
926	59.142857	59.357143	A5	90	80	0	4	-2.758588
927	59.357143	59.571429	E-5	90	80	0	1	-4.295977
928	59.357143	59.571429	F#5	90	80	0	2	-2.525967
929	59.571429	59.785714	D5	90	80	0	1	-4.134704
930	59.571429	59.785714	G5	90	80	0	3	-3.401091
931	59.785714	60.000000	D-5	90	80	0	2	-5.483387
932	59.785714	60.000000	E-5	90	80	0	3	-2.675961
933	60.000000	60.214286	C5	90	80	0	2	-3.286699
934	60.000000	60.214286	E5	90	80	0	4	-2.758588
935	60.000000	60.250000	C2	90	80	1	-4	-4.921584
936	60.000000	60.250000	E2	90	80	1	-2	-2.359478
937	60.214286	60.428571	B-4	90	80	0	1	-4.295977
938	60.214286	60.428571	C#5	90	80	0	2	-2.525967
939	60.250000	60.500000	E-2	90	80	1	-3	-3.848567
940	60.250000	60.500000	F#2	90	80	1	-1	-2.967507
941	60.428571	60.642857	A4	90	80	0	1	-4.134704
942	60.428571	60.642857	D5	90	80	0	3	-3.401091
943	60.500000	60.750000	D2	90	80	1	-2	-4.597368
944	60.500000	60.750000	G2	90	80	1	-1	-2.320150
945	60.642857	60.857143	A-4	90	80	0	2	-5.483387
946	60.642857	60.857143	B-4	90	80	0	3	-2.675961
947	60.750000	61.000000	G-2	90	80	1	-2	-3.720116
948	60.750000	61.000000	A-2	90	80	1	-1	-2.578439
949	60.857143	61.071429	G4	90	80	0	2	-3.286699
950	60.857143	61.071429	B4	90	80	0	4	-2.758588
951	61.000000	61.250000	F2	90	80	1	-2	-4.084076
952	61.000000	61.250000	A2	90	80	1	-1	-2.415329
953	61.071429	61.285714	G-4	90	80	0	2	-3.901124
954	61.071429	61.285714	A-4	90	80	0	3	-2.675961
955	61.250000	61.500000	A-2	90	80	1	-2	-3.720116
956	61.250000	61.500000	B-2	90	80	1	-1	-2.578439
957	61.285714	61.500000	F4	90	80	0	2	-3.286699
958	61.285714	61.500000	A4	90	80	0	4	-2.758588
959	61.500000	61.714286	E-4	90	80	0	1	-4.295977
960	61.500000	61.714286	F#4	90	80	0	2	-2.525967
961	61.500000	61.750000	G2	90	80	1	-2	-4.084076
962	61.500000	61.750000	B2	90	80	1	-1	-2.415329
963	61.714286	61.928571	D4	90	80	0	1	-4.134704
964	61.714286	61.928571	G4	90	80	0	3	-3.401091
965	61.750000	62.000000	B-2	90	80	1	-2	-3.720116
966	61.750000	62.000000	C#3	90	80	1	-1	-2.415329
967	61.928571	62.142857	D-4	90	80	0	2	-5.483387
968	61.928571	62.142857	E-4	90	80	0	3	-2.675961
969	62.000000	62.250000	A2	90	80	1	-2	-4.597368
970	62.000000	62.250000	D3	90	80	1	-1	-2.320150
971	62.142857	62.357143	C4	90	80	0	2	-3.286699
972	62.142857	62.357143	E4	90	80	0	4	-2.758588
973	62.250000	62.500000	D-3	90	80	1	-2	-3.720116
974	62.250000	62.500000	E-3	90	80	1	-1	-2.578439
975	62.357143	62.571429	B3	90	80	0	2	-3.266530
976	62.357143	62.571429	C#4	90	80	0	4	-4.064995
977	62.500000	62.750000	C3	90	80	1	-2	-4.084076
978	62.500000	62.750000	E3	90	80	1	-1	-2.415329
979	62.571429	62.785714	A3	90	80	0	2	-4.058569
980	62.571429	62.785714	D4	90	80	0	5	-3.228870
981	62.750000	63.000000	E-3	90	80	1	-2	-3.720116
982	62.750000	63.000000	F#3	90	80	1	-1	-2.415329
983	62.785714	63.000000	A-3	90	80	0	2	-4.412763
984	62.785714	63.000000	B3	90	80	0	3	-3.265372
985	63.000000	63.214286	G3	90	80	0	2	-3.674662
986	63.000000	63.214286	B3	90	80	0	4	-2.758588
987	63.000000	63.250000	D3	90	80	1	-2	-4.597368
988	63.000000	63.250000	G3	90	80	1	-1	-2.320150
989	63.214286	63.428571	G-3	90	80	0	2	-3.901124
990	63.214286	63.428571	A-3	90	80	0	3	-2.675961
991	63.250000	63.500000	G-3	90	80	1	-2	-3.720116
992	63.250000	63.500000	A-3	90	80	1	-1	-2.578439
993	63.428571	63.642857	F3	90	80	0	2	-3.286699
994	63.428571	63.642857	A3	90	80	0	4	-2.758588
995	63.500000	63.750000	F3	90	80	1	-2	-4.084076
996	63.500000	63.750000	A3	90	80	1	-1	-2.415329
997	63.642857	63.857143	E-3	90	80	0	1	-4.295977
998	63.642857	63.857143	F#3	90	80	0	2	-2.525967
999	63.750000	64.000000	A-3	90	80	1	-2	-3.720116
1000	63.750000	64.000000	B-3	90	80	1	-1	-2.578439
1001	63.857143	64.071429	D3	90	80	0	1	-4.134704
1002	63.857143	64.071429	G3	90	80	0	3	-3.401091
1003	64.000000	64.250000	G3	90	80	1	-2	-4.084076
1004	64.000000	64.250000	B3	90	80	1	-1	-2.415329
1005	64.071429	64.285714	D-3	90	80	0	2	-5.483387
1006	64.071429	64.285714	E-3	90	80	0	3	-2.675961
1007	64.250000	64.500000	B-3	90	80	1	-2	-3.720116
1008	64.250000	64.500000	C#4	90	80	1	-1	-2.415329
1009	64.285714	64.500000	C3	90	80	0	2	-3.286699
1010	64.285714	64.500000	E3	90	80	0	4	-2.758588
1011	64.500000	64.714286	B-2	90	80	0	1	-4.295977
1012	64.500000	64.714286	C#3	90	80	0	2	-2.525967
1013	64.500000	64.750000	A3	90	80	1	-2	-4.597368
1014	64.500000	64.750000	D4	90	80	1	-1	-2.320150
1015	64.714286	64.928571	A2	90	80	0	1	-4.134704
1016	64.714286	64.928571	D3	90	80	0	3	-3.401091
1017	64.750000	65.000000	D-4	90	80	1	-2	-3.720116
1018	64.750000	65.000000	E-4	90	80	1	-1	-2.578439
1019	64.928571	65.142857	A-2	90	80	0	2	-5.483387
1020	64.928571	65.142857	B-2	90	80	0	3	-2.675961
1021	65.000000	65.250000	C#4	90	80	1	-2	-2.745489
1022	65.000000	65.250000	E4	90	80	1	-1	-2.464298
1023	65.142857	65.357143	G2	90	80	0	2	-3.286699
1024	65.142857	65.357143	B2	90	80	0	3	-3.012122
1025	65.250000	65.500000	E4	90	80	1	-2	-4.675782
1026	65.250000	65.500000	F4	90	80	1	-1	-2.578439
1027	65.357143	65.571429	B-2	90	80	0	2	-3.151465
1028	65.357143	65.571429	C#3	90	80	0	3	-3.012122
1029	65.500000	65.750000	D4	90	80	1	-2	-3.291596
1030	65.500000	65.750000	G4	90	80	1	-1	-2.320150
1031	65.571429	65.785714	A2	90	80	0	1	-3.996553
1032	65.571429	65.785714	D3	90	80	0	3	-3.401091
1033	65.750000	66.000000	G-4	90	80	1	-2	-3.720116
1034	65.750000	66.000000	A-4	90	80	1	-1	-2.578439
1035	65.785714	66.000000	D-3	90	80	0	2	-3.151465
1036	65.785714	66.000000	E-3	90	80	0	3	-2.675961
1037	66.000000	66.214286	C3	90	80	0	2	-3.286699
1038	66.000000	66.214286	E3	90	80	0	3	-3.012122
1039	66.000000	66.250000	F4	90	80	1	-2	-4.084076
1040	66.000000	66.250000	A4	90	80	1	-1	-2.415329
1041	66.214286	66.428571	E-3	90	80	0	2	-3.151465
1042	66.214286	66.428571	F#3	90	80	0	3	-3.012122
1043	66.250000	66.500000	A-4	90	80	1	-2	-3.720116
1044	66.250000	66.500000	B-4	90	80	1	-1	-2.578439
1045	66.428571	66.642857	D3	90	80	0	1	-3.996553
1046	66.428571	66.642857	G3	90	80	0	3	-3.401091
1047	66.500000	66.750000	G4	90	80	1	-2	-4.084076
1048	66.500000	66.750000	B4	90	80	1	-1	-2.415329
1049	66.642857	66.857143	G-3	90	80	0	2	-3.151465
1050	66.642857	66.857143	A-3	90	80	0	3	-2.675961
1051	66.750000	67.000000	B-4	90	80	1	-2	-3.720116
1052	66.750000	67.000000	C#5	90	80	1	-1	-2.415329
1053	66.857143	67.071429	F3	90	80	0	2	-3.286699
1054	66.857143	67.071429	A3	90	80	0	3	-3.012122
1055	67.000000	67.250000	A4	90	80	1	-2	-4.597368
1056	67.000000	67.250000	D5	90	80	1	-1	-2.320150
1057	67.071429	67.285714	A-3	90	80	0	2	-3.151465
1058	67.071429	67.285714	B-3	90	80	0	3	-2.675961
1059	67.250000	67.500000	D-5	90	80	1	-2	-3.720116
1060	67.250000	67.500000	E-5	90	80	1	-1	-2.578439
1061	67.285714	67.500000	G3	90	80	0	2	-3.286699
1062	67.285714	67.500000	B3	90	80	0	3	-3.012122
1063	67.500000	67.714286	B-3	90	80	0	2	-3.151465
1064	67.500000	67.714286	C#4	90	80	0	4	-2.758588
1065	67.500000	67.750000	C5	90	80	1	-2	-4.084076
1066	67.500000	67.750000	E5	90	80	1	-1	-2.415329
1067	67.714286	67.928571	A3	90	80	0	2	-4.058569
1068	67.714286	67.928571	D4	90	80	0	4	-2.909306
1069	67.750000	68.000000	E-5	90	80	1	-2	-3.720116
1070	67.750000	68.000000	F#5	90	80	1	-1	-2.415329
1071	67.928571	68.142857	D-4	90	80	0	3	-3.226506
1072	67.928571	68.142857	E4	90	80	0	4	-4.111873
1073	68.000000	68.250000	D5	90	80	1	-2	-4.597368
1074	68.000000	68.250000	G5	90	80	1	-1	-2.320150
1075	68.142857	68.357143	C4	90	80	0	2	-3.359779
1076	68.142857	68.357143	E4	90	80	0	3	-3.012122
1077	68.250000	68.500000	D-5	90	80	1	-2	-5.099885
1078	68.250000	68.500000	E-5	90	80	1	-1	-2.578439
1079	68.357143	68.571429	E-4	90	80	0	2	-3.151465
1080	68.357143	68.571429	F#4	90	80	0	3	-3.012122
1081	68.500000	68.750000	C5	90	80	1	-2	-4.084076
1082	68.500000	68.750000	E5	90	80	1	-1	-2.415329
1083	68.571429	68.785714	D4	90	80	0	1	-3.996553
1084	68.571429	68.785714	G4	90	80	0	3	-3.401091
1085	68.750000	69.000000	B-4	90	80	1	-2	-5.099885
1086	68.750000	69.000000	C#5	90	80	1	-1	-2.415329
1087	68.785714	69.000000	G-4	90	80	0	2	-3.151465
1088	68.785714	69.000000	A-4	90	80	0	3	-2.675961
1089	69.000000	69.214286	F4	90	80	0	2	-3.286699
1090	69.000000	69.214286	A4	90	80	0	3	-3.012122
1091	69.000000	69.250000	A4	90	80	1	-2	-4.597368
1092	69.000000	69.250000	D5	90	80	1	-1	-2.320150
1093	69.214286	69.428571	A-4	90	80	0	2	-3.151465
1094	69.214286	69.428571	B-4	90	80	0	3	-2.675961
1095	69.250000	69.500000	A-4	90	80	1	-2	-5.099885
1096	69.250000	69.500000	B-4	90	80	1	-1	-2.578439
1097	69.428571	69.642857	G4	90	80	0	2	-3.286699
1098	69.428571	69.642857	B4	90	80	0	3	-3.012122
1099	69.500000	69.750000	G4	90	80	1	-2	-4.084076
1100	69.500000	69.750000	B4	90	80	1	-1	-2.415329
1101	69.642857	69.857143	B-4	90	80	0	2	-3.151465
1102	69.642857	69.857143	C#5	90	80	0	4	-2.758588
1103	69.750000	70.000000	G-4	90	80	1	-2	-4.444474
1104	69.750000	70.000000	A-4	90	80	1	-1	-2.578439
1105	69.857143	70.071429	A4	90	80	0	2	-4.058569
1106	69.857143	70.071429	D5	90	80	0	4	-2.909306
1107	70.000000	70.250000	F4	90	80	1	-2	-4.084076
1108	70.000000	70.250000	A4	90	80	1	-1	-2.415329
1109	70.071429	70.285714	D-5	90	80	0	3	-3.226506
1110	70.071429	70.285714	E5	90	80	0	4	-4.111873
1111	70.250000	70.500000	E-4	90	80	1	-2	-5.099885
1112	70.250000	70.500000	F#4	90	80	1	-1	-2.415329
1113	70.285714	70.500000	C5	90	80	0	2	-3.359779
1114	70.285714	70.500000	E5	90	80	0	3	-3.012122
1115	70.500000	70.714286	E-5	90	80	0	2	-3.151465
1116	70.500000	70.714286	F#5	90	80	0	3	-3.012122
1117	70.500000	70.750000	D4	90	80	1	-2	-4.597368
1118	70.500000	70.750000	G4	90	80	1	-1	-2.320150
1119	70.714286	70.928571	D5	90	80	0	1	-3.996553
1120	70.714286	70.928571	G5	90	80	0	3	-3.401091
1121	70.750000	71.000000	D-4	90	80	1	-2	-5.099885
1122	70.750000	71.000000	E-4	90	80	1	-1	-2.578439
1123	70.928571	71.142857	G-5	90	80	0	2	-3.151465
1124	70.928571	71.142857	A-5	90	80	0	3	-2.675961
1125	71.000000	71.250000	C4	90	80	1	-2	-4.084076
1126	71.000000	71.250000	E4	90	80	1	-1	-2.415329
1127	71.142857	71.357143	F#5	90	80	0	2	-2.287533
1128	71.142857	71.357143	A-5	90	80	0	3	-2.675961
1129	71.250000	71.500000	B3	90	80	1	-2	-3.456527
1130	71.250000	71.500000	C#4	90	80	1	-1	-3.101885
1131	71.357143	71.571429	A-5	90	80	0	2	-4.935872
1132	71.357143	71.571429	B-5	90	80	0	3	-2.675961
1133	71.500000	71.750000	A3	90	80	1	-2	-4.597368
1134	71.500000	71.750000	D4	90	80	1	-1	-2.320150
1135	71.571429	71.785714	G5	90	80	0	2	-3.286699
1136	71.571429	71.785714	B5	90	80	0	4	-2.758588
1137	71.750000	72.000000	A-3	90	80	1	-2	-5.099885
1138	71.750000	72.000000	B-3	90	80	1	-1	-2.578439
1139	71.785714	72.000000	B-5	90	80	0	3	-3.226506
1140	71.785714	72.000000	C#6	90	80	0	5	-2.681011
1141	72.000000	72.214286	A5	90	80	0	3	-4.396088
1142	72.000000	72.214286	D6	90	80	0	5	-3.128600
1143	72.000000	72.250000	G3	90	80	1	-2	-4.084076
1144	72.000000	72.250000	B3	90	80	1	-1	-2.415329
1145	72.214286	72.428571	A-5	90	80	0	2	-4.412763
1146	72.214286	72.428571	B-5	90	80	0	3	-2.675961
1147	72.250000	72.500000	G-3	90	80	1	-2	-4.444474
1148	72.250000	72.500000	A3	90	80	1	-1	-2.464298
1149	72.428571	72.642857	G5	90	80	0	2	-3.286699
1150	72.428571	72.642857	B5	90	80	0	4	-2.758588
1151	72.500000	72.750000	F3	90	80	1	-2	-3.291596
1152	72.500000	72.750000	A3	90	80	1	-1	-2.415329
1153	72.642857	72.857143	G-5	90	80	0	2	-3.901124
1154	72.642857	72.857143	A-5	90	80	0	3	-2.675961
1155	72.750000	73.000000	E-3	90	80	1	-2	-5.099885
1156	72.750000	73.000000	F#3	90	80	1	-1	-2.415329
1157	72.857143	73.071429	F5	90	80	0	2	-3.286699
1158	72.857143	73.071429	A5	90	80	0	4	-2.758588
1159	73.000000	73.250000	D3	90	80	1	-2	-4.597368
1160	73.000000	73.250000	G3	90	80	1	-1	-2.320150
1161	73.071429	73.285714	E-5	90	80	0	1	-4.295977
1162	73.071429	73.285714	F#5	90	80	0	2	-2.525967
1163	73.250000	73.500000	D-3	90	80	1	-2	-5.099885
1164	73.250000	73.500000	E-3	90	80	1	-1	-2.578439
1165	73.285714	73.500000	D5	90	80	0	1	-4.134704
1166	73.285714	73.500000	G5	90	80	0	3	-3.401091
1167	73.500000	73.714286	D-5	90	80	0	2	-5.483387
1168	73.500000	73.714286	E-5	90	80	0	3	-2.675961
1169	73.500000	73.750000	C3	90	80	1	-2	-4.084076
1170	73.500000	73.750000	E3	90	80	1	-1	-2.415329
1171	73.714286	73.928571	C5	90	80	0	2	-3.286699
1172	73.714286	73.928571	E5	90	80	0	4	-2.758588
1173	73.750000	74.000000	B2	90	80	1	-2	-3.456527
1174	73.750000	74.000000	C3	90	80	1	-1	-2.578439
1175	73.928571	74.142857	B-4	90	80	0	1	-4.295977
1176	73.928571	74.142857	C#5	90	80	0	2	-2.525967
1177	74.000000	74.250000	A2	90	80	1	-2	-3.291596
1178	74.000000	74.250000	D3	90	80	1	-1	-2.320150
1179	74.142857	74.357143	A4	90	80	0	1	-4.134704
1180	74.142857	74.357143	D5	90	80	0	3	-3.401091
1181	74.250000	74.500000	A-2	90	80	1	-2	-5.099885
1182	74.250000	74.500000	B-2	90	80	1	-1	-2.578439
1183	74.357143	74.571429	A-4	90	80	0	2	-5.483387
1184	74.357143	74.571429	B-4	90	80	0	3	-2.675961
1185	74.500000	74.750000	G2	90	80	1	-2	-4.084076
1186	74.500000	74.750000	B2	90	80	1	-1	-2.415329
1187	74.571429	74.785714	G4	90	80	0	2	-3.286699
1188	74.571429	74.785714	B4	90	80	0	4	-2.758588
1189	74.750000	75.000000	G-2	90	80	1	-2	-4.444474
1190	74.750000	75.000000	A-2	90	80	1	-1	-2.578439
1191	74.785714	75.000000	G-4	90	80	0	2	-3.901124
1192	74.785714	75.000000	A-4	90	80	0	3	-2.675961
1193	75.000000	75.214286	F4	90	80	0	2	-3.286699
1194	75.000000	75.214286	A4	90	80	0	4	-2.758588
1195	75.000000	75.250000	F2	90	80	1	-2	-4.084076
1196	75.000000	75.250000	A2	90	80	1	-1	-2.415329
1197	75.214286	75.428571	E-4	90	80	0	1	-4.295977
1198	75.214286	75.428571	F#4	90	80	0	2	-2.525967
1199	75.250000	75.500000	E-2	90	80	1	-2	-5.099885
1200	75.250000	75.500000	F#2	90	80	1	-1	-2.415329
1201	75.428571	75.642857	D4	90	80	0	1	-4.134704
1202	75.428571	75.642857	G4	90	80	0	3	-3.401091
1203	75.500000	75.750000	D2	90	80	1	-2	-4.597368
1204	75.500000	75.750000	G2	90	80	1	-1	-2.320150
1205	75.642857	75.857143	D-4	90	80	0	2	-5.483387
1206	75.642857	75.857143	E-4	90	80	0	3	-2.675961
1207	75.750000	76.000000	D-2	90	80	1	-2	-5.099885
1208	75.750000	76.000000	E-2	90	80	1	-1	-2.578439
1209	75.857143	76.071429	C4	90	80	0	2	-3.286699
1210	75.857143	76.071429	E4	90	80	0	4	-2.758588
1211	76.000000	76.250000	C2	90	80	1	-2	-4.084076
1212	76.000000	76.250000	E2	90	80	1	-1	-2.415329
1213	76.071429	76.285714	B3	90	80	0	2	-3.266530
1214	76.071429	76.285714	C#4	90	80	0	4	-4.064995
1215	76.250000	76.500000	E-2	90	80	1	-2	-3.720116
1216	76.250000	76.500000	F#2	90	80	1	-1	-2.415329
1217	76.285714	76.500000	A3	90	80	0	2	-4.058569
1218	76.285714	76.500000	D4	90	80	0	5	-3.228870
1219	76.500000	76.714286	A-3	90	80	0	2	-4.412763
1220	76.500000	76.714286	B3	90	80	0	3	-3.265372
1221	76.500000	76.750000	D2	90	80	1	-2	-4.597368
1222	76.500000	76.750000	G2	90	80	1	-1	-2.320150
1223	76.714286	76.928571	G3	90	80	0	2	-3.674662
1224	76.714286	76.928571	B3	90	80	0	4	-2.758588
1225	76.750000	77.000000	G-2	90	80	1	-2	-3.720116
1226	76.750000	77.000000	A-2	90	80	1	-1	-2.578439
1227	76.928571	77.142857	G-3	90	80	0	2	-3.901124
1228	76.928571	77.142857	A-3	90	80	0	3	-2.675961
1229	77.000000	77.250000	F2	90	80	1	-2	-4.084076
1230	77.000000	77.250000	A2	90	80	1	-1	-2.415329
1231	77.142857	77.357143	F3	90	80	0	2	-3.286699
1232	77.142857	77.357143	A3	90	80	0	4	-2.758588
1233	77.250000	77.500000	A-2	90	80	1	-2	-3.720116
1234	77.250000	77.500000	B-2	90	80	1	-1	-2.578439
1235	77.357143	77.571429	E-3	90	80	0	1	-4.295977
1236	77.357143	77.571429	F#3	90	80	0	2	-2.525967
1237	77.500000	77.750000	G2	90	80	1	-2	-4.084076
1238	77.500000	77.750000	B2	90	80	1	-1	-2.415329
1239	77.571429	77.785714	D3	90	80	0	1	-4.134704
1240	77.571429	77.785714	G3	90	80	0	3	-3.401091
1241	77.750000	78.000000	B-2	90	80	1	-2	-3.720116
1242	77.750000	78.000000	C#3	90	80	1	-1	-2.415329
1243	77.785714	78.000000	D-3	90	80	0	2	-5.483387
1244	77.785714	78.000000	E-3	90	80	0	3	-2.675961
1245	78.000000	78.214286	C3	90	80	0	2	-3.286699
1246	78.000000	78.214286	E3	90	80	0	4	-2.758588
1247	78.000000	78.250000	A2	90	80	1	-2	-4.597368
1248	78.000000	78.250000	D3	90	80	1	-1	-2.320150
1249	78.214286	78.428571	B-2	90	80	0	1	-4.295977
1250	78.214286	78.428571	C#3	90	80	0	2	-2.525967
1251	78.250000	78.500000	D-3	90	80	1	-2	-3.720116
1252	78.250000	78.500000	E-3	90	80	1	-1	-2.578439
1253	78.428571	78.642857	A2	90	80	0	1	-4.134704
1254	78.428571	78.642857	D3	90	80	0	4	-4.278061
1255	78.500000	78.750000	C3	90	80	1	-2	-4.084076
1256	78.500000	78.750000	E3	90	80	1	-1	-2.415329
1257	78.642857	78.857143	A-2	90	80	0	1	-4.295977
1258	78.642857	78.857143	B-2	90	80	0	2	-2.867384
1259	78.750000	79.000000	E-3	90	80	1	-2	-3.720116
1260	78.750000	79.000000	F#3	90	80	1	-1	-2.415329
1261	78.857143	79.071429	G2	90	80	0	1	-3.360143
1262	78.857143	79.071429	B2	90	80	0	1	-6.856287
1263	79.000000	79.250000	D3	90	80	1	-2	-4.597368
1264	79.000000	79.250000	G3	90	80	1	-1	-2.320150
1265	79.250000	79.500000	G-3	90	80	1	-2	-3.720116
1266	79.250000	79.500000	A-3	90	80	1	-1	-2.578439
1267	79.500000	79.750000	F3	90	80	1	-2	-4.084076
1268	79.500000	79.750000	A3	90	80	1	-1	-2.415329
1269	79.714286	79.928571	G4	90	80	0	3	-8.667264
1270	79.714286	79.928571	B4	90	80	0	5	-2.681011
1271	79.750000	80.000000	A-3	90	80	1	-2	-3.720116
1272	79.750000	80.000000	B-3	90	80	1	-1	-2.578439
1273	80.000000	80.250000	G3	90	80	1	-2	-4.084076
1274	80.000000	80.250000	B3	90	80	1	-1	-2.415329
1275	80.250000	80.500000	B-3	90	80	1	-2	-3.720116
1276	80.250000	80.500000	C#4	90	80	1	-1	-2.415329
1277	80.500000	80.750000	A3	90	80	1	-2	-4.597368
1278	80.500000	80.750000	D4	90	80	1	-1	-2.320150
1279	80.750000	81.000000	D-4	90	80	1	-2	-3.720116
1280	80.750000	81.000000	E-4	90	80	1	-1	-2.578439
1281	81.000000	81.250000	C#4	90	80	1	-2	-2.745489
1282	81.000000	81.250000	E4	90	80	1	-1	-2.464298
1283	81.250000	81.500000	E4	90	80	1	-2	-4.675782
1284	81.250000	81.500000	F4	90	80	1	-1	-2.578439
1285	81.500000	81.750000	D4	90	80	1	-2	-3.291596
1286	81.500000	81.750000	G4	90	80	1	-1	-2.320150
1287	81.750000	82.000000	G-4	90	80	1	-2	-3.720116
1288	81.750000	82.000000	A-4	90	80	1	-1	-2.578439
1289	82.000000	82.250000	F4	90	80	1	-2	-4.084076
1290	82.000000	82.250000	A4	90	80	1	-1	-2.415329
1291	82.250000	82.500000	A-4	90	80	1	-2	-3.720116
1292	82.250000	82.500000	B-4	90	80	1	-1	-2.578439
1293	82.500000	82.750000	G4	90	80	1	-2	-4.084076
1294	82.500000	82.750000	B4	90	80	1	-1	-2.415329
1295	82.750000	83.000000	B-4	90	80	1	-2	-3.720116
1296	82.750000	83.000000	C#5	90	80	1	-1	-2.415329
1297	83.000000	83.250000	A4	90	80	1	-2	-4.597368
1298	83.000000	83.250000	D5	90	80	1	-1	-2.320150
1299	83.250000	83.500000	D-5	90	80	1	-2	-3.720116
1300	83.250000	83.500000	E-5	90	80	1	-1	-2.578439
1301	83.500000	83.750000	C5	90	80	1	-2	-4.084076
1302	83.500000	83.750000	E5	90	80	1	-1	-2.415329
1303	83.750000	84.000000	E-5	90	80	1	-2	-3.720116
1304	83.750000	84.000000	F#5	90	80	1	-1	-2.415329
1305	84.000000	84.250000	D5	90	80	1	-2	-4.597368
1306	84.000000	84.250000	G5	90	80	1	-1	-2.320150
1307	84.250000	84.500000	D-5	90	80	1	-2	-5.099885
1308	84.250000	84.500000	E-5	90	80	1	-1	-2.578439
1309	84.500000	84.750000	C5	90	80	1	-2	-4.084076
1310	84.500000	84.750000	E5	90	80	1	-1	-2.415329
1311	84.750000	85.000000	B-4	90	80	1	-2	-5.099885
1312	84.750000	85.000000	C#5	90	80	1	-1	-2.415329
1313	85.000000	85.250000	A4	90	80	1	-2	-4.597368
1314	85.000000	85.250000	D5	90	80	1	-1	-2.320150
1315	85.250000	85.500000	A-4	90	80	1	-2	-5.099885
1316	85.250000	85.500000	B-4	90	80	1	-1	-2.578439
1317	85.500000	85.750000	G4	90	80	1	-2	-4.084076
1318	85.500000	85.750000	B4	90	80	1	-1	-2.415329
1319	85.750000	86.000000	G-4	90	80	1	-2	-4.444474
1320	85.750000	86.000000	A-4	90	80	1	-1	-2.578439
1321	86.000000	86.250000	F4	90	80	1	-2	-4.084076
1322	86.000000	86.250000	A4	90	80	1	-1	-2.415329
1323	86.250000	86.500000	E-4	90	80	1	-2	-5.099885
1324	86.250000	86.500000	F#4	90	80	1	-1	-2.415329
1325	86.500000	86.750000	D4	90	80	1	-2	-4.597368
1326	86.500000	86.750000	G4	90	80	1	-1	-2.320150
1327	86.750000	87.000000	D-4	90	80	1	-2	-5.099885
1328	86.750000	87.000000	E-4	90	80	1	-1	-2.578439
1329	87.000000	87.250000	C4	90	80	1	-2	-4.084076
1330	87.000000	87.250000	E4	90	80	1	-1	-2.415329
1331	87.250000	87.500000	B3	90	80	1	-2	-3.456527
1332	87.250000	87.500000	C#4	90	80	1	-1	-3.101885
1333	87.500000	87.750000	A3	90	80	1	-2	-4.597368
1334	87.500000	87.750000	D4	90	80	1	-1	-2.320150
1335	87.750000	88.000000	A-3	90	80	1	-2	-5.099885
1336	87.750000	88.000000	B-3	90	80	1	-1	-2.578439
1337	88.000000	88.250000	G3	90	80	1	-2	-4.084076
1338	88.000000	88.250000	B3	90	80	1	-1	-2.415329
1339	88.250000	88.500000	G-3	90	80	1	-2	-4.444474
1340	88.250000	88.500000	A3	90	80	1	-1	-2.464298
1341	88.500000	88.750000	F3	90	80	1	-2	-3.291596
1342	88.500000	88.750000	A3	90	80	1	-1	-2.415329
1343	88.750000	89.000000	E-3	90	80	1	-2	-5.099885
1344	88.750000	89.000000	F#3	90	80	1	-1	-2.415329
1345	89.000000	89.250000	D3	90	80	1	-2	-4.597368
1346	89.000000	89.250000	G3	90	80	1	-1	-2.320150
1347	89.250000	89.500000	D-3	90	80	1	-2	-5.099885
1348	89.250000	89.500000	E-3	90	80	1	-1	-2.578439
1349	89.500000	89.750000	C3	90	80	1	-2	-4.084076
1350	89.500000	89.750000	E3	90	80	1	-1	-2.415329
1351	89.750000	90.000000	B2	90	80	1	-2	-3.456527
1352	89.750000	90.000000	C3	90	80	1	-1	-2.578439
1353	90.000000	90.250000	A2	90	80	1	-2	-3.291596
1354	90.000000	90.250000	D3	90	80	1	-1	-2.320150
1355	90.250000	90.500000	A-2	90	80	1	-2	-5.099885
1356	90.250000	90.500000	B-2	90	80	1	-1	-2.578439
1357	90.500000	90.750000	G2	90	80	1	-2	-4.084076
1358	90.500000	90.750000	B2	90	80	1	-1	-2.415329
1359	90.750000	91.000000	G-2	90	80	1	-2	-4.444474
1360	90.750000	91.000000	A-2	90	80	1	-1	-2.578439
1361	91.000000	91.250000	F2	90	80	1	-2	-4.084076
1362	91.000000	91.250000	A2	90	80	1	-1	-2.415329
1363	91.250000	91.500000	E-2	90	80	1	-2	-5.099885
1364	91.250000	91.500000	F#2	90	80	1	-1	-2.415329
1365	91.500000	91.750000	D2	90	80	1	-2	-4.597368
1366	91.500000	91.750000	G2	90	80	1	-1	-2.320150
1367	91.750000	92.000000	D-2	90	80	1	-2	-5.099885
1368	91.750000	92.000000	E-2	90	80	1	-1	-2.578439
1369	92.000000	92.250000	C2	90	80	1	-2	-4.084076
1370	92.000000	92.250000	E2	90	80	1	-1	-2.415329
1371	93.000000	93.250000	C3	90	80	1	-2	-6.730551
1372	93.000000	93.250000	E3	90	80	1	-1	-2.415329
