//Version: PianoFingering_v170101
1	0.000000	0.277778	E5	126	80	0	3	-1.701607
2	0.000000	0.250000	E4	90	80	1	-1	-2.235665
3	0.250000	0.500000	D4	90	80	1	-2	-2.745489
4	0.277778	0.555556	D5	126	80	0	2	-2.287533
5	0.500000	0.750000	E4	90	80	1	-1	-2.578439
6	0.555556	0.833333	E5	126	80	0	3	-2.675961
7	0.750000	1.000000	B3	90	80	1	-3	-3.831713
8	0.833333	1.111111	B4	126	80	0	1	-2.905888
9	1.000000	1.250000	A#3	90	80	1	-4	-5.020222
10	1.111111	1.388889	A#4	126	80	0	2	-4.284147
11	1.250000	1.375000	B3	90	80	1	-3	-4.267903
12	1.375000	1.500000	C#4	90	80	1	-2	-3.407298
13	1.388889	1.527778	B4	126	80	0	1	-4.072488
14	1.500000	2.000000	D4	90	80	1	-1	-3.404249
15	1.527778	1.666667	C#5	126	80	0	2	-3.246278
16	1.666667	2.222222	D5	126	80	0	1	-4.072488
17	2.000000	2.250000	E2	90	80	1	-5	-5.805721
18	2.000000	2.250000	E3	90	80	1	-1	-1.202832
19	2.250000	2.500000	A2	90	80	1	-5	-3.242781
20	2.250000	2.500000	A3	90	80	1	-1	-1.202832
21	2.500000	3.000000	B2	90	80	1	-5	-3.181034
22	2.500000	3.000000	B3	90	80	1	-1	-1.202832
23	3.000000	3.500000	B2	90	80	1	-5	-2.314770
24	3.000000	3.500000	B3	90	80	1	-4	-4.924626
25	3.500000	3.750000	E4	90	80	1	-2	-2.507290
26	3.750000	4.000000	F#4	90	80	1	-1	-3.101885
27	3.888889	4.166667	E5	126	80	0	2	-2.867384
28	4.000000	4.250000	E4	90	80	1	-2	-4.084076
29	4.166667	4.444444	F#5	126	80	0	3	-3.409656
30	4.250000	4.500000	B3	90	80	1	-4	-4.045906
31	4.444444	4.722222	E5	126	80	0	2	-3.286699
32	4.500000	4.750000	D4	90	80	1	-2	-2.359478
33	4.722222	5.000000	B4	126	80	0	1	-3.434905
34	4.750000	4.875000	C#4	90	80	1	-3	-3.848567
35	4.875000	5.000000	B3	90	80	1	-1	-4.439870
36	5.000000	5.277778	D5	126	80	0	3	-3.473158
37	5.000000	5.500000	A#3	90	80	1	-1	-6.810446
38	5.277778	5.416667	C#5	126	80	0	2	-3.151465
39	5.416667	5.555556	B4	126	80	0	1	-3.360143
40	5.500000	5.750000	E2	90	80	1	-5	-7.040401
41	5.500000	5.750000	E3	90	80	1	-1	-1.202832
42	5.555556	6.111111	A#4	126	80	0	3	-4.859211
43	5.750000	6.000000	A2	90	80	1	-5	-3.242781
44	5.750000	6.000000	A3	90	80	1	-1	-1.202832
45	6.000000	6.500000	F#2	90	80	1	-5	-4.510402
46	6.000000	6.500000	F#3	90	80	1	-1	-1.202832
47	6.500000	7.000000	F#2	90	80	1	-5	-2.314770
48	6.500000	7.000000	F#3	90	80	1	-1	-1.202832
49	7.000000	7.250000	E3	90	80	1	-2	-4.084076
50	7.250000	7.500000	F#3	90	80	1	-1	-3.101885
51	7.500000	7.750000	E3	90	80	1	-5	-6.864678
52	7.750000	8.000000	B3	90	80	1	-2	-2.554480
53	7.777778	8.055556	E4	126	80	0	1	-4.323321
54	8.000000	8.250000	D4	90	80	1	-1	-2.415329
55	8.055556	8.333333	F#4	126	80	0	2	-3.246278
56	8.250000	8.375000	C#4	90	80	1	-2	-3.720116
57	8.333333	8.611111	E4	126	80	0	1	-3.360143
58	8.375000	8.500000	B3	90	80	1	-3	-4.407505
59	8.500000	9.000000	C#4	90	80	1	-2	-3.407298
60	8.611111	8.888889	B4	126	80	0	2	-3.928858
61	8.888889	9.166667	D5	126	80	0	3	-3.012122
62	9.000000	9.250000	E2	90	80	1	-5	-6.744398
63	9.000000	9.250000	E3	90	80	1	-1	-1.202832
64	9.166667	9.305556	C#5	126	80	0	2	-3.151465
65	9.250000	9.500000	A2	90	80	1	-5	-3.242781
66	9.250000	9.500000	A3	90	80	1	-1	-1.202832
67	9.305556	9.444444	B4	126	80	0	1	-3.360143
68	9.444444	10.000000	C#5	126	80	0	2	-3.246278
69	9.500000	10.000000	B2	90	80	1	-5	-3.181034
70	9.500000	10.000000	B3	90	80	1	-1	-1.202832
71	10.000000	10.500000	B2	90	80	1	-5	-2.314770
72	10.000000	10.500000	B3	90	80	1	-4	-4.924626
73	10.500000	10.750000	E4	90	80	1	-2	-2.507290
74	10.750000	11.000000	C#4	90	80	1	-3	-3.464153
75	11.000000	11.250000	B3	90	80	1	-1	-4.439870
76	11.250000	11.500000	A#3	90	80	1	-2	-3.720116
77	11.500000	11.750000	B3	90	80	1	-1	-3.404249
78	11.666667	11.944444	E5	126	80	0	3	-3.265372
79	11.750000	11.875000	A3	90	80	1	-2	-2.745489
80	11.875000	12.000000	G3	90	80	1	-3	-2.891080
81	11.944444	12.222222	C#5	126	80	0	2	-3.032881
82	12.000000	12.500000	D3	90	80	1	-1	-6.083116
83	12.222222	12.500000	B4	126	80	0	1	-3.360143
84	12.500000	12.777778	A#4	126	80	0	2	-4.284147
85	12.500000	12.750000	E2	90	80	1	-5	-3.181034
86	12.500000	12.750000	E3	90	80	1	-1	-1.202832
87	12.750000	13.000000	A2	90	80	1	-5	-3.242781
88	12.750000	13.000000	A3	90	80	1	-1	-1.202832
89	12.777778	13.055556	B4	126	80	0	3	-3.686981
90	13.000000	13.500000	F#2	90	80	1	-5	-4.510402
91	13.000000	13.500000	F#3	90	80	1	-1	-1.202832
92	13.055556	13.194444	A4	126	80	0	2	-2.287533
93	13.194444	13.333333	G4	126	80	0	1	-2.609267
94	13.333333	13.888889	D4	126	80	0	5	-7.995723
95	13.500000	14.000000	F#2	90	80	1	-5	-2.314770
96	13.500000	14.000000	F#3	90	80	1	-1	-1.202832
97	14.000000	14.250000	E2	63	80	1	-5	-5.012184
98	14.250000	14.500000	A2	63	80	1	-2	-3.272976
99	14.500000	14.750000	F#2	63	80	1	-3	-3.464153
100	14.750000	15.000000	E2	63	80	1	-4	-4.404178
101	15.000000	15.250000	A2	63	80	1	-2	-2.507290
102	15.250000	15.500000	F#2	63	80	1	-3	-3.464153
103	15.500000	16.000000	E2	63	80	1	-4	-4.404178
104	16.000000	16.250000	A2	63	80	1	-2	-2.507290
105	16.250000	16.500000	F#2	63	80	1	-3	-3.464153
106	16.388889	16.666667	A2	126	80	0	1	-4.498352
107	16.500000	16.750000	E2	63	80	1	-5	-4.372251
108	16.666667	16.944444	F#2	126	80	0	2	-5.755227
109	16.750000	17.000000	A2	63	80	1	-3	-3.463793
110	16.944444	17.222222	E2	126	80	0	1	-3.360143
111	17.000000	17.500000	F#2	63	80	1	-5	-5.121927
112	17.500000	17.777778	F#2	126	80	0	2	-3.246278
113	17.500000	18.000000	F#2	63	80	1	-5	-4.242005
114	17.777778	18.333333	E2	126	80	0	1	-3.360143
115	18.000000	18.250000	F#3	63	80	1	-1	-1.202832
116	18.250000	18.500000	G#3	63	80	1	-3	-4.611792
117	18.500000	18.750000	A#3	63	80	1	-2	-2.510186
118	18.611111	18.888889	F#2	126	80	0	2	-3.246278
119	18.750000	19.000000	G#3	63	80	1	-1	-4.644141
120	18.888889	19.166667	E2	126	80	0	1	-3.360143
121	19.000000	19.500000	D#3	63	80	1	-2	-3.456527
122	19.166667	19.444444	A2	126	80	0	2	-2.963617
123	19.500000	19.750000	C#3	63	80	1	-3	-2.891080
124	19.750000	19.875000	D#3	63	80	1	-2	-2.510186
125	19.875000	20.000000	E#3	63	80	1	-1	-2.464298
126	20.000000	20.555556	F#2	126	80	0	1	-3.967913
127	20.000000	20.250000	F#3	63	80	1	-2	-4.643648
128	20.250000	20.500000	C#3	63	80	1	-4	-4.045906
129	20.500000	20.750000	F#3	63	80	1	-2	-2.507290
130	20.555556	20.833333	F#5	126	80	0	5	-7.995723
131	20.750000	21.000000	F#3	63	80	1	-2	-3.999177
132	20.833333	21.111111	G#5	126	80	0	4	-7.546110
133	21.000000	21.500000	G#3	63	80	1	-1	-2.578439
134	21.111111	21.388889	A#5	126	80	0	5	-2.706622
135	21.388889	21.666667	G#5	126	80	0	4	-2.814339
136	21.500000	21.750000	E2	63	80	1	-5	-5.345987
137	21.666667	22.222222	D#5	126	80	0	2	-3.266530
138	21.750000	22.000000	A2	63	80	1	-2	-3.272976
139	22.000000	22.500000	B2	63	80	1	-1	-2.578439
140	22.222222	22.500000	C#5	126	80	0	1	-2.609267
141	22.500000	22.638889	D#5	126	80	0	2	-2.867384
142	22.500000	22.750000	C#4	63	80	1	-1	-8.685477
143	22.638889	22.777778	E#5	126	80	0	3	-3.265372
144	22.750000	22.875000	B3	63	80	1	-2	-4.084076
145	22.777778	23.055556	F#5	126	80	0	4	-4.152325
146	22.875000	23.000000	A#3	63	80	1	-3	-3.848567
147	23.000000	23.250000	B3	63	80	1	-2	-3.642491
148	23.055556	23.333333	C#5	126	80	0	2	-3.266530
149	23.250000	23.500000	G#3	63	80	1	-3	-3.464153
150	23.333333	23.611111	F#5	126	80	0	4	-2.909306
151	23.500000	24.000000	F#3	63	80	1	-4	-3.061136
152	23.611111	23.888889	F#5	126	80	0	4	-4.784491
153	23.888889	24.444444	G#5	126	80	0	5	-2.706622
154	24.000000	24.250000	G#3	63	80	1	-1	-4.652270
155	24.250000	24.375000	F#3	63	80	1	-2	-2.745489
156	24.375000	24.500000	E#3	63	80	1	-3	-3.281947
157	24.444444	24.722222	E4	126	80	0	1	-5.695314
158	24.500000	24.750000	F#3	63	80	1	-2	-3.081523
159	24.722222	25.000000	A4	126	80	0	2	-2.963617
160	24.750000	25.000000	D#3	63	80	1	-3	-4.063676
161	25.000000	25.555556	B4	126	80	0	1	-5.369497
162	25.000000	25.500000	C#3	63	80	1	-4	-3.061136
163	25.500000	25.750000	F#3	63	80	1	-1	-3.219441
164	25.555556	25.833333	C#6	126	80	0	5	-6.659694
165	25.750000	26.000000	C#3	63	80	1	-2	-3.456527
166	25.833333	25.972222	B5	126	80	0	4	-4.503222
167	25.972222	26.111111	A#5	126	80	0	3	-3.226506
168	26.000000	26.500000	D#3	63	80	1	-1	-2.578439
169	26.111111	26.388889	B5	126	80	0	4	-3.868143
170	26.388889	26.666667	G#5	126	80	0	3	-3.510496
171	26.500000	26.750000	A2	63	80	1	-2	-5.875271
172	26.666667	27.222222	F#5	126	80	0	2	-2.287533
173	26.750000	27.000000	F#2	63	80	1	-3	-3.464153
174	27.000000	27.500000	E2	63	80	1	-5	-4.372251
175	27.222222	27.500000	G#5	126	80	0	3	-2.675961
176	27.500000	27.638889	F#5	126	80	0	2	-2.287533
177	27.500000	27.750000	D#3	63	80	1	-2	-6.336491
178	27.638889	27.777778	E#5	126	80	0	1	-3.290753
179	27.750000	28.000000	G#3	63	80	1	-1	-2.320150
180	27.777778	28.055556	F#5	126	80	0	2	-3.900292
181	28.000000	28.250000	A#3	63	80	1	-3	-4.611792
182	28.055556	28.333333	D#5	126	80	0	1	-3.157580
183	28.250000	28.500000	G#3	63	80	1	-4	-3.061136
184	28.333333	28.888889	C#5	126	80	0	3	-4.737465
185	28.500000	28.750000	C#4	63	80	1	-2	-2.507290
186	28.750000	28.875000	B#3	63	80	1	-1	-3.931111
187	28.875000	29.000000	A#3	63	80	1	-2	-3.299403
188	28.888889	29.166667	F#5	126	80	0	5	-3.128600
189	29.000000	29.250000	G#3	63	80	1	-3	-2.891080
190	29.166667	29.444444	C#5	126	80	0	2	-3.071676
191	29.250000	29.500000	B3	63	80	1	-2	-2.872099
192	29.444444	30.000000	D#5	126	80	0	3	-2.675961
193	29.500000	29.625000	A#3	63	80	1	-3	-3.848567
194	29.625000	29.750000	G#3	63	80	1	-1	-3.930078
195	29.750000	30.000000	F#3	63	80	1	-2	-2.745489
196	30.000000	30.277778	A4	126	80	0	3	-6.581497
197	30.000000	30.250000	C#3	63	80	1	-4	-4.045906
198	30.250000	30.500000	D#3	63	80	1	-3	-2.915060
199	30.277778	30.555556	F#4	126	80	0	2	-3.032881
200	30.500000	30.750000	B2	63	80	1	-5	-3.859206
201	30.555556	31.111111	E4	126	80	0	1	-3.360143
202	30.750000	31.000000	E3	63	80	1	-3	-3.463793
203	31.000000	31.250000	F#3	63	80	1	-2	-3.407298
204	31.111111	31.388889	D#5	126	80	0	3	-7.116536
205	31.250000	31.375000	G#3	63	80	1	-1	-2.578439
206	31.375000	31.500000	E3	63	80	1	-3	-5.389809
207	31.388889	31.666667	G#5	126	80	0	1	-5.548003
208	31.500000	32.000000	A#3	63	80	1	-1	-4.411093
209	31.666667	31.944444	A#5	126	80	0	2	-2.867384
210	31.944444	32.222222	G#5	126	80	0	1	-2.609267
211	32.000000	32.250000	F#2	63	80	1	-5	-4.233080
212	32.222222	32.500000	C#6	126	80	0	2	-2.963617
213	32.250000	32.500000	B2	63	80	1	-3	-4.118108
214	32.500000	32.638889	B#5	126	80	0	1	-3.290753
215	32.500000	33.000000	C#3	63	80	1	-1	-4.207397
216	32.638889	32.777778	A#5	126	80	0	4	-6.205414
217	32.777778	33.055556	G#5	126	80	0	3	-2.238713
218	33.000000	33.250000	F#4	63	80	1	-3	-7.576533
219	33.055556	33.333333	B5	126	80	0	5	-3.635747
220	33.250000	33.500000	G#4	63	80	1	-2	-2.510186
221	33.333333	33.472222	A#5	126	80	0	4	-3.640665
222	33.472222	33.611111	G#5	126	80	0	3	-2.238713
223	33.500000	33.750000	F#4	63	80	1	-1	-4.644141
224	33.611111	33.888889	F#5	126	80	0	2	-2.287533
225	33.750000	34.000000	C#4	63	80	1	-2	-3.456527
226	33.888889	34.166667	C#5	126	80	0	1	-3.434905
227	34.000000	34.250000	E4	63	80	1	-1	-2.464298
228	34.166667	34.444444	D#5	126	80	0	2	-2.867384
229	34.250000	34.375000	D#4	63	80	1	-2	-3.720116
230	34.375000	34.500000	C#4	63	80	1	-3	-2.891080
231	34.444444	34.722222	B4	126	80	0	1	-4.134704
232	34.500000	34.750000	B#3	63	80	1	-1	-3.371140
233	34.722222	35.000000	E5	126	80	0	2	-2.963617
234	34.750000	35.000000	F#3	63	80	1	-4	-6.237620
235	35.000000	35.277778	F#5	126	80	0	3	-3.409656
236	35.000000	35.125000	G#3	63	80	1	-3	-2.915060
237	35.125000	35.250000	A#3	63	80	1	-2	-2.510186
238	35.250000	35.500000	B3	63	80	1	-1	-3.404249
239	35.277778	35.416667	G#5	126	80	0	4	-2.883688
240	35.416667	35.555556	E5	126	80	0	2	-4.058569
241	35.500000	36.000000	C#4	63	80	1	-2	-5.583884
242	35.555556	36.111111	A#5	126	80	0	5	-5.283726
243	36.000000	36.250000	D#4	63	80	1	-1	-2.578439
244	36.111111	36.388889	F#4	126	80	0	1	-4.340619
245	36.250000	36.375000	C#4	63	80	1	-2	-2.745489
246	36.375000	36.500000	B3	63	80	1	-3	-4.407505
247	36.388889	36.666667	B4	126	80	0	2	-3.465862
248	36.500000	36.750000	C#4	63	80	1	-1	-4.207397
249	36.666667	37.222222	C#5	126	80	0	4	-4.064995
250	36.750000	37.000000	G#3	63	80	1	-2	-3.456527
251	37.000000	37.500000	D#3	63	80	1	-4	-4.045906
252	37.222222	37.500000	F#6	126	80	0	2	-7.368465
253	37.500000	37.777778	G#6	126	80	0	3	-2.675961
254	37.500000	37.750000	B2	127	80	1	-1	-7.489798
255	37.750000	38.000000	F#2	127	80	1	-2	-4.444474
256	37.777778	38.055556	F#6	126	80	0	2	-2.287533
257	38.000000	39.000000	G#2	127	80	1	-1	-2.578439
258	38.055556	38.333333	C#6	126	80	0	1	-3.434905
259	38.333333	38.611111	E6	126	80	0	2	-3.493146
260	38.611111	38.750000	D#6	126	80	0	1	-4.846711
261	38.750000	38.888889	C#6	126	80	0	3	-4.737465
262	38.888889	39.166667	B#5	126	80	0	2	-2.803601
263	39.000000	39.250000	A1	63	80	1	-5	-4.598096
264	39.166667	39.444444	F#5	126	80	0	1	-6.076999
265	39.250000	39.500000	D2	63	80	1	-2	-3.272976
266	39.444444	39.583333	G#5	126	80	0	2	-2.867384
267	39.500000	39.750000	B1	63	80	1	-3	-4.063676
268	39.583333	39.722222	A#5	126	80	0	3	-2.675961
269	39.722222	40.000000	B5	126	80	0	1	-4.595018
270	39.750000	40.000000	A1	63	80	1	-4	-3.061136
271	40.000000	40.555556	C#6	126	80	0	2	-3.246278
272	40.000000	40.250000	D2	63	80	1	-2	-2.507290
273	40.250000	40.500000	B1	63	80	1	-3	-4.063676
274	40.500000	41.000000	A1	63	80	1	-4	-3.061136
275	40.555556	40.833333	D#6	126	80	0	3	-2.675961
276	40.833333	40.972222	C#6	126	80	0	2	-2.287533
277	40.972222	41.111111	B5	126	80	0	1	-3.360143
278	41.000000	41.250000	D2	63	80	1	-2	-2.507290
279	41.111111	41.388889	C#6	126	80	0	2	-3.246278
280	41.250000	41.500000	B1	63	80	1	-4	-3.718276
281	41.388889	41.666667	G#5	126	80	0	1	-3.434905
282	41.500000	41.750000	A1	63	80	1	-5	-3.249332
283	41.666667	42.222222	D#5	126	80	0	4	-8.009427
284	41.750000	42.000000	D2	63	80	1	-3	-3.463793
285	42.000000	42.500000	B1	63	80	1	-5	-3.990113
286	42.222222	42.500000	B4	126	80	0	2	-4.058569
287	42.500000	42.777778	F#4	126	80	0	1	-3.898407
288	42.500000	43.000000	B1	63	80	1	-5	-4.242005
289	42.777778	43.888889	G#4	126	80	0	4	-5.307440
290	43.000000	43.250000	E3	63	80	1	-1	-5.964413
291	43.250000	43.500000	D3	63	80	1	-2	-2.745489
292	43.500000	44.000000	E3	63	80	1	-1	-2.578439
293	44.000000	44.500000	B2	63	80	1	-3	-3.831713
294	44.166667	44.444444	D3	126	80	0	2	-6.700514
295	44.444444	44.722222	B2	126	80	0	1	-3.157580
296	44.500000	45.000000	A#2	63	80	1	-4	-5.020222
297	44.722222	45.000000	A2	126	80	0	1	-5.844349
298	45.000000	45.250000	B2	63	80	1	-3	-4.267903
299	45.250000	45.500000	C#3	63	80	1	-2	-3.407298
300	45.277778	45.555556	B3	126	80	0	5	-5.684589
301	45.500000	46.000000	D3	63	80	1	-1	-3.404249
302	45.555556	46.111111	A3	126	80	0	4	-2.814339
303	46.000000	46.500000	E2	63	80	1	-3	-6.517685
304	46.388889	46.666667	B4	126	80	0	1	-6.948157
305	46.500000	47.000000	D2	63	80	1	-4	-3.061136
306	46.666667	46.944444	A4	126	80	0	3	-4.737465
307	46.944444	47.222222	D5	126	80	0	1	-5.548003
308	47.000000	47.500000	A1	63	80	1	-5	-4.921434
309	47.500000	47.750000	E3	63	80	1	-2	-5.900828
310	47.750000	48.000000	F#3	63	80	1	-1	-3.101885
311	47.777778	48.333333	B5	126	80	0	3	-4.659051
312	48.000000	48.500000	E3	63	80	1	-2	-4.084076
313	48.333333	48.611111	E6	63	80	0	5	-3.128600
314	48.500000	49.000000	B2	63	80	1	-4	-4.045906
315	48.611111	48.888889	D6	63	80	0	4	-2.814339
316	48.888889	49.444444	E6	63	80	0	5	-2.706622
317	49.000000	49.500000	D3	63	80	1	-2	-2.359478
318	49.444444	50.000000	B5	63	80	0	3	-3.854029
319	49.500000	49.750000	C#3	63	80	1	-3	-3.848567
320	49.750000	50.000000	B2	63	80	1	-1	-4.439870
321	50.000000	50.500000	A#2	63	80	1	-2	-3.720116
322	50.277778	50.555556	A#5	63	80	0	2	-3.151465
323	50.500000	51.000000	B1	63	80	1	-5	-5.509717
324	50.555556	50.833333	B5	63	80	0	3	-3.686981
325	50.833333	51.111111	C#6	63	80	0	4	-4.476680
326	51.000000	51.500000	D2	63	80	1	-3	-3.170876
327	51.111111	51.666667	D6	63	80	0	5	-3.684684
328	51.500000	52.000000	A1	63	80	1	-5	-4.227379
329	51.666667	52.222222	E5	45	80	0	1	-3.027253
330	52.000000	52.250000	F#2	63	80	1	-1	-5.043358
331	52.222222	52.777778	D5	45	80	0	3	-4.737465
332	52.250000	52.500000	G#2	63	80	1	-3	-4.611792
333	52.500000	53.000000	F#2	63	80	1	-4	-3.061136
334	52.777778	53.333333	A4	45	80	0	1	-2.905888
335	53.000000	53.500000	B2	63	80	1	-2	-2.871001
336	53.500000	54.000000	D3	63	80	1	-1	-2.415329
337	53.611111	53.888889	F#6	81	80	0	3	-15.327304
338	53.888889	54.444444	E6	81	80	0	2	-3.286699
339	54.000000	54.250000	C#3	63	80	1	-2	-3.720116
340	54.250000	54.500000	B2	63	80	1	-3	-4.407505
341	54.444444	55.000000	B5	81	80	0	1	-3.434905
342	54.500000	55.000000	C#3	63	80	1	-1	-4.207397
343	55.000000	55.500000	B1	63	80	1	-5	-5.012184
344	55.277778	55.555556	D6	81	80	0	3	-3.473158
345	55.500000	56.000000	A1	63	80	1	-2	-8.211526
346	55.555556	55.833333	C#6	81	80	0	2	-3.151465
347	55.833333	56.111111	B5	81	80	0	1	-3.360143
348	56.000000	56.500000	E1	63	80	1	-5	-3.713619
349	56.111111	56.666667	A#5	81	80	0	4	-6.559871
350	56.500000	56.750000	E3	63	80	1	-1	-5.964413
351	56.666667	57.222222	B4	45	80	0	1	-4.866697
352	56.750000	57.000000	C#3	63	80	1	-2	-3.299403
353	57.000000	57.500000	B2	63	80	1	-1	-5.183592
354	57.222222	57.777778	D5	45	80	0	2	-2.525967
355	57.500000	58.000000	A#2	63	80	1	-2	-3.720116
356	57.777778	58.333333	A4	45	80	0	1	-3.434905
357	58.000000	58.500000	B2	63	80	1	-1	-3.404249
358	58.500000	58.750000	A2	63	80	1	-2	-2.745489
359	58.611111	58.888889	G#5	45	80	0	4	-5.698296
360	58.750000	59.000000	G2	63	80	1	-3	-2.891080
361	58.888889	59.444444	F#5	45	80	0	1	-4.636880
362	59.000000	59.500000	D2	63	80	1	-5	-4.227379
363	59.444444	60.000000	B5	45	80	0	2	-3.465862
364	59.500000	60.000000	F#2	63	80	1	-3	-3.351805
365	60.000000	60.500000	A2	63	80	1	-2	-2.872099
366	60.277778	60.555556	D6	45	80	0	4	-2.758588
367	60.500000	61.000000	E2	63	80	1	-4	-4.045906
368	60.555556	60.833333	C#6	45	80	0	3	-3.226506
369	60.833333	61.111111	B5	45	80	0	2	-3.286699
370	61.000000	61.500000	F#2	63	80	1	-2	-3.337019
371	61.111111	61.666667	C#6	45	80	0	4	-4.064995
372	61.500000	61.750000	E2	63	80	1	-3	-4.407505
373	61.666667	62.222222	B4	81	80	0	1	-5.534855
374	61.750000	62.000000	F#2	63	80	1	-2	-3.407298
375	62.000000	62.500000	A2	63	80	1	-1	-2.464298
376	62.222222	62.777778	A4	81	80	0	3	-4.737465
377	62.500000	62.750000	F#2	63	80	1	-2	-3.299403
378	62.750000	63.000000	E2	63	80	1	-4	-5.038436
379	62.777778	63.333333	E4	81	80	0	1	-2.905888
380	63.000000	63.250000	F#2	63	80	1	-3	-3.762277
381	63.250000	63.500000	A2	63	80	1	-2	-2.872099
382	63.500000	64.000000	B2	63	80	1	-1	-2.578439
383	63.611111	63.888889	C#6	81	80	0	4	-15.337179
384	63.888889	64.444444	B5	81	80	0	3	-3.914844
385	64.000000	64.250000	A2	63	80	1	-2	-2.745489
386	64.250000	64.500000	E2	63	80	1	-4	-4.045906
387	64.444444	65.000000	A#5	81	80	0	2	-3.151465
388	64.500000	64.750000	F#2	63	80	1	-2	-3.337019
389	64.750000	65.000000	A2	63	80	1	-1	-2.464298
390	65.000000	65.250000	E2	63	80	1	-3	-3.831713
391	65.250000	65.500000	F#2	63	80	1	-2	-3.407298
392	65.277778	65.555556	B5	81	80	0	3	-3.686981
393	65.500000	65.750000	A2	63	80	1	-1	-2.464298
394	65.555556	65.833333	A5	81	80	0	2	-2.287533
395	65.750000	66.000000	F#2	63	80	1	-2	-3.299403
396	65.833333	66.111111	G5	81	80	0	1	-2.609267
397	66.000000	66.250000	E2	63	80	1	-3	-4.407505
398	66.111111	66.666667	D5	81	80	0	5	-7.995723
399	66.250000	66.500000	F#2	63	80	1	-2	-3.407298
400	66.500000	66.750000	D2	63	80	1	-4	-4.761119
401	66.666667	67.222222	F#3	63	80	0	1	-6.440580
402	66.750000	67.000000	E2	63	80	1	-3	-2.915060
403	67.000000	67.250000	F#2	63	80	1	-2	-3.407298
404	67.222222	67.777778	A3	63	80	0	2	-3.493146
405	67.250000	67.500000	E2	63	80	1	-4	-5.038436
406	67.500000	67.750000	F#2	63	80	1	-3	-3.762277
407	67.750000	68.000000	A2	63	80	1	-2	-2.872099
408	67.777778	68.333333	E3	63	80	0	1	-3.434905
409	68.000000	68.250000	B2	63	80	1	-1	-2.578439
410	68.250000	68.500000	E2	63	80	1	-4	-3.752799
411	68.333333	68.888889	F#3	63	80	0	2	-3.246278
412	68.500000	68.750000	F#2	63	80	1	-2	-3.337019
413	68.750000	69.000000	A2	63	80	1	-1	-2.464298
414	68.888889	69.166667	E3	63	80	0	1	-3.360143
415	69.000000	69.250000	D2	63	80	1	-5	-3.242781
416	69.166667	69.444444	F#3	63	80	0	2	-3.246278
417	69.250000	69.500000	E2	63	80	1	-4	-3.907966
418	69.444444	70.000000	A3	63	80	0	3	-3.265372
419	69.500000	69.750000	F#2	63	80	1	-3	-3.762277
420	69.750000	70.000000	A2	63	80	1	-2	-2.872099
421	70.000000	70.277778	F#3	63	80	0	2	-3.032881
422	70.000000	70.250000	B2	63	80	1	-1	-2.578439
423	70.250000	70.500000	E2	63	80	1	-4	-3.752799
424	70.277778	70.555556	E3	63	80	0	1	-3.360143
425	70.500000	70.750000	F#2	63	80	1	-2	-3.337019
426	70.555556	70.833333	F#3	63	80	0	2	-3.246278
427	70.750000	71.000000	A2	63	80	1	-1	-2.464298
428	70.833333	71.111111	A3	63	80	0	3	-3.265372
429	71.000000	71.250000	D2	63	80	1	-3	-4.266477
430	71.111111	71.666667	B3	63	80	0	4	-2.883688
431	71.250000	71.500000	E2	63	80	1	-2	-2.510186
432	71.500000	71.750000	F#2	63	80	1	-1	-3.101885
433	71.666667	71.944444	A3	63	80	0	3	-2.238713
434	71.750000	72.000000	E2	63	80	1	-2	-4.084076
435	71.944444	72.222222	E3	63	80	0	1	-2.905888
436	72.000000	72.250000	A2	63	80	1	-1	-2.320150
437	72.222222	72.500000	F#3	63	80	0	2	-3.246278
438	72.250000	72.500000	F#2	63	80	1	-2	-3.299403
439	72.500000	72.777778	A3	63	80	0	3	-3.265372
440	72.500000	72.750000	E2	63	80	1	-3	-4.407505
441	72.750000	73.000000	D2	63	80	1	-4	-3.061136
442	72.777778	73.055556	E3	63	80	0	1	-2.905888
443	73.000000	73.250000	E2	63	80	1	-3	-2.915060
444	73.055556	73.333333	F#3	63	80	0	2	-3.246278
445	73.250000	73.500000	F#2	63	80	1	-2	-3.407298
446	73.333333	73.611111	A3	63	80	0	3	-3.265372
447	73.500000	73.750000	A2	63	80	1	-1	-2.464298
448	73.611111	73.888889	F#3	63	80	0	2	-3.032881
449	73.750000	74.000000	E2	63	80	1	-2	-3.456527
450	73.888889	74.166667	E3	63	80	0	1	-3.360143
451	74.000000	74.250000	F#2	63	80	1	-1	-3.101885
452	74.166667	74.444444	F#3	63	80	0	2	-3.246278
453	74.250000	74.500000	D2	63	80	1	-3	-5.389809
454	74.444444	74.722222	D3	63	80	0	1	-4.134704
455	74.500000	74.750000	E2	63	80	1	-2	-2.510186
456	74.722222	75.000000	E3	63	80	0	2	-2.867384
457	74.750000	75.000000	F#2	63	80	1	-1	-3.101885
458	75.000000	75.277778	F#3	63	80	0	3	-3.409656
459	75.000000	75.250000	E2	63	80	1	-2	-4.084076
460	75.250000	75.500000	F#2	63	80	1	-1	-3.101885
461	75.277778	75.555556	E3	63	80	0	1	-3.984578
462	75.500000	75.750000	D2	63	80	1	-3	-5.389809
463	75.555556	75.833333	F#3	63	80	0	2	-3.246278
464	75.750000	76.000000	E2	63	80	1	-2	-2.510186
465	75.833333	76.111111	A3	63	80	0	3	-3.265372
466	76.000000	76.250000	F#2	63	80	1	-1	-3.101885
467	76.111111	76.388889	B3	63	80	0	4	-2.883688
468	76.250000	76.500000	E2	63	80	1	-2	-4.084076
469	76.388889	76.666667	E3	63	80	0	1	-2.857522
470	76.500000	76.750000	D2	63	80	1	-3	-2.891080
471	76.666667	76.944444	F#3	63	80	0	2	-3.246278
472	76.750000	77.000000	F#2	63	80	1	-1	-4.184715
473	76.944444	77.222222	A3	63	80	0	4	-3.580467
474	77.000000	77.250000	E2	63	80	1	-2	-4.084076
475	77.222222	77.500000	D3	63	80	0	1	-2.857522
476	77.250000	77.500000	F#2	63	80	1	-1	-3.101885
477	77.500000	77.777778	E3	63	80	0	2	-2.867384
478	77.500000	77.750000	D2	63	80	1	-3	-5.389809
479	77.750000	78.000000	E2	63	80	1	-2	-2.510186
480	77.777778	78.055556	F#3	63	80	0	3	-3.409656
481	78.000000	78.250000	F#2	63	80	1	-1	-3.101885
482	78.055556	78.333333	A3	63	80	0	4	-4.111873
483	78.250000	78.500000	E2	63	80	1	-2	-4.084076
484	78.333333	78.611111	B3	63	80	0	5	-2.706622
485	78.611111	78.888889	E3	63	80	0	1	-3.425130
486	78.888889	79.166667	F#3	63	80	0	2	-3.246278
487	79.000000	79.250000	D2	63	80	1	-3	-2.891080
488	79.166667	79.444444	A3	63	80	0	4	-3.580467
489	79.250000	79.500000	E2	63	80	1	-2	-2.510186
490	79.444444	79.722222	D3	63	80	0	1	-2.857522
491	79.500000	79.750000	A2	63	80	1	-1	-2.320150
492	79.722222	80.000000	E3	63	80	0	2	-2.867384
493	79.750000	80.750000	F#2	63	80	1	-2	-3.299403
494	80.000000	80.277778	F#3	63	80	0	3	-3.409656
495	80.277778	80.555556	E3	63	80	0	2	-3.286699
496	80.555556	80.833333	A3	63	80	0	4	-2.909306
497	80.833333	81.111111	F#3	63	80	0	3	-3.510496
498	81.111111	81.388889	E3	63	80	0	2	-3.286699
499	81.388889	81.666667	D3	63	80	0	1	-2.609267
500	81.666667	81.944444	E3	63	80	0	2	-2.867384
501	81.944444	82.222222	F#3	63	80	0	3	-3.409656
502	82.222222	82.500000	A3	63	80	0	5	-3.635747
503	82.500000	82.777778	E3	63	80	0	2	-3.071676
504	82.777778	83.055556	F#3	63	80	0	3	-3.409656
505	83.055556	83.333333	D3	63	80	0	1	-3.996553
506	83.333333	83.611111	E3	63	80	0	2	-2.867384
507	83.611111	83.888889	F#3	63	80	0	3	-3.409656
508	83.888889	84.166667	E3	63	80	0	2	-3.286699
509	84.166667	84.444444	F#3	63	80	0	3	-3.409656
510	84.444444	84.722222	D3	63	80	0	1	-3.996553
511	84.722222	85.000000	E3	63	80	0	2	-2.867384
512	85.000000	85.277778	F#3	63	80	0	3	-3.409656
513	85.277778	85.555556	E3	63	80	0	2	-3.286699
514	85.555556	85.833333	D3	63	80	0	1	-2.609267
515	85.833333	86.111111	F#3	63	80	0	2	-3.275273
516	86.111111	86.388889	E3	63	80	0	1	-3.360143
517	86.388889	86.666667	F#3	63	80	0	2	-3.246278
518	86.666667	86.944444	D3	63	80	0	1	-4.134704
519	86.944444	87.222222	E3	63	80	0	2	-2.867384
520	87.222222	87.500000	F#3	63	80	0	3	-3.409656
521	87.500000	87.777778	E3	63	80	0	2	-3.286699
522	88.333333	88.611111	D3	63	80	0	1	-2.609267
523	88.611111	88.888889	E3	63	80	0	2	-2.867384
524	88.888889	89.166667	A3	63	80	0	4	-2.909306
525	89.166667	90.277778	F#3	126	80	0	3	-3.510496
