//Version: PianoFingering_v170101
1	0.000000	0.750000	G3	99	80	1	-5	-0.504576
2	0.000000	0.250000	G3	99	80	1	-5	-4.242005
3	0.250000	0.750000	D4	99	80	1	-2	-2.554480
4	0.750000	1.000000	G3	99	80	1	-5	-3.155341
5	0.750000	1.000000	G3	99	80	1	-5	-4.242005
6	1.000000	1.500000	G3	99	80	1	-5	-4.242005
7	1.000000	1.500000	D4	99	80	1	-2	-2.554480
8	1.500000	2.250000	G3	99	80	1	-5	-3.155341
9	1.750000	2.250000	D4	99	80	1	-2	-2.554480
10	2.250000	3.000000	G3	99	80	1	-5	-3.155341
11	2.250000	2.500000	G3	99	80	1	-5	-4.242005
12	2.500000	2.727273	A4	90	80	0	1	-0.925785
13	2.500000	3.000000	D4	99	80	1	-2	-2.554480
14	2.727273	4.545455	A4	90	80	0	1	-4.507997
15	2.727273	2.954545	G5	90	80	0	5	-4.284649
16	2.954545	3.068182	F#5	90	80	0	4	-3.640665
17	3.000000	3.750000	G3	99	80	1	-5	-3.155341
18	3.000000	3.250000	G3	99	80	1	-5	-4.242005
19	3.068182	3.181818	E5	90	80	0	3	-3.914844
20	3.181818	3.409091	D5	90	80	0	2	-2.287533
21	3.250000	3.750000	D4	99	80	1	-2	-2.554480
22	3.409091	3.636364	C5	90	80	0	1	-2.609267
23	3.636364	3.863636	D5	90	80	0	2	-2.867384
24	3.750000	4.000000	G3	99	80	1	-5	-3.155341
25	3.750000	4.000000	G3	99	80	1	-5	-4.242005
26	3.863636	4.090909	D5	90	80	0	2	-4.554564
27	4.000000	4.500000	D4	99	80	1	-2	-2.554480
28	4.090909	4.181818	E5	90	80	0	3	-2.675961
29	4.181818	4.272727	F5	90	80	0	4	-2.883688
30	4.272727	4.363636	E5	90	80	0	3	-2.238713
31	4.363636	4.454545	F5	90	80	0	4	-2.883688
32	4.416667	4.916667	G3	99	80	1	-5	-3.155341
33	4.454545	4.545455	E5	90	80	0	3	-2.238713
34	4.545455	5.454545	A4	90	80	0	1	-3.310457
35	4.545455	5.454545	D5	90	80	0	3	-3.401091
36	4.916667	5.666667	G3	99	80	1	-5	-4.242005
37	5.166667	5.666667	D4	99	80	1	-2	-2.554480
38	5.454545	6.363636	A4	90	80	0	1	-2.905888
39	5.454545	5.681818	G5	90	80	0	5	-4.284649
40	5.666667	6.416667	G3	99	80	1	-5	-3.155341
41	5.666667	5.916667	G3	99	80	1	-5	-4.242005
42	5.681818	5.795455	F#5	90	80	0	4	-3.640665
43	5.795455	5.909091	E5	90	80	0	3	-3.914844
44	5.909091	6.136364	D5	90	80	0	2	-2.287533
45	5.916667	6.416667	D4	99	80	1	-2	-2.554480
46	6.136364	6.363636	C5	90	80	0	1	-2.609267
47	6.363636	6.590909	B4	90	80	0	3	-4.737465
48	6.363636	6.590909	B4	90	80	0	3	-4.378151
49	6.416667	7.166667	G3	99	80	1	-5	-3.155341
50	6.416667	6.666667	G3	99	80	1	-5	-4.242005
51	6.590909	6.818182	G4	90	80	0	2	-3.674662
52	6.666667	7.166667	D4	99	80	1	-2	-2.554480
53	6.818182	6.909091	A4	90	80	0	3	-2.675961
54	6.909091	7.000000	B-4	90	80	0	4	-4.152325
55	7.000000	7.090909	A4	90	80	0	3	-3.302559
56	7.090909	7.181818	B-4	90	80	0	4	-4.152325
57	7.166667	7.416667	G3	99	80	1	-5	-3.155341
58	7.166667	7.416667	G3	99	80	1	-5	-4.242005
59	7.181818	7.272727	A4	90	80	0	3	-3.302559
60	7.272727	8.181818	G4	90	80	0	2	-2.287533
61	7.416667	7.916667	G3	99	80	1	-5	-4.242005
62	7.416667	7.916667	D4	99	80	1	-2	-2.554480
63	7.916667	8.416667	G3	99	80	1	-5	-3.155341
64	7.916667	8.166667	G3	99	80	1	-5	-4.242005
65	8.166667	8.666667	D4	99	80	1	-2	-2.554480
66	8.181818	8.409091	D4	90	80	0	1	-3.434905
67	8.409091	8.636364	G4	90	80	0	2	-2.963617
68	8.636364	9.090909	A4	90	80	0	3	-2.675961
69	8.666667	9.416667	G3	99	80	1	-5	-3.155341
70	8.666667	8.916667	G3	99	80	1	-5	-4.242005
71	8.750000	8.863636	B4	90	80	0	4	-2.883688
72	8.863636	9.090909	C5	90	80	0	5	-2.706622
73	8.916667	9.416667	D4	99	80	1	-2	-2.554480
74	9.090909	10.909091	A4	126	80	0	3	-3.509161
75	9.090909	9.318182	D5	126	80	0	5	-3.128600
76	9.318182	9.545455	D5	126	80	0	1	-5.027158
77	9.416667	10.166667	G3	99	80	1	-5	-3.155341
78	9.416667	9.666667	G3	99	80	1	-5	-4.242005
79	9.545455	9.636364	E5	126	80	0	2	-2.867384
80	9.636364	9.727273	F5	126	80	0	3	-2.675961
81	9.666667	10.166667	D4	99	80	1	-2	-2.554480
82	9.727273	9.818182	E5	126	80	0	2	-2.287533
83	9.818182	9.909091	F5	126	80	0	3	-2.675961
84	9.909091	10.000000	E5	126	80	0	2	-2.287533
85	10.000000	10.909091	D5	126	80	0	1	-2.609267
86	10.166667	10.916667	G3	99	80	1	-5	-3.155341
87	10.166667	10.416667	G3	99	80	1	-5	-4.242005
88	10.416667	10.916667	D4	99	80	1	-2	-2.554480
89	10.909091	11.136364	D4	126	80	0	1	-7.395652
90	10.916667	11.416667	G3	99	80	1	-5	-3.155341
91	10.916667	11.166667	G3	99	80	1	-5	-4.242005
92	11.136364	11.363636	G4	126	80	0	3	-3.401091
93	11.166667	11.666667	D4	99	80	1	-2	-2.554480
94	11.363636	11.477273	D4	126	80	0	1	-2.905888
95	11.477273	11.590909	G4	126	80	0	2	-2.963617
96	11.590909	11.818182	A4	126	80	0	3	-2.675961
97	11.666667	12.416667	G3	99	80	1	-5	-3.155341
98	11.666667	11.916667	G3	99	80	1	-5	-4.242005
99	11.818182	12.045455	B4	126	80	0	4	-2.883688
100	11.916667	12.416667	D4	99	80	1	-2	-2.554480
101	12.045455	12.272727	B4	126	80	0	3	-5.185589
102	12.272727	12.363636	A4	126	80	0	2	-2.287533
103	12.363636	12.454545	B-4	126	80	0	3	-3.190537
104	12.416667	13.166667	G3	99	80	1	-5	-3.155341
105	12.416667	12.666667	G3	99	80	1	-5	-4.242005
106	12.454545	12.545455	A4	126	80	0	2	-2.803601
107	12.545455	12.636364	B-4	126	80	0	3	-3.190537
108	12.636364	12.727273	A4	126	80	0	2	-2.803601
109	12.666667	13.166667	D4	99	80	1	-2	-2.554480
110	12.727273	13.246753	G4	126	80	0	1	-2.609267
111	13.166667	13.416667	G3	99	80	1	-5	-3.155341
112	13.166667	13.416667	G3	99	80	1	-5	-4.242005
113	13.246753	13.311688	A4	126	80	0	2	-2.867384
114	13.311688	13.376623	B4	126	80	0	3	-2.675961
115	13.376623	13.441558	C5	126	80	0	1	-5.198182
116	13.416667	13.916667	G3	99	80	1	-5	-4.242005
117	13.416667	13.916667	D4	99	80	1	-2	-2.554480
118	13.441558	13.506494	D5	126	80	0	2	-2.867384
119	13.506494	13.571429	E5	126	80	0	3	-2.675961
120	13.571429	13.636364	F5	126	80	0	4	-2.883688
121	13.636364	15.454545	A4	126	80	0	1	-2.969918
122	13.636364	13.863636	G5	126	80	0	5	-4.284649
123	13.863636	13.977273	F#5	126	80	0	4	-3.640665
124	13.916667	14.416667	G3	99	80	1	-5	-3.155341
125	13.916667	14.166667	G3	99	80	1	-5	-4.242005
126	13.977273	14.090909	E5	126	80	0	3	-3.914844
127	14.090909	14.318182	D5	126	80	0	2	-2.287533
128	14.166667	14.666667	D4	99	80	1	-1	-3.477173
129	14.318182	14.545455	C5	126	80	0	1	-2.609267
130	14.545455	14.772727	D5	126	80	0	2	-2.867384
131	14.666667	15.416667	G3	99	80	1	-2	-4.659581
132	14.666667	14.916667	G3	99	80	1	-1	-4.535716
133	14.772727	15.000000	D5	126	80	0	2	-4.554564
134	14.916667	15.416667	D3	99	80	1	-2	-3.456527
135	15.000000	15.090909	E5	126	80	0	3	-2.675961
136	15.090909	15.181818	F5	126	80	0	4	-2.883688
137	15.181818	15.272727	E5	126	80	0	3	-2.238713
138	15.272727	15.363636	F5	126	80	0	4	-2.883688
139	15.363636	15.454545	E5	126	80	0	3	-2.238713
140	15.416667	16.166667	G2	99	80	1	-5	-3.155341
141	15.454545	15.681818	A4	126	80	0	1	-3.310457
142	15.454545	16.363636	D5	126	80	0	3	-3.401091
143	15.681818	15.909091	A4	126	80	0	1	-2.905888
144	15.791667	16.125000	D3	99	80	1	-2	-2.554480
145	15.909091	16.000000	B4	126	80	0	2	-2.867384
146	16.000000	16.090909	C5	126	80	0	3	-2.675961
147	16.090909	16.181818	B4	126	80	0	2	-2.287533
148	16.166667	16.416667	G3	99	80	1	-1	-2.320150
149	16.181818	16.272727	C5	126	80	0	3	-2.675961
150	16.272727	16.363636	B4	126	80	0	2	-2.287533
151	16.363636	17.272727	A4	126	80	0	1	-2.609267
152	16.363636	16.590909	G5	126	80	0	4	-4.869085
153	16.416667	16.916667	G3	99	80	1	-5	-4.801795
154	16.416667	16.916667	D4	99	80	1	-1	-3.477173
155	16.590909	16.704545	F#5	126	80	0	3	-3.226506
156	16.704545	16.818182	E5	126	80	0	2	-3.286699
157	16.818182	17.045455	D5	126	80	0	1	-2.609267
158	16.916667	17.916667	G2	99	80	1	-5	-4.212346
159	17.045455	17.272727	C5	126	80	0	3	-4.737465
160	17.272727	17.500000	B4	126	80	0	2	-2.287533
161	17.272727	17.500000	B4	126	80	0	2	-4.554564
162	17.500000	17.727273	G4	126	80	0	1	-3.157580
163	17.666667	18.416667	G3	99	80	1	-4	-4.924626
164	17.727273	17.818182	A4	126	80	0	2	-2.867384
165	17.818182	17.909091	B-4	126	80	0	3	-3.190537
166	17.909091	18.000000	A4	126	80	0	2	-2.803601
167	17.916667	18.416667	D4	99	80	1	-1	-2.959487
168	18.000000	18.090909	B-4	126	80	0	3	-3.190537
169	18.090909	18.181818	A4	126	80	0	2	-2.803601
170	18.181818	18.409091	D4	126	80	0	1	-4.740672
171	18.181818	19.090909	G4	126	80	0	3	-3.401091
172	18.409091	18.636364	D4	126	80	0	1	-2.905888
173	18.416667	19.166667	G2	99	80	1	-5	-4.212346
174	18.636364	18.727273	E4	126	80	0	2	-2.867384
175	18.666667	19.166667	D3	99	80	1	-2	-2.554480
176	18.727273	18.818182	F4	126	80	0	3	-2.675961
177	18.818182	18.909091	E4	126	80	0	2	-2.287533
178	18.909091	19.000000	F4	126	80	0	3	-2.675961
179	19.000000	19.090909	E4	126	80	0	2	-2.287533
180	19.090909	19.545455	D4	126	80	0	1	-2.609267
181	19.166667	19.416667	G3	99	80	1	-1	-2.320150
182	19.166667	19.416667	G3	99	80	1	-5	-4.801795
183	19.318182	19.545455	G4	126	80	0	2	-2.963617
184	19.416667	19.916667	G3	99	80	1	-5	-4.242005
185	19.416667	19.916667	D4	99	80	1	-1	-3.477173
186	19.545455	20.000000	A4	126	80	0	3	-2.675961
187	19.659091	19.772727	B4	126	80	0	4	-2.883688
188	19.772727	20.000000	C5	126	80	0	5	-2.706622
189	19.916667	20.916667	G2	99	80	1	-5	-4.212346
190	20.000000	20.909091	A4	126	80	0	3	-3.509161
191	20.000000	20.227273	D5	126	80	0	5	-3.128600
192	20.227273	20.454545	D5	126	80	0	2	-6.327066
193	20.454545	20.545455	E5	126	80	0	3	-2.675961
194	20.545455	20.636364	F5	126	80	0	4	-2.883688
195	20.636364	20.727273	E5	126	80	0	3	-2.238713
196	20.666667	21.416667	G3	99	80	1	-1	-1.202832
197	20.666667	20.916667	G3	99	80	1	-1	-4.426668
198	20.727273	20.818182	F5	126	80	0	4	-2.883688
199	20.818182	20.909091	E5	126	80	0	3	-2.238713
200	20.909091	21.136364	A4	126	80	0	1	-3.310457
201	20.909091	21.818182	D5	126	80	0	4	-4.278061
202	20.916667	21.416667	D3	99	80	1	-2	-3.456527
203	21.136364	21.363636	A4	126	80	0	2	-3.266530
204	21.363636	21.454545	B4	126	80	0	3	-2.675961
205	21.416667	22.166667	G2	99	80	1	-5	-3.155341
206	21.454545	21.545455	C5	126	80	0	4	-2.883688
207	21.545455	21.636364	B4	126	80	0	3	-2.238713
208	21.636364	21.727273	C5	126	80	0	4	-2.883688
209	21.666667	22.166667	D3	99	80	1	-2	-2.554480
210	21.727273	21.818182	B4	126	80	0	3	-2.238713
211	21.818182	22.045455	A4	126	80	0	2	-2.287533
212	21.818182	22.045455	D5	126	80	0	5	-3.228870
213	22.045455	22.159091	G4	126	80	0	2	-3.263552
214	22.159091	22.272727	D4	126	80	0	1	-3.434905
215	22.166667	22.416667	G3	99	80	1	-1	-2.320150
216	22.166667	22.416667	G3	99	80	1	-5	-4.801795
217	22.272727	22.500000	G4	126	80	0	2	-2.963617
218	22.416667	22.916667	G3	99	80	1	-5	-4.242005
219	22.416667	22.916667	D4	99	80	1	-1	-3.477173
220	22.500000	22.727273	A4	126	80	0	3	-2.675961
221	22.727273	22.954545	B4	126	80	0	4	-2.883688
222	22.916667	23.916667	G2	99	80	1	-5	-4.212346
223	22.954545	23.181818	B4	126	80	0	3	-5.185589
224	23.181818	23.272727	A4	126	80	0	2	-2.287533
225	23.272727	23.363636	B-4	126	80	0	3	-3.190537
226	23.363636	23.454545	A4	126	80	0	2	-2.803601
227	23.454545	23.545455	B-4	126	80	0	3	-3.190537
228	23.545455	23.636364	A4	126	80	0	2	-2.803601
229	23.636364	23.863636	F4	126	80	0	1	-3.157580
230	23.666667	24.416667	G3	99	80	1	-4	-4.924626
231	23.863636	24.090909	F4	126	80	0	3	-5.268790
232	23.916667	24.416667	D4	99	80	1	-1	-2.959487
233	24.090909	24.181818	E4	126	80	0	2	-2.287533
234	24.181818	24.272727	F4	126	80	0	3	-2.675961
235	24.272727	24.363636	E4	126	80	0	2	-2.287533
236	24.363636	24.454545	F4	126	80	0	3	-2.675961
237	24.416667	25.166667	G2	99	80	1	-5	-4.212346
238	24.454545	24.545455	E4	126	80	0	2	-2.287533
239	24.545455	25.378788	D4	99	80	0	1	-2.609267
240	24.545455	24.753788	A4	99	80	0	3	-3.751952
241	24.666667	25.166667	D3	99	80	1	-2	-2.554480
242	24.753788	24.962121	D5	99	80	0	5	-3.128600
243	24.962121	25.170455	A4	99	80	0	2	-3.071676
244	25.166667	25.416667	G3	99	80	1	-1	-2.320150
245	25.170455	25.378788	D5	99	80	0	4	-2.909306
246	25.378788	25.587121	A4	99	80	0	2	-3.266530
247	25.416667	25.916667	G3	99	80	1	-5	-4.801795
248	25.416667	25.916667	D4	99	80	1	-1	-3.477173
249	25.587121	25.795455	D5	99	80	0	4	-2.909306
250	25.795455	26.003788	A4	99	80	0	2	-3.266530
251	25.916667	26.916667	G2	99	80	1	-5	-4.212346
252	26.003788	26.212121	D5	99	80	0	4	-2.909306
253	26.212121	26.420455	A4	99	80	0	2	-3.266530
254	26.420455	26.628788	D5	99	80	0	5	-3.228870
255	26.628788	26.732955	C5	99	80	0	4	-2.814339
256	26.666667	27.416667	G3	99	80	1	-1	-1.202832
257	26.666667	26.916667	G3	99	80	1	-1	-4.426668
258	26.732955	26.837121	D5	99	80	0	5	-2.706622
259	26.837121	26.941288	C5	99	80	0	4	-2.814339
260	26.916667	27.416667	D3	99	80	1	-2	-3.456527
261	26.941288	27.045455	B4	99	80	0	3	-2.238713
262	27.045455	27.253788	A4	99	80	0	2	-2.287533
263	27.253788	27.462121	D5	99	80	0	4	-2.909306
264	27.416667	28.416667	G2	99	80	1	-5	-3.155341
265	27.462121	27.878788	E5	99	80	0	5	-2.706622
266	27.666667	28.416667	D3	99	80	1	-2	-2.554480
267	27.878788	27.982955	D5	99	80	0	4	-2.814339
268	27.982955	28.087121	C5	99	80	0	3	-2.238713
269	28.087121	28.295455	B4	99	80	0	2	-2.287533
270	28.295455	28.503788	A4	99	80	0	1	-2.609267
271	28.503788	28.712121	F#5	90	80	0	4	-4.568866
272	28.503788	28.712121	G5	90	80	0	5	-3.684684
273	28.666667	28.916667	D4	63	80	1	-2	-6.630775
274	28.712121	28.781566	A4	99	80	0	1	-3.027253
275	28.781566	28.851010	B4	99	80	0	2	-2.867384
276	28.851010	28.920455	C5	99	80	0	3	-2.675961
277	28.916667	29.166667	G4	63	80	1	-1	-2.320150
278	28.920455	29.128788	D5	99	80	0	4	-2.883688
279	29.128788	29.545455	E5	99	80	0	5	-2.706622
280	29.166667	29.416667	D4	63	80	1	-2	-3.456527
281	29.416667	29.666667	G4	63	80	1	-1	-2.320150
282	29.545455	29.628788	D5	99	80	0	4	-2.814339
283	29.628788	29.712121	C5	99	80	0	3	-2.238713
284	29.666667	29.916667	D4	63	80	1	-2	-3.456527
285	29.712121	29.795455	D5	99	80	0	4	-2.883688
286	29.795455	29.878788	C5	99	80	0	3	-2.238713
287	29.878788	29.962121	B4	99	80	0	2	-2.287533
288	29.916667	30.166667	G4	63	80	1	-1	-2.320150
289	29.962121	30.170455	A4	99	80	0	1	-2.609267
290	30.166667	30.416667	D4	63	80	1	-2	-3.456527
291	30.170455	30.378788	F#5	90	80	0	4	-4.568866
292	30.170455	30.378788	G5	90	80	0	5	-3.684684
293	30.378788	30.462121	D5	99	80	0	2	-3.071676
294	30.416667	30.666667	G4	63	80	1	-1	-2.320150
295	30.462121	30.545455	E5	99	80	0	3	-2.675961
296	30.545455	30.628788	D5	99	80	0	2	-2.287533
297	30.628788	30.712121	C5	99	80	0	1	-2.609267
298	30.666667	30.916667	D4	63	80	1	-2	-3.456527
299	30.712121	30.795455	B4	99	80	0	2	-4.891425
300	30.795455	31.003788	A4	99	80	0	1	-2.609267
301	30.916667	31.166667	G4	63	80	1	-1	-2.320150
302	31.003788	31.212121	F#5	90	80	0	4	-4.568866
303	31.003788	31.212121	G5	90	80	0	5	-3.684684
304	31.166667	31.416667	D4	63	80	1	-2	-3.456527
305	31.212121	31.295455	D5	99	80	0	2	-3.071676
306	31.295455	31.378788	E5	99	80	0	3	-2.675961
307	31.378788	31.462121	D5	99	80	0	2	-2.287533
308	31.416667	31.666667	G4	63	80	1	-1	-2.320150
309	31.462121	31.545455	C5	99	80	0	1	-2.609267
310	31.545455	31.628788	B4	99	80	0	2	-4.891425
311	31.628788	31.837121	A4	99	80	0	1	-2.609267
312	31.666667	31.916667	D4	63	80	1	-2	-3.456527
313	31.837121	32.045455	F#5	90	80	0	4	-4.568866
314	31.837121	32.045455	G5	90	80	0	5	-3.684684
315	31.916667	32.166667	G4	63	80	1	-1	-2.320150
316	32.045455	32.128788	D5	99	80	0	2	-3.071676
317	32.128788	32.212121	E5	99	80	0	3	-2.675961
318	32.166667	32.666667	D4	63	80	1	-2	-3.456527
319	32.212121	32.295455	D5	99	80	0	2	-2.287533
320	32.295455	32.378788	C5	99	80	0	1	-2.609267
321	32.378788	32.462121	B4	99	80	0	2	-4.891425
322	32.462121	32.670455	A4	99	80	0	1	-2.609267
323	32.666667	32.916667	G4	63	80	1	-1	-2.320150
324	32.670455	32.878788	F#5	90	80	0	4	-4.568866
325	32.670455	32.878788	G5	90	80	0	5	-3.684684
326	32.878788	32.962121	D5	99	80	0	2	-3.071676
327	32.916667	33.166667	D4	63	80	1	-2	-3.456527
328	32.962121	33.045455	E5	99	80	0	3	-2.675961
329	33.045455	33.128788	D5	99	80	0	2	-2.287533
330	33.128788	33.212121	C5	99	80	0	1	-2.609267
331	33.166667	33.666667	G4	63	80	1	-1	-2.320150
332	33.212121	33.295455	B4	99	80	0	2	-4.891425
333	33.295455	33.503788	A4	99	80	0	1	-2.609267
334	33.503788	33.712121	F#5	90	80	0	4	-4.568866
335	33.503788	33.712121	G5	90	80	0	5	-3.684684
336	33.666667	33.916667	D4	63	80	1	-2	-3.456527
337	33.712121	33.795455	D5	99	80	0	2	-3.071676
338	33.795455	33.878788	E5	99	80	0	3	-2.675961
339	33.878788	33.962121	D5	99	80	0	2	-2.287533
340	33.916667	34.166667	G4	63	80	1	-1	-2.320150
341	33.962121	34.045455	C5	99	80	0	1	-2.609267
342	34.045455	34.128788	B4	99	80	0	3	-4.737465
343	34.128788	34.545455	A4	99	80	0	2	-2.287533
344	34.166667	34.416667	D4	63	80	1	-2	-3.456527
345	34.416667	34.666667	G3	63	80	1	-5	-3.155341
346	34.545455	34.962121	A4	99	80	0	1	-4.802885
347	34.666667	34.916667	D4	63	80	1	-2	-2.554480
348	34.916667	35.166667	E4	63	80	1	-1	-2.578439
349	34.962121	35.045455	E5	99	80	0	4	-4.054949
350	35.045455	35.128788	F5	99	80	0	5	-2.706622
351	35.128788	35.212121	E5	99	80	0	4	-2.814339
352	35.166667	35.416667	D4	63	80	1	-2	-2.745489
353	35.212121	35.295455	D5	99	80	0	3	-2.238713
354	35.295455	35.378788	C5	99	80	0	2	-2.287533
355	35.378788	35.462121	D5	99	80	0	3	-2.675961
356	35.416667	35.666667	G4	63	80	1	-1	-2.320150
357	35.462121	35.545455	E5	99	80	0	4	-2.883688
358	35.545455	35.628788	D5	99	80	0	3	-2.238713
359	35.628788	35.712121	C5	99	80	0	2	-2.287533
360	35.666667	35.916667	D4	63	80	1	-2	-3.456527
361	35.712121	35.795455	B4	99	80	0	1	-2.609267
362	35.795455	35.878788	C5	99	80	0	2	-2.867384
363	35.878788	35.962121	D5	99	80	0	3	-2.675961
364	35.916667	36.166667	E4	63	80	1	-1	-2.578439
365	35.962121	36.045455	C5	99	80	0	2	-2.287533
366	36.045455	36.128788	B4	99	80	0	1	-2.609267
367	36.128788	36.212121	A4	99	80	0	3	-4.737465
368	36.166667	36.416667	D4	63	80	1	-2	-2.745489
369	36.212121	36.316288	B4	99	80	0	1	-5.198182
370	36.316288	36.420455	C5	99	80	0	2	-2.867384
371	36.416667	36.666667	G3	63	80	1	-5	-3.155341
372	36.420455	36.628788	D5	99	80	0	3	-2.675961
373	36.628788	36.712121	E5	99	80	0	4	-2.883688
374	36.666667	36.916667	D4	63	80	1	-2	-2.554480
375	36.712121	36.795455	F5	99	80	0	5	-2.706622
376	36.795455	36.878788	E5	99	80	0	4	-2.814339
377	36.878788	36.962121	D5	99	80	0	3	-2.238713
378	36.916667	37.166667	E4	63	80	1	-1	-2.578439
379	36.962121	37.045455	C5	99	80	0	2	-2.287533
380	37.045455	37.128788	D5	99	80	0	3	-2.675961
381	37.128788	37.212121	E5	99	80	0	4	-2.883688
382	37.166667	37.416667	D4	63	80	1	-2	-2.745489
383	37.212121	37.295455	D5	99	80	0	3	-2.238713
384	37.295455	37.378788	C5	99	80	0	2	-2.287533
385	37.378788	37.462121	B4	99	80	0	1	-2.609267
386	37.416667	37.666667	G4	63	80	1	-1	-2.320150
387	37.462121	37.545455	C5	99	80	0	3	-4.936371
388	37.545455	37.628788	D5	99	80	0	4	-2.883688
389	37.628788	37.712121	C5	99	80	0	3	-2.238713
390	37.666667	37.916667	D4	63	80	1	-2	-3.456527
391	37.712121	37.795455	B4	99	80	0	2	-2.287533
392	37.795455	37.878788	A4	99	80	0	1	-2.609267
393	37.878788	37.982955	B4	99	80	0	2	-2.867384
394	37.916667	38.166667	E4	63	80	1	-1	-2.578439
395	37.982955	38.087121	C5	99	80	0	3	-2.675961
396	38.087121	38.191288	D5	99	80	0	1	-5.198182
397	38.166667	38.416667	D4	63	80	1	-2	-2.745489
398	38.191288	38.295455	E5	99	80	0	2	-2.867384
399	38.295455	38.378788	F5	99	80	0	3	-2.675961
400	38.378788	38.462121	G5	99	80	0	4	-2.883688
401	38.416667	38.666667	G4	63	80	1	-1	-2.320150
402	38.462121	38.545455	F5	99	80	0	3	-2.238713
403	38.545455	38.628788	E5	99	80	0	2	-2.287533
404	38.628788	38.712121	D5	99	80	0	1	-2.609267
405	38.666667	38.916667	D4	63	80	1	-2	-3.456527
406	38.712121	38.795455	E5	99	80	0	2	-2.867384
407	38.795455	38.878788	F5	99	80	0	3	-2.675961
408	38.878788	38.962121	E5	99	80	0	2	-2.287533
409	38.916667	39.166667	E4	63	80	1	-1	-2.578439
410	38.962121	39.045455	D5	99	80	0	1	-2.609267
411	39.045455	39.128788	C5	99	80	0	3	-4.737465
412	39.128788	39.212121	D5	99	80	0	4	-2.883688
413	39.166667	39.416667	D4	63	80	1	-2	-2.745489
414	39.212121	39.295455	E5	99	80	0	5	-2.706622
415	39.295455	39.378788	D5	99	80	0	4	-2.814339
416	39.378788	39.462121	C5	99	80	0	3	-2.238713
417	39.416667	39.666667	G4	63	80	1	-1	-2.320150
418	39.462121	39.545455	B4	99	80	0	2	-2.287533
419	39.545455	39.628788	C5	99	80	0	3	-2.675961
420	39.628788	39.712121	D5	99	80	0	4	-2.883688
421	39.666667	39.916667	D4	63	80	1	-2	-3.456527
422	39.712121	39.795455	C5	99	80	0	3	-2.238713
423	39.795455	39.878788	B4	99	80	0	2	-2.287533
424	39.878788	39.962121	A4	99	80	0	1	-2.609267
425	39.916667	40.166667	G3	63	80	1	-5	-3.155341
426	39.962121	40.045455	B4	99	80	0	2	-2.867384
427	40.045455	40.128788	C5	99	80	0	3	-2.675961
428	40.128788	40.212121	D5	99	80	0	1	-5.198182
429	40.166667	40.416667	D4	63	80	1	-2	-2.554480
430	40.212121	40.295455	E5	99	80	0	2	-2.867384
431	40.295455	40.378788	F#5	99	80	0	4	-4.064995
432	40.378788	40.795455	A4	99	80	0	1	-3.493957
433	40.416667	40.666667	E4	63	80	1	-1	-2.578439
434	40.666667	40.916667	D4	63	80	1	-2	-2.745489
435	40.795455	40.878788	B4	99	80	0	2	-2.867384
436	40.878788	40.962121	C5	99	80	0	3	-2.675961
437	40.916667	41.166667	F#4	63	80	1	-1	-3.194227
438	40.962121	41.045455	D5	99	80	0	1	-5.198182
439	41.045455	41.128788	E5	99	80	0	2	-2.867384
440	41.128788	41.212121	F#5	99	80	0	4	-4.064995
441	41.166667	41.416667	D4	63	80	1	-2	-4.597368
442	41.212121	41.628788	A4	99	80	0	1	-3.493957
443	41.416667	41.666667	G4	63	80	1	-1	-2.320150
444	41.628788	41.712121	B4	99	80	0	2	-2.867384
445	41.666667	41.916667	D4	63	80	1	-2	-3.456527
446	41.712121	41.795455	C5	99	80	0	3	-2.675961
447	41.795455	41.878788	D5	99	80	0	1	-5.198182
448	41.878788	41.962121	E5	99	80	0	2	-2.867384
449	41.916667	42.166667	G3	63	80	1	-5	-3.155341
450	41.962121	42.045455	F#5	99	80	0	4	-4.064995
451	42.045455	42.462121	A4	99	80	0	1	-3.493957
452	42.166667	42.416667	D4	63	80	1	-2	-2.554480
453	42.416667	42.666667	E4	63	80	1	-1	-2.578439
454	42.462121	42.545455	B4	99	80	0	2	-2.867384
455	42.545455	42.628788	C5	99	80	0	3	-2.675961
456	42.628788	42.712121	D5	99	80	0	1	-5.198182
457	42.666667	42.916667	D4	63	80	1	-2	-2.745489
458	42.712121	42.795455	E5	99	80	0	2	-2.867384
459	42.795455	42.878788	F#5	99	80	0	4	-4.064995
460	42.878788	43.295455	A4	99	80	0	1	-3.493957
461	42.916667	43.166667	F#4	63	80	1	-1	-3.194227
462	43.166667	43.416667	D4	63	80	1	-2	-4.597368
463	43.295455	43.378788	B4	99	80	0	2	-2.867384
464	43.378788	43.462121	C5	99	80	0	3	-2.675961
465	43.416667	43.666667	G4	63	80	1	-1	-2.320150
466	43.462121	43.545455	D5	99	80	0	1	-5.198182
467	43.545455	43.628788	E5	99	80	0	2	-2.867384
468	43.628788	43.712121	F#5	99	80	0	4	-4.064995
469	43.666667	43.916667	D4	63	80	1	-2	-3.456527
470	43.712121	44.128788	A4	99	80	0	1	-3.493957
471	43.916667	44.166667	G3	63	80	1	-5	-3.155341
472	44.128788	44.212121	B4	99	80	0	2	-2.867384
473	44.166667	44.416667	D4	63	80	1	-2	-2.554480
474	44.212121	44.295455	C5	99	80	0	3	-2.675961
475	44.295455	44.378788	D5	99	80	0	1	-5.198182
476	44.378788	44.462121	E5	99	80	0	2	-2.867384
477	44.416667	44.666667	G4	63	80	1	-1	-2.320150
478	44.462121	44.545455	F#5	99	80	0	3	-3.409656
479	44.545455	44.628788	C5	99	80	0	1	-4.323321
480	44.628788	44.712121	D5	99	80	0	2	-2.867384
481	44.666667	44.916667	D4	63	80	1	-2	-3.456527
482	44.712121	44.795455	E5	99	80	0	3	-2.675961
483	44.795455	44.878788	F#5	99	80	0	4	-4.476680
484	44.878788	45.170455	G5	99	80	0	5	-3.684684
485	44.916667	45.166667	F#4	63	80	1	-1	-3.194227
486	44.962121	45.795455	A4	126	80	0	1	-3.027253
487	45.166667	45.416667	D4	63	80	1	-2	-4.597368
488	45.170455	45.274621	F#5	126	80	0	5	-4.874096
489	45.274621	45.378788	E5	126	80	0	4	-4.503222
490	45.378788	45.587121	D5	126	80	0	3	-2.238713
491	45.416667	45.666667	E4	63	80	1	-1	-2.578439
492	45.587121	45.795455	C5	126	80	0	2	-2.287533
493	45.666667	45.916667	D4	63	80	1	-2	-2.745489
494	45.795455	47.613636	A4	126	80	0	1	-3.157580
495	45.795455	46.022727	D5	126	80	0	2	-2.963617
496	45.916667	46.166667	G4	63	80	1	-1	-2.320150
497	46.022727	46.250000	D5	126	80	0	2	-4.554564
498	46.166667	46.416667	D4	63	80	1	-2	-3.456527
499	46.250000	46.340909	E5	126	80	0	3	-2.675961
500	46.340909	46.431818	F5	126	80	0	4	-2.883688
501	46.416667	46.666667	E4	63	80	1	-1	-2.578439
502	46.431818	46.522727	E5	126	80	0	3	-2.238713
503	46.522727	46.613636	F5	126	80	0	4	-2.883688
504	46.613636	46.704545	E5	126	80	0	3	-2.238713
505	46.666667	46.916667	D4	63	80	1	-2	-2.745489
506	46.704545	46.931818	D5	126	80	0	2	-2.287533
507	46.916667	47.166667	G3	63	80	1	-5	-3.155341
508	46.931818	47.159091	F5	126	80	0	3	-3.012122
509	47.159091	47.250000	E5	126	80	0	2	-2.287533
510	47.166667	47.416667	D4	63	80	1	-2	-2.554480
511	47.250000	47.340909	F5	126	80	0	3	-2.675961
512	47.340909	47.431818	E5	126	80	0	2	-2.287533
513	47.416667	47.666667	E4	63	80	1	-1	-2.578439
514	47.431818	47.522727	F5	126	80	0	3	-2.675961
515	47.522727	47.613636	E5	126	80	0	2	-2.287533
516	47.613636	47.840909	F5	126	80	0	3	-2.675961
517	47.666667	47.916667	D4	63	80	1	-2	-2.745489
518	47.840909	48.068182	D5	126	80	0	1	-3.281335
519	47.916667	48.166667	G4	63	80	1	-1	-2.320150
520	48.068182	48.143939	E5	126	80	0	2	-2.867384
521	48.143939	48.219697	F5	126	80	0	3	-2.675961
522	48.166667	48.416667	D4	63	80	1	-2	-3.456527
523	48.219697	48.295455	E5	126	80	0	2	-2.287533
524	48.295455	48.522727	D5	126	80	0	1	-2.609267
525	48.416667	48.666667	E4	63	80	1	-1	-2.578439
526	48.522727	48.750000	F5	126	80	0	2	-2.525967
527	48.666667	48.916667	D4	63	80	1	-2	-2.745489
528	48.750000	48.825758	E5	126	80	0	1	-2.609267
529	48.825758	48.901515	F5	126	80	0	2	-2.867384
530	48.901515	48.977273	E5	126	80	0	1	-2.609267
531	48.916667	49.166667	G3	63	80	1	-5	-3.155341
532	48.977273	49.204545	D5	126	80	0	3	-4.737465
533	49.166667	49.416667	D4	63	80	1	-2	-2.554480
534	49.204545	49.431818	C5	126	80	0	2	-2.287533
535	49.416667	49.666667	E4	63	80	1	-1	-2.578439
536	49.431818	50.340909	A4	126	80	0	1	-3.157580
537	49.431818	49.659091	G5	126	80	0	4	-4.869085
538	49.659091	49.772727	F#5	126	80	0	3	-3.226506
539	49.666667	49.916667	D4	63	80	1	-2	-2.745489
540	49.772727	49.886364	E5	126	80	0	2	-3.286699
541	49.886364	50.113636	D5	126	80	0	1	-2.609267
542	49.916667	50.166667	G4	63	80	1	-1	-2.320150
543	50.113636	50.340909	C5	126	80	0	3	-4.737465
544	50.166667	50.416667	D4	63	80	1	-2	-3.456527
545	50.340909	50.568182	B4	126	80	0	2	-2.287533
546	50.416667	50.666667	E4	63	80	1	-1	-2.578439
547	50.568182	50.795455	G4	126	80	0	1	-3.157580
548	50.666667	50.916667	D4	63	80	1	-2	-2.745489
549	50.795455	50.886364	A4	126	80	0	2	-2.867384
550	50.886364	50.977273	B-4	126	80	0	3	-3.190537
551	50.916667	51.166667	G4	63	80	1	-1	-2.320150
552	50.977273	51.068182	A4	126	80	0	2	-2.803601
553	51.068182	51.159091	B-4	126	80	0	3	-3.190537
554	51.159091	51.250000	A4	126	80	0	2	-2.803601
555	51.166667	51.416667	D4	63	80	1	-4	-4.223116
556	51.250000	51.477273	G4	126	80	0	1	-2.609267
557	51.416667	51.666667	G3	63	80	1	-1	-5.763343
558	51.477273	51.704545	B4	126	80	0	3	-3.473158
559	51.666667	53.416667	D3	63	80	1	-4	-4.223116
560	51.704545	51.795455	A4	126	80	0	2	-2.287533
561	51.795455	51.886364	B-4	126	80	0	3	-3.190537
562	51.886364	51.977273	A4	126	80	0	2	-2.803601
563	51.916667	52.666667	G2	63	80	1	-1	-5.763343
564	51.977273	52.068182	B-4	126	80	0	3	-3.190537
565	52.068182	52.159091	A4	126	80	0	2	-2.803601
566	52.159091	52.386364	B4	126	80	0	3	-2.675961
567	52.386364	52.613636	G4	126	80	0	1	-3.281335
568	52.613636	52.704545	A4	126	80	0	2	-2.867384
569	52.666667	52.916667	D2	63	80	1	-2	-3.456527
570	52.704545	52.795455	B-4	126	80	0	3	-3.190537
571	52.795455	52.886364	A4	126	80	0	2	-2.803601
572	52.886364	52.977273	B-4	126	80	0	3	-3.190537
573	52.916667	53.916667	G1	63	80	1	-5	-3.155341
574	52.977273	53.068182	A4	126	80	0	2	-2.803601
575	53.068182	53.295455	G4	126	80	0	1	-2.609267
576	53.295455	53.522727	B4	126	80	0	2	-2.525967
577	53.416667	53.666667	F#3	63	80	1	-1	-14.843277
578	53.522727	53.598485	A4	126	80	0	1	-2.609267
579	53.598485	53.674242	B-4	126	80	0	4	-5.465822
580	53.666667	53.916667	D3	63	80	1	-2	-4.597368
581	53.674242	53.750000	A4	126	80	0	3	-3.302559
582	53.750000	53.977273	G4	126	80	0	2	-2.287533
583	53.916667	55.416667	G2	63	80	1	-5	-3.155341
584	53.916667	54.166667	F3	63	80	1	-1	-3.610078
585	53.977273	54.204545	D4	126	80	0	1	-3.434905
586	54.166667	54.416667	D3	63	80	1	-2	-3.291596
587	54.204545	54.431818	G4	126	80	0	2	-2.963617
588	54.416667	54.666667	F#3	63	80	1	-1	-3.194227
589	54.431818	54.545455	A4	126	80	0	3	-2.675961
590	54.545455	54.659091	B4	126	80	0	4	-2.883688
591	54.659091	54.886364	C5	126	80	0	5	-2.706622
592	54.666667	54.916667	D3	63	80	1	-2	-4.597368
593	54.886364	55.795455	A4	126	80	0	1	-5.557373
594	54.886364	55.113636	D5	126	80	0	2	-2.963617
595	54.916667	55.166667	G3	63	80	1	-1	-2.320150
596	55.113636	55.340909	F5	126	80	0	4	-2.758588
597	55.166667	55.416667	D3	63	80	1	-2	-3.456527
598	55.340909	55.431818	E5	126	80	0	3	-2.238713
599	55.416667	56.916667	G2	63	80	1	-5	-3.155341
600	55.416667	55.666667	F#3	63	80	1	-1	-5.964413
601	55.431818	55.522727	F5	126	80	0	4	-2.883688
602	55.522727	55.613636	E5	126	80	0	3	-2.238713
603	55.613636	55.704545	F5	126	80	0	4	-2.883688
604	55.666667	55.916667	D3	63	80	1	-2	-4.597368
605	55.704545	55.795455	E5	126	80	0	3	-2.238713
606	55.795455	56.704545	A4	126	80	0	1	-3.310457
607	55.795455	56.022727	D5	126	80	0	2	-2.963617
608	55.916667	56.166667	C#3	63	80	1	-3	-3.848567
609	56.022727	56.250000	B4	126	80	0	1	-3.157580
610	56.166667	56.416667	D3	63	80	1	-2	-3.642491
611	56.250000	56.340909	C#5	126	80	0	2	-3.246278
612	56.340909	56.431818	D5	126	80	0	3	-3.686981
613	56.416667	56.666667	F3	63	80	1	-1	-2.415329
614	56.431818	56.522727	C#5	126	80	0	2	-3.151465
615	56.522727	56.613636	D5	126	80	0	3	-3.686981
616	56.613636	56.704545	C#5	126	80	0	2	-3.151465
617	56.666667	56.916667	E3	63	80	1	-1	-5.751475
618	56.704545	56.931818	D5	126	80	0	1	-4.072488
619	56.916667	57.916667	G1	63	80	1	-5	-5.860818
620	56.931818	57.159091	F5	126	80	0	3	-3.473158
621	57.159091	57.234848	E5	126	80	0	2	-2.287533
622	57.166667	57.416667	D3	63	80	1	-2	-5.900828
623	57.234848	57.310606	F5	126	80	0	3	-2.675961
624	57.310606	57.386364	E5	126	80	0	2	-2.287533
625	57.386364	57.613636	D5	126	80	0	1	-2.609267
626	57.416667	57.666667	E3	63	80	1	-1	-2.578439
627	57.613636	57.840909	C#5	126	80	0	3	-4.859211
628	57.666667	57.916667	D3	63	80	1	-2	-2.745489
629	57.840909	57.916667	B4	126	80	0	2	-3.286699
630	57.916667	59.416667	G2	63	80	1	-5	-3.155341
631	57.916667	58.166667	F3	63	80	1	-1	-3.610078
632	57.916667	57.992424	A4	126	80	0	1	-2.609267
633	57.992424	58.068182	B4	126	80	0	2	-2.867384
634	58.068182	58.295455	C#5	126	80	0	4	-4.064995
635	58.166667	58.416667	D3	63	80	1	-2	-3.291596
636	58.295455	58.522727	D5	126	80	0	5	-3.684684
637	58.416667	58.666667	F#3	63	80	1	-1	-3.194227
638	58.522727	58.750000	D4	126	80	0	1	-1.922714
639	58.666667	58.916667	D3	63	80	1	-2	-4.597368
640	58.750000	58.863636	G4	126	80	0	3	-3.401091
641	58.863636	58.977273	D4	126	80	0	1	-2.905888
642	58.916667	59.166667	F3	63	80	1	-1	-2.415329
643	58.977273	59.204545	G4	126	80	0	2	-2.963617
644	59.166667	59.416667	D3	63	80	1	-2	-3.291596
645	59.204545	59.431818	A4	126	80	0	3	-2.675961
646	59.416667	60.416667	G2	63	80	1	-5	-3.155341
647	59.416667	59.666667	F#3	63	80	1	-1	-5.964413
648	59.431818	59.659091	B4	126	80	0	4	-2.883688
649	59.659091	59.886364	D5	126	80	0	5	-3.402079
650	59.666667	59.916667	D3	63	80	1	-2	-4.597368
651	59.886364	59.977273	C#5	126	80	0	4	-3.640665
652	59.916667	60.166667	F3	63	80	1	-1	-2.415329
653	59.977273	60.068182	D5	126	80	0	5	-3.684684
654	60.068182	60.159091	C#5	126	80	0	4	-3.640665
655	60.159091	60.250000	D5	126	80	0	5	-3.684684
656	60.166667	60.416667	D3	63	80	1	-2	-3.291596
657	60.250000	60.340909	C#5	126	80	0	4	-3.640665
658	60.340909	60.568182	B4	126	80	0	3	-3.914844
659	60.416667	61.916667	G2	63	80	1	-5	-3.155341
660	60.416667	60.666667	F#3	63	80	1	-1	-5.964413
661	60.568182	60.795455	G4	126	80	0	1	-3.281335
662	60.666667	60.916667	D3	63	80	1	-2	-4.597368
663	60.795455	60.886364	A4	126	80	0	2	-2.867384
664	60.886364	60.977273	B-4	126	80	0	3	-3.190537
665	60.916667	61.166667	E3	63	80	1	-1	-2.578439
666	60.977273	61.068182	A4	126	80	0	2	-2.803601
667	61.068182	61.159091	B-4	126	80	0	3	-3.190537
668	61.159091	61.250000	A4	126	80	0	2	-2.803601
669	61.166667	61.416667	D3	63	80	1	-2	-2.745489
670	61.250000	61.477273	G4	126	80	0	1	-2.609267
671	61.416667	61.666667	C#3	63	80	1	-3	-3.848567
672	61.477273	61.704545	D5	126	80	0	4	-4.054949
673	61.666667	61.916667	D3	63	80	1	-1	-4.922596
674	61.704545	61.795455	C#5	126	80	0	3	-3.226506
675	61.795455	61.886364	D5	126	80	0	4	-3.868143
676	61.886364	61.977273	C#5	126	80	0	3	-3.226506
677	61.916667	62.916667	G1	63	80	1	-5	-4.212346
678	61.977273	62.068182	D5	126	80	0	4	-3.868143
679	62.068182	62.159091	C#5	126	80	0	3	-3.226506
680	62.159091	62.386364	B4	126	80	0	2	-3.286699
681	62.166667	62.416667	D3	63	80	1	-2	-5.900828
682	62.386364	62.613636	G4	126	80	0	1	-3.157580
683	62.416667	62.666667	E3	63	80	1	-1	-2.578439
684	62.613636	62.689394	A4	126	80	0	2	-2.867384
685	62.666667	62.916667	D3	63	80	1	-2	-2.745489
686	62.689394	62.765152	B-4	126	80	0	3	-3.190537
687	62.765152	62.840909	A4	126	80	0	2	-2.803601
688	62.840909	63.068182	G4	126	80	0	1	-2.609267
689	62.916667	64.416667	G2	63	80	1	-5	-3.155341
690	62.916667	63.166667	F3	63	80	1	-1	-3.610078
691	63.068182	63.295455	B4	126	80	0	2	-2.525967
692	63.166667	63.416667	D3	63	80	1	-2	-3.291596
693	63.295455	63.522727	G4	126	80	0	1	-3.157580
694	63.416667	63.666667	F#3	63	80	1	-1	-3.194227
695	63.522727	63.598485	A4	126	80	0	2	-2.867384
696	63.598485	63.674242	B-4	126	80	0	3	-3.190537
697	63.666667	63.916667	D3	63	80	1	-2	-4.597368
698	63.674242	63.750000	A4	126	80	0	2	-2.803601
699	63.750000	63.977273	G4	126	80	0	1	-2.609267
700	63.916667	64.166667	F3	63	80	1	-1	-2.415329
701	63.977273	64.204545	B4	126	80	0	2	-2.525967
702	64.166667	64.416667	D3	63	80	1	-2	-3.291596
703	64.204545	64.431818	G4	126	80	0	1	-3.157580
704	64.416667	65.416667	G2	63	80	1	-5	-3.155341
705	64.416667	64.666667	E3	63	80	1	-1	-4.009362
706	64.431818	64.507576	A4	126	80	0	2	-2.867384
707	64.507576	64.583333	B-4	126	80	0	3	-3.190537
708	64.583333	64.659091	A4	126	80	0	2	-2.803601
709	64.659091	64.886364	G4	126	80	0	1	-2.609267
710	64.666667	64.916667	D3	63	80	1	-2	-2.745489
711	64.886364	65.113636	B4	126	80	0	3	-3.473158
712	64.916667	65.166667	F3	63	80	1	-1	-2.415329
713	65.113636	65.189394	A4	126	80	0	2	-2.287533
714	65.166667	65.416667	D3	63	80	1	-2	-3.291596
715	65.189394	65.265152	B-4	126	80	0	3	-3.190537
716	65.265152	65.340909	A4	126	80	0	2	-2.803601
717	65.340909	65.568182	G4	126	80	0	1	-2.609267
718	65.416667	66.916667	G2	63	80	1	-5	-3.155341
719	65.416667	65.666667	C#3	63	80	1	-3	-5.669550
720	65.568182	65.795455	B-4	126	80	0	3	-4.456068
721	65.666667	65.916667	D3	63	80	1	-2	-3.642491
722	65.795455	65.871212	A4	126	80	0	2	-2.803601
723	65.871212	65.946970	B-4	126	80	0	3	-3.190537
724	65.916667	66.166667	E3	63	80	1	-1	-2.578439
725	65.946970	66.022727	A4	126	80	0	2	-2.803601
726	66.022727	66.250000	G4	126	80	0	1	-2.609267
727	66.166667	66.416667	D3	63	80	1	-2	-2.745489
728	66.250000	66.477273	B-4	126	80	0	3	-4.456068
729	66.416667	66.666667	F3	63	80	1	-1	-2.415329
730	66.477273	66.553030	A4	126	80	0	2	-2.803601
731	66.553030	66.628788	B-4	126	80	0	3	-3.190537
732	66.628788	66.704545	A4	126	80	0	2	-2.803601
733	66.666667	66.916667	D3	63	80	1	-2	-3.291596
734	66.704545	67.234848	G4	126	80	0	1	-2.609267
735	66.916667	67.916667	G1	63	80	1	-5	-6.177855
736	67.166667	67.416667	F3	63	80	1	-3	-8.212705
737	67.234848	68.484848	A4	126	80	0	2	-2.867384
738	67.310606	67.386364	B4	126	80	0	3	-2.675961
739	67.386364	67.462121	C5	126	80	0	1	-5.198182
740	67.416667	67.666667	E3	63	80	1	-1	-3.930078
741	67.462121	67.537879	D5	126	80	0	2	-2.867384
742	67.537879	67.613636	E5	126	80	0	3	-2.675961
743	67.613636	68.522727	F5	126	80	0	4	-2.883688
744	67.666667	67.916667	C#3	63	80	1	-3	-4.826899
745	67.916667	68.166667	D3	63	80	1	-2	-3.642491
746	68.166667	68.416667	F3	63	80	1	-1	-2.415329
747	68.416667	68.666667	E3	63	80	1	-2	-2.745489
748	68.666667	68.916667	G2	63	80	1	-5	-5.049983
749	68.916667	69.666667	G2	63	80	1	-5	-4.242005
750	68.916667	69.166667	D3	63	80	1	-2	-2.554480
751	69.166667	69.416667	F3	63	80	1	-1	-2.415329
752	69.416667	69.916667	C#3	63	80	1	-2	-4.444474
753	69.666667	70.666667	G2	63	80	1	-5	-5.017302
754	69.916667	70.166667	F#3	63	80	1	-2	-6.336491
755	70.166667	70.416667	F3	63	80	1	-3	-3.281947
756	70.416667	70.916667	E3	63	80	1	-1	-3.930078
757	70.666667	71.916667	G2	63	80	1	-5	-3.730225
758	70.916667	71.166667	D3	63	80	1	-2	-2.554480
759	71.166667	71.416667	F3	63	80	1	-1	-2.415329
760	71.416667	71.666667	C#3	63	80	1	-2	-4.444474
761	71.666667	72.166667	E3	63	80	1	-1	-2.464298
762	71.916667	73.916667	G2	99	80	1	-5	-3.730225
763	72.166667	72.416667	F3	99	80	1	-1	-3.610078
764	72.416667	72.666667	C#3	99	80	1	-2	-4.444474
765	72.666667	72.916667	E3	99	80	1	-1	-2.464298
766	72.916667	73.166667	D3	99	80	1	-2	-2.745489
767	73.166667	73.416667	F3	99	80	1	-1	-2.415329
768	73.416667	73.666667	C#3	99	80	1	-2	-4.444474
769	73.666667	73.916667	E3	99	80	1	-1	-2.464298
770	73.916667	75.916667	G2	99	80	1	-5	-3.730225
771	74.166667	74.416667	C#3	99	80	1	-2	-5.232676
772	74.416667	74.666667	F3	99	80	1	-1	-3.262923
773	74.666667	74.916667	D3	99	80	1	-2	-3.291596
774	74.916667	75.166667	C#3	99	80	1	-3	-3.848567
775	75.166667	75.416667	F3	99	80	1	-2	-4.126498
776	75.416667	75.666667	E3	99	80	1	-3	-2.891080
777	75.666667	75.916667	F#3	99	80	1	-2	-3.407298
778	76.166667	76.416667	G3	99	80	1	-1	-3.404249
779	76.416667	76.666667	G2	99	80	1	-5	-2.314770
780	76.666667	76.916667	G1	99	80	1	-5	-5.870600
781	76.916667	77.916667	G3	126	80	1	-4	-6.683330
782	76.916667	77.916667	D4	126	80	1	-1	-2.959487
