//Version: PianoFingering_v170101
1	0.000000	0.250000	G#3	90	80	1	-2	-2.178510
2	0.000000	0.250000	A3	90	80	1	-1	-3.404249
3	0.250000	0.500000	G#3	90	80	1	-2	-3.720116
4	0.250000	0.500000	A3	90	80	1	-1	-3.404249
5	0.500000	0.750000	G#3	90	80	1	-2	-3.720116
6	0.500000	0.750000	A3	90	80	1	-1	-3.404249
7	0.750000	0.937500	G#4	90	80	0	1	-0.925785
8	0.750000	0.937500	A4	90	80	0	1	-6.856287
9	0.750000	1.250000	F#3	90	80	1	-2	-3.299403
10	0.750000	1.250000	A3	90	80	1	-1	-2.464298
11	1.125000	1.312500	G#5	90	80	0	4	-5.698296
12	1.125000	1.312500	A5	90	80	0	5	-3.684684
13	1.250000	1.750000	F3	90	80	1	-2	-3.291596
14	1.250000	1.750000	A3	90	80	1	-1	-2.415329
15	1.750000	2.000000	G#3	90	80	1	-2	-3.720116
16	1.750000	2.000000	A3	90	80	1	-1	-3.404249
17	2.000000	2.250000	G#3	90	80	1	-2	-3.720116
18	2.000000	2.250000	A3	90	80	1	-1	-3.404249
19	2.062500	2.250000	G#4	90	80	0	1	-4.270482
20	2.062500	2.250000	A4	90	80	0	1	-6.856287
21	2.250000	2.500000	G#3	90	80	1	-2	-3.720116
22	2.250000	2.500000	A3	90	80	1	-1	-3.404249
23	2.500000	3.000000	F#3	90	80	1	-2	-3.299403
24	2.500000	3.000000	A3	90	80	1	-1	-2.464298
25	2.625000	2.812500	G#5	90	80	0	4	-5.698296
26	2.625000	2.812500	A5	90	80	0	5	-3.684684
27	3.000000	3.250000	F3	90	80	1	-2	-3.291596
28	3.000000	3.250000	A3	90	80	1	-1	-2.415329
29	3.187500	3.375000	G#4	90	80	0	1	-4.270482
30	3.187500	3.375000	A4	90	80	0	1	-6.856287
31	3.250000	3.750000	E-3	90	80	1	-2	-5.099885
32	3.250000	3.750000	A3	90	80	1	-1	-4.366821
33	3.750000	3.937500	G#5	90	80	0	4	-5.698296
34	3.750000	3.937500	A5	90	80	0	5	-3.684684
35	3.750000	4.000000	G#3	90	80	1	-2	-3.720116
36	3.750000	4.000000	A3	90	80	1	-1	-3.404249
37	4.000000	4.250000	G#3	90	80	1	-2	-3.720116
38	4.000000	4.250000	A3	90	80	1	-1	-3.404249
39	4.500000	4.687500	A5	90	80	0	1	-5.027158
40	4.500000	4.687500	B-5	90	80	0	2	-3.900292
41	4.500000	4.687500	G#6	90	80	0	5	-6.184352
42	4.500000	4.750000	G#3	90	80	1	-2	-3.720116
43	4.500000	4.750000	A3	90	80	1	-1	-3.404249
44	4.750000	5.250000	F#3	90	80	1	-2	-3.299403
45	4.750000	5.250000	A3	90	80	1	-1	-2.464298
46	4.875000	5.062500	B-3	90	80	0	1	-6.163296
47	4.875000	5.062500	D4	90	80	0	2	-3.465862
48	5.062500	5.250000	B3	90	80	0	1	-3.157580
49	5.062500	5.250000	D4	90	80	0	3	-3.473158
50	5.250000	5.437500	C4	90	80	0	2	-2.287533
51	5.250000	5.437500	D4	90	80	0	3	-2.675961
52	5.250000	5.500000	F3	90	80	1	-2	-3.291596
53	5.250000	5.500000	A3	90	80	1	-1	-2.415329
54	5.437500	5.625000	C4	90	80	0	2	-2.287533
55	5.437500	5.625000	D4	90	80	0	3	-2.675961
56	5.500000	5.750000	E-3	90	80	1	-2	-5.099885
57	5.500000	5.750000	A3	90	80	1	-1	-4.366821
58	5.625000	5.812500	C4	90	80	0	2	-2.287533
59	5.625000	5.812500	D4	90	80	0	3	-2.675961
60	5.750000	6.250000	D3	90	80	1	-5	-3.242781
61	5.750000	6.250000	A3	90	80	1	-2	-2.554480
62	5.812500	6.000000	B-3	90	80	0	1	-4.375439
63	5.812500	6.000000	D4	90	80	0	2	-3.465862
64	6.000000	6.187500	B-3	90	80	0	1	-3.898407
65	6.000000	6.187500	D4	90	80	0	2	-3.465862
66	6.250000	8.250000	D3	90	80	1	-5	-3.155341
67	6.250000	8.250000	A3	90	80	1	-1	-3.477173
68	6.375000	6.562500	B3	90	80	0	1	-3.157580
69	6.375000	6.562500	D4	90	80	0	3	-3.473158
70	6.562500	6.750000	C4	90	80	0	2	-2.287533
71	6.562500	6.750000	D4	90	80	0	3	-2.675961
72	6.750000	6.937500	C#4	90	80	0	2	-3.151465
73	6.750000	6.937500	D4	90	80	0	3	-3.686981
74	6.937500	7.125000	C4	90	80	0	2	-2.287533
75	6.937500	7.125000	D4	90	80	0	3	-2.675961
76	7.125000	7.312500	B3	90	80	0	1	-3.281335
77	7.125000	7.312500	D4	90	80	0	2	-2.525967
78	7.312500	7.500000	C4	90	80	0	1	-2.609267
79	7.312500	7.500000	D4	90	80	0	2	-2.867384
80	7.500000	7.687500	B3	90	80	0	1	-3.157580
81	7.500000	7.687500	D4	90	80	0	2	-2.525967
82	7.687500	7.875000	B-3	90	80	0	1	-3.898407
83	7.687500	7.875000	D4	90	80	0	2	-3.465862
84	8.062500	8.250000	B3	90	80	0	1	-3.157580
85	8.062500	8.250000	D4	90	80	0	2	-2.525967
86	8.250000	8.437500	C4	90	80	0	1	-2.609267
87	8.250000	8.437500	D4	90	80	0	2	-2.867384
88	8.250000	8.500000	E-3	90	80	1	-2	-5.099885
89	8.250000	8.500000	A3	90	80	1	-1	-4.366821
90	8.437500	8.625000	B3	90	80	0	1	-3.157580
91	8.437500	8.625000	D4	90	80	0	2	-2.525967
92	8.500000	9.250000	D3	90	80	1	-5	-3.242781
93	8.500000	9.250000	A3	90	80	1	-2	-2.554480
94	8.625000	8.812500	B-3	90	80	0	1	-3.898407
95	8.625000	8.812500	D4	90	80	0	2	-3.465862
96	9.000000	9.187500	B3	90	80	0	1	-3.157580
97	9.000000	9.187500	D4	90	80	0	2	-2.525967
98	9.187500	9.375000	C4	90	80	0	1	-2.609267
99	9.187500	9.375000	D4	90	80	0	2	-2.867384
100	9.250000	10.500000	D3	90	80	1	-5	-3.155341
101	9.250000	10.500000	A3	90	80	1	-1	-3.477173
102	9.375000	9.562500	B-3	90	80	0	1	-3.898407
103	9.375000	9.562500	D4	90	80	0	2	-3.465862
104	9.562500	9.750000	B-3	90	80	0	1	-3.898407
105	9.562500	9.750000	D4	90	80	0	2	-3.465862
106	9.750000	9.937500	B3	90	80	0	1	-3.157580
107	9.750000	9.937500	D4	90	80	0	2	-2.525967
108	9.937500	10.125000	C4	90	80	0	1	-2.609267
109	9.937500	10.125000	D4	90	80	0	2	-2.867384
110	10.125000	10.312500	B3	90	80	0	1	-3.157580
111	10.125000	10.312500	D4	90	80	0	2	-2.525967
112	10.312500	10.500000	B-3	90	80	0	1	-3.898407
113	10.312500	10.500000	D4	90	80	0	2	-3.465862
114	10.500000	10.687500	B3	90	80	0	1	-3.157580
115	10.500000	10.687500	D4	90	80	0	2	-2.525967
116	10.500000	10.750000	A2	90	80	1	-5	-2.314770
117	10.500000	10.750000	E-3	90	80	1	-2	-5.232676
118	10.687500	10.875000	C4	90	80	0	1	-2.609267
119	10.687500	10.875000	D4	90	80	0	2	-2.867384
120	10.750000	11.500000	A2	90	80	1	-5	-5.017302
121	10.750000	11.500000	D3	90	80	1	-2	-3.272976
122	11.062500	11.250000	C4	90	80	0	1	-2.609267
123	11.062500	11.250000	D4	90	80	0	2	-2.867384
124	11.250000	11.437500	C#4	126	80	0	1	-4.846711
125	11.437500	11.625000	A4	90	80	0	2	-6.099041
126	11.437500	11.625000	B-4	90	80	0	3	-3.190537
127	11.500000	11.750000	A2	90	80	1	-5	-3.713619
128	11.500000	11.750000	E-3	90	80	1	-2	-5.232676
129	11.625000	11.812500	A4	90	80	0	2	-2.803601
130	11.625000	11.812500	B-4	90	80	0	3	-3.190537
131	11.750000	12.250000	A2	90	80	1	-5	-5.017302
132	11.750000	12.250000	D3	90	80	1	-2	-3.272976
133	11.812500	12.000000	A4	90	80	0	2	-2.803601
134	11.812500	12.000000	B-4	90	80	0	3	-3.190537
135	12.000000	12.375000	A4	90	80	0	2	-2.803601
136	12.000000	12.375000	C5	90	80	0	4	-2.758588
137	12.250000	12.500000	A2	90	80	1	-5	-3.713619
138	12.250000	12.500000	E-3	90	80	1	-2	-5.232676
139	12.375000	12.750000	A4	90	80	0	2	-3.359779
140	12.375000	12.750000	C#5	90	80	0	4	-3.522723
141	12.500000	13.000000	A2	90	80	1	-5	-5.017302
142	12.500000	13.000000	D3	90	80	1	-2	-3.272976
143	12.750000	12.937500	A4	90	80	0	2	-4.058569
144	12.750000	12.937500	B-4	90	80	0	3	-3.190537
145	12.937500	13.125000	A4	90	80	0	2	-2.803601
146	12.937500	13.125000	B-4	90	80	0	3	-3.190537
147	13.000000	13.250000	A2	90	80	1	-5	-3.713619
148	13.000000	13.250000	E-3	90	80	1	-2	-5.232676
149	13.125000	13.312500	A4	90	80	0	2	-2.803601
150	13.125000	13.312500	B-4	90	80	0	3	-3.190537
151	13.250000	13.750000	A2	90	80	1	-5	-5.017302
152	13.250000	13.750000	E3	90	80	1	-2	-2.554480
153	13.312500	13.687500	A4	90	80	0	2	-2.803601
154	13.312500	13.687500	C5	90	80	0	4	-2.758588
155	13.687500	13.875000	A4	90	80	0	2	-3.359779
156	13.687500	13.875000	C#5	90	80	0	4	-3.522723
157	13.750000	14.000000	A2	90	80	1	-5	-3.155341
158	13.750000	14.000000	F3	90	80	1	-1	-4.009362
159	13.875000	14.250000	A4	90	80	0	2	-4.058569
160	13.875000	14.250000	D#5	90	80	0	5	-5.283726
161	14.000000	14.500000	A2	90	80	1	-4	-4.458307
162	14.000000	14.500000	F#3	90	80	1	-1	-4.244654
163	14.250000	14.437500	A4	90	80	0	2	-4.646957
164	14.250000	14.437500	B-4	90	80	0	3	-3.190537
165	14.437500	14.625000	A4	90	80	0	2	-2.803601
166	14.437500	14.625000	B-4	90	80	0	3	-3.190537
167	14.500000	14.750000	A2	90	80	1	-5	-4.087479
168	14.500000	14.750000	G3	90	80	1	-1	-3.610078
169	14.750000	15.250000	A2	90	80	1	-5	-3.181034
170	14.750000	15.250000	G#3	90	80	1	-2	-6.336491
171	14.812500	15.000000	A4	90	80	0	2	-2.803601
172	14.812500	15.000000	B-4	90	80	0	3	-3.190537
173	15.000000	15.375000	A4	90	80	0	2	-2.803601
174	15.000000	15.375000	C5	90	80	0	3	-3.012122
175	15.375000	15.562500	A4	90	80	0	1	-3.281335
176	15.375000	15.562500	C#5	90	80	0	2	-3.275273
177	15.562500	15.750000	A4	90	80	0	1	-4.134704
178	15.562500	15.750000	D#5	90	80	0	4	-4.926369
179	15.750000	16.125000	A4	90	80	0	1	-3.845468
180	15.750000	16.125000	E-5	90	80	0	4	-4.926369
181	16.125000	17.062500	A4	90	80	0	1	-3.845468
182	16.125000	17.062500	E-5	90	80	0	2	-5.017340
183	16.250000	16.500000	G#3	90	80	1	-2	-3.999177
184	16.250000	16.500000	A3	90	80	1	-1	-3.404249
185	16.750000	17.000000	F#3	90	80	1	-2	-3.299403
186	16.750000	17.000000	A3	90	80	1	-1	-2.464298
187	17.062500	17.250000	D#5	90	80	0	2	-4.554564
188	17.062500	17.250000	A5	90	80	0	5	-4.764150
189	17.250000	18.000000	E-5	90	80	0	2	-4.412763
190	17.250000	18.000000	A5	90	80	0	5	-4.764150
191	18.000000	18.187500	D#5	90	80	0	2	-4.412763
192	18.000000	18.187500	A5	90	80	0	5	-4.764150
193	18.000000	18.250000	G#3	90	80	1	-2	-3.720116
194	18.000000	18.250000	A3	90	80	1	-1	-3.404249
195	18.187500	18.375000	E-5	90	80	0	2	-4.412763
196	18.187500	18.375000	A5	90	80	0	5	-4.764150
197	18.562500	18.750000	D#4	90	80	0	2	-7.143677
198	18.562500	18.750000	A4	90	80	0	5	-4.764150
199	18.750000	19.125000	E-4	90	80	0	2	-4.412763
200	18.750000	19.125000	A4	90	80	0	5	-4.764150
201	18.750000	19.000000	F3	90	80	1	-2	-3.291596
202	18.750000	19.000000	A3	90	80	1	-1	-2.415329
203	19.125000	19.312500	F4	90	80	0	3	-3.509161
204	19.125000	19.312500	A4	90	80	0	5	-2.681011
205	19.312500	19.687500	E-4	90	80	0	2	-4.412763
206	19.312500	19.687500	A4	90	80	0	5	-4.764150
207	19.500000	19.750000	G#3	90	80	1	-2	-3.720116
208	19.500000	19.750000	A3	90	80	1	-1	-3.404249
209	19.687500	19.875000	D#4	90	80	0	2	-4.412763
210	19.687500	19.875000	A4	90	80	0	5	-4.764150
211	19.875000	20.250000	E-4	90	80	0	2	-4.412763
212	19.875000	20.250000	A4	90	80	0	5	-4.764150
213	20.250000	20.500000	F#3	90	80	1	-2	-3.299403
214	20.250000	20.500000	A3	90	80	1	-1	-2.464298
215	20.437500	20.625000	A3	90	80	0	1	-1.922714
216	20.437500	20.625000	D#4	90	80	0	4	-4.926369
217	20.625000	21.000000	A3	90	80	0	1	-3.845468
218	20.625000	21.000000	E-4	90	80	0	2	-5.017340
219	21.000000	21.250000	F3	90	80	1	-2	-3.291596
220	21.000000	21.250000	A3	90	80	1	-1	-2.415329
221	21.187500	21.375000	D#4	90	80	0	2	-4.554564
222	21.187500	21.375000	A4	90	80	0	5	-4.764150
223	21.250000	21.500000	F#3	90	80	1	-2	-3.299403
224	21.250000	21.500000	A3	90	80	1	-1	-2.464298
225	21.375000	21.750000	E-4	90	80	0	2	-4.412763
226	21.375000	21.750000	A4	90	80	0	5	-4.764150
227	21.500000	21.750000	G3	90	80	1	-2	-2.745489
228	21.500000	21.750000	A3	90	80	1	-1	-2.578439
229	21.750000	22.000000	G#3	90	80	1	-2	-3.720116
230	21.750000	22.000000	A3	90	80	1	-1	-3.404249
231	22.000000	22.250000	G3	90	80	1	-2	-2.745489
232	22.000000	22.250000	A3	90	80	1	-1	-2.578439
233	22.125000	22.171875	E-4	126	80	0	2	-4.412763
234	22.171875	22.218750	F4	126	80	0	3	-3.265372
235	22.218750	22.265625	G4	126	80	0	1	-5.198182
236	22.250000	22.500000	F#3	90	80	1	-2	-3.299403
237	22.250000	22.500000	A3	90	80	1	-1	-2.464298
238	22.265625	22.312500	A4	126	80	0	2	-2.867384
239	22.312500	22.500000	B-4	127	80	0	3	-3.190537
240	22.500000	22.687500	A4	90	80	0	2	-2.803601
241	22.500000	22.687500	B-4	90	80	0	3	-3.190537
242	22.500000	22.750000	F3	90	80	1	-2	-3.291596
243	22.500000	22.750000	A3	90	80	1	-1	-2.415329
244	22.687500	22.875000	A4	90	80	0	2	-2.803601
245	22.687500	22.875000	B-4	90	80	0	3	-3.190537
246	22.875000	23.062500	A4	90	80	0	2	-2.803601
247	22.875000	23.062500	B-4	90	80	0	3	-3.190537
248	23.000000	23.250000	C4	90	80	1	-4	-6.413364
249	23.000000	23.250000	G#4	90	80	1	-1	-4.009808
250	23.062500	23.250000	A4	90	80	0	2	-2.803601
251	23.062500	23.250000	B-4	90	80	0	3	-3.190537
252	23.250000	23.437500	A4	90	80	0	2	-2.803601
253	23.250000	23.437500	B-4	90	80	0	3	-3.190537
254	23.250000	23.500000	C4	90	80	1	-5	-5.060396
255	23.250000	23.500000	G4	90	80	1	-2	-2.554480
256	23.437500	23.625000	A4	90	80	0	2	-2.803601
257	23.437500	23.625000	B-4	90	80	0	3	-3.190537
258	23.500000	23.750000	C4	90	80	1	-5	-3.155341
259	23.500000	23.750000	F#4	90	80	1	-2	-5.232676
260	23.625000	23.812500	A4	90	80	0	2	-2.803601
261	23.625000	23.812500	B-4	90	80	0	3	-3.190537
262	23.750000	24.000000	C4	90	80	1	-5	-5.017302
263	23.750000	24.000000	F4	90	80	1	-2	-3.272976
264	23.812500	24.000000	A4	90	80	0	2	-2.803601
265	23.812500	24.000000	B-4	90	80	0	3	-3.190537
266	24.000000	24.187500	A4	90	80	0	2	-2.803601
267	24.000000	24.187500	B-4	90	80	0	3	-3.190537
268	24.000000	24.250000	C4	90	80	1	-5	-3.713619
269	24.000000	24.250000	F#4	90	80	1	-2	-5.232676
270	24.250000	24.500000	C4	90	80	1	-5	-5.017302
271	24.250000	24.500000	G4	90	80	1	-2	-2.554480
272	24.375000	24.562500	A4	90	80	0	2	-2.803601
273	24.375000	24.562500	B-4	90	80	0	3	-3.190537
274	24.500000	24.750000	C4	90	80	1	-5	-3.155341
275	24.500000	24.750000	G#4	90	80	1	-1	-4.813538
276	24.562500	24.750000	A4	90	80	0	2	-2.803601
277	24.562500	24.750000	B-4	90	80	0	3	-3.190537
278	24.750000	24.937500	A4	90	80	0	2	-2.803601
279	24.750000	24.937500	B-4	90	80	0	3	-3.190537
280	24.937500	25.125000	A4	90	80	0	2	-2.803601
281	24.937500	25.125000	B-4	90	80	0	3	-3.190537
282	25.000000	25.250000	F3	90	80	1	-5	-5.012184
283	25.000000	25.250000	C4	90	80	1	-1	-3.477173
284	25.125000	25.312500	A4	90	80	0	2	-2.803601
285	25.125000	25.312500	B-4	90	80	0	3	-3.190537
286	25.250000	25.500000	F#3	90	80	1	-2	-5.099885
287	25.250000	25.500000	C4	90	80	1	-1	-4.366821
288	25.500000	25.687500	A4	90	80	0	2	-2.803601
289	25.500000	25.687500	B-4	90	80	0	3	-3.190537
290	25.500000	25.750000	G3	90	80	1	-2	-3.456527
291	25.500000	25.750000	C4	90	80	1	-1	-2.320150
292	25.687500	25.875000	A4	90	80	0	2	-2.803601
293	25.687500	25.875000	B-4	90	80	0	3	-3.190537
294	25.750000	26.000000	F#3	90	80	1	-2	-5.099885
295	25.750000	26.000000	C4	90	80	1	-1	-4.366821
296	25.875000	26.062500	A4	90	80	0	2	-2.803601
297	25.875000	26.062500	B-4	90	80	0	3	-3.190537
298	26.000000	26.250000	F3	90	80	1	-4	-3.752799
299	26.000000	26.250000	C4	90	80	1	-1	-2.959487
300	26.062500	26.250000	A4	90	80	0	2	-2.803601
301	26.062500	26.250000	B-4	90	80	0	3	-3.190537
302	26.250000	26.437500	A4	90	80	0	2	-2.803601
303	26.250000	26.437500	B-4	90	80	0	3	-3.190537
304	26.500000	26.750000	C#3	90	80	1	-5	-4.582913
305	26.500000	26.750000	G3	90	80	1	-2	-4.656382
306	26.625000	26.812500	A4	90	80	0	2	-2.803601
307	26.625000	26.812500	B-4	90	80	0	3	-3.190537
308	26.750000	27.000000	C#3	90	80	1	-4	-6.312522
309	26.750000	27.000000	G#3	90	80	1	-1	-2.959487
310	26.812500	27.000000	A4	90	80	0	2	-2.803601
311	26.812500	27.000000	B-4	90	80	0	3	-3.190537
312	27.000000	27.250000	C#3	90	80	1	-3	-4.266477
313	27.000000	27.250000	G3	90	80	1	-1	-4.001517
314	27.187500	27.375000	A4	90	80	0	2	-2.803601
315	27.187500	27.375000	B-4	90	80	0	3	-3.190537
316	27.250000	27.500000	C#3	90	80	1	-2	-5.099885
317	27.250000	27.500000	F#3	90	80	1	-1	-2.320150
318	27.375000	27.562500	A4	90	80	0	2	-2.803601
319	27.375000	27.562500	B-4	90	80	0	3	-3.190537
320	27.500000	27.750000	C#3	90	80	1	-2	-3.456527
321	27.500000	27.750000	F3	90	80	1	-1	-3.262923
322	27.750000	27.937500	A4	90	80	0	2	-2.803601
323	27.750000	27.937500	B-4	90	80	0	3	-3.190537
324	27.750000	28.000000	C#3	90	80	1	-2	-4.444474
325	27.750000	28.000000	F#3	90	80	1	-1	-2.320150
326	27.937500	28.125000	A4	90	80	0	2	-2.803601
327	27.937500	28.125000	B-4	90	80	0	3	-3.190537
328	28.000000	28.250000	C#3	90	80	1	-2	-3.456527
329	28.000000	28.250000	G3	90	80	1	-1	-4.366821
330	28.250000	28.500000	C#3	90	80	1	-2	-5.099885
331	28.250000	28.500000	G#3	90	80	1	-1	-4.047397
332	28.312500	28.500000	A4	90	80	0	2	-2.803601
333	28.312500	28.500000	B-4	90	80	0	3	-3.190537
334	28.500000	28.687500	A4	90	80	0	2	-2.803601
335	28.500000	28.687500	B-4	90	80	0	3	-3.190537
336	28.500000	28.750000	C#3	90	80	1	-4	-3.752799
337	28.500000	28.750000	A3	90	80	1	-1	-3.887622
338	28.750000	29.000000	C#3	90	80	1	-4	-4.339145
339	28.750000	29.000000	A#3	90	80	1	-1	-3.451917
340	28.875000	29.062500	A4	90	80	0	2	-2.803601
341	28.875000	29.062500	B-4	90	80	0	3	-3.190537
342	29.000000	29.250000	C#3	90	80	1	-5	-3.730225
343	29.000000	29.250000	B-3	90	80	1	-1	-4.009362
344	29.062500	29.250000	A4	90	80	0	2	-2.803601
345	29.062500	29.250000	B-4	90	80	0	3	-3.190537
346	29.250000	32.250000	C#3	90	80	1	-5	-3.730225
347	29.250000	32.250000	C4	90	80	1	-1	-7.124820
348	29.437500	29.625000	A4	90	80	0	2	-2.803601
349	29.437500	29.625000	B-4	90	80	0	3	-3.190537
350	29.625000	29.812500	A4	90	80	0	2	-2.803601
351	29.625000	29.812500	C5	90	80	0	3	-3.012122
352	29.812500	30.000000	A4	90	80	0	1	-3.281335
353	29.812500	30.000000	C#5	90	80	0	2	-3.275273
354	30.000000	30.187500	A4	90	80	0	1	-4.134704
355	30.000000	30.187500	D#5	90	80	0	4	-4.926369
356	30.187500	30.375000	A4	90	80	0	1	-3.845468
357	30.187500	30.375000	E-5	90	80	0	4	-4.926369
358	30.375000	30.562500	A4	90	80	0	1	-3.845468
359	30.375000	30.562500	D#5	90	80	0	4	-4.926369
360	30.562500	30.750000	A4	90	80	0	1	-3.845468
361	30.562500	30.750000	C#5	90	80	0	2	-3.275273
362	30.750000	30.937500	A4	90	80	0	1	-4.134704
363	30.750000	30.937500	C5	90	80	0	2	-2.525967
364	30.937500	31.125000	A4	90	80	0	1	-3.157580
365	30.937500	31.125000	B4	90	80	0	2	-2.867384
366	31.125000	31.312500	A4	90	80	0	1	-2.609267
367	31.125000	31.312500	C5	90	80	0	2	-2.525967
368	31.312500	31.500000	A4	90	80	0	1	-3.157580
369	31.312500	31.500000	C#5	90	80	0	2	-3.275273
370	31.500000	31.687500	A4	90	80	0	1	-4.134704
371	31.500000	31.687500	D#5	90	80	0	4	-4.926369
372	31.687500	32.062500	A4	90	80	0	1	-3.845468
373	31.687500	32.062500	E-5	90	80	0	4	-4.926369
374	32.062500	32.437500	A4	90	80	0	1	-3.845468
375	32.062500	32.437500	E-5	90	80	0	3	-5.112123
376	32.250000	33.250000	C#3	126	80	1	-4	-5.653337
377	32.437500	32.625000	A5	90	80	0	2	-8.213694
378	32.437500	32.625000	B-5	90	80	0	3	-3.190537
379	32.625000	32.812500	A5	90	80	0	2	-2.803601
380	32.625000	32.812500	C6	90	80	0	3	-3.012122
381	32.812500	33.000000	A5	90	80	0	1	-3.281335
382	32.812500	33.000000	C#6	90	80	0	2	-3.275273
383	33.000000	33.187500	A5	90	80	0	1	-4.134704
384	33.000000	33.187500	D#6	90	80	0	4	-4.926369
385	33.187500	33.375000	A5	90	80	0	1	-3.845468
386	33.187500	33.375000	E-6	90	80	0	4	-4.926369
387	33.250000	34.250000	C3	90	80	1	-5	-4.693569
388	33.250000	34.250000	C4	90	80	1	-1	-1.202832
389	33.375000	33.562500	A5	90	80	0	1	-3.845468
390	33.375000	33.562500	D#6	90	80	0	4	-4.926369
391	33.562500	33.750000	A5	90	80	0	1	-3.845468
392	33.562500	33.750000	C#6	90	80	0	2	-3.275273
393	33.750000	33.937500	A5	90	80	0	1	-4.134704
394	33.750000	33.937500	C6	90	80	0	2	-2.525967
395	33.750000	34.000000	G#3	90	80	1	-2	-4.444474
396	33.750000	34.000000	A3	90	80	1	-1	-3.404249
397	33.937500	34.125000	A5	90	80	0	1	-3.157580
398	33.937500	34.125000	B5	90	80	0	2	-2.867384
399	34.125000	34.312500	A5	90	80	0	1	-2.609267
400	34.125000	34.312500	C6	90	80	0	2	-2.525967
401	34.250000	36.250000	C3	90	80	1	-5	-3.730225
402	34.250000	36.250000	C4	90	80	1	-1	-1.202832
403	34.312500	34.500000	A5	90	80	0	1	-3.157580
404	34.312500	34.500000	C#6	90	80	0	2	-3.275273
405	34.500000	34.687500	A5	90	80	0	1	-4.134704
406	34.500000	34.687500	D#6	90	80	0	4	-4.926369
407	34.687500	35.062500	A5	90	80	0	1	-3.845468
408	34.687500	35.062500	B-5	90	80	0	2	-3.900292
409	35.062500	35.437500	A5	90	80	0	1	-3.290753
410	35.062500	35.437500	B-5	90	80	0	4	-5.465822
411	35.250000	35.500000	G3	90	80	1	-3	-3.831713
412	35.250000	35.500000	A3	90	80	1	-2	-2.510186
413	35.250000	36.250000	C4	126	80	1	-1	-2.415329
414	35.812500	36.187500	A4	90	80	0	1	-5.889308
415	35.812500	36.187500	B-4	90	80	0	2	-3.900292
416	36.000000	36.250000	G3	90	80	1	-2	-3.456527
417	36.000000	36.250000	A3	90	80	1	-1	-2.578439
418	36.250000	39.250000	C3	90	80	1	-5	-3.730225
419	36.250000	39.250000	C4	90	80	1	-1	-1.202832
420	36.750000	37.000000	G#3	90	80	1	-2	-4.444474
421	36.750000	37.000000	A3	90	80	1	-1	-3.404249
422	37.500000	37.750000	G#3	90	80	1	-2	-3.720116
423	37.500000	37.750000	A3	90	80	1	-1	-3.404249
424	37.687500	38.062500	A2	90	80	0	2	-15.237763
425	37.687500	38.062500	B-2	90	80	0	3	-3.190537
426	38.250000	38.437500	E-3	63	80	0	5	-3.128600
427	38.250000	38.500000	G#3	90	80	1	-2	-3.720116
428	38.250000	38.500000	A3	90	80	1	-1	-3.404249
429	38.437500	38.812500	A2	90	80	0	2	-4.646957
430	38.437500	38.812500	B-2	90	80	0	3	-3.190537
431	39.000000	39.187500	E-3	63	80	0	5	-3.128600
432	39.000000	39.250000	G#3	90	80	1	-2	-3.720116
433	39.000000	39.250000	A3	90	80	1	-1	-3.404249
434	39.250000	39.500000	C3	90	80	1	-5	-3.730225
435	39.375000	39.562500	A2	90	80	0	2	-4.646957
436	39.375000	39.562500	B-2	90	80	0	3	-3.190537
437	39.750000	39.937500	A2	90	80	0	2	-2.803601
438	39.750000	39.937500	B-2	90	80	0	3	-3.190537
439	39.750000	39.937500	E-3	90	80	0	5	-3.128600
440	40.125000	40.312500	A2	90	80	0	2	-4.646957
441	40.125000	40.312500	B-2	90	80	0	3	-3.190537
442	40.250000	40.500000	G#3	90	80	1	-2	-4.281723
443	40.250000	40.500000	A3	90	80	1	-1	-3.404249
444	40.500000	40.687500	A2	90	80	0	2	-2.803601
445	40.500000	40.687500	B-2	90	80	0	3	-3.190537
446	40.500000	40.687500	E-3	90	80	0	5	-3.128600
447	40.500000	40.750000	F#3	90	80	1	-2	-3.299403
448	40.500000	40.750000	A3	90	80	1	-1	-2.464298
449	40.750000	41.000000	F3	90	80	1	-2	-3.291596
450	40.750000	41.000000	A3	90	80	1	-1	-2.415329
451	40.875000	41.062500	A2	90	80	0	2	-4.646957
452	40.875000	41.062500	B-2	90	80	0	3	-3.190537
453	41.000000	41.250000	E-3	90	80	1	-2	-5.099885
454	41.000000	41.250000	A3	90	80	1	-1	-4.366821
455	41.250000	41.437500	A2	90	80	0	2	-2.803601
456	41.250000	41.437500	B-2	90	80	0	3	-3.190537
457	41.250000	41.437500	E-3	90	80	0	5	-3.128600
458	41.250000	41.500000	D#3	90	80	1	-2	-5.099885
459	41.250000	41.500000	A3	90	80	1	-1	-4.366821
460	41.500000	41.750000	E3	90	80	1	-2	-3.456527
461	41.500000	41.750000	A3	90	80	1	-1	-2.320150
462	41.625000	41.812500	A2	90	80	0	2	-4.646957
463	41.625000	41.812500	B-2	90	80	0	3	-3.190537
464	41.750000	42.000000	F3	90	80	1	-2	-3.291596
465	41.750000	42.000000	A3	90	80	1	-1	-2.415329
466	42.000000	42.187500	A2	90	80	0	2	-2.803601
467	42.000000	42.187500	B-2	90	80	0	3	-3.190537
468	42.000000	42.187500	E-3	90	80	0	5	-3.128600
469	42.000000	42.250000	F#3	90	80	1	-2	-3.299403
470	42.000000	42.250000	A3	90	80	1	-1	-2.464298
471	42.250000	42.500000	G#3	90	80	1	-2	-3.720116
472	42.250000	42.500000	A3	90	80	1	-1	-3.404249
473	42.375000	42.562500	A2	90	80	0	2	-4.646957
474	42.375000	42.562500	B-2	90	80	0	3	-3.190537
475	42.500000	42.750000	F#3	90	80	1	-2	-3.299403
476	42.500000	42.750000	A3	90	80	1	-1	-2.464298
477	42.750000	42.937500	A2	90	80	0	2	-2.803601
478	42.750000	42.937500	B-2	90	80	0	3	-3.190537
479	42.750000	42.937500	E-3	90	80	0	5	-3.128600
480	42.750000	43.000000	F3	90	80	1	-2	-3.291596
481	42.750000	43.000000	A3	90	80	1	-1	-2.415329
482	43.000000	43.250000	E-3	90	80	1	-2	-5.099885
483	43.000000	43.250000	A3	90	80	1	-1	-4.366821
484	43.125000	43.312500	A2	90	80	0	2	-4.646957
485	43.125000	43.312500	B-2	90	80	0	3	-3.190537
486	43.250000	43.750000	D#3	90	80	1	-2	-5.099885
487	43.250000	43.750000	A3	90	80	1	-1	-4.366821
488	43.500000	43.687500	A2	90	80	0	1	-5.198182
489	43.500000	43.687500	B-2	90	80	0	2	-3.900292
490	43.500000	43.687500	F3	90	80	0	4	-6.366682
491	43.687500	43.875000	G-4	99	80	0	4	-8.124526
492	43.750000	44.250000	D#3	90	80	1	-5	-6.372304
493	43.750000	44.250000	A3	90	80	1	-4	-7.175636
494	43.875000	44.062500	F4	99	80	0	3	-3.302559
495	44.062500	44.250000	G-4	99	80	0	4	-4.152325
496	44.250000	44.812500	F4	99	80	0	3	-3.302559
497	44.250000	44.500000	G#4	90	80	1	-1	-6.431375
498	44.250000	44.500000	A4	90	80	1	-1	-7.134752
499	44.500000	44.750000	F#4	90	80	1	-2	-3.299403
500	44.500000	44.750000	A4	90	80	1	-1	-2.464298
501	44.750000	45.000000	F4	90	80	1	-2	-3.291596
502	44.750000	45.000000	A4	90	80	1	-1	-2.415329
503	44.812500	45.187500	E-4	99	80	0	2	-3.032881
504	45.000000	45.250000	E-4	90	80	1	-2	-5.099885
505	45.000000	45.250000	A4	90	80	1	-1	-4.366821
506	45.187500	45.375000	G-4	99	80	0	4	-2.758588
507	45.250000	45.500000	D#4	90	80	1	-2	-5.099885
508	45.250000	45.500000	A4	90	80	1	-1	-4.366821
509	45.375000	45.562500	A-4	99	80	0	5	-2.706622
510	45.500000	45.750000	E-4	90	80	1	-2	-5.099885
511	45.500000	45.750000	A4	90	80	1	-1	-4.366821
512	45.562500	45.750000	G-4	99	80	0	4	-2.814339
513	45.750000	46.125000	F4	99	80	0	3	-3.302559
514	45.750000	46.000000	F4	90	80	1	-2	-3.291596
515	45.750000	46.000000	A4	90	80	1	-1	-2.415329
516	46.000000	46.250000	F#4	90	80	1	-2	-3.299403
517	46.000000	46.250000	A4	90	80	1	-1	-2.464298
518	46.125000	46.312500	E-4	99	80	0	2	-3.032881
519	46.250000	46.500000	G#4	90	80	1	-2	-3.720116
520	46.250000	46.500000	A4	90	80	1	-1	-3.404249
521	46.312500	46.687500	D4	99	80	0	1	-3.290753
522	46.500000	46.750000	F#4	90	80	1	-2	-3.299403
523	46.500000	46.750000	A4	90	80	1	-1	-2.464298
524	46.687500	46.875000	F4	99	80	0	2	-2.525967
525	46.750000	47.000000	F4	90	80	1	-2	-3.291596
526	46.750000	47.000000	A4	90	80	1	-1	-2.415329
527	46.875000	47.062500	G-4	99	80	0	3	-3.190537
528	47.000000	47.250000	E-4	90	80	1	-2	-5.099885
529	47.000000	47.250000	A4	90	80	1	-1	-4.366821
530	47.062500	47.250000	A-4	99	80	0	4	-2.883688
531	47.250000	48.000000	B--4	99	80	0	5	-3.684684
532	47.250000	47.750000	G#4	90	80	1	-2	-3.720116
533	47.250000	47.750000	A4	90	80	1	-1	-3.404249
534	48.000000	48.187500	A-4	99	80	0	4	-3.640665
535	48.187500	48.375000	G-4	99	80	0	3	-2.238713
536	48.375000	48.562500	F4	99	80	0	2	-2.803601
537	48.562500	48.750000	E-4	99	80	0	1	-3.967913
538	48.750000	49.250000	G#2	90	80	1	-4	-7.296520
539	48.750000	49.250000	A2	90	80	1	-3	-4.267903
540	49.125000	49.312500	G-4	99	80	0	2	-2.525967
541	49.312500	49.500000	F4	99	80	0	1	-3.290753
542	49.500000	49.687500	E-4	99	80	0	3	-5.389440
543	49.687500	49.875000	D4	99	80	0	2	-2.803601
544	49.750000	50.000000	E2	126	80	1	-5	-4.227379
545	49.875000	50.250000	C4	99	80	0	1	-2.609267
546	50.250000	52.687500	C4	99	80	0	1	-4.507997
547	50.500000	50.750000	E2	126	80	1	-5	-4.242005
548	51.250000	51.500000	G#2	90	80	1	-3	-3.351805
549	51.250000	51.500000	A2	90	80	1	-2	-3.642491
550	51.750000	52.000000	E-2	90	80	1	-4	-6.312522
551	51.750000	52.000000	G#2	90	80	1	-2	-2.507290
552	51.750000	52.000000	A2	90	80	1	-1	-3.404249
553	52.250000	52.500000	G#2	90	80	1	-2	-3.720116
554	52.250000	52.500000	A2	90	80	1	-1	-3.404249
555	52.750000	53.000000	E-2	90	80	1	-4	-6.237620
556	52.750000	53.000000	G#2	90	80	1	-2	-2.507290
557	52.750000	53.000000	A2	90	80	1	-1	-3.404249
558	53.250000	53.500000	G2	90	80	1	-2	-2.745489
559	53.250000	53.500000	A#2	90	80	1	-1	-3.101885
560	53.437500	53.625000	F#4	63	80	0	2	-5.017340
561	53.625000	53.812500	C5	63	80	0	4	-5.030376
562	53.750000	54.000000	E-2	90	80	1	-4	-3.752799
563	53.750000	54.000000	G2	90	80	1	-2	-2.871001
564	53.750000	54.000000	A#2	90	80	1	-1	-3.101885
565	53.812500	54.000000	E#5	63	80	0	5	-5.637630
566	54.000000	54.187500	F#4	63	80	0	1	-4.221033
567	54.187500	54.375000	C5	63	80	0	3	-5.088322
568	54.250000	54.500000	G2	90	80	1	-2	-4.084076
569	54.250000	54.500000	A#2	90	80	1	-1	-3.101885
570	54.375000	54.562500	E#5	63	80	0	5	-3.128600
571	54.750000	55.000000	E-2	90	80	1	-4	-3.752799
572	54.750000	55.000000	G2	90	80	1	-2	-2.871001
573	54.750000	55.000000	A#2	90	80	1	-1	-3.101885
574	54.937500	55.125000	E#5	63	80	0	5	-4.495609
575	55.125000	55.312500	C5	63	80	0	3	-3.854029
576	55.250000	55.500000	G2	90	80	1	-2	-4.084076
577	55.250000	55.500000	A#2	90	80	1	-1	-3.101885
578	55.312500	55.500000	F#4	63	80	0	1	-5.241027
579	55.500000	55.687500	C5	63	80	0	3	-5.088322
580	55.687500	55.875000	E#5	63	80	0	5	-3.128600
581	55.750000	56.000000	E-2	90	80	1	-4	-3.752799
582	55.750000	56.000000	G2	90	80	1	-2	-2.871001
583	55.750000	56.000000	A#2	90	80	1	-1	-3.101885
584	56.250000	56.500000	G2	90	80	1	-2	-4.084076
585	56.250000	56.500000	A#2	90	80	1	-1	-3.101885
586	56.625000	56.812500	C5	63	80	0	3	-3.854029
587	56.750000	57.000000	C#2	90	80	1	-5	-3.730225
588	56.750000	57.000000	G2	90	80	1	-2	-4.656382
589	56.750000	57.000000	A#2	90	80	1	-1	-3.101885
590	56.812500	57.000000	F#4	63	80	0	1	-5.241027
591	57.000000	57.187500	C5	63	80	0	3	-5.088322
592	57.187500	57.375000	F5	63	80	0	5	-3.128600
593	57.937500	58.125000	C5	63	80	0	3	-3.854029
594	58.125000	58.312500	F#4	63	80	0	1	-5.241027
595	58.312500	58.500000	F5	63	80	0	5	-6.053771
596	58.500000	58.812500	C2	63	80	1	-5	-4.087479
597	58.812500	59.125000	G-2	63	80	1	-2	-5.232676
598	59.125000	59.437500	B2	63	80	1	-1	-3.262923
599	59.437500	59.750000	C2	63	80	1	-5	-3.181034
600	59.625000	59.812500	D#4	63	80	0	1	-4.588094
601	59.750000	60.062500	G-2	63	80	1	-2	-5.232676
602	59.812500	60.000000	A4	63	80	0	3	-5.088322
603	60.000000	60.187500	D5	63	80	0	5	-3.128600
604	60.187500	60.375000	A4	63	80	0	3	-3.854029
605	60.375000	60.562500	D#4	63	80	0	1	-5.241027
606	60.562500	60.750000	A4	63	80	0	3	-5.088322
607	60.750000	60.937500	D5	63	80	0	5	-3.128600
608	61.000000	61.312500	B2	63	80	1	-1	-3.262923
609	61.125000	61.312500	A3	63	80	0	1	-4.498352
610	61.312500	61.500000	D#4	63	80	0	3	-5.112123
611	61.312500	61.625000	G-2	63	80	1	-2	-4.444474
612	61.500000	61.687500	G#4	63	80	0	5	-3.128600
613	61.625000	61.937500	C2	63	80	1	-5	-5.017302
614	61.687500	61.875000	D#4	63	80	0	3	-3.854029
615	61.875000	62.062500	A3	63	80	0	1	-4.323321
616	61.937500	62.250000	B2	63	80	1	-1	-3.610078
617	62.250000	62.562500	G-2	63	80	1	-2	-4.444474
618	63.000000	63.187500	A4	90	80	0	2	-6.638459
619	63.000000	63.187500	B-4	90	80	0	3	-3.190537
620	63.187500	63.375000	A4	90	80	0	2	-2.803601
621	63.187500	63.375000	B-4	90	80	0	3	-3.190537
622	63.375000	63.562500	A4	90	80	0	2	-2.803601
623	63.375000	63.562500	B-4	90	80	0	3	-3.190537
624	63.500000	63.812500	C2	63	80	1	-5	-5.017302
625	63.562500	63.750000	A4	90	80	0	2	-2.803601
626	63.562500	63.750000	C5	90	80	0	4	-2.758588
627	63.750000	63.937500	A4	90	80	0	2	-3.359779
628	63.750000	63.937500	C#5	90	80	0	4	-3.522723
629	63.812500	64.125000	G-2	63	80	1	-2	-5.232676
630	64.125000	64.437500	B2	63	80	1	-1	-3.262923
631	64.500000	64.687500	A4	90	80	0	2	-4.058569
632	64.500000	64.687500	B-4	90	80	0	3	-3.190537
633	64.687500	64.875000	A4	90	80	0	2	-2.803601
634	64.687500	64.875000	B-4	90	80	0	3	-3.190537
635	64.875000	65.062500	A4	90	80	0	2	-2.803601
636	64.875000	65.062500	C5	90	80	0	4	-2.758588
637	65.062500	65.250000	A4	90	80	0	2	-3.359779
638	65.062500	65.250000	C#5	90	80	0	4	-3.522723
639	65.250000	65.437500	A4	90	80	0	2	-4.058569
640	65.250000	65.437500	D#5	90	80	0	5	-5.283726
641	65.375000	65.687500	B2	63	80	1	-1	-4.426668
642	65.687500	66.000000	G-2	63	80	1	-2	-4.444474
643	65.812500	66.000000	A4	90	80	0	2	-4.646957
644	65.812500	66.000000	B-4	90	80	0	3	-3.190537
645	66.000000	66.312500	C2	63	80	1	-5	-5.017302
646	66.187500	66.375000	A4	90	80	0	2	-2.803601
647	66.187500	66.375000	B-4	90	80	0	3	-3.190537
648	66.562500	66.750000	A4	90	80	0	2	-2.803601
649	66.562500	66.750000	B-4	90	80	0	3	-3.190537
650	66.750000	66.937500	A4	90	80	0	2	-2.803601
651	66.750000	66.937500	B-4	90	80	0	3	-3.190537
652	67.312500	67.500000	A4	90	80	0	2	-2.803601
653	67.312500	67.500000	C5	90	80	0	3	-3.012122
654	67.500000	67.687500	A4	90	80	0	1	-3.281335
655	67.500000	67.687500	C#5	90	80	0	2	-3.275273
656	67.562500	67.875000	C3	63	80	1	-1	-1.202832
657	67.687500	67.875000	A4	90	80	0	1	-4.134704
658	67.687500	67.875000	D#5	90	80	0	4	-4.926369
659	67.875000	68.250000	A4	90	80	0	1	-3.845468
660	67.875000	68.250000	E-5	90	80	0	4	-4.926369
661	67.875000	68.187500	G2	63	80	1	-2	-3.456527
662	68.187500	68.500000	D-2	63	80	1	-4	-6.312522
663	68.250000	69.000000	A4	90	80	0	1	-3.845468
664	68.250000	69.000000	E-5	90	80	0	2	-5.017340
665	68.500000	68.812500	G2	63	80	1	-2	-4.383116
666	68.812500	69.125000	C3	63	80	1	-1	-2.320150
667	69.125000	69.437500	G2	63	80	1	-2	-3.456527
668	69.187500	69.375000	A5	90	80	0	4	-5.030376
669	69.187500	69.375000	D#6	90	80	0	4	-7.456813
670	69.375000	69.750000	A5	90	80	0	1	-3.845468
671	69.375000	69.750000	E-6	90	80	0	4	-4.926369
672	69.437500	69.750000	D-2	63	80	1	-4	-6.312522
673	69.937500	70.125000	A5	90	80	0	2	-5.493021
674	69.937500	70.125000	B-5	90	80	0	3	-3.190537
675	70.062500	70.375000	G2	63	80	1	-2	-4.383116
676	70.125000	70.312500	A5	90	80	0	2	-2.803601
677	70.125000	70.312500	B5	90	80	0	3	-2.675961
678	70.312500	70.500000	A5	90	80	0	2	-2.287533
679	70.312500	70.500000	C6	90	80	0	4	-2.758588
680	70.375000	70.687500	C3	63	80	1	-1	-2.320150
681	70.500000	70.687500	A5	90	80	0	2	-3.359779
682	70.500000	70.687500	C#6	90	80	0	4	-3.522723
683	70.687500	70.875000	A5	90	80	0	2	-4.058569
684	70.687500	70.875000	C6	90	80	0	4	-2.758588
685	70.687500	71.000000	G2	63	80	1	-2	-3.456527
686	70.875000	71.062500	A5	90	80	0	2	-3.359779
687	70.875000	71.062500	B-5	90	80	0	3	-3.190537
688	71.000000	71.312500	D-2	63	80	1	-4	-6.312522
689	71.062500	71.250000	A5	90	80	0	2	-2.803601
690	71.062500	71.250000	B-5	90	80	0	3	-3.190537
691	71.312500	71.625000	G2	63	80	1	-2	-4.383116
692	71.625000	71.812500	D5	90	80	0	1	-4.449629
693	71.625000	71.812500	E-5	90	80	0	2	-3.900292
694	71.812500	72.000000	D5	90	80	0	1	-3.290753
695	71.812500	72.000000	E5	90	80	0	2	-2.867384
696	71.937500	72.250000	G2	63	80	1	-2	-3.999177
697	72.000000	72.187500	D5	90	80	0	1	-2.609267
698	72.000000	72.187500	F5	90	80	0	2	-2.525967
699	72.187500	72.375000	D5	90	80	0	1	-3.157580
700	72.187500	72.375000	F#5	90	80	0	2	-3.275273
701	72.250000	72.562500	C3	99	80	1	-1	-2.320150
702	72.375000	72.562500	D5	90	80	0	1	-4.134704
703	72.375000	72.562500	F5	90	80	0	3	-3.473158
704	72.562500	72.750000	D5	90	80	0	2	-3.674662
705	72.562500	72.750000	E-5	90	80	0	3	-3.190537
706	72.562500	72.875000	B-2	99	80	1	-2	-3.299403
707	72.750000	72.937500	D5	90	80	0	2	-2.803601
708	72.750000	72.937500	E-5	90	80	0	3	-3.190537
709	72.875000	73.187500	C3	99	80	1	-1	-2.464298
710	73.187500	74.125000	B-2	99	80	1	-2	-3.299403
711	73.312500	73.500000	A4	90	80	0	2	-6.209956
712	73.312500	73.500000	B-4	90	80	0	3	-3.190537
713	73.500000	73.687500	A4	90	80	0	2	-2.803601
714	73.500000	73.687500	B4	90	80	0	3	-2.675961
715	73.687500	73.875000	A4	90	80	0	2	-2.287533
716	73.687500	73.875000	C5	90	80	0	4	-2.758588
717	73.875000	74.062500	A4	90	80	0	2	-3.359779
718	73.875000	74.062500	C#5	90	80	0	4	-3.522723
719	74.062500	74.250000	A4	90	80	0	2	-4.058569
720	74.062500	74.250000	C5	90	80	0	4	-2.758588
721	74.125000	74.750000	A2	99	80	1	-3	-3.281947
722	74.250000	74.437500	A4	90	80	0	2	-3.359779
723	74.250000	74.437500	B-4	90	80	0	3	-3.190537
724	74.437500	74.625000	A4	90	80	0	2	-2.803601
725	74.437500	74.625000	B-4	90	80	0	3	-3.190537
726	74.750000	75.062500	C3	99	80	1	-2	-3.046717
727	75.000000	75.187500	D4	90	80	0	1	-4.449629
728	75.000000	75.187500	E-4	90	80	0	2	-3.900292
729	75.062500	75.375000	D3	99	80	1	-1	-2.578439
730	75.187500	75.375000	D4	90	80	0	1	-3.290753
731	75.187500	75.375000	E4	90	80	0	2	-2.867384
732	75.375000	75.562500	D4	90	80	0	1	-2.609267
733	75.375000	75.562500	F4	90	80	0	2	-2.525967
734	75.375000	75.687500	C3	99	80	1	-2	-2.745489
735	75.562500	75.750000	D4	90	80	0	1	-3.157580
736	75.562500	75.750000	F#4	90	80	0	2	-3.275273
737	75.687500	76.312500	B-2	99	80	1	-3	-3.464153
738	75.750000	75.937500	D4	90	80	0	1	-4.134704
739	75.750000	75.937500	F4	90	80	0	3	-3.473158
740	75.937500	76.125000	D4	90	80	0	2	-3.674662
741	75.937500	76.125000	E-4	90	80	0	3	-3.190537
742	76.125000	76.312500	D4	90	80	0	2	-2.803601
743	76.125000	76.312500	E-4	90	80	0	3	-3.190537
744	76.312500	76.625000	A2	99	80	1	-1	-3.371140
745	76.625000	77.250000	G#2	99	80	1	-3	-5.389809
746	76.687500	76.875000	A3	90	80	0	2	-6.209956
747	76.687500	76.875000	B-3	90	80	0	3	-3.190537
748	76.875000	77.062500	A3	90	80	0	2	-2.803601
749	76.875000	77.062500	B3	90	80	0	3	-2.675961
750	77.062500	77.250000	A3	90	80	0	2	-2.287533
751	77.062500	77.250000	C4	90	80	0	4	-2.758588
752	77.250000	77.437500	A3	90	80	0	2	-3.359779
753	77.250000	77.437500	C#4	90	80	0	4	-3.522723
754	77.250000	77.562500	B-2	99	80	1	-2	-2.510186
755	77.562500	77.875000	C3	99	80	1	-1	-2.464298
756	77.812500	78.000000	A3	90	80	0	2	-4.058569
757	77.812500	78.000000	B-3	90	80	0	3	-3.190537
758	77.875000	78.187500	D3	99	80	1	-3	-4.611792
759	78.000000	78.187500	A3	90	80	0	2	-2.803601
760	78.000000	78.187500	B3	90	80	0	3	-2.675961
761	78.187500	78.375000	A3	90	80	0	2	-2.287533
762	78.187500	78.375000	C4	90	80	0	4	-2.758588
763	78.187500	80.062500	E-3	99	80	1	-2	-3.081523
764	78.375000	78.562500	A3	90	80	0	2	-3.359779
765	78.375000	78.562500	C#4	90	80	0	4	-3.522723
766	78.937500	79.125000	A3	90	80	0	2	-4.058569
767	78.937500	79.125000	B-3	90	80	0	3	-3.190537
768	79.125000	79.312500	A3	90	80	0	2	-2.803601
769	79.125000	79.312500	B3	90	80	0	3	-2.675961
770	79.312500	79.500000	A3	90	80	0	2	-2.287533
771	79.312500	79.500000	C4	90	80	0	4	-2.758588
772	79.500000	79.687500	A3	90	80	0	2	-3.359779
773	79.500000	79.687500	C#4	90	80	0	4	-3.522723
774	79.875000	80.062500	A3	90	80	0	2	-4.058569
775	79.875000	80.062500	B-3	90	80	0	3	-3.190537
776	80.062500	80.250000	A3	90	80	0	2	-2.803601
777	80.062500	80.250000	B3	90	80	0	3	-2.675961
778	80.062500	80.375000	D3	99	80	1	-1	-3.931111
779	80.250000	80.437500	A3	90	80	0	2	-2.287533
780	80.250000	80.437500	C4	90	80	0	4	-2.758588
781	80.375000	80.687500	C3	99	80	1	-2	-2.745489
782	80.437500	80.625000	A3	90	80	0	2	-3.359779
783	80.437500	80.625000	E-4	90	80	0	5	-5.283726
784	80.625000	80.812500	A3	90	80	0	2	-4.646957
785	80.625000	80.812500	C#4	90	80	0	4	-3.522723
786	80.687500	81.000000	B-2	99	80	1	-3	-3.464153
787	80.812500	81.000000	A3	90	80	0	2	-4.058569
788	80.812500	81.000000	B-3	90	80	0	3	-3.190537
789	81.000000	81.187500	A3	90	80	0	2	-2.803601
790	81.000000	81.187500	B-3	90	80	0	3	-3.190537
791	81.000000	81.312500	A2	99	80	1	-4	-3.777019
792	81.187500	82.125000	A3	127	80	0	2	-2.803601
793	81.937500	82.250000	B-2	99	80	1	-3	-2.906925
794	82.250000	82.562500	A2	99	80	1	-4	-3.777019
795	82.562500	82.875000	C3	99	80	1	-2	-2.359478
796	82.875000	83.187500	B-2	99	80	1	-3	-3.464153
797	83.187500	83.500000	A2	99	80	1	-1	-3.371140
798	83.500000	85.375000	G#2	99	80	1	-2	-3.720116
799	85.375000	86.000000	F#2	99	80	1	-3	-2.891080
800	86.000000	86.937500	A2	99	80	1	-2	-2.872099
801	86.937500	87.875000	G#2	99	80	1	-3	-3.848567
802	87.875000	88.500000	F#2	99	80	1	-5	-5.848500
803	88.500000	88.812500	G#3	90	80	1	-2	-6.875857
804	88.500000	88.812500	A3	90	80	1	-1	-3.404249
805	88.812500	89.125000	G#3	90	80	1	-2	-3.720116
806	88.812500	89.125000	A3	90	80	1	-1	-3.404249
807	89.125000	89.437500	G#3	90	80	1	-2	-3.720116
808	89.125000	89.437500	A3	90	80	1	-1	-3.404249
809	89.437500	90.375000	F#3	90	80	1	-2	-3.299403
810	89.437500	90.375000	A3	90	80	1	-1	-2.464298
811	90.375000	91.000000	F3	90	80	1	-2	-3.291596
812	90.375000	91.000000	A3	90	80	1	-1	-2.415329
813	91.000000	91.312500	G#3	90	80	1	-2	-3.720116
814	91.000000	91.312500	A3	90	80	1	-1	-3.404249
815	91.312500	91.625000	G#3	90	80	1	-2	-3.720116
816	91.312500	91.625000	A3	90	80	1	-1	-3.404249
817	91.625000	91.937500	G#3	90	80	1	-2	-3.720116
818	91.625000	91.937500	A3	90	80	1	-1	-3.404249
819	91.937500	92.562500	F#3	90	80	1	-2	-3.299403
820	91.937500	92.562500	A3	90	80	1	-1	-2.464298
821	92.562500	92.875000	F3	90	80	1	-2	-3.291596
822	92.562500	92.875000	A3	90	80	1	-1	-2.415329
823	92.875000	93.500000	E-3	90	80	1	-2	-5.099885
824	92.875000	93.500000	A3	90	80	1	-1	-4.366821
825	93.500000	93.812500	G#3	90	80	1	-2	-3.720116
826	93.500000	93.812500	A3	90	80	1	-1	-3.404249
827	93.812500	94.125000	G#3	90	80	1	-2	-3.720116
828	93.812500	94.125000	A3	90	80	1	-1	-3.404249
829	94.437500	94.750000	G#3	90	80	1	-2	-3.720116
830	94.437500	94.750000	A3	90	80	1	-1	-3.404249
831	95.062500	95.375000	G#3	90	80	1	-2	-3.720116
832	95.062500	95.375000	A3	90	80	1	-1	-3.404249
833	96.000000	96.312500	G#3	90	80	1	-2	-3.720116
834	96.000000	96.312500	A3	90	80	1	-1	-3.404249
835	96.312500	96.937500	F#3	90	80	1	-2	-3.299403
836	96.312500	96.937500	A3	90	80	1	-1	-2.464298
837	96.937500	97.250000	F3	90	80	1	-2	-3.291596
838	96.937500	97.250000	A3	90	80	1	-1	-2.415329
839	97.250000	97.562500	E-3	90	80	1	-2	-5.099885
840	97.250000	97.562500	A3	90	80	1	-1	-4.366821
841	97.562500	97.875000	D3	90	80	1	-4	-3.752799
842	97.562500	97.875000	A3	90	80	1	-1	-2.959487
843	97.875000	98.187500	E-3	90	80	1	-2	-5.099885
844	97.875000	98.187500	A3	90	80	1	-1	-4.366821
845	98.187500	98.500000	E3	90	80	1	-2	-3.456527
846	98.187500	98.500000	A3	90	80	1	-1	-2.320150
847	98.500000	98.812500	F3	90	80	1	-2	-3.291596
848	98.500000	98.812500	A3	90	80	1	-1	-2.415329
849	98.812500	99.125000	E3	90	80	1	-2	-3.456527
850	98.812500	99.125000	A3	90	80	1	-1	-2.320150
851	99.125000	99.437500	E-3	90	80	1	-2	-5.099885
852	99.125000	99.437500	A3	90	80	1	-1	-4.366821
853	99.437500	99.750000	D3	90	80	1	-5	-3.242781
854	99.437500	99.750000	A3	90	80	1	-3	-3.416097
855	100.062500	100.375000	D4	90	80	1	-2	-3.936874
856	100.062500	100.375000	A4	90	80	1	-1	-4.047397
857	100.375000	100.687500	E-4	90	80	1	-2	-5.099885
858	100.375000	100.687500	A4	90	80	1	-1	-4.366821
859	100.687500	101.000000	E4	90	80	1	-2	-3.456527
860	100.687500	101.000000	A4	90	80	1	-1	-2.320150
861	101.000000	101.312500	F4	90	80	1	-2	-3.291596
862	101.000000	101.312500	A4	90	80	1	-1	-2.415329
863	101.312500	101.625000	E4	90	80	1	-2	-3.456527
864	101.312500	101.625000	A4	90	80	1	-1	-2.320150
865	101.625000	101.937500	E-4	90	80	1	-2	-5.099885
866	101.625000	101.937500	A4	90	80	1	-1	-4.366821
867	101.937500	102.250000	D4	90	80	1	-5	-3.242781
868	101.937500	102.250000	A4	90	80	1	-2	-2.554480
869	102.875000	103.187500	A4	90	80	1	-2	-3.999177
870	102.875000	103.187500	C#5	90	80	1	-1	-3.194227
871	103.187500	103.500000	B-4	90	80	1	-2	-3.291596
872	103.187500	103.500000	C#5	90	80	1	-1	-2.415329
873	103.500000	103.812500	B4	90	80	1	-2	-4.084076
874	103.500000	103.812500	C#5	90	80	1	-1	-3.101885
875	103.812500	104.125000	C5	90	80	1	-2	-4.597368
876	103.812500	104.125000	C#5	90	80	1	-1	-4.284379
877	104.125000	104.437500	B4	90	80	1	-2	-4.084076
878	104.125000	104.437500	C5	90	80	1	-1	-2.578439
879	104.437500	104.750000	B-4	90	80	1	-2	-3.299403
880	104.437500	104.750000	C5	90	80	1	-1	-2.464298
881	104.750000	105.062500	A4	90	80	1	-2	-3.291596
882	104.750000	105.062500	C5	90	80	1	-1	-2.415329
883	105.687500	106.000000	A3	90	80	1	-5	-4.233080
884	105.687500	106.000000	D4	90	80	1	-2	-3.272976
885	106.000000	106.312500	A3	90	80	1	-5	-3.713619
886	106.000000	106.312500	E-4	90	80	1	-2	-5.232676
887	106.312500	106.625000	A3	90	80	1	-5	-5.017302
888	106.312500	106.625000	E4	90	80	1	-2	-2.554480
889	106.625000	106.937500	A3	90	80	1	-5	-3.155341
890	106.625000	106.937500	F4	90	80	1	-1	-4.009362
891	106.937500	107.250000	A3	90	80	1	-5	-3.730225
892	106.937500	107.250000	E4	90	80	1	-1	-3.477173
893	107.250000	107.562500	A3	90	80	1	-3	-4.266477
894	107.250000	107.562500	E-4	90	80	1	-1	-4.411093
895	107.562500	107.875000	A3	90	80	1	-2	-5.875271
896	107.562500	107.875000	D4	90	80	1	-1	-2.320150
897	108.500000	108.812500	A2	90	80	1	-5	-3.781310
898	108.500000	108.812500	C#3	90	80	1	-3	-3.351805
899	108.812500	109.125000	B-2	90	80	1	-5	-3.990113
900	108.812500	109.125000	C#3	90	80	1	-3	-3.170876
901	109.125000	109.437500	B2	90	80	1	-4	-4.404178
902	109.125000	109.437500	C#3	90	80	1	-3	-3.762277
903	109.437500	109.750000	C3	126	80	1	-1	-3.371140
904	109.750000	110.062500	B2	90	80	1	-2	-2.745489
905	109.750000	110.062500	C3	90	80	1	-1	-2.578439
906	110.062500	110.375000	B-2	90	80	1	-2	-3.299403
907	110.062500	110.375000	C3	90	80	1	-1	-2.464298
908	110.375000	110.687500	A2	90	80	1	-2	-3.291596
909	110.375000	110.687500	C3	90	80	1	-1	-2.415329
910	111.312500	111.625000	D2	90	80	1	-5	-3.181034
911	111.312500	111.625000	A2	90	80	1	-1	-3.477173
912	111.625000	111.937500	E-2	90	80	1	-2	-5.099885
913	111.625000	111.937500	A2	90	80	1	-1	-4.366821
914	111.937500	112.250000	E2	90	80	1	-2	-3.456527
915	111.937500	112.250000	A2	90	80	1	-1	-2.320150
916	112.250000	112.562500	F2	90	80	1	-2	-3.291596
917	112.250000	112.562500	A2	90	80	1	-1	-2.415329
918	113.187500	113.500000	E-2	90	80	1	-2	-5.099885
919	113.187500	113.500000	A2	90	80	1	-1	-4.366821
920	113.500000	113.812500	E2	90	80	1	-2	-3.456527
921	113.500000	113.812500	A2	90	80	1	-1	-2.320150
922	113.812500	114.125000	F2	90	80	1	-2	-3.291596
923	113.812500	114.125000	A2	90	80	1	-1	-2.415329
924	114.125000	114.437500	F#2	90	80	1	-2	-3.299403
925	114.125000	114.437500	A2	90	80	1	-1	-2.464298
926	115.062500	115.375000	E-2	90	80	1	-2	-5.099885
927	115.062500	115.375000	A2	90	80	1	-1	-4.366821
928	115.375000	115.687500	F2	90	80	1	-2	-3.291596
929	115.375000	115.687500	A2	90	80	1	-1	-2.415329
930	115.687500	116.000000	F#2	90	80	1	-2	-3.299403
931	115.687500	116.000000	A2	90	80	1	-1	-2.464298
932	116.000000	116.312500	G2	90	80	1	-2	-2.745489
933	116.000000	116.312500	A2	90	80	1	-1	-2.578439
934	116.937500	117.250000	F2	90	80	1	-2	-3.291596
935	116.937500	117.250000	A2	90	80	1	-1	-2.415329
936	117.250000	117.562500	F#2	90	80	1	-2	-3.299403
937	117.250000	117.562500	A2	90	80	1	-1	-2.464298
938	117.562500	117.875000	G2	90	80	1	-2	-2.745489
939	117.562500	117.875000	A2	90	80	1	-1	-2.578439
940	117.875000	118.187500	G#2	90	80	1	-2	-3.720116
941	117.875000	118.187500	A2	90	80	1	-1	-3.404249
942	118.812500	119.125000	F#2	90	80	1	-2	-3.299403
943	118.812500	119.125000	A2	90	80	1	-1	-2.464298
944	119.125000	119.437500	G2	90	80	1	-2	-2.745489
945	119.125000	119.437500	A2	90	80	1	-1	-2.578439
946	119.437500	119.750000	G#2	90	80	1	-2	-3.720116
947	119.437500	119.750000	A2	90	80	1	-1	-3.404249
948	119.750000	121.312500	A2	126	80	1	-1	-4.426668
