//Version: PianoFingering_v170101
1	0.000000	2.500000	B-4	90	80	0	1	-0.925785
2	0.000000	3.000000	B-3	90	80	1	-2	-2.178510
3	0.000000	0.250000	B-3	90	80	1	-2	-3.999177
4	0.208333	0.416667	C5	90	80	0	2	-3.493146
5	0.250000	0.500000	A-3	90	80	1	-3	-2.891080
6	0.416667	0.625000	E-5	90	80	0	3	-3.409656
7	0.500000	0.750000	F3	90	80	1	-4	-4.404178
8	0.625000	0.833333	D5	90	80	0	2	-2.803601
9	0.750000	1.000000	G-3	90	80	1	-3	-2.906925
10	0.833333	1.250000	F5	90	80	0	4	-2.758588
11	1.000000	1.500000	E-3	90	80	1	-5	-3.990113
12	1.250000	1.458333	E-5	90	80	0	3	-3.510496
13	1.458333	1.666667	C5	90	80	0	2	-3.286699
14	1.500000	1.750000	F3	90	80	1	-4	-4.523458
15	1.666667	1.875000	E-5	90	80	0	4	-4.064995
16	1.750000	2.000000	A-3	90	80	1	-3	-3.762277
17	1.875000	2.291667	D5	90	80	0	3	-3.302559
18	2.000000	2.250000	F3	90	80	1	-4	-4.404178
19	2.250000	2.750000	G-3	90	80	1	-3	-2.906925
20	2.291667	2.500000	C5	90	80	0	2	-2.287533
21	2.500000	4.791667	B-4	126	80	0	1	-3.967913
22	2.708333	2.916667	C5	126	80	0	2	-3.493146
23	2.750000	3.000000	A-3	90	80	1	-2	-2.510186
24	2.916667	3.125000	E-5	126	80	0	3	-3.409656
25	3.000000	5.750000	B-3	90	80	1	-1	-2.578439
26	3.000000	3.250000	B-3	90	80	1	-1	-4.426668
27	3.125000	3.333333	D5	126	80	0	2	-2.803601
28	3.250000	3.500000	A-3	90	80	1	-2	-2.745489
29	3.333333	3.541667	F5	126	80	0	4	-2.758588
30	3.500000	3.750000	F3	90	80	1	-3	-4.407505
31	3.541667	3.750000	E-5	126	80	0	3	-3.510496
32	3.750000	3.958333	C5	126	80	0	2	-3.286699
33	3.750000	4.000000	G-3	90	80	1	-2	-3.081523
34	3.958333	4.166667	E-5	126	80	0	4	-4.064995
35	4.000000	4.250000	E-3	90	80	1	-4	-3.718276
36	4.166667	4.583333	D5	126	80	0	3	-3.302559
37	4.250000	4.500000	F3	90	80	1	-3	-4.235223
38	4.500000	4.750000	A-3	90	80	1	-2	-3.407298
39	4.583333	4.791667	C5	126	80	0	2	-2.287533
40	4.750000	5.000000	F3	90	80	1	-4	-5.038436
41	4.791667	5.208333	B-4	126	80	0	1	-3.967913
42	4.791667	5.208333	B-4	126	80	0	1	-4.507997
43	5.000000	5.500000	G-3	90	80	1	-3	-2.906925
44	5.208333	5.833333	B-4	126	80	0	1	-4.507997
45	5.208333	5.625000	B-4	126	80	0	2	-4.712397
46	5.500000	5.750000	A-3	90	80	1	-2	-2.510186
47	5.625000	7.500000	B4	63	80	0	1	-4.072488
48	5.750000	6.250000	B-3	90	80	1	-1	-2.578439
49	5.750000	6.250000	B-3	90	80	1	-1	-4.426668
50	5.833333	6.041667	C5	63	80	0	2	-2.867384
51	6.041667	6.250000	E-5	63	80	0	3	-3.409656
52	6.250000	6.458333	D5	63	80	0	2	-2.803601
53	6.250000	8.250000	B-3	90	80	1	-1	-4.426668
54	6.458333	6.875000	F5	63	80	0	3	-3.012122
55	6.875000	7.083333	E-5	63	80	0	2	-3.032881
56	7.000000	7.250000	A-3	90	80	1	-2	-2.745489
57	7.083333	7.291667	C5	63	80	0	1	-3.360143
58	7.250000	7.500000	F3	90	80	1	-3	-4.407505
59	7.291667	7.500000	E-5	63	80	0	2	-3.246278
60	7.500000	8.333333	B4	63	80	0	1	-4.134704
61	7.500000	7.708333	D5	63	80	0	2	-2.525967
62	7.500000	7.750000	G-3	90	80	1	-2	-3.081523
63	7.708333	7.916667	E-5	63	80	0	3	-3.190537
64	7.750000	8.250000	E-3	90	80	1	-4	-3.718276
65	7.750000	13.000000	B3	90	80	1	-1	-3.887622
66	7.916667	8.437500	F5	63	80	0	4	-4.111873
67	8.250000	8.500000	F3	90	80	1	-3	-3.831713
68	8.333333	10.833333	B4	63	80	0	1	-2.857522
69	8.500000	8.750000	A-3	90	80	1	-2	-3.407298
70	8.541667	8.750000	C5	99	80	0	2	-2.867384
71	8.750000	8.958333	E-5	99	80	0	3	-3.409656
72	8.750000	9.000000	F3	90	80	1	-3	-4.407505
73	8.958333	9.166667	D5	99	80	0	2	-2.803601
74	9.000000	9.250000	G-3	90	80	1	-2	-3.081523
75	9.166667	9.375000	F5	99	80	0	4	-2.758588
76	9.250000	9.500000	F3	90	80	1	-3	-3.281947
77	9.375000	9.583333	E-5	99	80	0	3	-3.510496
78	9.500000	10.000000	E-3	90	80	1	-4	-4.210732
79	9.583333	9.791667	C5	99	80	0	2	-3.286699
80	9.791667	10.000000	E-5	99	80	0	4	-4.064995
81	10.000000	10.250000	E3	90	80	1	-3	-4.267903
82	10.208333	10.416667	E-5	99	80	0	4	-4.784491
83	10.250000	10.500000	A-3	90	80	1	-2	-3.749711
84	10.416667	10.625000	D5	99	80	0	3	-3.302559
85	10.500000	10.750000	F3	90	80	1	-3	-4.407505
86	10.625000	10.833333	C5	99	80	0	2	-2.287533
87	10.750000	11.000000	G-3	90	80	1	-2	-3.081523
88	10.833333	11.250000	B-4	99	80	0	1	-3.967913
89	10.833333	11.250000	B-4	99	80	0	1	-4.507997
90	11.000000	11.250000	E-3	90	80	1	-3	-4.063676
91	11.250000	12.083333	B-4	99	80	0	1	-4.507997
92	11.250000	12.083333	B-4	99	80	0	2	-4.712397
93	11.250000	11.500000	F3	90	80	1	-2	-2.872099
94	11.500000	11.750000	A-3	90	80	1	-1	-3.101885
95	11.750000	12.000000	F3	90	80	1	-2	-4.084076
96	12.083333	13.750000	B4	63	80	0	1	-4.072488
97	12.083333	12.500000	D#5	63	80	0	2	-3.275273
98	12.250000	12.500000	F3	90	80	1	-1	-4.535716
99	12.500000	12.916667	E5	63	80	0	3	-3.686981
100	12.500000	12.750000	G-3	90	80	1	-3	-5.495075
101	12.750000	13.000000	A-3	90	80	1	-2	-2.510186
102	12.916667	13.125000	D#5	63	80	0	2	-3.151465
103	13.000000	13.500000	B-3	90	80	1	-1	-2.578439
104	13.000000	13.500000	B-3	90	80	1	-5	-4.801795
105	13.125000	13.333333	C#5	63	80	0	1	-2.609267
106	13.333333	13.750000	D#5	63	80	0	2	-2.867384
107	13.500000	14.500000	B-3	90	80	1	-5	-4.242005
108	13.500000	14.500000	B-3	90	80	1	-5	-4.242005
109	13.750000	15.416667	B4	126	80	0	1	-4.134704
110	13.750000	13.958333	D#5	126	80	0	3	-3.998423
111	13.958333	14.166667	C#5	126	80	0	2	-2.287533
112	14.166667	14.375000	D#5	126	80	0	3	-2.675961
113	14.375000	14.583333	E5	126	80	0	4	-3.868143
114	14.500000	14.884615	G4	90	80	1	-2	-6.336491
115	14.500000	16.038462	B4	90	80	1	-1	-2.415329
116	14.583333	14.791667	D#5	126	80	0	3	-3.226506
117	14.791667	15.000000	C#5	126	80	0	2	-2.287533
118	14.884615	15.269231	F#4	90	80	1	-2	-4.444474
119	15.000000	15.416667	D#5	126	80	0	3	-2.675961
120	15.269231	15.461538	G4	90	80	1	-1	-3.404249
121	15.416667	16.250000	B4	63	80	0	1	-3.996553
122	15.416667	15.833333	D#5	63	80	0	2	-3.275273
123	15.461538	15.653846	A4	90	80	1	-3	-4.611792
124	15.653846	16.038462	G4	90	80	1	-1	-3.930078
125	15.833333	16.041667	E5	63	80	0	3	-3.686981
126	16.038462	16.230769	G3	90	80	1	-5	-2.314770
127	16.038462	17.576923	B3	90	80	1	-3	-3.170876
128	16.041667	16.250000	C#5	63	80	0	2	-3.032881
129	16.230769	16.423077	A3	90	80	1	-1	-3.930078
130	16.250000	17.083333	B4	126	80	0	1	-3.360143
131	16.250000	16.666667	D#5	126	80	0	2	-3.275273
132	16.423077	16.615385	G3	90	80	1	-2	-2.745489
133	16.615385	16.807692	F#3	90	80	1	-3	-3.848567
134	16.666667	16.875000	E5	126	80	0	3	-3.686981
135	16.807692	17.000000	G3	90	80	1	-2	-3.642491
136	16.875000	17.083333	C5	126	80	0	2	-3.674662
137	17.000000	17.192308	A3	90	80	1	-1	-2.578439
138	17.192308	17.576923	G3	90	80	1	-2	-2.745489
139	17.291667	17.708333	B4	63	80	0	1	-2.609267
140	17.291667	17.500000	D#5	63	80	0	3	-3.998423
141	17.500000	17.708333	C#5	63	80	0	2	-2.287533
142	17.576923	17.961538	G4	90	80	1	-2	-6.630775
143	17.576923	18.346154	B4	90	80	1	-1	-2.415329
144	17.708333	17.916667	E5	63	80	0	4	-3.580467
145	17.961538	18.153846	F#4	90	80	1	-2	-4.444474
146	18.125000	18.541667	B4	126	80	0	2	-3.266530
147	18.125000	18.333333	E5	126	80	0	5	-3.228870
148	18.153846	18.346154	A4	90	80	1	-1	-2.464298
149	18.333333	18.541667	D#5	126	80	0	4	-3.640665
150	18.346154	18.730769	G3	90	80	1	-5	-3.842215
151	18.346154	19.115385	B3	90	80	1	-4	-4.139458
152	18.541667	18.750000	C#5	126	80	0	3	-2.238713
153	18.730769	18.923077	F#3	90	80	1	-1	-6.431375
154	18.750000	20.000000	D4	99	80	0	1	-7.552163
155	18.923077	19.115385	A3	90	80	1	-5	-6.473863
156	19.307692	19.500000	G4	90	80	1	-2	-5.277521
157	19.307692	19.884615	B4	90	80	1	-1	-2.415329
158	19.375000	19.583333	E4	99	80	0	2	-2.867384
159	19.500000	19.692308	A4	90	80	1	-2	-2.745489
160	19.583333	19.791667	G4	99	80	0	4	-2.758588
161	19.692308	19.884615	F#4	90	80	1	-3	-3.464153
162	19.791667	20.000000	F#4	99	80	0	3	-3.226506
163	20.000000	21.250000	D4	99	80	0	1	-3.996553
164	20.000000	20.625000	A4	99	80	0	3	-3.751952
165	20.076923	20.269231	F#3	90	80	1	-5	-5.309081
166	20.076923	20.653846	B3	90	80	1	-1	-7.124820
167	20.269231	20.461538	G3	90	80	1	-2	-3.291596
168	20.461538	20.653846	A3	90	80	1	-1	-2.578439
169	20.625000	20.833333	G4	99	80	0	2	-2.287533
170	20.833333	21.041667	E4	99	80	0	1	-3.157580
171	20.846154	23.923077	D3	90	80	1	-2	-4.659581
172	20.846154	21.230769	D3	90	80	1	-1	-4.535716
173	21.041667	21.250000	G4	99	80	0	2	-2.525967
174	21.230769	21.423077	C3	90	80	1	-2	-2.745489
175	21.250000	22.083333	D4	90	80	0	1	-3.434905
176	21.250000	22.083333	F#4	90	80	0	2	-3.275273
177	21.423077	21.615385	A2	90	80	1	-3	-4.063676
178	21.615385	21.807692	B-2	90	80	1	-2	-3.081523
179	22.000000	22.384615	G2	90	80	1	-3	-4.407505
180	22.083333	22.222222	E4	99	80	0	1	-3.360143
181	22.222222	22.361111	F#4	99	80	0	2	-3.246278
182	22.361111	22.500000	E4	99	80	0	1	-3.360143
183	22.384615	22.576923	A2	90	80	1	-2	-2.510186
184	22.576923	22.769231	C3	90	80	1	-1	-2.415329
185	22.708333	24.166667	D5	99	80	0	3	-6.448439
186	22.708333	22.916667	E5	99	80	0	4	-2.883688
187	22.769231	22.961538	A2	90	80	1	-2	-3.291596
188	22.916667	23.125000	G5	99	80	0	5	-3.402079
189	22.961538	23.730769	B2	90	80	1	-1	-2.578439
190	23.125000	23.333333	F#5	99	80	0	4	-3.640665
191	23.333333	23.541667	A5	99	80	0	5	-3.871087
192	23.541667	23.750000	G5	99	80	0	4	-2.814339
193	23.730769	23.923077	C3	90	80	1	-3	-4.611792
194	23.750000	23.958333	E5	99	80	0	2	-3.359779
195	23.958333	24.166667	G5	99	80	0	3	-3.012122
196	24.115385	26.230769	D4	126	80	1	-1	-7.809569
197	24.115385	24.307692	D4	126	80	1	-1	-4.426668
198	24.166667	24.791667	D5	99	80	0	1	-2.905888
199	24.166667	24.583333	F#5	99	80	0	3	-3.998423
200	24.307692	24.500000	C4	126	80	1	-2	-2.745489
201	24.500000	24.692308	A3	126	80	1	-4	-3.718276
202	24.583333	24.791667	E5	99	80	0	2	-3.286699
203	24.692308	24.884615	B-3	126	80	1	-3	-2.906925
204	24.791667	25.208333	D5	99	80	0	1	-2.609267
205	24.791667	25.208333	D5	99	80	0	3	-5.268790
206	24.884615	25.076923	G3	126	80	1	-4	-4.404178
207	25.076923	25.269231	A3	126	80	1	-3	-2.915060
208	25.208333	26.041667	D5	99	80	0	4	-5.516614
209	25.208333	26.041667	D5	99	80	0	5	-5.360328
210	25.269231	25.461538	C4	126	80	1	-2	-3.046717
211	25.461538	25.653846	A3	126	80	1	-4	-3.718276
212	25.653846	26.038462	B-3	126	80	1	-3	-2.906925
213	26.038462	26.230769	C4	126	80	1	-2	-2.872099
214	26.041667	26.875000	E-4	99	80	0	1	-4.221033
215	26.041667	26.250000	F4	99	80	0	2	-3.493146
216	26.230769	26.615385	D4	126	80	1	-1	-2.578439
217	26.230769	26.615385	D4	126	80	1	-2	-4.675782
218	26.250000	26.458333	B-4	99	80	0	4	-3.522723
219	26.458333	26.666667	A-4	99	80	0	3	-2.238713
220	26.615385	27.384615	D4	126	80	1	-2	-3.999177
221	26.615385	27.384615	D4	126	80	1	-1	-4.535716
222	26.666667	26.875000	G4	99	80	0	2	-2.803601
223	26.875000	27.500000	E4	99	80	0	1	-3.157580
224	26.875000	27.083333	F4	99	80	0	2	-2.867384
225	27.083333	27.291667	G4	99	80	0	3	-2.675961
226	27.291667	27.500000	A-4	99	80	0	4	-4.152325
227	27.384615	27.576923	D-3	126	80	1	-4	-5.698181
228	27.384615	28.153846	E-3	126	80	1	-3	-2.915060
229	27.500000	28.541667	E-4	99	80	0	1	-3.216633
230	27.576923	27.769231	A-2	126	80	1	-5	-3.785580
231	27.708333	28.125000	F4	99	80	0	2	-3.493146
232	27.769231	27.961538	B-2	126	80	1	-4	-3.907966
233	27.961538	28.153846	C-3	126	80	1	-3	-4.267903
234	28.125000	28.333333	A-4	99	80	0	3	-3.409656
235	28.153846	28.346154	D-3	126	80	1	-2	-3.407298
236	28.153846	28.538462	E3	126	80	1	-1	-2.464298
237	28.333333	28.541667	G4	99	80	0	2	-2.803601
238	28.346154	28.538462	C-3	126	80	1	-2	-3.456527
239	28.538462	28.730769	B-2	126	80	1	-3	-3.848567
240	28.541667	29.166667	E4	99	80	0	1	-3.157580
241	28.541667	28.750000	F4	99	80	0	2	-2.867384
242	28.730769	28.923077	E-3	126	80	1	-1	-2.717521
243	28.730769	28.923077	E-3	126	80	1	-1	-4.426668
244	28.750000	28.958333	A-4	99	80	0	3	-3.409656
245	28.923077	29.307692	D-3	126	80	1	-2	-2.745489
246	28.923077	29.692308	E3	126	80	1	-1	-2.464298
247	28.958333	29.166667	G4	99	80	0	2	-2.803601
248	29.166667	29.375000	E-4	99	80	0	1	-3.898407
249	29.166667	29.375000	E-4	99	80	0	2	-4.712397
250	29.307692	29.500000	B-2	126	80	1	-4	-6.237620
251	29.375000	31.041667	E4	99	80	0	1	-4.072488
252	29.375000	29.583333	F4	99	80	0	2	-2.867384
253	29.500000	29.692308	C-3	126	80	1	-3	-4.267903
254	29.583333	29.791667	G4	99	80	0	3	-2.675961
255	29.692308	29.884615	D-3	126	80	1	-2	-3.407298
256	29.692308	30.076923	E3	126	80	1	-1	-2.464298
257	29.791667	30.000000	A-4	99	80	0	4	-4.152325
258	29.884615	30.076923	B-2	126	80	1	-3	-6.025293
259	30.000000	30.208333	B-4	99	80	0	5	-2.706622
260	30.076923	30.269231	C-3	126	80	1	-2	-3.642491
261	30.208333	30.625000	F4	99	80	0	3	-4.396088
262	30.269231	30.461538	E-3	126	80	1	-1	-3.194227
263	30.269231	30.461538	E-3	126	80	1	-2	-4.675782
264	30.461538	30.653846	D-3	126	80	1	-3	-2.891080
265	30.625000	30.833333	A-4	99	80	0	4	-4.476680
266	30.653846	30.846154	C-3	126	80	1	-1	-4.439870
267	30.833333	31.041667	G4	99	80	0	3	-3.302559
268	30.846154	31.038462	B-2	126	80	1	-2	-3.720116
269	31.038462	31.230769	A-2	126	80	1	-3	-2.891080
270	31.041667	31.875000	E4	99	80	0	1	-3.281335
271	31.230769	31.615385	D-3	126	80	1	-1	-2.717521
272	31.615385	31.807692	B-2	126	80	1	-2	-3.291596
273	31.807692	32.000000	C-3	126	80	1	-1	-3.404249
274	31.875000	32.708333	E4	99	80	0	1	-4.507997
275	31.875000	32.083333	F4	99	80	0	2	-2.867384
276	32.000000	32.384615	D-3	126	80	1	-2	-5.583884
277	32.000000	33.538462	E-3	126	80	1	-1	-2.578439
278	32.083333	32.291667	A-4	99	80	0	3	-3.409656
279	32.291667	32.500000	G4	99	80	0	2	-2.803601
280	32.384615	32.576923	A-2	126	80	1	-3	-4.266477
281	32.500000	32.708333	B-4	99	80	0	3	-3.409656
282	32.576923	32.769231	C-3	126	80	1	-2	-2.872099
283	32.708333	33.541667	E4	99	80	0	1	-4.323321
284	32.708333	33.125000	F4	99	80	0	2	-2.867384
285	32.769231	32.961538	D-3	126	80	1	-1	-3.101885
286	32.961538	33.153846	B-2	126	80	1	-3	-4.276897
287	33.125000	33.333333	A-4	99	80	0	4	-4.064995
288	33.153846	33.346154	C-3	126	80	1	-2	-3.642491
289	33.333333	33.541667	G4	99	80	0	3	-3.302559
290	33.346154	33.538462	A-2	126	80	1	-3	-3.464153
291	33.538462	33.923077	D-3	126	80	1	-2	-3.936874
292	33.538462	35.076923	E3	126	80	1	-1	-2.464298
293	33.541667	34.375000	E4	99	80	0	2	-3.674662
294	33.541667	34.375000	F4	99	80	0	3	-2.675961
295	33.923077	34.115385	B-2	126	80	1	-4	-6.237620
296	34.115385	34.307692	C-3	126	80	1	-3	-4.267903
297	34.307692	35.076923	D-3	126	80	1	-2	-3.407298
298	34.375000	35.208333	F#3	126	80	0	1	-6.884210
299	34.791667	35.000000	G#3	126	80	0	2	-2.867384
300	35.000000	35.208333	B3	126	80	0	3	-3.265372
301	35.208333	35.416667	F#3	126	80	0	1	-4.375439
302	35.208333	35.416667	A#3	126	80	0	2	-2.525967
303	35.276923	35.676923	E3	126	80	1	-1	-2.464298
304	35.416667	36.250000	F3	126	80	0	1	-4.134704
305	35.416667	35.833333	C#4	126	80	0	4	-4.298356
306	35.676923	35.876923	C#3	126	80	1	-2	-3.299403
307	35.833333	36.041667	B3	126	80	0	3	-3.914844
308	35.876923	36.076923	D3	126	80	1	-1	-3.404249
309	36.041667	36.250000	G#3	126	80	0	2	-3.032881
310	36.250000	36.458333	F3	126	80	0	1	-3.360143
311	36.250000	36.458333	B3	126	80	0	2	-2.963617
312	36.276923	36.476923	B2	126	80	1	-3	-4.276897
313	36.458333	37.083333	F#3	126	80	0	1	-3.898407
314	36.458333	36.875000	A#3	126	80	0	2	-2.525967
315	36.476923	36.676923	C#3	126	80	1	-2	-3.407298
316	36.676923	36.876923	E3	126	80	1	-1	-2.464298
317	36.875000	37.083333	G#3	126	80	0	1	-2.609267
318	36.876923	37.076923	C#3	126	80	1	-2	-3.299403
319	37.276923	37.476923	D3	126	80	1	-1	-3.404249
320	37.291667	39.375000	F#4	126	80	0	3	-6.448439
321	37.476923	37.676923	E3	126	80	1	-3	-4.611792
322	37.500000	37.708333	B4	126	80	0	5	-3.340065
323	37.676923	38.476923	F#3	126	80	1	-2	-3.407298
324	37.676923	38.076923	F#3	126	80	1	-1	-4.535716
325	37.708333	37.916667	A#4	126	80	0	4	-3.640665
326	37.916667	38.125000	C#5	126	80	0	5	-3.402079
327	38.076923	38.276923	C#3	126	80	1	-3	-3.831713
328	38.125000	38.333333	B4	126	80	0	4	-4.503222
329	38.276923	38.476923	D3	126	80	1	-2	-3.642491
330	38.333333	38.541667	G#4	126	80	0	3	-3.510496
331	38.476923	39.876923	F3	126	80	1	-1	-2.415329
332	38.541667	38.750000	B4	126	80	0	5	-3.635747
333	38.676923	38.876923	B2	126	80	1	-4	-3.752799
334	38.750000	39.166667	A#4	126	80	0	4	-3.640665
335	38.876923	39.076923	E3	126	80	1	-2	-2.507290
336	39.076923	39.276923	C#3	126	80	1	-3	-3.464153
337	39.166667	39.375000	G#4	126	80	0	3	-2.238713
338	39.375000	40.208333	F#4	126	80	0	2	-2.287533
339	39.476923	39.676923	D3	126	80	1	-2	-3.642491
340	39.583333	39.791667	B4	126	80	0	4	-3.927704
341	39.676923	39.876923	E3	126	80	1	-1	-2.578439
342	39.791667	40.000000	A#4	126	80	0	3	-3.226506
343	39.876923	40.076923	F#3	126	80	1	-3	-5.700951
344	40.000000	40.208333	C#5	126	80	0	5	-2.681011
345	40.208333	40.416667	G#4	126	80	0	2	-3.071676
346	40.276923	40.476923	C#4	126	80	1	-1	-3.342645
347	40.416667	40.833333	F#4	126	80	0	1	-2.609267
348	40.476923	40.676923	B3	126	80	1	-2	-4.084076
349	40.676923	40.876923	E4	126	80	1	-1	-2.320150
350	40.833333	42.083333	G5	63	80	0	4	-7.341475
351	40.833333	41.250000	D6	63	80	0	4	-8.124526
352	40.876923	41.276923	F#4	126	80	1	-2	-5.583884
353	41.250000	41.666667	A5	63	80	0	2	-3.266530
354	41.459850	41.825704	C4	126	80	1	-5	-5.017302
355	41.459850	42.008630	G4	126	80	1	-1	-3.477173
356	41.666667	42.083333	C6	63	80	0	4	-2.758588
357	41.825704	42.557411	F4	126	80	1	-2	-2.745489
358	42.083333	43.750000	G5	63	80	0	2	-3.266530
359	42.191557	42.557411	D4	126	80	1	-4	-3.718276
360	42.500000	42.916667	B5	63	80	0	4	-2.758588
361	42.557411	44.020826	G4	126	80	1	-2	-2.507290
362	42.557411	42.740338	G4	126	80	1	-2	-3.999177
363	42.740338	42.923265	G4	126	80	1	-1	-4.535716
364	42.916667	43.125000	A5	63	80	0	3	-2.238713
365	42.923265	43.289118	E-4	126	80	1	-2	-4.444474
366	43.125000	43.333333	B5	63	80	0	4	-2.883688
367	43.289118	43.472045	F4	126	80	1	-1	-2.464298
368	43.333333	43.750000	C6	63	80	0	5	-2.706622
369	43.472045	43.654972	E-4	126	80	1	-2	-3.299403
370	43.654972	44.020826	D4	126	80	1	-3	-3.281947
371	43.750000	45.416667	G5	63	80	0	2	-3.071676
372	44.020826	45.484240	G4	126	80	1	-1	-2.717521
373	44.020826	44.203752	G4	126	80	1	-2	-4.675782
374	44.166667	44.583333	D6	63	80	0	5	-3.528229
375	44.203752	44.386679	G4	126	80	1	-2	-3.999177
376	44.386679	44.752533	C4	126	80	1	-5	-3.155341
377	44.583333	44.791667	A5	63	80	0	2	-3.071676
378	44.752533	44.935460	F4	126	80	1	-2	-3.272976
379	44.791667	45.000000	B5	63	80	0	3	-2.675961
380	44.935460	45.118386	E-4	126	80	1	-3	-3.464153
381	45.000000	45.416667	C6	63	80	0	4	-2.883688
382	45.118386	45.484240	D4	126	80	1	-4	-3.777019
383	45.416667	45.833333	G5	63	80	0	2	-3.266530
384	45.484240	46.033021	G4	126	80	1	-2	-2.507290
385	45.484240	45.667167	G4	126	80	1	-1	-4.535716
386	45.625000	45.833333	A5	63	80	0	3	-2.675961
387	45.667167	45.850094	F4	126	80	1	-2	-2.745489
388	45.833333	46.250000	G5	63	80	0	2	-2.287533
389	45.833333	46.041667	B5	63	80	0	4	-2.758588
390	45.850094	46.033021	E-4	126	80	1	-3	-3.464153
391	46.033021	46.215947	F4	126	80	1	-2	-2.872099
392	46.041667	46.250000	A5	63	80	0	3	-2.238713
393	46.215947	46.764728	G4	126	80	1	-1	-2.578439
394	46.215947	46.398874	G4	126	80	1	-1	-4.426668
395	46.250000	46.875000	G5	63	80	0	2	-2.287533
396	46.398874	46.581801	E-4	126	80	1	-3	-4.924354
397	46.458333	46.666667	B5	63	80	0	3	-3.012122
398	46.581801	46.764728	F4	126	80	1	-2	-2.872099
399	46.666667	46.875000	A5	63	80	0	2	-2.287533
400	46.764728	47.679362	G4	126	80	1	-1	-2.578439
401	46.764728	46.947655	G4	126	80	1	-1	-4.426668
402	46.875000	47.708333	G5	63	80	0	1	-2.609267
403	46.947655	47.130582	F4	126	80	1	-2	-2.745489
404	47.083333	47.291667	A5	63	80	0	2	-2.867384
405	47.130582	47.313508	D4	126	80	1	-3	-4.063676
406	47.291667	47.500000	C6	63	80	0	3	-3.012122
407	47.313508	47.679362	C4	126	80	1	-4	-3.061136
408	47.500000	47.916667	D6	63	80	0	4	-2.883688
409	47.679362	47.862289	F4	126	80	1	-2	-2.507290
410	47.679362	48.411069	G4	126	80	1	-1	-2.578439
411	47.862289	48.045216	D4	126	80	1	-3	-3.831713
412	47.916667	48.750000	G5	63	80	0	1	-2.857522
413	47.916667	48.125000	A5	63	80	0	2	-2.867384
414	48.045216	48.411069	C4	126	80	1	-4	-3.061136
415	48.125000	48.333333	C6	63	80	0	4	-2.758588
416	48.333333	48.750000	D6	63	80	0	5	-2.706622
417	48.411069	48.593996	F4	126	80	1	-2	-2.507290
418	48.411069	49.142777	G4	126	80	1	-1	-2.578439
419	48.593996	48.776923	D4	126	80	1	-3	-3.831713
420	48.750000	49.166667	G5	63	80	0	2	-3.263552
421	48.750000	48.958333	A5	63	80	0	3	-2.675961
422	48.776923	49.142777	C4	126	80	1	-4	-3.061136
423	48.958333	49.166667	C6	63	80	0	5	-2.681011
424	49.142777	49.325704	F4	126	80	1	-2	-2.507290
425	49.142777	49.325704	G4	126	80	1	-1	-2.578439
426	49.166667	49.583333	G5	63	80	0	2	-3.071676
427	49.166667	49.583333	D6	63	80	0	5	-3.528229
428	49.325704	49.508630	D4	126	80	1	-3	-3.831713
429	49.508630	49.691557	E-4	126	80	1	-2	-3.081523
430	49.583333	50.416667	G5	63	80	0	2	-3.263552
431	49.583333	49.791667	A5	63	80	0	3	-2.675961
432	49.691557	49.874484	D4	126	80	1	-3	-3.281947
433	49.791667	50.000000	C6	63	80	0	5	-2.681011
434	49.874484	50.240338	C4	126	80	1	-4	-3.061136
435	50.000000	50.208333	B5	63	80	0	4	-2.814339
436	50.208333	50.416667	C6	63	80	0	5	-2.706622
437	50.416667	50.833333	G5	63	80	0	2	-3.071676
438	50.416667	50.833333	D6	63	80	0	5	-3.528229
439	50.423265	50.789118	F4	126	80	1	-2	-2.507290
440	50.423265	50.789118	G4	126	80	1	-1	-2.578439
441	50.833333	51.250000	G5	63	80	0	2	-3.263552
442	50.833333	51.250000	A5	63	80	0	3	-2.675961
443	51.154972	51.520826	F2	90	80	1	-4	-6.022524
444	51.154972	51.520826	G2	90	80	1	-1	-4.652270
445	51.666667	52.083333	G3	90	80	0	1	-8.219875
446	51.666667	52.083333	A3	90	80	0	1	-5.893792
447	52.916667	53.333333	G4	90	80	0	4	-4.869085
448	52.916667	53.333333	A4	90	80	0	5	-2.706622
449	53.750000	54.166667	A5	90	80	0	1	-7.499323
450	53.750000	54.166667	G6	90	80	0	5	-4.284649
451	54.166667	54.375000	B-3	126	80	0	1	-8.167035
452	54.375000	54.583333	C4	126	80	0	2	-3.493146
453	54.583333	54.791667	E-4	126	80	0	3	-3.409656
454	54.791667	55.000000	D4	126	80	0	2	-2.803601
455	55.000000	55.625000	F4	126	80	0	4	-2.758588
456	55.625000	55.833333	E-4	126	80	0	3	-3.510496
457	55.833333	56.041667	C4	126	80	0	2	-3.286699
458	56.041667	56.250000	E-4	126	80	0	4	-4.064995
459	56.250000	56.875000	D4	126	80	0	3	-3.302559
460	56.875000	57.083333	C4	126	80	0	2	-2.287533
461	57.083333	57.500000	B-3	126	80	0	1	-3.967913
462	57.500000	58.333333	B-4	126	80	0	1	-6.856287
463	57.708333	57.916667	C5	126	80	0	2	-3.493146
464	57.916667	58.125000	E-5	126	80	0	3	-3.409656
465	58.125000	58.333333	D5	126	80	0	2	-2.803601
466	58.333333	59.583333	B4	126	80	0	1	-3.157580
467	58.333333	58.958333	F5	126	80	0	4	-4.054949
468	58.958333	59.166667	E-5	126	80	0	3	-3.510496
469	59.166667	59.375000	C5	126	80	0	2	-3.286699
470	59.375000	59.583333	E-5	126	80	0	4	-4.064995
471	59.569606	59.935460	F1	90	80	1	-4	-6.905731
472	59.569606	59.935460	G1	90	80	1	-3	-2.915060
473	59.583333	60.208333	B4	126	80	0	2	-4.058569
474	59.583333	60.000000	D5	126	80	0	4	-2.758588
475	60.000000	60.208333	C5	126	80	0	3	-2.238713
476	60.208333	60.625000	B-4	126	80	0	2	-3.032881
477	60.208333	60.625000	B-4	126	80	0	2	-4.554564
478	60.625000	61.041667	B-4	126	80	0	2	-4.554564
479	60.625000	61.041667	B-4	126	80	0	2	-4.554564
480	60.667167	62.496435	B-3	126	80	1	-2	-6.480701
481	60.667167	60.850094	B-3	126	80	1	-1	-4.535716
482	60.850094	61.033021	A-3	126	80	1	-2	-2.745489
483	61.033021	61.215947	F3	126	80	1	-3	-4.407505
484	61.041667	62.708333	B-5	126	80	0	1	-6.920838
485	61.215947	61.398874	G3	126	80	1	-2	-2.510186
486	61.250000	61.458333	C6	126	80	0	2	-3.493146
487	61.398874	61.947655	E3	126	80	1	-3	-4.063676
488	61.458333	61.666667	E-6	126	80	0	3	-3.409656
489	61.666667	61.875000	D6	126	80	0	2	-2.803601
490	61.875000	62.291667	F6	126	80	0	4	-2.758588
491	61.947655	62.130582	F3	126	80	1	-2	-2.510186
492	62.130582	62.313508	A-3	126	80	1	-1	-3.101885
493	62.291667	62.500000	E-6	126	80	0	3	-3.510496
494	62.313508	62.496435	F3	126	80	1	-2	-4.084076
495	62.496435	63.045216	G3	126	80	1	-1	-2.578439
496	62.500000	62.708333	C6	126	80	0	2	-3.286699
497	62.708333	62.916667	B-5	126	80	0	1	-3.967913
498	62.708333	62.916667	E-6	126	80	0	4	-4.278061
499	62.916667	63.541667	B5	126	80	0	2	-4.058569
500	62.916667	63.333333	D6	126	80	0	4	-2.758588
501	63.045216	63.228143	A-3	126	80	1	-2	-4.643648
502	63.228143	63.593996	A3	126	80	1	-1	-3.404249
503	63.333333	63.541667	C6	126	80	0	3	-2.238713
504	63.541667	63.958333	B-5	126	80	0	2	-3.032881
505	63.541667	63.958333	B-5	126	80	0	3	-5.337046
506	63.776923	65.789118	B-3	126	80	1	-2	-4.643648
507	63.776923	63.959850	B-3	126	80	1	-1	-4.535716
508	63.958333	64.375000	B-5	126	80	0	3	-4.378151
509	63.958333	64.375000	B-5	126	80	0	4	-5.516614
510	63.959850	64.142777	A3	126	80	1	-2	-4.597368
511	64.142777	64.325704	F#3	126	80	1	-3	-3.464153
512	64.325704	64.508630	G3	126	80	1	-2	-3.642491
513	64.508630	64.874484	F3	126	80	1	-3	-2.891080
514	64.874484	65.057411	F#3	126	80	1	-2	-3.081523
515	65.000000	65.833333	C-5	126	80	0	1	-4.866697
516	65.000000	65.208333	C5	126	80	0	2	-2.867384
517	65.057411	65.240338	A3	126	80	1	-1	-2.464298
518	65.208333	65.416667	D5	126	80	0	3	-2.675961
519	65.240338	65.423265	F#3	126	80	1	-2	-3.299403
520	65.416667	65.625000	E-5	126	80	0	4	-4.152325
521	65.423265	65.606191	G3	126	80	1	-1	-3.404249
522	65.606191	65.789118	G3	126	80	1	-1	-4.426668
523	65.625000	65.833333	D5	126	80	0	3	-3.302559
524	65.789118	65.972045	A-3	126	80	1	-2	-4.643648
525	65.833333	66.041667	F5	126	80	0	5	-2.681011
526	65.972045	66.337899	A3	126	80	1	-1	-3.404249
527	66.041667	66.810897	C-5	126	80	0	1	-3.425130
528	66.041667	66.233974	C5	126	80	0	2	-2.867384
529	66.233974	66.426282	D5	126	80	0	3	-2.675961
530	66.426282	66.618590	E-5	126	80	0	4	-4.152325
531	66.618590	66.810897	F5	126	80	0	5	-3.871087
532	66.703752	68.350094	B-2	126	80	1	-4	-5.653337
533	66.810897	67.003205	D5	126	80	0	4	-4.387405
534	67.195513	67.387821	C4	126	80	0	1	-5.221171
535	67.195513	67.387821	C4	126	80	0	2	-4.712397
536	67.252533	67.435460	A2	126	80	1	-1	-4.652270
537	67.387821	68.157051	C-4	126	80	0	1	-2.609267
538	67.387821	67.580128	D4	126	80	0	2	-2.525967
539	67.435460	67.618386	G2	126	80	1	-2	-2.745489
540	67.580128	67.772436	E-4	126	80	0	3	-3.190537
541	67.618386	67.801313	A-2	126	80	1	-1	-4.284379
542	67.772436	67.964744	D4	126	80	0	2	-2.803601
543	67.801313	68.715947	F#2	126	80	1	-2	-2.745489
544	67.964744	68.157051	F4	126	80	0	4	-2.758588
545	68.157051	68.926282	C-4	126	80	0	1	-2.857522
546	68.167167	68.350094	G2	126	80	1	-1	-3.404249
547	68.349359	68.541667	D4	126	80	0	2	-2.525967
548	68.350094	68.533021	A2	126	80	1	-3	-4.611792
549	68.533021	68.715947	G2	126	80	1	-4	-3.061136
550	68.541667	68.733974	E-4	126	80	0	3	-3.190537
551	68.715947	69.081801	A-2	126	80	1	-3	-2.906925
552	68.733974	68.926282	F4	126	80	0	5	-3.635747
553	68.926282	69.118590	D4	126	80	0	4	-4.387405
554	69.081801	69.264728	A2	126	80	1	-5	-6.301508
555	69.118590	69.310897	C-3	126	80	0	1	-7.338864
556	69.310897	69.503205	C3	126	80	0	2	-2.867384
557	69.503205	70.272436	C-3	126	80	0	1	-2.609267
558	69.503205	69.695513	D3	126	80	0	2	-2.525967
559	69.630582	69.996435	A4	126	80	1	-2	-7.153101
560	69.630582	70.362289	B-4	126	80	1	-1	-4.284379
561	69.695513	69.887821	E-3	126	80	0	3	-3.190537
562	69.887821	70.080128	D3	126	80	0	2	-2.803601
563	69.996435	70.179362	A-4	126	80	1	-2	-2.745489
564	70.080128	70.272436	F3	126	80	0	4	-2.758588
565	70.179362	70.362289	G4	126	80	1	-3	-3.281947
566	70.272436	71.041667	C-3	126	80	0	1	-2.857522
567	70.272436	70.657051	C3	126	80	0	2	-2.867384
568	70.362289	70.545216	A-4	126	80	1	-2	-3.081523
569	70.545216	70.728143	F#4	126	80	1	-3	-2.891080
570	70.657051	70.849359	E-3	126	80	0	3	-3.409656
571	70.728143	70.911069	A4	126	80	1	-2	-2.872099
572	70.728143	71.459850	B-4	126	80	1	-1	-4.284379
573	70.849359	71.041667	F3	126	80	0	4	-4.111873
574	70.911069	71.093996	A-4	126	80	1	-2	-2.745489
575	71.041667	71.233974	D3	126	80	0	1	-4.666539
576	71.093996	71.276923	G4	126	80	1	-3	-3.281947
577	71.276923	71.459850	F#4	126	80	1	-4	-5.020222
578	71.426282	72.195513	C-4	126	80	0	4	-4.268071
579	71.426282	71.618590	C4	126	80	0	5	-2.706622
580	71.459850	71.642777	A-4	126	80	1	-3	-2.915060
581	71.618590	71.810897	E-4	126	80	0	1	-7.108616
582	71.642777	72.008630	A4	126	80	1	-2	-3.642491
583	71.642777	72.374484	B-4	126	80	1	-1	-4.284379
584	71.810897	72.003205	F4	126	80	0	2	-3.493146
585	72.003205	72.195513	D4	126	80	0	1	-3.157580
586	72.008630	72.191557	A-4	126	80	1	-2	-2.745489
587	72.191557	72.374484	G4	126	80	1	-3	-3.281947
588	72.374484	72.557411	A-4	126	80	1	-2	-3.081523
589	72.387821	73.157051	C-5	126	80	0	2	-5.302163
590	72.387821	72.580128	C5	126	80	0	3	-2.675961
591	72.557411	72.740338	F#4	126	80	1	-1	-4.644141
592	72.580128	72.772436	E-5	126	80	0	4	-4.476680
593	72.772436	72.964744	F5	126	80	0	5	-3.871087
594	72.923265	73.106191	A-3	126	80	1	-4	-4.921584
595	72.923265	73.654972	B-3	126	80	1	-3	-2.915060
596	72.964744	73.157051	D5	126	80	0	3	-3.509161
597	73.106191	73.289118	G3	126	80	1	-4	-4.404178
598	73.157051	73.541667	B-4	126	80	0	1	-4.375439
599	73.157051	73.541667	B-4	126	80	0	1	-4.507997
600	73.289118	73.472045	F#3	126	80	1	-5	-5.527356
601	73.472045	73.654972	A-3	126	80	1	-4	-3.907966
602	73.541667	73.926282	B-4	126	80	0	1	-4.507997
603	73.541667	73.926282	B-4	126	80	0	1	-4.507997
604	73.654972	74.020826	A3	126	80	1	-3	-4.267903
605	73.654972	74.752533	B-3	126	80	1	-2	-3.081523
606	74.020826	74.203752	A-3	126	80	1	-3	-2.891080
607	74.203752	74.386679	G3	126	80	1	-4	-3.777019
608	74.386679	74.569606	A-3	126	80	1	-3	-2.906925
609	74.569606	74.752533	F#3	126	80	1	-1	-3.930078
610	74.935460	75.118386	A2	126	80	1	-3	-6.240384
611	75.118386	75.301313	G2	126	80	1	-4	-3.061136
612	75.301313	75.484240	F#2	126	80	1	-5	-5.527356
613	75.484240	75.667167	A-2	126	80	1	-4	-3.907966
614	75.667167	76.033021	A2	127	80	1	-3	-4.267903
615	75.667167	76.398874	B-2	127	80	1	-2	-3.081523
616	76.033021	76.215947	G2	127	80	1	-3	-4.407505
617	76.215947	76.398874	F#2	127	80	1	-4	-5.020222
618	76.398874	76.581801	A-2	127	80	1	-3	-2.915060
619	76.581801	76.947655	A2	127	80	1	-2	-3.642491
620	76.581801	77.313508	B-2	127	80	1	-1	-4.284379
621	76.947655	77.130582	G2	127	80	1	-2	-4.084076
622	77.130582	77.313508	F#2	127	80	1	-3	-3.848567
623	77.313508	77.496435	A-2	127	80	1	-2	-2.510186
624	77.496435	77.862289	B-2	127	80	1	-1	-2.578439
625	77.496435	77.862289	B-2	127	80	1	-2	-4.675782
626	77.862289	78.228143	B-2	127	80	1	-2	-3.999177
627	77.862289	78.228143	B-2	127	80	1	-2	-3.999177
