//Version: PianoFingering_v170101
1	0.000000	1.750000	G4	81	80	1	-2	-2.178510
2	0.205479	0.410959	G-4	90	80	0	2	-1.773062
3	0.410959	0.616438	A-4	90	80	0	3	-2.675961
4	0.616438	0.821918	G-4	90	80	0	2	-2.287533
5	0.821918	1.027397	A-4	90	80	0	3	-2.675961
6	1.027397	1.232877	G-4	90	80	0	2	-2.287533
7	1.232877	2.671233	A-4	90	80	0	3	-2.675961
8	1.750000	2.000000	A4	81	80	1	-1	-2.578439
9	2.000000	2.250000	G4	81	80	1	-2	-2.745489
10	2.250000	2.500000	A4	81	80	1	-1	-2.578439
11	2.500000	2.750000	G4	81	80	1	-2	-2.745489
12	2.671233	2.876712	G-4	90	80	0	2	-2.287533
13	2.750000	3.000000	A4	81	80	1	-1	-2.578439
14	2.876712	3.082192	A-4	90	80	0	3	-2.675961
15	3.000000	4.250000	G4	81	80	1	-2	-2.745489
16	3.082192	3.287671	B-4	90	80	0	4	-2.883688
17	3.287671	4.315068	A-4	90	80	0	3	-2.238713
18	4.250000	4.500000	A4	81	80	1	-1	-2.578439
19	4.315068	4.520548	G-4	90	80	0	2	-2.287533
20	4.500000	4.750000	G4	81	80	1	-2	-2.745489
21	4.520548	5.136986	A-4	90	80	0	3	-2.675961
22	4.750000	5.000000	F4	81	80	1	-3	-2.891080
23	5.000000	5.750000	G4	81	80	1	-2	-2.510186
24	5.136986	5.342466	B-4	90	80	0	4	-2.883688
25	5.342466	5.958904	A-4	90	80	0	3	-2.238713
26	5.750000	6.000000	A4	81	80	1	-1	-2.578439
27	5.958904	6.164384	B-4	90	80	0	4	-2.883688
28	6.000000	6.750000	G4	81	80	1	-2	-2.745489
29	6.164384	6.369863	A-4	90	80	0	3	-2.238713
30	6.369863	6.575342	G-4	90	80	0	2	-2.287533
31	6.575342	6.780822	A-4	90	80	0	3	-2.675961
32	6.750000	7.000000	F4	81	80	1	-3	-2.891080
33	6.780822	6.986301	B-4	90	80	0	4	-2.883688
34	6.986301	7.191781	A-4	90	80	0	3	-2.238713
35	7.000000	11.000000	G4	81	80	1	-2	-2.510186
36	7.191781	7.397260	G-4	90	80	0	2	-2.287533
37	7.500000	7.750000	F4	81	80	1	-3	-2.891080
38	7.602740	7.808219	G-4	90	80	0	2	-4.554564
39	7.750000	8.000000	A4	81	80	1	-1	-2.967507
40	7.808219	8.013699	A-4	90	80	0	3	-2.675961
41	8.000000	8.250000	F4	81	80	1	-2	-3.291596
42	8.013699	8.219178	B-4	90	80	0	4	-2.883688
43	8.219178	8.424658	C-5	90	80	0	5	-3.684684
44	8.250000	8.500000	A4	81	80	1	-1	-2.415329
45	8.424658	8.630137	B-4	90	80	0	4	-3.640665
46	8.500000	8.750000	F4	81	80	1	-2	-3.291596
47	8.630137	8.835616	A-4	90	80	0	3	-2.238713
48	8.750000	9.000000	A4	81	80	1	-1	-2.415329
49	8.835616	9.041096	G-4	90	80	0	2	-2.287533
50	9.000000	9.250000	F4	81	80	1	-2	-3.291596
51	9.041096	9.863014	A-4	63	80	0	3	-2.675961
52	9.250000	9.500000	A4	81	80	1	-1	-2.415329
53	9.500000	9.750000	F4	81	80	1	-2	-3.291596
54	9.750000	10.000000	A4	81	80	1	-1	-2.415329
55	10.000000	10.250000	F4	81	80	1	-2	-3.291596
56	10.068493	10.273973	A-4	63	80	0	2	-4.935872
57	10.250000	10.500000	A4	81	80	1	-1	-2.415329
58	10.273973	10.479452	B-4	63	80	0	3	-2.675961
59	10.479452	10.684932	A-4	63	80	0	2	-2.287533
60	10.500000	10.750000	F4	81	80	1	-2	-3.291596
61	10.684932	11.506849	B-4	63	80	0	3	-2.675961
62	10.750000	11.000000	A4	81	80	1	-1	-2.415329
63	11.250000	11.500000	G4	81	80	1	-2	-2.745489
64	11.500000	11.750000	A4	81	80	1	-1	-2.578439
65	11.712329	11.917808	B-4	63	80	0	3	-4.378151
66	11.750000	12.000000	G4	81	80	1	-2	-2.745489
67	11.917808	12.123288	A-4	63	80	0	2	-2.287533
68	12.000000	13.000000	A4	81	80	1	-1	-2.578439
69	12.123288	12.328767	B-4	63	80	0	3	-2.675961
70	12.328767	12.534247	C5	63	80	0	4	-4.111873
71	12.534247	12.739726	B-4	63	80	0	3	-3.510496
72	12.739726	12.945205	A-4	63	80	0	2	-2.287533
73	12.945205	13.150685	B-4	63	80	0	3	-2.675961
74	13.150685	13.356164	A-4	63	80	0	2	-2.287533
75	13.250000	13.500000	A4	81	80	1	-2	-4.675782
76	13.356164	13.561644	G-4	63	80	0	1	-2.609267
77	13.500000	13.750000	B4	81	80	1	-1	-2.578439
78	13.561644	13.767123	A-4	63	80	0	2	-2.867384
79	13.750000	14.000000	A4	81	80	1	-2	-2.745489
80	13.767123	13.972603	B-4	63	80	0	3	-2.675961
81	13.972603	14.178082	A-4	63	80	0	2	-2.287533
82	14.000000	16.500000	B4	81	80	1	-1	-2.578439
83	14.178082	14.383562	B-4	63	80	0	3	-2.675961
84	14.383562	14.589041	C5	63	80	0	4	-4.111873
85	14.589041	14.794521	B-4	63	80	0	3	-3.510496
86	14.794521	15.000000	C5	63	80	0	4	-4.111873
87	15.000000	15.205479	B-4	63	80	0	3	-3.510496
88	15.205479	15.410959	A-4	63	80	0	2	-2.287533
89	15.410959	15.616438	B-4	63	80	0	3	-2.675961
90	15.616438	15.821918	A-4	63	80	0	2	-2.287533
91	15.821918	16.027397	G-4	63	80	0	1	-2.609267
92	16.027397	16.232877	A-4	63	80	0	2	-2.867384
93	16.232877	16.438356	B-4	63	80	0	3	-2.675961
94	16.438356	16.643836	A-4	63	80	0	2	-2.287533
95	16.500000	17.000000	A4	81	80	1	-2	-2.745489
96	16.643836	16.849315	B-4	63	80	0	3	-2.675961
97	16.849315	17.054795	C5	63	80	0	4	-4.111873
98	17.000000	17.500000	G4	81	80	1	-3	-2.891080
99	17.054795	17.260274	B-4	63	80	0	3	-3.510496
100	17.260274	17.465753	C5	63	80	0	4	-4.111873
101	17.465753	17.671233	B-4	63	80	0	3	-3.510496
102	17.500000	18.000000	A4	81	80	1	-2	-2.510186
103	17.671233	17.876712	A-4	63	80	0	2	-2.287533
104	17.876712	18.082192	G-4	63	80	0	1	-2.609267
105	18.000000	18.500000	B4	81	80	1	-1	-2.578439
106	18.082192	18.287671	A-4	63	80	0	2	-2.867384
107	18.287671	18.493151	B-4	63	80	0	3	-2.675961
108	18.493151	18.698630	C5	63	80	0	4	-4.111873
109	18.500000	19.000000	A4	81	80	1	-2	-2.745489
110	18.698630	18.904110	B-4	63	80	0	3	-3.510496
111	18.904110	19.109589	A-4	63	80	0	2	-2.287533
112	19.000000	19.500000	G4	81	80	1	-3	-2.891080
113	19.109589	19.315068	G-4	63	80	0	1	-2.609267
114	19.315068	19.520548	A-4	63	80	0	2	-2.867384
115	19.500000	20.000000	A4	81	80	1	-2	-2.510186
116	19.520548	19.726027	B4	63	80	0	4	-3.580467
117	19.931507	20.136986	A-4	63	80	0	3	-3.510496
118	20.000000	20.500000	B4	81	80	1	-1	-2.578439
119	20.136986	20.342466	G-4	63	80	0	2	-2.287533
120	20.342466	20.547945	A-4	63	80	0	3	-2.675961
121	20.500000	21.000000	A4	81	80	1	-2	-2.745489
122	20.753425	20.958904	B-4	63	80	0	4	-2.883688
123	20.958904	21.164384	A-4	63	80	0	3	-2.238713
124	21.000000	21.500000	B4	81	80	1	-1	-2.578439
125	21.164384	21.369863	G-4	63	80	0	2	-2.287533
126	21.500000	22.000000	A4	81	80	1	-2	-2.745489
127	21.575342	21.780822	F-4	63	80	0	1	-3.360143
128	21.780822	21.986301	G-4	63	80	0	2	-3.246278
129	21.986301	22.191781	F-4	63	80	0	1	-3.360143
130	22.191781	22.397260	G-4	63	80	0	2	-3.246278
131	22.397260	22.602740	F-4	63	80	0	1	-3.360143
132	22.500000	23.000000	A4	81	80	1	-2	-3.999177
133	22.602740	24.041096	G-4	63	80	0	2	-3.246278
134	23.000000	23.500000	B4	81	80	1	-1	-2.578439
135	23.500000	24.000000	A4	81	80	1	-2	-2.745489
136	24.000000	24.500000	G4	81	80	1	-3	-2.891080
137	24.041096	24.246575	F-4	63	80	0	1	-3.360143
138	24.246575	24.452055	G-4	63	80	0	2	-3.246278
139	24.452055	24.657534	A4	63	80	0	3	-3.265372
140	24.500000	25.000000	C5	81	80	1	-1	-2.717521
141	24.657534	25.684932	G-4	63	80	0	2	-3.032881
142	25.000000	25.500000	A4	81	80	1	-2	-3.291596
143	25.500000	26.000000	B4	81	80	1	-1	-2.578439
144	25.684932	25.890411	F-4	63	80	0	1	-3.360143
145	25.890411	26.095890	G-4	63	80	0	2	-3.246278
146	26.000000	27.750000	F4	81	80	1	-2	-3.456527
147	26.095890	26.301370	C-5	63	80	0	4	-3.927704
148	26.301370	26.712329	G-4	63	80	0	2	-3.901124
149	26.712329	26.917808	F-4	63	80	0	1	-3.360143
150	26.917808	27.123288	G-4	63	80	0	2	-3.246278
151	27.123288	27.328767	C-5	63	80	0	4	-3.927704
152	27.328767	27.534247	G-4	63	80	0	2	-3.901124
153	27.534247	27.739726	F-4	63	80	0	1	-3.360143
154	27.739726	27.945205	C-5	63	80	0	4	-4.054949
155	27.750000	28.000000	G4	81	80	1	-1	-2.578439
156	27.945205	28.150685	G-4	63	80	0	2	-3.901124
157	28.000000	28.250000	F4	81	80	1	-2	-2.745489
158	28.150685	28.356164	F-4	63	80	0	1	-3.360143
159	28.250000	28.500000	G4	81	80	1	-1	-2.578439
160	28.356164	28.561644	D-5	63	80	0	4	-4.568866
161	28.500000	28.750000	F4	81	80	1	-2	-2.745489
162	28.561644	28.767123	F-4	63	80	0	1	-3.493957
163	28.750000	29.000000	G4	81	80	1	-1	-2.578439
164	28.767123	28.972603	G-4	63	80	0	2	-3.246278
165	28.972603	29.178082	D-5	63	80	0	5	-3.528229
166	29.000000	30.250000	F4	81	80	1	-2	-2.745489
167	29.178082	29.383562	F-4	63	80	0	1	-4.031984
168	29.383562	29.589041	G-4	63	80	0	2	-3.246278
169	29.589041	29.794521	E-5	63	80	0	5	-3.767315
170	30.000000	30.205479	B-3	63	80	0	1	-4.498352
171	30.205479	30.410959	G-4	63	80	0	5	-3.707830
172	30.250000	30.500000	G4	81	80	1	-1	-2.578439
173	30.500000	30.750000	F4	81	80	1	-2	-2.745489
174	30.616438	30.821918	G-4	63	80	0	5	-4.495609
175	30.750000	31.000000	D4	81	80	1	-4	-3.718276
176	30.821918	31.027397	B-3	63	80	0	1	-2.845304
177	31.000000	31.750000	F4	81	80	1	-2	-2.359478
178	31.232877	31.438356	G-4	63	80	0	2	-5.302163
179	31.438356	31.643836	E-5	63	80	0	5	-3.767315
180	31.750000	32.000000	G4	81	80	1	-1	-2.578439
181	31.849315	32.054795	F4	63	80	0	1	-4.031984
182	32.000000	32.250000	F4	81	80	1	-2	-2.745489
183	32.054795	32.671233	A-4	63	80	0	2	-3.246278
184	32.250000	32.500000	C4	81	80	1	-4	-4.045906
185	32.671233	32.876712	G4	63	80	0	1	-3.290753
186	32.750000	33.000000	G4	81	80	1	-1	-2.959487
187	32.876712	33.493151	B-4	63	80	0	2	-3.246278
188	33.000000	33.250000	F4	81	80	1	-2	-2.745489
189	33.250000	33.500000	C4	81	80	1	-4	-4.045906
190	33.493151	33.698630	A4	63	80	0	1	-3.290753
191	33.500000	33.750000	G4	81	80	1	-1	-2.959487
192	33.698630	34.315068	C5	63	80	0	2	-2.525967
193	33.750000	34.000000	F4	81	80	1	-2	-2.745489
194	34.250000	34.500000	G4	81	80	1	-1	-2.578439
195	34.315068	34.520548	B4	63	80	0	1	-2.609267
196	34.500000	34.750000	F4	81	80	1	-2	-2.745489
197	34.520548	35.136986	D5	63	80	0	3	-3.473158
198	34.750000	35.000000	B-3	81	80	1	-5	-4.815138
199	35.000000	35.250000	G4	81	80	1	-1	-5.006981
200	35.136986	35.342466	C#5	63	80	0	2	-3.151465
201	35.250000	35.500000	F4	81	80	1	-2	-2.745489
202	35.342466	35.958904	E5	81	80	0	3	-3.265372
203	35.750000	36.000000	G4	81	80	1	-1	-2.578439
204	35.958904	36.164384	D#5	81	80	0	2	-3.151465
205	36.000000	36.250000	F4	81	80	1	-2	-2.745489
206	36.164384	36.780822	F#5	81	80	0	3	-3.012122
207	36.250000	36.500000	A3	81	80	1	-5	-5.049983
208	36.500000	36.750000	G4	81	80	1	-1	-3.610078
209	36.750000	37.000000	F4	81	80	1	-2	-2.745489
210	36.780822	36.986301	F5	81	80	0	2	-2.803601
211	36.986301	37.191781	E5	81	80	0	1	-2.609267
212	37.000000	37.250000	A3	81	80	1	-5	-5.049983
213	37.191781	37.397260	F5	81	80	0	2	-2.867384
214	37.250000	37.500000	G4	81	80	1	-1	-3.610078
215	37.397260	38.219178	A--5	81	80	0	3	-2.675961
216	37.397260	38.219178	G5	81	80	0	3	-4.378151
217	37.500000	37.750000	F4	81	80	1	-2	-2.745489
218	37.750000	38.000000	A3	81	80	1	-5	-5.049983
219	38.000000	38.250000	G4	81	80	1	-1	-3.610078
220	38.219178	38.424658	G5	81	80	0	3	-4.378151
221	38.219178	39.041096	A5	81	80	0	4	-2.883688
222	38.250000	38.500000	A3	81	80	1	-5	-3.181034
223	38.424658	38.630137	F5	81	80	0	2	-3.359779
224	38.500000	39.250000	G4	81	80	1	-1	-3.610078
225	38.630137	38.835616	E5	81	80	0	1	-2.609267
226	38.835616	39.041096	F5	81	80	0	2	-2.867384
227	39.041096	39.452055	G-5	81	80	0	3	-3.190537
228	39.041096	39.863014	B-5	81	80	0	5	-2.681011
229	39.250000	39.500000	F#4	81	80	1	-2	-3.720116
230	39.452055	39.657534	G5	81	80	0	4	-4.503222
231	39.500000	40.250000	A4	81	80	1	-1	-2.464298
232	39.657534	39.863014	F5	81	80	0	3	-2.238713
233	39.863014	40.068493	E5	81	80	0	2	-2.287533
234	39.863014	40.684932	B-5	81	80	0	4	-5.307691
235	40.068493	40.273973	F5	81	80	0	2	-4.058569
236	40.250000	40.500000	A-4	81	80	1	-2	-3.720116
237	40.273973	40.479452	G-5	81	80	0	3	-3.190537
238	40.479452	40.684932	F5	81	80	0	2	-2.803601
239	40.500000	41.250000	C-5	81	80	1	-1	-2.464298
240	40.684932	40.890411	E5	81	80	0	1	-2.609267
241	40.684932	41.506849	B-5	81	80	0	4	-4.926369
242	40.890411	41.095890	F5	81	80	0	2	-4.058569
243	41.095890	41.301370	G-5	81	80	0	3	-3.190537
244	41.250000	41.500000	B-4	81	80	1	-3	-5.389809
245	41.301370	41.506849	F5	81	80	0	2	-2.803601
246	41.500000	42.250000	D-5	81	80	1	-2	-3.046717
247	41.506849	41.712329	E5	81	80	0	1	-2.609267
248	41.506849	41.917808	B-5	81	80	0	4	-4.926369
249	41.712329	41.917808	F5	81	80	0	2	-4.058569
250	41.917808	42.123288	E5	81	80	0	1	-2.609267
251	41.917808	42.328767	B-5	81	80	0	4	-4.926369
252	42.123288	42.328767	F5	81	80	0	2	-4.058569
253	42.250000	42.500000	C5	81	80	1	-3	-3.281947
254	42.328767	42.534247	E5	81	80	0	1	-2.609267
255	42.328767	42.739726	B-5	81	80	0	4	-4.926369
256	42.500000	43.250000	E-5	81	80	1	-2	-3.407298
257	42.534247	42.739726	F5	81	80	0	2	-4.058569
258	42.739726	42.945205	E5	81	80	0	1	-2.609267
259	42.739726	43.150685	B-5	81	80	0	4	-4.926369
260	42.945205	43.150685	F5	81	80	0	2	-4.058569
261	43.150685	43.356164	E5	81	80	0	1	-2.609267
262	43.150685	43.561644	B-5	81	80	0	4	-4.926369
263	43.250000	43.500000	D5	81	80	1	-3	-3.281947
264	43.356164	43.561644	F5	81	80	0	2	-4.058569
265	43.500000	44.250000	F5	81	80	1	-2	-3.046717
266	43.561644	43.749144	E5	90	80	0	1	-2.609267
267	43.561644	43.749144	G#5	90	80	0	2	-3.275273
268	43.561644	43.749144	A5	90	80	0	3	-3.686981
269	43.749144	43.936644	F5	99	80	0	2	-3.674662
270	43.936644	44.124144	E5	90	80	0	1	-2.609267
271	43.936644	44.124144	G#5	90	80	0	2	-3.275273
272	43.936644	44.124144	A5	90	80	0	3	-3.686981
273	44.124144	44.311644	F5	99	80	0	2	-3.674662
274	44.250000	44.500000	E5	81	80	1	-3	-2.891080
275	44.311644	44.499144	E5	90	80	0	1	-2.609267
276	44.311644	44.499144	G#5	90	80	0	2	-3.275273
277	44.311644	44.499144	A5	90	80	0	3	-3.686981
278	44.499144	44.686644	F5	99	80	0	1	-3.281335
279	44.500000	45.750000	D5	81	80	1	-4	-3.061136
280	44.874144	45.061644	F5	99	80	0	3	-5.268790
281	45.061644	45.624144	E5	90	80	0	2	-2.287533
282	45.061644	45.624144	G#5	90	80	0	4	-3.522723
283	45.061644	45.624144	A5	90	80	0	5	-3.684684
284	45.624144	45.811644	F5	127	80	0	3	-3.509161
285	45.750000	46.000000	E-5	81	80	1	-3	-2.906925
286	45.811644	46.374144	E-5	90	80	0	2	-3.032881
287	45.811644	46.374144	A5	90	80	0	4	-5.030376
288	46.000000	46.250000	E5	81	80	1	-2	-3.642491
289	46.250000	46.500000	E-5	81	80	1	-3	-3.848567
290	46.374144	46.561644	F5	127	80	0	2	-3.359779
291	46.500000	48.000000	C#5	81	80	1	-4	-3.061136
292	46.500000	47.250000	D5	81	80	1	-3	-4.267903
293	46.561644	46.749144	E-5	90	80	0	1	-3.967913
294	46.561644	46.749144	G5	90	80	0	2	-3.465862
295	46.561644	46.749144	A-5	90	80	0	3	-3.190537
296	46.749144	46.936644	F5	127	80	0	2	-3.286699
297	46.936644	47.124144	E-5	90	80	0	1	-3.967913
298	46.936644	47.124144	G5	90	80	0	2	-3.465862
299	46.936644	47.124144	A-5	90	80	0	3	-3.190537
300	47.124144	47.311644	F5	127	80	0	2	-3.286699
301	47.250000	47.500000	E-5	81	80	1	-2	-3.081523
302	47.311644	47.499144	E-5	90	80	0	1	-3.967913
303	47.311644	47.499144	G5	90	80	0	2	-3.465862
304	47.311644	47.499144	A-5	90	80	0	3	-3.190537
305	47.499144	47.686644	F5	127	80	0	2	-3.286699
306	47.500000	47.750000	E5	81	80	1	-1	-3.404249
307	47.750000	48.000000	E-5	81	80	1	-2	-3.720116
308	47.874144	48.061644	F5	127	80	0	2	-4.554564
309	48.000000	49.000000	A4	81	80	1	-5	-5.017302
310	48.000000	48.750000	D5	81	80	1	-3	-3.463793
311	48.061644	48.624144	E-5	90	80	0	1	-3.967913
312	48.061644	48.624144	G5	90	80	0	2	-3.465862
313	48.061644	48.624144	A-5	90	80	0	3	-3.190537
314	48.624144	48.811644	F5	127	80	0	2	-3.286699
315	48.750000	49.000000	E-5	81	80	1	-2	-3.081523
316	48.811644	48.999144	E-5	90	80	0	1	-3.967913
317	48.811644	48.999144	G5	90	80	0	2	-3.465862
318	48.811644	48.999144	A-5	90	80	0	3	-3.190537
319	48.999144	49.186644	F5	127	80	0	2	-3.286699
320	49.000000	50.000000	A4	81	80	1	-5	-5.017302
321	49.000000	49.250000	F-5	81	80	1	-1	-3.477173
322	49.186644	49.561644	E-5	90	80	0	1	-3.967913
323	49.186644	49.561644	G5	90	80	0	2	-3.465862
324	49.186644	49.561644	A-5	90	80	0	3	-3.190537
325	49.250000	49.500000	E-5	81	80	1	-2	-3.720116
326	49.500000	49.750000	D5	81	80	1	-3	-3.281947
327	49.561644	49.749144	F5	127	80	0	2	-3.286699
328	49.750000	50.000000	E-5	81	80	1	-2	-3.081523
329	49.936644	50.499144	E-5	90	80	0	1	-3.967913
330	49.936644	50.499144	F#5	90	80	0	3	-3.473158
331	49.936644	50.499144	G5	90	80	0	4	-3.868143
332	50.000000	51.000000	A4	81	80	1	-5	-5.017302
333	50.000000	50.250000	F-5	81	80	1	-1	-3.477173
334	50.250000	50.500000	E-5	81	80	1	-2	-3.720116
335	50.499144	50.686644	F5	127	80	0	3	-2.238713
336	50.500000	50.750000	D5	81	80	1	-3	-3.281947
337	50.686644	51.249144	E-5	90	80	0	2	-3.032881
338	50.686644	51.249144	F#5	90	80	0	3	-3.012122
339	50.686644	51.249144	G5	90	80	0	4	-3.868143
340	50.750000	51.000000	E-5	81	80	1	-2	-3.081523
341	51.000000	51.500000	A4	81	80	1	-5	-5.017302
342	51.000000	51.250000	D5	81	80	1	-3	-3.463793
343	51.249144	51.436644	F5	127	80	0	3	-2.238713
344	51.250000	51.500000	E-5	81	80	1	-2	-3.081523
345	51.436644	51.999144	E-5	90	80	0	2	-3.032881
346	51.436644	51.999144	F#5	90	80	0	3	-3.012122
347	51.436644	51.999144	G5	90	80	0	4	-3.868143
348	51.500000	52.000000	A4	81	80	1	-5	-5.017302
349	51.500000	51.750000	D5	81	80	1	-3	-3.463793
350	51.750000	52.000000	E-5	81	80	1	-2	-3.081523
351	51.999144	52.186644	F5	127	80	0	3	-2.238713
352	52.000000	52.500000	A4	81	80	1	-5	-5.017302
353	52.000000	52.250000	D5	81	80	1	-3	-3.463793
354	52.186644	52.374144	E-5	90	80	0	2	-3.032881
355	52.186644	52.374144	F#5	90	80	0	3	-3.012122
356	52.186644	52.374144	G5	90	80	0	4	-3.868143
357	52.250000	52.500000	E-5	81	80	1	-2	-3.081523
358	52.374144	52.561644	F5	127	80	0	3	-2.238713
359	52.500000	53.000000	A4	81	80	1	-5	-5.017302
360	52.500000	52.750000	D5	81	80	1	-3	-3.463793
361	52.561644	52.749144	E-5	90	80	0	2	-3.032881
362	52.561644	52.749144	F#5	90	80	0	3	-3.012122
363	52.561644	52.749144	G5	90	80	0	4	-3.868143
364	52.749144	52.936644	F5	127	80	0	3	-2.238713
365	52.750000	53.000000	E-5	81	80	1	-2	-3.081523
366	52.936644	53.124144	E-5	90	80	0	2	-3.032881
367	52.936644	53.124144	F#5	90	80	0	3	-3.012122
368	52.936644	53.124144	G5	90	80	0	4	-3.868143
369	53.000000	53.250000	B-4	90	80	1	-4	-4.045906
370	53.000000	53.250000	C-5	90	80	1	-3	-4.267903
371	53.000000	53.250000	E-5	90	80	1	-2	-3.749711
372	53.124144	53.311644	F5	127	80	0	3	-2.238713
373	53.250000	53.500000	D5	81	80	1	-1	-3.931111
374	53.499144	53.686644	F5	127	80	0	3	-4.378151
375	53.500000	53.750000	B-4	90	80	1	-3	-4.924354
376	53.500000	53.750000	C-5	90	80	1	-2	-3.642491
377	53.500000	53.750000	E-5	90	80	1	-1	-3.194227
378	53.686644	53.874144	E-5	90	80	0	2	-3.032881
379	53.686644	53.874144	F#5	90	80	0	3	-3.012122
380	53.686644	53.874144	G5	90	80	0	4	-3.868143
381	53.750000	54.000000	D5	81	80	1	-2	-4.597368
382	53.874144	54.061644	F5	127	80	0	3	-2.238713
383	54.000000	54.250000	B-4	90	80	1	-3	-5.110739
384	54.000000	54.250000	C-5	90	80	1	-2	-3.642491
385	54.000000	54.250000	E-5	90	80	1	-1	-3.194227
386	54.249144	54.436644	F5	127	80	0	2	-4.935872
387	54.250000	54.500000	D5	81	80	1	-2	-4.597368
388	54.436644	54.624144	E-5	90	80	0	1	-3.967913
389	54.436644	54.624144	F#5	90	80	0	2	-2.525967
390	54.436644	54.624144	G5	90	80	0	3	-3.686981
391	54.500000	54.750000	B-4	90	80	1	-4	-4.647576
392	54.500000	54.750000	C-5	90	80	1	-3	-4.267903
393	54.500000	54.750000	E-5	90	80	1	-2	-3.749711
394	54.624144	54.811644	A-5	126	80	0	4	-4.152325
395	54.750000	55.000000	D5	81	80	1	-1	-3.931111
396	54.811644	55.374144	F#5	81	80	0	3	-2.238713
397	55.000000	55.250000	B-4	90	80	1	-3	-4.924354
398	55.000000	55.250000	C-5	90	80	1	-2	-3.642491
399	55.000000	55.250000	E-5	90	80	1	-1	-3.194227
400	55.250000	55.500000	D5	81	80	1	-2	-4.597368
401	55.374144	55.561644	F#5	81	80	0	3	-4.378151
402	55.500000	55.750000	B-4	90	80	1	-4	-4.647576
403	55.500000	55.750000	C-5	90	80	1	-3	-4.267903
404	55.500000	55.750000	E-5	90	80	1	-2	-3.749711
405	55.561644	56.124144	E-5	81	80	0	2	-3.674662
406	55.750000	56.000000	D5	81	80	1	-3	-3.281947
407	56.000000	56.250000	C5	90	80	1	-4	-3.061136
408	56.000000	56.250000	E-5	90	80	1	-3	-3.762277
409	56.124144	56.311644	A5	81	80	0	5	-4.764150
410	56.250000	56.500000	D5	81	80	1	-1	-3.371140
411	56.311644	56.874144	D5	81	80	0	2	-3.263552
412	56.500000	56.750000	B-4	90	80	1	-3	-4.924354
413	56.500000	56.750000	C5	90	80	1	-2	-2.872099
414	56.500000	56.750000	E-5	90	80	1	-1	-3.101885
415	56.750000	57.000000	D5	81	80	1	-2	-4.597368
416	56.874144	57.061644	D5	81	80	0	2	-4.554564
417	57.061644	57.624144	C5	81	80	0	1	-2.609267
418	57.250000	57.500000	D5	81	80	1	-2	-3.999177
419	57.500000	58.250000	B#4	90	80	1	-3	-2.891080
420	57.500000	58.250000	C5	90	80	1	-3	-4.764209
421	57.500000	58.250000	E-5	90	80	1	-2	-3.407298
422	57.624144	57.811644	C5	81	80	0	3	-5.268790
423	57.811644	58.374144	B-4	81	80	0	2	-3.032881
424	58.250000	58.500000	D5	127	80	1	-1	-3.931111
425	58.374144	58.561644	E-5	81	80	0	4	-2.909306
426	58.500000	58.750000	B-4	90	80	1	-3	-4.924354
427	58.500000	58.750000	C5	90	80	1	-2	-2.872099
428	58.500000	58.750000	E-5	90	80	1	-1	-3.101885
429	58.561644	59.124144	A-4	81	80	0	1	-2.857522
430	58.750000	59.000000	D5	127	80	1	-2	-4.597368
431	59.000000	59.250000	B-4	90	80	1	-3	-5.110739
432	59.000000	59.250000	C5	90	80	1	-2	-2.872099
433	59.000000	59.250000	E-5	90	80	1	-1	-3.101885
434	59.124144	59.311644	A-4	81	80	0	2	-4.712397
435	59.250000	59.500000	D5	127	80	1	-2	-4.597368
436	59.311644	59.874144	F#4	81	80	0	1	-2.609267
437	59.500000	59.750000	B-4	90	80	1	-3	-5.110739
438	59.500000	59.750000	C5	90	80	1	-2	-2.872099
439	59.500000	59.750000	E-5	90	80	1	-1	-3.101885
440	59.750000	60.000000	D5	127	80	1	-2	-4.597368
441	59.874144	60.061644	F#4	81	80	0	3	-5.268790
442	60.061644	60.624144	E-4	81	80	0	2	-3.674662
443	60.250000	60.500000	D5	127	80	1	-2	-3.999177
444	60.500000	60.750000	B-4	90	80	1	-3	-5.110739
445	60.500000	60.750000	C5	90	80	1	-2	-2.872099
446	60.500000	60.750000	E-5	90	80	1	-1	-3.101885
447	60.624144	60.811644	A4	81	80	0	5	-4.764150
448	60.750000	61.000000	D5	127	80	1	-2	-4.597368
449	60.811644	61.374144	D4	81	80	0	2	-3.263552
450	61.000000	61.250000	B-4	90	80	1	-4	-4.647576
451	61.000000	61.250000	C5	90	80	1	-3	-4.235223
452	61.000000	61.250000	E-5	90	80	1	-2	-3.407298
453	61.250000	61.500000	D5	127	80	1	-3	-3.281947
454	61.374144	61.561644	C4	81	80	0	1	-2.609267
455	61.561644	61.749144	D4	81	80	0	2	-2.867384
456	61.749144	61.936644	E-4	81	80	0	3	-3.190537
457	61.750000	62.000000	D5	127	80	1	-3	-4.764209
458	61.936644	62.874144	E4	81	80	0	4	-3.868143
459	62.000000	62.750000	C5	90	80	1	-4	-3.061136
460	62.000000	62.750000	D-5	90	80	1	-3	-2.906925
461	62.000000	62.750000	E-5	90	80	1	-2	-2.510186
462	62.750000	63.000000	D5	127	80	1	-3	-3.281947
463	62.874144	63.061644	D4	81	80	0	3	-2.238713
464	63.000000	63.750000	C5	90	80	1	-4	-3.061136
465	63.000000	63.750000	D-5	90	80	1	-3	-2.906925
466	63.000000	63.750000	E-5	90	80	1	-2	-2.510186
467	63.061644	63.249144	E-4	81	80	0	4	-4.152325
468	63.249144	63.436644	E4	81	80	0	1	-5.276270
469	63.436644	64.374144	F#4	81	80	0	2	-3.246278
470	63.750000	64.000000	D5	127	80	1	-3	-3.281947
471	64.000000	64.500000	C5	90	80	1	-4	-3.061136
472	64.000000	64.500000	D-5	90	80	1	-3	-2.906925
473	64.000000	64.500000	E-5	90	80	1	-2	-2.510186
474	64.374144	64.561644	E4	81	80	0	1	-3.360143
475	64.561644	64.749144	F4	81	80	0	2	-2.867384
476	64.749144	64.936644	F#4	81	80	0	3	-3.190537
477	64.750000	65.000000	D5	127	80	1	-3	-3.281947
478	64.936644	65.124144	G#4	81	80	0	4	-2.883688
479	65.000000	65.250000	C5	90	80	1	-4	-3.061136
480	65.000000	65.250000	D-5	90	80	1	-3	-2.906925
481	65.000000	65.250000	E-5	90	80	1	-2	-2.510186
482	65.124144	65.311644	A4	81	80	0	5	-3.684684
483	65.250000	65.500000	D5	127	80	1	-3	-3.281947
484	65.311644	65.499144	F4	81	80	0	1	-5.557373
485	65.499144	65.686644	F#4	81	80	0	2	-3.900292
486	65.500000	65.750000	C5	90	80	1	-4	-3.061136
487	65.500000	65.750000	D-5	90	80	1	-3	-2.906925
488	65.500000	65.750000	E-5	90	80	1	-2	-2.510186
489	65.686644	65.874144	G#4	81	80	0	3	-2.675961
490	65.750000	66.000000	D5	127	80	1	-3	-3.281947
491	65.874144	66.061644	A4	81	80	0	1	-4.595018
492	66.000000	66.250000	C5	90	80	1	-4	-3.061136
493	66.000000	66.250000	D-5	90	80	1	-3	-2.906925
494	66.000000	66.250000	E-5	90	80	1	-2	-2.510186
495	66.061644	66.249144	B-4	81	80	0	2	-3.900292
496	66.249144	66.436644	F#4	81	80	0	1	-3.157580
497	66.250000	66.500000	D5	127	80	1	-3	-3.281947
498	66.436644	66.624144	G#4	81	80	0	2	-2.867384
499	66.624144	66.811644	A4	81	80	0	1	-4.072488
500	66.750000	67.000000	D5	127	80	1	-3	-4.764209
501	66.811644	66.999144	B-4	81	80	0	2	-3.900292
502	66.999144	67.186644	B4	81	80	0	3	-3.686981
503	67.000000	67.250000	C5	90	80	1	-4	-3.061136
504	67.000000	67.250000	D-5	90	80	1	-3	-2.906925
505	67.000000	67.250000	E-5	90	80	1	-2	-2.510186
506	67.186644	68.686644	A-4	81	80	0	2	-3.032881
507	67.186644	67.374144	A-4	81	80	0	1	-4.802885
508	67.250000	67.500000	D5	127	80	1	-3	-3.281947
509	67.374144	67.561644	B-4	81	80	0	2	-2.867384
510	67.500000	67.750000	C5	90	80	1	-4	-3.061136
511	67.500000	67.750000	D-5	90	80	1	-3	-2.906925
512	67.500000	67.750000	E-5	90	80	1	-2	-2.510186
513	67.561644	67.749144	D-5	81	80	0	3	-3.012122
514	67.749144	67.936644	E-5	81	80	0	4	-2.883688
515	67.936644	68.124144	G-5	81	80	0	5	-3.402079
516	68.124144	68.311644	E-5	81	80	0	4	-4.387405
517	68.250000	68.500000	G5	127	80	1	-1	-3.262923
518	68.311644	68.499144	D-5	81	80	0	3	-2.238713
519	68.499144	68.686644	B-4	81	80	0	2	-3.674662
520	68.500000	69.250000	F5	127	80	1	-2	-2.745489
521	68.686644	69.436644	A-4	81	80	0	1	-2.609267
522	68.686644	68.874144	A-4	81	80	0	1	-4.507997
523	68.874144	69.061644	B-4	81	80	0	2	-2.867384
524	69.061644	69.249144	D-5	81	80	0	3	-3.012122
525	69.249144	69.436644	E-5	81	80	0	4	-2.883688
526	69.250000	69.500000	F5	127	80	1	-1	-4.535716
527	69.436644	70.186644	A-4	81	80	0	1	-2.857522
528	69.436644	69.624144	G-5	81	80	0	5	-4.284649
529	69.500000	70.250000	E-5	81	80	1	-2	-3.299403
530	69.624144	69.811644	E-5	81	80	0	4	-4.387405
531	69.811644	69.999144	D-5	81	80	0	3	-2.238713
532	69.999144	70.186644	B-4	81	80	0	2	-3.674662
533	70.186644	71.686644	A-4	81	80	0	1	-2.609267
534	70.186644	70.374144	A-4	81	80	0	1	-4.507997
535	70.250000	70.500000	E-5	81	80	1	-1	-4.535716
536	70.374144	70.561644	B-4	81	80	0	2	-2.867384
537	70.500000	71.250000	C#5	81	80	1	-2	-2.745489
538	70.561644	70.749144	D-5	81	80	0	3	-3.012122
539	70.749144	70.936644	E-5	81	80	0	4	-2.883688
540	70.936644	71.124144	G-5	81	80	0	5	-3.402079
541	71.124144	71.311644	E-5	81	80	0	4	-4.387405
542	71.250000	71.500000	F#5	81	80	1	-1	-2.320150
543	71.311644	71.499144	D-5	81	80	0	3	-2.238713
544	71.499144	71.686644	B-4	81	80	0	2	-3.674662
545	71.500000	72.250000	B-4	81	80	1	-3	-5.389809
546	71.686644	72.436644	A-4	81	80	0	1	-2.609267
547	71.686644	71.874144	A-4	81	80	0	1	-4.507997
548	71.874144	72.061644	B-4	81	80	0	2	-2.867384
549	72.061644	72.249144	D-5	81	80	0	3	-3.012122
550	72.249144	72.436644	E-5	81	80	0	4	-2.883688
551	72.250000	72.500000	B-4	81	80	1	-3	-4.764209
552	72.436644	73.186644	A4	81	80	0	1	-3.845468
553	72.436644	72.624144	G-5	81	80	0	5	-4.874096
554	72.500000	73.250000	A4	81	80	1	-1	-3.371140
555	72.624144	72.811644	E-5	81	80	0	4	-4.387405
556	72.811644	72.999144	D-5	81	80	0	3	-2.238713
557	72.999144	73.186644	B-4	81	80	0	2	-3.674662
558	73.186644	75.061644	A-4	81	80	0	1	-2.609267
559	73.186644	73.374144	A-4	81	80	0	1	-4.507997
560	73.250000	73.500000	A4	81	80	1	-1	-4.426668
561	73.374144	73.561644	B-4	81	80	0	2	-2.867384
562	73.500000	74.250000	G4	81	80	1	-2	-2.745489
563	73.561644	73.749144	D-5	81	80	0	3	-3.012122
564	73.749144	73.936644	E-5	81	80	0	4	-2.883688
565	73.936644	74.686644	A-4	81	80	0	1	-2.857522
566	73.936644	74.124144	G-5	81	80	0	5	-4.284649
567	74.124144	74.311644	E-5	81	80	0	4	-4.387405
568	74.250000	74.500000	C5	81	80	1	-1	-2.320150
569	74.311644	74.499144	D-5	81	80	0	3	-2.238713
570	74.499144	74.686644	B-4	81	80	0	2	-3.674662
571	74.500000	75.250000	F4	81	80	1	-2	-4.659581
572	74.686644	74.874144	A-4	81	80	0	1	-2.609267
573	74.874144	75.061644	B-4	81	80	0	2	-2.867384
574	75.061644	75.249144	D-5	81	80	0	3	-3.012122
575	75.249144	75.436644	E-5	81	80	0	4	-2.883688
576	75.250000	75.500000	F4	81	80	1	-1	-4.535716
577	75.436644	76.186644	A-4	81	80	0	1	-2.857522
578	75.436644	75.624144	G-5	81	80	0	5	-4.284649
579	75.500000	76.250000	E-4	81	80	1	-2	-3.299403
580	75.624144	75.811644	E-5	81	80	0	3	-3.509161
581	75.811644	75.999144	D-5	81	80	0	2	-2.287533
582	75.999144	76.186644	B-4	81	80	0	1	-3.157580
583	76.250000	76.500000	E-4	81	80	1	-2	-3.999177
584	76.500000	77.750000	D-4	63	80	1	-3	-2.891080
585	76.561644	76.936644	B-4	45	80	0	1	-4.507997
586	76.936644	77.311644	A-4	45	80	0	3	-4.737465
587	77.311644	77.686644	G-4	45	80	0	2	-2.287533
588	77.686644	78.061644	A-4	45	80	0	3	-2.675961
589	77.750000	78.000000	C4	63	80	1	-4	-3.777019
590	78.000000	78.250000	D4	63	80	1	-3	-2.915060
591	78.061644	78.436644	B-4	45	80	0	4	-2.883688
592	78.250000	78.500000	E-4	63	80	1	-2	-3.081523
593	78.436644	78.811644	A-4	45	80	0	3	-2.238713
594	78.500000	79.750000	F4	63	80	1	-1	-2.464298
595	78.811644	79.186644	B-4	45	80	0	4	-2.883688
596	79.186644	79.561644	A-4	45	80	0	3	-2.238713
597	79.561644	79.936644	G-4	45	80	0	2	-2.287533
598	79.750000	80.000000	E-4	63	80	1	-2	-3.299403
599	79.936644	80.311644	A-4	45	80	0	3	-2.675961
600	80.000000	80.250000	E4	63	80	1	-1	-3.404249
601	80.250000	80.500000	F4	63	80	1	-2	-5.429322
602	80.311644	80.686644	B-4	45	80	0	4	-2.883688
603	80.500000	86.000000	G4	63	80	1	-1	-2.578439
604	80.686644	81.061644	A-4	45	80	0	3	-2.238713
605	81.061644	81.436644	B-4	45	80	0	4	-2.883688
606	81.436644	81.811644	A-4	45	80	0	3	-2.238713
607	81.811644	82.186644	G-4	45	80	0	2	-2.287533
608	82.561644	82.936644	B-4	45	80	0	4	-2.758588
609	82.936644	83.311644	A-4	45	80	0	3	-2.238713
610	83.311644	83.686644	G-4	45	80	0	2	-2.287533
611	84.249144	84.436644	G-4	45	80	0	2	-4.554564
612	84.436644	84.624144	G4	90	80	0	3	-3.686981
613	84.436644	84.624144	A-4	90	80	0	4	-4.152325
614	84.500000	84.750000	G4	63	80	1	-5	-4.801795
615	84.750000	85.000000	B-4	63	80	1	-4	-4.807638
616	85.000000	85.250000	D5	63	80	1	-2	-2.871001
617	85.250000	85.500000	F5	63	80	1	-1	-2.415329
618	85.374144	85.561644	G-4	45	80	0	3	-2.238713
619	85.500000	85.750000	D5	63	80	1	-2	-3.291596
620	85.561644	85.749144	G-4	90	80	0	2	-4.935872
621	85.561644	85.749144	A-4	90	80	0	3	-2.675961
622	85.750000	86.000000	B-4	63	80	1	-3	-5.110739
623	86.000000	87.750000	G4	63	80	1	-5	-4.372251
624	86.250000	86.500000	B-4	63	80	1	-4	-4.807638
625	86.500000	86.750000	D5	63	80	1	-2	-2.871001
626	86.686644	86.874144	A-4	90	80	0	3	-4.378151
627	86.686644	86.874144	B-4	90	80	0	4	-2.883688
628	86.750000	87.000000	F5	63	80	1	-1	-2.415329
629	86.874144	87.061644	G-4	90	80	0	2	-3.359779
630	87.000000	87.250000	D5	63	80	1	-2	-3.291596
631	87.250000	87.500000	B-4	63	80	1	-3	-5.110739
632	87.500000	88.750000	G4	63	80	1	-5	-4.372251
633	87.750000	88.000000	B-4	63	80	1	-4	-4.807638
634	88.000000	88.250000	D5	63	80	1	-2	-2.871001
635	88.250000	88.500000	F5	63	80	1	-1	-2.415329
636	88.500000	88.750000	D5	63	80	1	-2	-3.291596
637	88.750000	89.000000	B-4	63	80	1	-3	-5.110739
638	89.000000	89.500000	G4	63	80	1	-5	-4.372251
639	89.000000	89.250000	G4	63	80	1	-5	-4.242005
640	89.250000	89.500000	B-4	63	80	1	-3	-4.350585
641	89.500000	90.500000	G4	63	80	1	-5	-4.372251
642	89.500000	89.750000	D5	63	80	1	-2	-2.554480
643	89.750000	90.000000	F5	63	80	1	-1	-2.415329
644	90.000000	90.250000	D5	63	80	1	-2	-3.291596
645	90.250000	90.500000	B-4	63	80	1	-3	-5.110739
646	90.500000	92.000000	G4	63	80	1	-5	-4.372251
647	90.500000	90.750000	G4	63	80	1	-5	-4.242005
648	90.750000	91.000000	B-4	63	80	1	-4	-4.807638
649	91.000000	91.250000	D5	63	80	1	-2	-2.871001
650	91.250000	91.500000	F5	63	80	1	-1	-2.415329
651	91.500000	91.750000	D5	63	80	1	-2	-3.291596
652	91.750000	92.000000	B-4	63	80	1	-3	-5.110739
653	92.000000	92.500000	G4	63	80	1	-5	-4.372251
654	92.000000	92.250000	G4	63	80	1	-5	-4.242005
655	92.250000	92.500000	B-4	63	80	1	-3	-4.350585
656	92.500000	93.500000	G4	63	80	1	-5	-4.372251
657	92.500000	92.750000	D5	63	80	1	-2	-2.554480
658	92.750000	93.000000	F5	63	80	1	-1	-2.415329
659	93.000000	93.250000	D5	63	80	1	-2	-3.291596
660	93.250000	93.500000	B-4	63	80	1	-3	-5.110739
661	93.500000	95.000000	G4	63	80	1	-5	-4.372251
662	93.500000	93.750000	G4	63	80	1	-5	-4.242005
663	93.750000	94.000000	B-4	63	80	1	-4	-4.807638
664	94.000000	94.250000	D5	63	80	1	-2	-2.871001
665	94.250000	94.500000	F5	63	80	1	-1	-2.415329
666	94.500000	94.750000	D5	63	80	1	-2	-3.291596
667	94.750000	95.000000	B-4	63	80	1	-3	-5.110739
668	95.000000	95.500000	G4	63	80	1	-5	-4.372251
669	95.000000	95.250000	G4	63	80	1	-5	-4.242005
670	95.250000	95.500000	B-4	63	80	1	-3	-4.350585
671	95.500000	96.500000	G4	63	80	1	-5	-4.372251
672	95.500000	95.750000	D5	63	80	1	-2	-2.554480
673	95.750000	96.000000	F5	63	80	1	-1	-2.415329
674	96.000000	96.250000	D5	63	80	1	-2	-3.291596
675	96.250000	96.500000	B-4	63	80	1	-3	-5.110739
676	96.750000	97.000000	A4	63	80	1	-4	-3.777019
677	97.000000	97.250000	B-4	63	80	1	-3	-2.906925
678	97.250000	97.500000	A4	63	80	1	-1	-3.371140
679	97.500000	97.750000	G4	63	80	1	-2	-2.745489
680	97.750000	98.000000	F4	63	80	1	-3	-2.891080
681	98.000000	98.250000	G4	63	80	1	-2	-2.510186
682	98.250000	98.500000	A4	63	80	1	-1	-2.578439
683	98.500000	98.750000	B-4	63	80	1	-2	-4.643648
684	98.750000	99.000000	A4	63	80	1	-1	-3.931111
685	99.000000	99.250000	G4	63	80	1	-2	-2.745489
686	99.250000	99.500000	F4	63	80	1	-3	-2.891080
687	99.500000	99.750000	G4	63	80	1	-2	-2.510186
688	99.750000	100.000000	A4	63	80	1	-1	-2.578439
689	100.000000	100.250000	G4	63	80	1	-2	-2.745489
690	100.250000	100.500000	F4	63	80	1	-3	-2.891080
691	100.500000	100.750000	G4	63	80	1	-2	-2.510186
692	100.750000	101.000000	A4	63	80	1	-1	-2.578439
693	101.000000	101.250000	B-4	63	80	1	-2	-4.643648
694	101.250000	101.500000	A4	63	80	1	-1	-3.931111
695	101.500000	101.750000	G4	63	80	1	-2	-2.745489
696	101.750000	102.000000	F4	63	80	1	-3	-2.891080
697	102.000000	102.250000	G4	63	80	1	-2	-2.510186
698	102.250000	102.500000	A4	63	80	1	-1	-2.578439
699	102.500000	102.750000	B-4	63	80	1	-2	-4.643648
700	102.750000	103.000000	A4	63	80	1	-1	-3.931111
701	103.000000	103.250000	G4	63	80	1	-2	-2.745489
702	103.250000	103.500000	F4	63	80	1	-3	-2.891080
703	103.500000	103.750000	G4	63	80	1	-2	-2.510186
704	103.750000	104.000000	A4	63	80	1	-1	-2.578439
705	104.000000	104.250000	B-4	63	80	1	-2	-4.643648
706	104.250000	104.500000	A4	63	80	1	-1	-3.931111
707	104.500000	104.750000	G4	63	80	1	-2	-2.745489
708	104.750000	105.000000	F4	63	80	1	-3	-2.891080
709	105.000000	105.250000	G4	63	80	1	-2	-2.510186
710	105.250000	105.500000	A4	63	80	1	-1	-2.578439
711	105.500000	105.750000	B-4	63	80	1	-2	-4.643648
712	105.750000	106.000000	A4	63	80	1	-1	-3.931111
713	106.000000	106.250000	G4	63	80	1	-2	-2.745489
714	106.250000	106.500000	F4	63	80	1	-3	-2.891080
715	106.500000	112.500000	G4	63	80	1	-2	-2.510186
