//Version: PianoFingering_v170101
1	0.000000	0.125000	D-2	63	80	1	-5	-0.504576
2	0.125000	0.250000	E-2	63	80	1	-4	-3.907966
3	0.250000	0.375000	A2	63	80	1	-2	-4.383116
4	0.375000	0.500000	B2	63	80	1	-1	-2.578439
5	0.681818	0.852273	D-3	90	80	0	1	-0.925785
6	0.852273	1.193182	E-3	90	80	0	2	-2.867384
7	0.852273	1.022727	E-3	90	80	0	1	-4.802885
8	0.875000	1.000000	D-3	63	80	1	-3	-5.700951
9	1.000000	1.125000	E-3	63	80	1	-2	-2.510186
10	1.022727	1.193182	A3	90	80	0	2	-5.302163
11	1.125000	1.250000	A-3	63	80	1	-1	-2.320150
12	1.193182	1.363636	B-3	90	80	0	3	-3.190537
13	1.250000	1.375000	B-3	63	80	1	-3	-4.611792
14	1.500000	1.625000	D4	63	80	1	-1	-3.390615
15	1.625000	1.750000	E-4	63	80	1	-2	-4.643648
16	1.704545	1.875000	D4	90	80	0	5	-3.340065
17	1.750000	1.875000	A-4	63	80	1	-1	-2.320150
18	1.875000	2.045455	E-4	90	80	0	1	-8.167035
19	1.875000	2.000000	B4	63	80	1	-5	-6.473863
20	2.045455	2.215909	A-4	90	80	0	2	-2.963617
21	2.125000	2.250000	D5	63	80	1	-4	-4.139458
22	2.215909	2.386364	B-4	90	80	0	1	-5.369497
23	2.250000	2.375000	E-5	63	80	1	-3	-2.906925
24	2.375000	2.500000	A-5	63	80	1	-2	-3.936874
25	2.500000	2.625000	B-5	63	80	1	-1	-2.578439
26	2.556818	2.727273	D5	90	80	0	2	-3.465862
27	2.727273	2.897727	E-5	90	80	0	3	-3.190537
28	2.897727	3.068182	A-5	90	80	0	1	-5.548003
29	3.000000	3.750000	C3	63	80	1	-5	-5.805721
30	3.068182	3.238636	B5	90	80	0	2	-3.493146
31	3.409091	3.579545	D-6	90	80	0	3	-3.409656
32	3.579545	3.750000	E-6	90	80	0	4	-2.883688
33	3.750000	3.920455	A-5	90	80	0	1	-2.857522
34	3.750000	4.000000	E-3	63	80	1	-3	-4.350585
35	3.920455	4.090909	B-5	90	80	0	4	-5.307440
36	4.000000	4.500000	C3	63	80	1	-1	-4.439870
37	4.500000	4.750000	B-2	63	80	1	-2	-3.299403
38	5.000000	5.375000	C3	63	80	1	-1	-2.464298
39	5.375000	5.500000	E3	63	80	1	-4	-6.413364
40	5.500000	5.625000	A3	63	80	1	-2	-2.507290
41	5.625000	5.750000	B3	63	80	1	-1	-2.578439
42	6.625000	6.750000	B3	63	80	1	-1	-4.426668
43	6.750000	6.875000	A-3	63	80	1	-2	-3.299403
44	6.875000	7.000000	E-3	63	80	1	-3	-5.147120
45	7.000000	7.500000	C3	63	80	1	-4	-4.404178
46	7.750000	7.875000	F#4	63	80	1	-5	-14.191136
47	7.840909	8.011364	D4	90	80	0	1	-7.338864
48	7.875000	8.000000	A4	63	80	1	-4	-4.523458
49	8.000000	8.125000	D5	63	80	1	-2	-2.507290
50	8.011364	8.181818	F4	90	80	0	2	-2.525967
51	8.125000	8.250000	F5	63	80	1	-1	-2.415329
52	8.181818	8.352273	B-4	90	80	0	4	-3.522723
53	8.250000	8.375000	D5	63	80	1	-2	-3.291596
54	8.352273	8.522727	D-5	90	80	0	5	-3.402079
55	8.375000	8.500000	A4	63	80	1	-4	-4.045906
56	8.500000	8.625000	F4	63	80	1	-1	-5.372527
57	8.522727	8.693182	B-4	90	80	0	3	-3.509161
58	8.693182	8.863636	F4	90	80	0	1	-3.996553
59	8.863636	9.034091	D4	90	80	0	4	-7.341475
60	9.000000	9.375000	G#3	63	80	1	-5	-4.114892
61	9.375000	9.500000	B3	63	80	1	-4	-4.523458
62	9.500000	9.625000	E4	63	80	1	-2	-2.507290
63	9.545455	10.056818	E3	90	80	0	1	-3.549056
64	9.625000	9.750000	G4	63	80	1	-1	-2.415329
65	10.000000	10.250000	F#3	63	80	1	-5	-4.553252
66	10.056818	10.227273	G3	90	80	0	2	-2.525967
67	10.227273	10.397727	C4	90	80	0	4	-2.909306
68	10.250000	10.375000	A3	63	80	1	-4	-4.523458
69	10.375000	10.500000	D4	63	80	1	-2	-2.507290
70	10.397727	10.568182	E-4	90	80	0	5	-4.070264
71	10.500000	10.625000	F4	63	80	1	-1	-2.415329
72	11.000000	11.125000	E3	63	80	1	-5	-3.842215
73	11.125000	11.250000	G3	63	80	1	-4	-4.139458
74	11.250000	11.375000	C4	63	80	1	-2	-2.507290
75	11.375000	11.500000	E-4	63	80	1	-1	-3.101885
76	11.750000	11.875000	D3	63	80	1	-5	-4.645128
77	11.761364	11.931818	E-4	90	80	0	5	-4.495609
78	11.875000	12.000000	F3	63	80	1	-3	-3.170876
79	11.931818	12.102273	C4	90	80	0	4	-4.503222
80	12.000000	12.125000	B-3	63	80	1	-2	-3.749711
81	12.102273	12.272727	G3	90	80	0	2	-3.266530
82	12.125000	12.250000	C#4	63	80	1	-1	-2.415329
83	12.272727	12.954545	E3	90	80	0	1	-3.157580
84	13.000000	13.750000	A2	63	80	1	-5	-5.345987
85	13.295455	13.465909	A4	90	80	0	1	-8.731319
86	13.375000	13.500000	F#2	63	80	1	-1	-7.515526
87	13.465909	13.636364	C#5	90	80	0	2	-3.275273
88	13.500000	13.625000	C#2	63	80	1	-3	-3.831713
89	13.625000	13.750000	B-1	63	80	1	-5	-3.990113
90	13.636364	13.806818	F#5	90	80	0	4	-2.909306
91	13.750000	13.875000	C#2	63	80	1	-4	-4.139458
92	13.806818	13.977273	A5	90	80	0	5	-3.871087
93	13.875000	14.000000	F#2	63	80	1	-2	-2.507290
94	14.000000	14.250000	A2	63	80	1	-1	-2.464298
95	14.488636	14.659091	G#4	90	80	0	1	-4.270482
96	14.625000	14.750000	A#2	63	80	1	-2	-4.643648
97	14.659091	14.829545	B4	90	80	0	2	-3.493146
98	14.750000	14.875000	C#3	63	80	1	-1	-2.415329
99	14.829545	15.000000	E5	90	80	0	4	-2.909306
100	14.875000	15.000000	F3	63	80	1	-2	-6.879129
101	15.000000	15.340909	G5	90	80	0	5	-3.402079
102	15.000000	15.375000	A3	63	80	1	-1	-2.415329
103	15.375000	15.500000	F#3	63	80	1	-2	-3.299403
104	15.500000	15.625000	C#3	63	80	1	-3	-5.147120
105	15.511364	15.681818	F4	90	80	0	1	-3.460971
106	15.625000	15.750000	B-2	63	80	1	-5	-3.990113
107	15.681818	15.852273	A4	90	80	0	2	-2.525967
108	15.750000	15.875000	C#3	63	80	1	-4	-4.139458
109	15.852273	16.022727	D5	90	80	0	4	-2.909306
110	15.875000	16.000000	F#3	63	80	1	-2	-2.507290
111	16.000000	16.250000	A3	63	80	1	-1	-2.464298
112	16.022727	16.193182	F5	90	80	0	5	-3.402079
113	16.625000	16.750000	A#3	63	80	1	-2	-4.643648
114	16.704545	16.875000	E4	90	80	0	1	-3.460971
115	16.750000	16.875000	C#4	63	80	1	-1	-2.415329
116	16.875000	17.045455	G4	90	80	0	2	-2.525967
117	16.875000	17.000000	F#4	63	80	1	-3	-6.025293
118	17.000000	17.375000	A4	63	80	1	-1	-3.288065
119	17.045455	17.215909	C5	90	80	0	3	-4.897982
120	17.215909	17.386364	E5	90	80	0	4	-4.820507
121	17.215909	17.386364	F5	90	80	0	5	-2.706622
122	17.375000	17.500000	F#4	63	80	1	-2	-3.299403
123	17.386364	17.556818	G4	90	80	0	1	-3.027253
124	17.500000	17.625000	C#4	63	80	1	-3	-5.147120
125	17.556818	17.727273	C5	90	80	0	5	-4.932539
126	17.625000	17.750000	A#3	63	80	1	-5	-3.990113
127	17.750000	17.875000	C#4	63	80	1	-4	-4.139458
128	17.875000	18.000000	F#4	63	80	1	-2	-2.507290
129	18.000000	18.750000	A4	63	80	1	-1	-2.464298
130	18.375000	18.500000	F#4	63	80	1	-2	-3.299403
131	18.409091	19.090909	C#3	90	80	0	1	-8.167035
132	18.500000	18.625000	C#4	63	80	1	-3	-5.147120
133	18.625000	18.750000	A#3	63	80	1	-4	-5.020222
134	18.750000	18.875000	C#4	63	80	1	-2	-2.359478
135	18.875000	19.000000	F#4	63	80	1	-1	-2.320150
136	18.920455	19.090909	E3	90	80	0	2	-3.493146
137	19.090909	19.261364	A3	90	80	0	4	-2.909306
138	19.250000	19.375000	C4	63	80	1	-4	-6.237620
139	19.261364	19.431818	C4	90	80	0	5	-3.402079
140	19.375000	19.500000	A#3	63	80	1	-5	-5.527356
141	19.431818	19.602273	A3	90	80	0	4	-4.387405
142	19.500000	19.625000	C4	63	80	1	-4	-4.523458
143	19.602273	19.772727	E3	90	80	0	2	-3.266530
144	19.625000	19.750000	F4	63	80	1	-2	-2.507290
145	19.750000	19.875000	A4	63	80	1	-1	-2.415329
146	19.772727	19.943182	C#3	90	80	0	1	-3.967913
147	19.875000	20.000000	C4	63	80	1	-3	-5.389809
148	20.000000	20.125000	F#4	63	80	1	-1	-4.411093
149	20.125000	20.250000	A#3	63	80	1	-5	-3.730225
150	20.250000	20.375000	C#4	63	80	1	-4	-4.139458
151	20.375000	20.500000	F#4	63	80	1	-2	-2.507290
152	20.500000	20.625000	A4	63	80	1	-1	-2.464298
153	20.625000	20.750000	F#4	63	80	1	-2	-3.299403
154	20.750000	20.875000	E4	63	80	1	-1	-5.183592
155	20.875000	21.000000	C#4	63	80	1	-2	-3.299403
156	21.000000	21.500000	A#3	63	80	1	-4	-3.718276
157	21.136364	21.818182	C#4	90	80	0	4	-3.867317
158	21.500000	21.750000	G#3	63	80	1	-5	-3.249332
159	21.647727	21.818182	E4	90	80	0	1	-5.463421
160	21.750000	22.750000	F#4	90	80	1	-2	-5.277521
161	21.750000	22.750000	A4	90	80	1	-1	-2.464298
162	21.818182	21.988636	A4	90	80	0	3	-3.401091
163	21.988636	22.159091	C5	90	80	0	5	-2.681011
164	22.159091	22.329545	A4	90	80	0	4	-4.387405
165	22.329545	22.500000	E4	90	80	0	2	-3.266530
166	22.333333	22.583333	B#3	63	80	1	-5	-3.730225
167	22.333333	23.083333	C5	90	80	1	-2	-5.035265
168	22.333333	23.083333	E5	90	80	1	-1	-2.415329
169	22.500000	22.670455	C#4	90	80	0	1	-3.967913
170	22.583333	23.083333	C#4	63	80	1	-5	-4.510402
171	22.583333	23.083333	F4	90	80	1	-3	-4.118108
172	22.583333	23.083333	A4	90	80	1	-2	-3.046717
173	23.083333	23.333333	G5	63	80	1	-1	-8.246314
174	23.333333	23.833333	F5	63	80	1	-2	-2.745489
175	23.522727	24.886364	C#5	90	80	0	5	-2.242366
176	23.522727	23.863636	C#5	90	80	0	5	-4.495609
177	23.833333	24.083333	G5	63	80	1	-1	-2.578439
178	23.863636	24.034091	C#5	90	80	0	1	-5.027158
179	24.034091	24.204545	E5	90	80	0	2	-3.493146
180	24.083333	25.083333	C#4	90	80	1	-4	-7.296520
181	24.083333	25.083333	E#4	90	80	1	-2	-2.871001
182	24.083333	25.083333	A4	90	80	1	-1	-2.415329
183	24.204545	24.375000	A5	90	80	0	4	-2.909306
184	24.375000	24.545455	C6	90	80	0	5	-3.402079
185	24.545455	24.715909	A5	90	80	0	4	-4.387405
186	24.583333	24.958333	A3	63	80	1	-1	-7.627055
187	24.715909	24.886364	E5	90	80	0	2	-3.266530
188	24.886364	25.227273	C#5	90	80	0	1	-3.967913
189	24.958333	25.083333	D#3	126	80	1	-2	-5.099885
190	25.227273	25.397727	C#5	90	80	0	1	-4.507997
191	25.397727	25.568182	C6	90	80	0	5	-6.053771
192	25.568182	25.738636	A5	90	80	0	4	-4.387405
193	25.583333	25.958333	D#3	126	80	1	-2	-3.999177
194	25.738636	25.909091	E5	90	80	0	2	-3.266530
195	25.909091	26.079545	C#5	90	80	0	1	-3.967913
196	25.958333	26.083333	A2	126	80	1	-5	-5.017302
197	26.079545	26.250000	E5	90	80	0	2	-3.493146
198	26.250000	26.931818	A5	90	80	0	4	-2.909306
199	26.250000	26.420455	A5	90	80	0	3	-5.185589
200	26.420455	26.590909	C6	90	80	0	5	-2.681011
201	26.590909	26.761364	A5	90	80	0	3	-3.509161
202	26.761364	26.931818	E5	90	80	0	1	-2.905888
203	26.931818	27.102273	C#5	90	80	0	2	-5.755227
204	27.102273	27.272727	A5	90	80	0	5	-3.857051
205	27.272727	27.443182	E5	90	80	0	2	-3.071676
206	27.443182	27.613636	C6	90	80	0	5	-3.767315
207	27.613636	27.784091	A5	90	80	0	4	-4.387405
208	27.784091	27.954545	E5	90	80	0	2	-3.266530
209	27.954545	28.125000	C#5	90	80	0	1	-3.967913
210	28.125000	28.295455	E5	90	80	0	2	-3.493146
211	28.295455	28.465909	F#5	90	80	0	3	-3.409656
212	28.465909	28.636364	A5	90	80	0	1	-5.285870
213	28.636364	29.318182	C6	90	80	0	2	-2.525967
214	29.083333	29.458333	A4	126	80	1	-1	-5.964413
215	29.318182	29.659091	D6	90	80	0	3	-2.675961
216	29.458333	29.583333	G#4	126	80	1	-2	-3.720116
217	29.583333	29.958333	A4	126	80	1	-1	-3.404249
218	29.659091	30.681818	C6	90	80	0	2	-2.287533
219	29.958333	30.083333	G4	126	80	1	-2	-2.745489
220	30.083333	30.208333	A4	126	80	1	-1	-2.578439
221	30.208333	30.333333	F#4	126	80	1	-2	-3.299403
222	30.333333	30.458333	D4	126	80	1	-4	-4.761119
223	30.340909	30.681818	B-5	90	80	0	1	-3.967913
224	30.458333	30.583333	B3	126	80	1	-1	-5.372527
225	30.681818	31.704545	C#5	90	80	0	1	-6.259598
226	30.681818	31.704545	E5	90	80	0	2	-3.493146
227	30.681818	31.363636	A5	90	80	0	4	-2.909306
228	31.083333	31.708333	G2	126	80	1	-5	-4.233080
229	31.363636	31.704545	G5	90	80	0	3	-2.238713
230	31.704545	32.727273	C5	90	80	0	1	-3.310457
231	31.704545	32.727273	E5	90	80	0	2	-2.525967
232	31.704545	32.386364	F5	90	80	0	3	-2.675961
233	31.708333	31.833333	F4	126	80	1	-3	-8.212705
234	31.833333	31.958333	D-4	126	80	1	-4	-7.190036
235	31.958333	32.083333	B-3	126	80	1	-1	-5.372527
236	32.083333	32.708333	G3	126	80	1	-2	-4.084076
237	32.386364	32.727273	G5	90	80	0	4	-2.883688
238	32.708333	32.833333	D-4	126	80	1	-1	-5.267467
239	32.727273	34.090909	B#4	90	80	0	1	-2.857522
240	32.727273	34.090909	E5	90	80	0	2	-2.525967
241	32.727273	34.090909	A5	90	80	0	5	-3.228870
242	32.833333	32.958333	B-3	126	80	1	-3	-4.276897
243	32.958333	33.083333	F4	126	80	1	-1	-3.687814
244	33.083333	33.708333	E3	126	80	1	-5	-3.842215
245	33.708333	33.833333	D4	126	80	1	-1	-3.610078
246	33.833333	33.958333	B-3	126	80	1	-2	-4.444474
247	33.958333	34.083333	G3	126	80	1	-3	-4.407505
248	34.083333	34.708333	E3	126	80	1	-5	-3.990113
249	34.708333	34.833333	B-3	126	80	1	-2	-5.232676
250	34.833333	34.958333	G3	126	80	1	-3	-4.407505
251	34.958333	35.083333	D4	126	80	1	-1	-3.342645
252	35.083333	35.583333	C#3	126	80	1	-5	-4.553252
253	35.454545	36.477273	A4	90	80	0	1	-1.922714
254	35.583333	35.708333	C#3	126	80	1	-5	-4.242005
255	35.708333	35.833333	G3	126	80	1	-2	-4.656382
256	35.833333	35.958333	E3	126	80	1	-4	-3.718276
257	35.958333	36.083333	B3	126	80	1	-1	-2.959487
258	36.083333	36.458333	C3	90	80	1	-4	-4.921584
259	36.083333	36.458333	D3	90	80	1	-3	-2.915060
260	36.083333	36.458333	E3	90	80	1	-2	-2.510186
261	36.458333	36.583333	A3	126	80	1	-1	-2.320150
262	36.477273	36.818182	D5	90	80	0	3	-3.401091
263	36.583333	36.708333	F#3	126	80	1	-2	-3.299403
264	36.708333	36.833333	C#4	126	80	1	-1	-4.047397
265	36.818182	37.840909	A4	90	80	0	1	-2.905888
266	36.833333	37.208333	E3	126	80	1	-5	-4.087479
267	37.208333	37.333333	B-3	126	80	1	-2	-5.232676
268	37.333333	37.458333	G3	126	80	1	-3	-4.407505
269	37.458333	37.583333	D4	126	80	1	-1	-3.342645
270	37.583333	37.958333	F#3	126	80	1	-5	-4.332318
271	37.840909	38.181818	E4	90	80	0	5	-7.995723
272	37.958333	38.083333	C4	126	80	1	-3	-5.278707
273	38.083333	38.208333	A3	126	80	1	-5	-3.990113
274	38.208333	38.333333	E4	126	80	1	-2	-2.554480
275	38.708333	38.833333	G-4	126	80	1	-1	-3.101885
276	38.833333	38.958333	E--4	126	80	1	-2	-4.597368
277	38.958333	39.083333	C-4	126	80	1	-3	-4.063676
278	39.083333	39.708333	A-3	126	80	1	-4	-4.210732
279	39.708333	39.833333	C-4	126	80	1	-3	-4.235223
280	39.833333	39.958333	E-4	126	80	1	-2	-3.749711
281	39.958333	40.083333	G-4	126	80	1	-1	-2.415329
282	40.083333	40.708333	A-3	126	80	1	-5	-3.181034
283	40.227273	40.397727	A-3	90	80	0	2	-3.763668
284	40.397727	40.568182	F3	90	80	0	1	-3.360143
285	40.568182	40.738636	D-3	90	80	0	2	-7.583777
286	40.708333	40.833333	E4	126	80	1	-2	-4.203307
287	40.738636	40.909091	B#2	90	80	0	1	-3.290753
288	40.833333	40.958333	C-4	126	80	1	-4	-4.045906
289	40.909091	41.250000	F3	90	80	0	2	-2.963617
290	40.958333	41.083333	G-4	126	80	1	-1	-4.009808
291	41.083333	41.833333	A-3	126	80	1	-5	-3.181034
292	41.590909	42.443182	A4	90	80	0	5	-7.827334
293	41.833333	41.958333	C-4	126	80	1	-4	-4.523458
294	41.958333	42.083333	E--4	126	80	1	-2	-2.359478
295	42.083333	42.208333	G-4	126	80	1	-1	-3.194227
296	42.208333	42.333333	E--4	126	80	1	-2	-4.597368
297	42.333333	42.458333	C-4	126	80	1	-3	-4.063676
298	42.443182	42.613636	F#4	90	80	0	4	-4.424487
299	42.458333	42.583333	A-3	126	80	1	-4	-4.210732
300	42.583333	42.708333	C-4	126	80	1	-3	-4.235223
301	42.613636	42.784091	D4	90	80	0	2	-4.058569
302	42.708333	42.833333	E--4	126	80	1	-2	-3.046717
303	42.784091	42.954545	B3	90	80	0	1	-3.157580
304	42.833333	42.958333	G-4	126	80	1	-1	-3.194227
305	42.954545	43.806818	A4	90	80	0	5	-4.284649
306	42.958333	43.083333	E--4	126	80	1	-2	-4.597368
307	43.083333	43.208333	C-4	126	80	1	-3	-4.063676
308	43.208333	43.333333	A-3	126	80	1	-4	-4.210732
309	43.333333	43.458333	C-4	126	80	1	-3	-4.235223
310	43.458333	43.583333	E--4	126	80	1	-2	-3.046717
311	43.583333	43.833333	G-4	126	80	1	-1	-3.194227
312	43.806818	43.977273	D4	90	80	0	2	-3.263552
313	43.833333	44.333333	A-2	90	80	1	-5	-5.805721
314	43.833333	44.333333	G-3	90	80	1	-1	-3.610078
315	43.977273	44.147727	F#4	90	80	0	4	-3.522723
316	44.147727	44.318182	B3	90	80	0	1	-3.549056
317	44.318182	45.000000	C5	90	80	0	5	-5.684589
318	44.333333	44.583333	B-2	90	80	1	-5	-3.730225
319	44.333333	44.583333	G-3	90	80	1	-1	-4.009362
320	44.583333	44.833333	B2	90	80	1	-4	-5.233707
321	44.583333	44.833333	G3	90	80	1	-1	-3.451917
322	44.833333	45.333333	B2	90	80	1	-5	-3.730225
323	44.833333	45.333333	G3	90	80	1	-1	-4.009362
324	45.000000	45.170455	C5	90	80	0	5	-4.495609
325	45.170455	45.340909	A4	90	80	0	3	-3.509161
326	45.333333	45.458333	C3	90	80	1	-4	-3.752799
327	45.333333	45.458333	B-3	90	80	1	-1	-4.244654
328	45.340909	45.511364	F4	90	80	0	2	-3.674662
329	45.511364	45.681818	D4	90	80	0	1	-3.157580
330	45.583333	46.583333	D-3	90	80	1	-4	-4.458307
331	45.583333	46.583333	A3	90	80	1	-1	-3.887622
332	45.681818	46.534091	C5	90	80	0	5	-4.284649
333	46.534091	46.704545	F4	90	80	0	2	-3.263552
334	46.583333	47.583333	D-4	90	80	1	-5	-7.923418
335	46.583333	47.583333	E4	90	80	1	-4	-4.523458
336	46.583333	47.583333	A4	90	80	1	-2	-2.507290
337	46.583333	47.583333	C5	90	80	1	-1	-2.415329
338	46.704545	46.875000	A4	90	80	0	4	-2.758588
339	46.875000	47.045455	D4	90	80	0	1	-2.857522
340	47.045455	47.556818	E-5	90	80	0	5	-5.561359
341	47.556818	47.727273	A-4	90	80	0	2	-3.263552
342	47.583333	49.583333	D-2	90	80	1	-5	-5.704159
343	47.583333	49.583333	A2	90	80	1	-4	-6.683330
344	47.583333	49.583333	C3	90	80	1	-2	-2.359478
345	47.583333	49.583333	D3	90	80	1	-1	-2.578439
346	47.727273	47.897727	C5	90	80	0	4	-3.927704
347	47.897727	48.068182	F4	90	80	0	1	-2.857522
348	48.068182	48.579545	C#5	90	80	0	5	-4.305381
349	48.579545	48.750000	F#4	90	80	0	2	-3.263552
350	48.750000	48.920455	A#4	90	80	0	4	-2.758588
351	48.920455	49.090909	D4	90	80	0	1	-3.549056
352	49.090909	49.602273	C5	90	80	0	5	-4.284649
353	49.583333	50.083333	D-4	90	80	1	-5	-15.251169
354	49.583333	50.083333	A4	90	80	1	-2	-4.203307
355	49.583333	50.083333	C5	90	80	1	-1	-2.415329
356	49.602273	49.772727	F4	90	80	0	2	-3.263552
357	49.772727	49.943182	A4	90	80	0	4	-2.758588
358	49.943182	50.113636	D-4	90	80	0	1	-3.577835
359	50.113636	50.625000	B4	90	80	0	5	-4.733635
360	50.458333	50.583333	G4	99	80	1	-2	-3.456527
361	50.583333	50.708333	D4	99	80	1	-3	-5.147120
362	50.625000	50.795455	E4	90	80	0	2	-3.263552
363	50.708333	50.833333	B3	99	80	1	-5	-3.990113
364	50.795455	50.965909	G#4	90	80	0	4	-3.522723
365	50.833333	50.958333	D4	99	80	1	-4	-4.139458
366	50.958333	51.083333	G4	99	80	1	-2	-2.507290
367	50.965909	51.136364	C4	90	80	0	1	-3.549056
368	51.083333	51.333333	B-4	99	80	1	-1	-3.101885
369	51.136364	51.988636	B-4	63	80	0	4	-4.568866
370	51.583333	51.958333	G#5	99	80	1	-3	-7.967240
371	51.958333	52.083333	F5	99	80	1	-1	-4.439870
372	51.988636	52.159091	C4	63	80	0	1	-3.493957
373	52.083333	52.208333	C5	99	80	1	-3	-3.831713
374	52.159091	52.329545	E-4	63	80	0	2	-3.246278
375	52.208333	52.333333	A4	99	80	1	-5	-3.990113
376	52.329545	52.500000	G4	63	80	0	4	-3.927704
377	52.500000	53.181818	B-4	63	80	0	5	-4.070264
378	53.181818	53.352273	B-4	63	80	0	5	-4.495609
379	53.208333	53.333333	A4	99	80	1	-5	-4.242005
380	53.333333	53.458333	C5	99	80	1	-4	-4.139458
381	53.352273	53.522727	G4	63	80	0	4	-4.503222
382	53.458333	53.583333	F5	99	80	1	-2	-2.507290
383	53.522727	53.693182	E-4	63	80	0	2	-3.901124
384	53.583333	54.083333	G#5	99	80	1	-1	-3.101885
385	53.693182	53.863636	C4	63	80	0	1	-3.360143
386	53.863636	54.375000	B-4	63	80	0	4	-4.568866
387	54.333333	54.458333	B3	99	80	1	-5	-6.473863
388	54.375000	54.545455	C4	63	80	0	1	-3.493957
389	54.458333	54.583333	G3	99	80	1	-3	-8.212705
390	54.545455	54.715909	E4	63	80	0	2	-2.525967
391	54.583333	54.708333	F#3	99	80	1	-4	-5.020222
392	54.708333	54.833333	E-3	99	80	1	-5	-5.804642
393	54.715909	54.886364	G4	63	80	0	4	-2.758588
394	54.886364	55.056818	B-4	63	80	0	5	-4.070264
395	55.056818	55.227273	G4	63	80	0	4	-4.503222
396	55.208333	55.333333	E4	99	80	1	-1	-6.632510
397	55.227273	55.397727	E-4	63	80	0	2	-3.901124
398	55.333333	55.458333	D-4	99	80	1	-2	-3.299403
399	55.397727	55.568182	C4	63	80	0	1	-3.360143
400	55.458333	55.583333	A-3	99	80	1	-4	-4.045906
401	55.568182	55.738636	E-4	63	80	0	2	-3.246278
402	55.583333	55.708333	F3	99	80	1	-5	-4.987940
403	55.738636	55.909091	G4	63	80	0	4	-3.927704
404	55.909091	56.079545	B-4	63	80	0	5	-4.070264
405	56.079545	56.250000	G4	63	80	0	4	-4.503222
406	56.208333	56.333333	E4	99	80	1	-4	-6.683330
407	56.250000	56.420455	E-4	63	80	0	2	-3.901124
408	56.333333	56.458333	G4	99	80	1	-2	-2.359478
409	56.420455	56.590909	C4	63	80	0	1	-3.360143
410	56.458333	56.583333	C5	99	80	1	-1	-2.320150
411	56.590909	56.761364	E-4	63	80	0	2	-3.246278
412	56.761364	56.931818	G4	63	80	0	4	-3.927704
413	56.931818	57.102273	B-4	63	80	0	5	-4.070264
414	57.083333	57.583333	B4	99	80	1	-2	-2.745489
415	57.102273	57.272727	G4	63	80	0	4	-4.503222
416	57.272727	57.443182	E-4	63	80	0	2	-3.901124
417	57.443182	57.613636	C4	63	80	0	1	-3.360143
418	57.458333	57.583333	G#4	99	80	1	-3	-3.464153
419	57.583333	57.708333	D#4	99	80	1	-5	-4.227379
420	57.613636	57.784091	E-4	63	80	0	2	-3.246278
421	57.708333	57.833333	B#3	99	80	1	-5	-7.206746
422	57.784091	57.954545	G4	63	80	0	4	-3.927704
423	57.833333	57.958333	D#4	99	80	1	-4	-4.807638
424	57.954545	58.295455	B-4	63	80	0	5	-4.070264
425	57.958333	58.083333	G#4	99	80	1	-2	-2.507290
426	58.083333	58.208333	B4	99	80	1	-1	-2.464298
427	58.295455	58.977273	C4	90	80	0	1	-4.031984
428	58.295455	58.977273	B-4	90	80	0	4	-4.568866
429	58.833333	59.708333	B3	99	80	1	-5	-2.314770
430	58.977273	59.659091	D-4	90	80	0	1	-2.969918
431	58.977273	59.659091	B-4	90	80	0	5	-3.707830
432	59.208333	59.333333	G#3	99	80	1	-1	-7.515526
433	59.333333	59.458333	D#3	99	80	1	-3	-3.831713
434	59.458333	59.583333	B#2	99	80	1	-5	-4.372251
435	59.583333	59.708333	D#3	99	80	1	-4	-4.807638
436	59.659091	60.340909	D4	90	80	0	1	-3.738292
437	59.659091	60.340909	B-4	90	80	0	4	-4.298356
438	59.708333	59.833333	G#3	99	80	1	-2	-2.507290
439	59.833333	60.458333	B3	99	80	1	-1	-2.464298
440	59.833333	60.083333	B3	99	80	1	-1	-4.426668
441	60.083333	60.208333	B3	99	80	1	-1	-4.426668
442	60.208333	60.333333	B#2	99	80	1	-5	-3.181034
443	60.333333	60.458333	D#3	99	80	1	-3	-4.350585
444	60.340909	60.511364	E-4	90	80	0	1	-2.857522
445	60.340909	60.511364	D-5	90	80	0	5	-4.284649
446	60.458333	60.583333	G#3	99	80	1	-1	-2.717521
447	60.681818	62.045455	E4	90	80	0	1	-4.031984
448	60.681818	62.045455	C5	90	80	0	2	-5.302163
449	60.708333	60.833333	G#3	99	80	1	-1	-4.426668
450	60.833333	60.958333	D#3	99	80	1	-3	-3.831713
451	60.958333	61.083333	B#2	99	80	1	-5	-4.372251
452	61.083333	61.208333	D#3	99	80	1	-4	-4.807638
453	61.208333	61.333333	G#3	99	80	1	-2	-2.507290
454	61.333333	61.458333	B3	99	80	1	-1	-2.464298
455	61.363636	61.875000	C6	63	80	0	5	-5.608073
456	61.458333	61.583333	D#3	99	80	1	-4	-4.339145
457	61.583333	61.708333	G#3	99	80	1	-2	-2.507290
458	61.708333	61.833333	B#2	99	80	1	-5	-4.626444
459	61.833333	61.958333	D#3	99	80	1	-4	-4.807638
460	61.875000	62.045455	F#5	63	80	0	2	-4.412763
461	61.958333	62.083333	G#3	99	80	1	-2	-2.507290
462	62.083333	62.208333	B3	99	80	1	-1	-2.464298
463	62.208333	62.333333	G#3	99	80	1	-2	-3.299403
464	62.333333	62.458333	F#3	99	80	1	-1	-4.644141
465	62.458333	62.583333	D#3	99	80	1	-2	-3.291596
466	62.583333	63.083333	C3	99	80	1	-3	-4.407505
467	62.727273	63.238636	F#4	63	80	0	4	-15.143990
468	63.083333	63.333333	B-2	99	80	1	-5	-5.121927
469	63.238636	63.409091	C4	63	80	0	1	-3.845468
470	63.333333	64.333333	A-3	90	80	1	-2	-5.277521
471	63.333333	64.333333	B3	90	80	1	-1	-2.464298
472	63.833333	64.083333	D#3	99	80	1	-5	-4.332318
473	64.083333	64.583333	E-3	99	80	1	-5	-4.242005
474	64.083333	64.833333	A-3	90	80	1	-2	-3.272976
475	64.083333	64.833333	B3	90	80	1	-1	-2.464298
476	64.090909	64.602273	C5	63	80	0	5	-2.242366
477	64.583333	64.833333	F3	99	80	1	-4	-4.223116
478	64.602273	64.772727	G4	63	80	0	2	-3.071676
479	64.772727	65.113636	C5	63	80	0	4	-2.909306
480	64.833333	65.333333	G3	99	80	1	-3	-2.915060
481	64.833333	65.333333	A-3	90	80	1	-2	-3.081523
482	64.833333	65.333333	B3	90	80	1	-1	-2.464298
483	65.113636	65.454545	B-4	63	80	0	3	-3.510496
484	65.333333	65.583333	F3	99	80	1	-2	-3.456527
485	65.454545	65.965909	E-5	63	80	0	1	-5.548003
486	65.583333	66.583333	E-3	99	80	1	-3	-3.464153
487	65.965909	66.136364	F5	63	80	0	2	-3.493146
488	66.306818	66.647727	C6	63	80	0	5	-3.528229
489	66.583333	66.833333	D#3	99	80	1	-3	-4.764209
490	66.583333	67.583333	A-3	90	80	1	-2	-3.936874
491	66.583333	67.583333	B3	90	80	1	-1	-2.464298
492	66.647727	66.818182	A5	63	80	0	4	-4.387405
493	66.818182	66.988636	E5	63	80	0	2	-3.266530
494	66.833333	67.583333	E-3	99	80	1	-3	-5.849543
495	66.988636	67.159091	D-5	63	80	0	1	-3.967913
496	67.583333	67.708333	C2	99	80	1	-5	-6.516573
497	67.708333	67.833333	E2	63	80	1	-3	-3.170876
498	67.833333	67.958333	A-2	63	80	1	-2	-3.749711
499	67.958333	68.083333	B2	63	80	1	-1	-2.464298
500	68.352273	68.522727	D-5	63	80	0	1	-4.507997
501	68.522727	68.693182	E5	63	80	0	2	-3.493146
502	68.583333	69.083333	F#3	63	80	1	-5	-8.591130
503	68.693182	68.863636	A5	63	80	0	4	-2.909306
504	68.863636	69.545455	C6	63	80	0	5	-3.402079
505	69.083333	69.583333	D4	63	80	1	-5	-7.206746
506	69.083333	70.083333	A4	90	80	1	-2	-2.554480
507	69.083333	70.083333	B4	90	80	1	-1	-2.578439
508	69.583333	70.083333	E-4	63	80	1	-2	-6.294886
509	69.886364	70.056818	F#4	63	80	0	2	-7.143677
510	70.056818	70.227273	E-4	63	80	0	1	-3.157580
511	70.083333	70.583333	E3	63	80	1	-5	-5.509717
512	70.083333	70.208333	E3	63	80	1	-5	-4.242005
513	70.208333	70.333333	A3	63	80	1	-3	-3.463793
514	70.227273	70.397727	B-3	63	80	0	2	-6.524929
515	70.333333	70.458333	B3	63	80	1	-2	-2.510186
516	70.397727	70.568182	G3	63	80	0	1	-3.360143
517	70.568182	70.738636	B-3	63	80	0	2	-3.246278
518	70.738636	70.909091	E4	63	80	0	1	-8.471566
519	70.909091	71.079545	F#4	63	80	0	2	-3.246278
520	71.083333	71.583333	F#4	63	80	1	-1	-6.027486
521	71.590909	72.102273	E5	63	80	0	5	-4.457166
522	72.102273	72.272727	D-5	63	80	0	4	-4.424487
523	72.272727	72.443182	A-4	63	80	0	2	-3.266530
524	72.333333	74.083333	D#3	90	80	1	-5	-4.233080
525	72.333333	74.083333	A-3	90	80	1	-5	-5.427640
526	72.443182	72.613636	F4	63	80	0	1	-3.360143
527	72.954545	73.295455	F#5	63	80	0	5	-5.561359
528	73.295455	73.465909	E-5	63	80	0	3	-3.509161
529	73.465909	73.636364	B-4	63	80	0	1	-2.905888
530	73.636364	73.806818	G4	63	80	0	2	-7.583777
531	74.488636	74.659091	D3	63	80	0	1	-7.803859
532	74.583333	74.708333	D5	63	80	1	-5	-8.265166
533	74.659091	74.829545	F3	63	80	0	2	-2.525967
534	74.708333	74.833333	F5	63	80	1	-3	-3.170876
535	74.829545	75.000000	A-3	63	80	0	3	-3.409656
536	74.833333	74.958333	B-5	63	80	1	-2	-3.749711
537	74.958333	75.083333	D-6	63	80	1	-1	-2.415329
538	75.000000	75.170455	D4	63	80	0	4	-8.246925
539	75.681818	76.193182	D#5	63	80	0	4	-8.124526
540	76.083333	76.208333	C6	63	80	1	-2	-4.597368
541	76.193182	76.363636	F#5	63	80	0	1	-6.131546
542	76.208333	76.333333	F6	63	80	1	-1	-2.320150
543	76.333333	76.458333	B-5	63	80	1	-4	-4.339145
544	76.363636	76.534091	B5	63	80	0	2	-3.465862
545	76.458333	76.583333	D-6	63	80	1	-2	-2.359478
546	76.534091	76.704545	C#6	63	80	0	3	-3.409656
547	76.704545	76.875000	B5	63	80	0	2	-3.286699
548	76.875000	77.045455	F#5	63	80	0	1	-3.898407
549	77.045455	77.386364	D#5	63	80	0	3	-5.936950
550	77.583333	78.083333	F#5	63	80	1	-4	-5.706597
551	77.897727	78.068182	C#5	63	80	0	2	-2.287533
552	78.068182	78.238636	B4	63	80	0	1	-3.360143
553	78.238636	78.409091	F#4	63	80	0	2	-7.583777
554	78.409091	78.920455	D#4	63	80	0	1	-3.157580
555	78.583333	80.583333	C3	63	80	1	-5	-6.863383
556	78.920455	79.090909	F#4	63	80	0	2	-2.525967
557	79.090909	79.261364	B4	63	80	0	4	-3.927704
558	79.261364	79.431818	C#5	63	80	0	5	-4.070264
559	79.431818	79.602273	B4	63	80	0	4	-4.503222
560	79.602273	79.772727	F#4	63	80	0	2	-3.901124
561	79.772727	80.284091	D#4	63	80	0	1	-3.157580
562	80.284091	80.454545	F#4	63	80	0	2	-2.525967
563	80.454545	80.625000	B4	63	80	0	4	-3.927704
564	80.625000	80.795455	C#5	63	80	0	5	-4.070264
565	80.795455	80.965909	B4	63	80	0	4	-4.503222
566	80.965909	81.136364	F#4	63	80	0	2	-3.901124
567	81.136364	81.306818	D#4	63	80	0	1	-3.157580
568	81.306818	81.477273	F#4	63	80	0	2	-2.525967
569	81.477273	81.647727	B4	63	80	0	4	-3.927704
570	81.647727	81.818182	C#5	63	80	0	5	-4.070264
571	81.818182	81.988636	B4	63	80	0	4	-4.503222
572	81.988636	82.159091	F#4	63	80	0	2	-3.901124
573	82.159091	82.329545	D#4	63	80	0	1	-3.157580
574	82.329545	82.500000	B4	63	80	0	4	-4.832705
575	82.500000	82.670455	F#4	63	80	0	2	-3.901124
576	82.670455	82.840909	C#5	63	80	0	5	-3.528229
577	82.840909	83.011364	B4	63	80	0	4	-4.503222
578	83.011364	83.181818	F#4	63	80	0	2	-3.901124
579	83.181818	83.352273	D#4	63	80	0	1	-3.157580
580	83.352273	83.522727	F#4	63	80	0	2	-2.525967
581	83.522727	83.693182	G#4	63	80	0	1	-5.369497
582	83.693182	83.863636	B4	63	80	0	2	-3.493146
583	83.863636	84.545455	D5	63	80	0	4	-2.758588
584	84.545455	84.886364	E5	63	80	0	5	-2.706622
585	84.886364	85.909091	D5	63	80	0	4	-2.814339
586	85.568182	85.909091	C5	63	80	0	3	-2.238713
587	85.909091	86.931818	E-4	90	80	0	1	-5.198182
588	85.909091	86.931818	F#4	90	80	0	3	-3.473158
589	85.909091	86.590909	B4	63	80	0	5	-3.340065
590	86.590909	86.931818	A4	63	80	0	4	-2.814339
591	86.931818	87.954545	E-4	90	80	0	1	-4.295977
592	86.931818	87.954545	F#4	90	80	0	2	-2.525967
593	86.931818	87.613636	G4	63	80	0	3	-3.686981
594	87.613636	87.954545	A4	63	80	0	4	-2.883688
595	87.954545	89.318182	E-4	90	80	0	1	-4.295977
596	87.954545	89.318182	F#4	90	80	0	2	-2.525967
597	87.954545	89.318182	B4	99	80	0	4	-3.927704
598	89.318182	89.659091	C5	99	80	0	5	-2.706622
599	89.659091	90.681818	B4	99	80	0	5	-6.167677
600	91.363636	91.534091	C3	99	80	0	1	-7.108616
601	91.534091	91.704545	E-3	99	80	0	2	-3.246278
602	91.704545	91.875000	A-3	99	80	0	4	-2.909306
603	91.875000	92.045455	B3	99	80	0	1	-5.463421
604	92.727273	94.090909	E#5	90	80	0	5	-6.788400
605	92.727273	94.090909	F5	90	80	0	1	-5.027158
606	92.727273	93.409091	C6	126	80	0	4	-4.054949
607	93.409091	94.090909	B5	126	80	0	5	-6.157168
608	94.772727	94.943182	C4	126	80	0	1	-7.108616
609	94.943182	95.113636	E-4	126	80	0	2	-3.246278
610	95.113636	95.284091	A#4	126	80	0	4	-4.859095
611	95.284091	95.454545	B4	126	80	0	5	-3.684684
612	96.136364	97.500000	F#4	126	80	0	3	-4.491606
613	97.159091	99.545455	C4	126	80	0	2	-6.209956
614	98.181818	99.545455	B3	126	80	0	1	-2.609267
615	99.545455	99.715909	C4	63	80	0	2	-2.867384
616	99.715909	99.886364	E-4	63	80	0	3	-3.409656
617	99.886364	100.056818	A-4	63	80	0	5	-3.128600
618	100.056818	100.227273	B4	63	80	0	1	-7.108616
619	101.590909	101.761364	C6	63	80	0	4	-8.009427
620	101.761364	101.931818	E-6	63	80	0	5	-4.070264
621	101.931818	102.102273	A-5	63	80	0	2	-3.263552
622	102.102273	102.272727	B5	63	80	0	4	-3.580467
623	103.636364	103.806818	C5	63	80	0	1	-3.549056
624	103.806818	104.147727	E-5	63	80	0	2	-3.246278
625	103.806818	103.977273	E-5	63	80	0	2	-4.554564
626	103.977273	104.147727	A5	63	80	0	4	-5.030376
627	104.147727	104.318182	B5	63	80	0	5	-2.706622
628	105.000000	105.340909	F5	63	80	0	2	-3.071676
629	105.000000	105.170455	F5	63	80	0	1	-4.802885
630	105.170455	105.340909	A-5	63	80	0	2	-3.246278
631	105.340909	105.511364	D-6	63	80	0	4	-2.909306
632	105.511364	105.681818	E6	63	80	0	5	-3.871087
633	106.534091	106.704545	E4	63	80	0	1	-6.163296
634	106.704545	106.875000	G4	63	80	0	2	-2.525967
635	106.875000	107.045455	C5	63	80	0	4	-2.909306
636	107.045455	107.215909	E-5	63	80	0	5	-4.070264
