//Version: PianoFingering_v170101
1	0.000000	0.125000	G#4	90	80	1	-2	-2.178510
2	0.125000	0.500000	F#4	90	80	1	-3	-2.891080
3	0.500000	0.625000	G#4	90	80	1	-2	-2.510186
4	0.625000	1.000000	F#4	90	80	1	-3	-2.891080
5	1.000000	1.125000	G#4	90	80	1	-2	-2.510186
6	1.071429	1.339286	B-4	63	80	0	2	-1.773062
7	1.125000	1.500000	F#4	90	80	1	-3	-2.891080
8	1.339286	2.142857	B4	63	80	0	3	-3.686981
9	1.500000	2.500000	E4	90	80	1	-4	-4.404178
10	1.500000	2.500000	G4	90	80	1	-2	-2.359478
11	1.500000	2.500000	G#4	90	80	1	-1	-4.284379
12	2.142857	2.410714	B-4	63	80	0	2	-3.151465
13	2.410714	3.214286	B4	63	80	0	3	-3.686981
14	2.500000	3.500000	E-3	90	80	1	-5	-3.781310
15	2.500000	3.500000	D4	90	80	1	-5	-7.597455
16	3.214286	3.482143	B-4	63	80	0	2	-3.151465
17	3.482143	4.285714	B4	63	80	0	3	-3.686981
18	3.500000	5.500000	G4	90	80	1	-2	-3.272976
19	3.500000	5.500000	G#4	90	80	1	-1	-4.284379
20	3.625000	4.500000	F#4	90	80	1	-2	-2.745489
21	4.285714	6.428571	A4	90	80	0	2	-2.287533
22	4.285714	6.428571	B-4	90	80	0	3	-3.190537
23	4.285714	6.428571	D5	63	80	0	5	-3.340065
24	4.500000	4.625000	G#4	90	80	1	-1	-2.578439
25	4.625000	5.000000	F#4	90	80	1	-2	-2.745489
26	5.000000	5.125000	G4	90	80	1	-1	-3.404249
27	5.125000	5.500000	F#4	90	80	1	-2	-3.720116
28	5.500000	6.500000	E-4	90	80	1	-4	-3.718276
29	5.500000	6.500000	G4	90	80	1	-2	-2.871001
30	5.500000	6.500000	G#4	90	80	1	-1	-4.284379
31	6.428571	8.571429	E-5	90	80	0	1	-8.167035
32	6.428571	8.571429	D6	90	80	0	5	-6.053771
33	6.500000	7.500000	A-3	90	80	1	-5	-2.314770
34	6.500000	7.500000	G#4	90	80	1	-1	-1.202832
35	7.500000	8.500000	E-3	90	80	1	-5	-3.781310
36	7.500000	8.500000	D4	90	80	1	-5	-7.597455
37	8.000000	8.125000	G4	90	80	1	-2	-3.272976
38	8.000000	8.125000	G#4	90	80	1	-1	-4.284379
39	8.125000	8.500000	F#4	90	80	1	-2	-2.745489
40	8.500000	9.000000	E-4	90	80	1	-4	-3.718276
41	8.500000	9.000000	G4	90	80	1	-2	-2.871001
42	8.500000	9.000000	G#4	90	80	1	-1	-4.284379
43	9.000000	9.500000	A-3	90	80	1	-5	-2.314770
44	9.000000	9.500000	G#4	90	80	1	-1	-1.202832
45	9.500000	10.500000	E-3	90	80	1	-5	-3.781310
46	9.500000	10.500000	D4	90	80	1	-1	-7.124820
47	9.642857	11.785714	A4	90	80	0	1	-4.498352
48	9.642857	11.785714	B-4	90	80	0	2	-3.900292
49	9.910714	11.785714	B-4	63	80	0	2	-4.554564
50	10.000000	10.125000	B2	90	80	1	-3	-7.967240
51	10.000000	10.125000	B#2	90	80	1	-2	-2.510186
52	10.125000	10.500000	A#2	90	80	1	-3	-3.464153
53	10.500000	11.000000	G-2	90	80	1	-4	-5.020222
54	10.500000	11.000000	B2	90	80	1	-2	-2.871001
55	10.500000	11.000000	B#2	90	80	1	-1	-2.578439
56	11.000000	11.500000	A-3	90	80	1	-5	-8.591130
57	11.000000	11.500000	G4	90	80	1	-1	-7.124820
58	11.785714	12.053571	B-4	63	80	0	2	-4.554564
59	12.000000	12.500000	B-2	90	80	1	-5	-5.753604
60	12.000000	12.500000	A3	90	80	1	-1	-7.124820
61	12.053571	12.857143	B4	63	80	0	3	-3.686981
62	12.857143	15.000000	A4	90	80	0	2	-2.287533
63	12.857143	15.000000	B4	90	80	0	3	-2.675961
64	12.857143	15.000000	D5	63	80	0	1	-11.001050
65	13.000000	13.500000	D-3	90	80	1	-5	-4.332318
66	13.000000	13.500000	C4	90	80	1	-1	-7.124820
67	13.500000	15.500000	E-3	90	80	1	-5	-4.114892
68	13.500000	15.500000	D4	90	80	1	-5	-7.597455
69	14.000000	15.000000	C5	90	80	1	-2	-5.277521
70	14.000000	15.000000	C#5	90	80	1	-1	-4.284379
71	14.000000	14.125000	C#5	90	80	1	-1	-4.426668
72	14.125000	15.000000	B4	90	80	1	-2	-4.084076
73	15.000000	17.142857	A-5	90	80	0	2	-5.017340
74	15.000000	17.142857	G6	90	80	0	5	-7.159378
75	15.000000	15.125000	C#5	90	80	1	-1	-3.101885
76	15.125000	15.500000	B4	90	80	1	-2	-4.084076
77	15.500000	17.500000	A-4	90	80	1	-3	-3.464153
78	15.500000	17.500000	C5	90	80	1	-2	-4.126498
79	15.500000	17.500000	C#5	90	80	1	-1	-4.284379
80	16.500000	17.500000	F3	90	80	1	-5	-6.196562
81	17.142857	19.285714	E-5	90	80	0	1	-5.436724
82	17.142857	19.285714	D6	90	80	0	5	-6.053771
83	17.500000	19.500000	C5	90	80	1	-4	-5.094177
84	17.500000	19.500000	C#5	90	80	1	-3	-2.906925
85	17.500000	17.625000	C#5	90	80	1	-3	-4.764209
86	17.625000	19.000000	B4	90	80	1	-4	-4.404178
87	18.214286	18.482143	B-4	63	80	0	1	-5.436724
88	18.482143	19.285714	B4	63	80	0	2	-5.579477
89	19.000000	19.125000	D#5	90	80	1	-2	-3.159098
90	19.125000	19.500000	C#5	90	80	1	-3	-2.891080
91	19.285714	20.357143	A4	90	80	0	1	-2.609267
92	19.285714	20.357143	B4	90	80	0	2	-2.867384
93	19.285714	20.357143	D5	63	80	0	3	-3.012122
94	19.500000	20.000000	C#5	90	80	1	-3	-4.764209
95	19.500000	19.750000	D5	90	80	1	-2	-3.642491
96	19.500000	20.000000	D#5	90	80	1	-1	-4.284379
97	20.000000	20.125000	C#5	90	80	1	-2	-2.745489
98	20.125000	20.500000	B4	90	80	1	-3	-4.407505
99	20.357143	21.428571	D-5	90	80	0	2	-3.151465
100	20.357143	21.428571	C6	90	80	0	5	-7.159378
101	20.500000	22.500000	A4	90	80	1	-4	-3.061136
102	20.500000	22.500000	C5	90	80	1	-2	-2.359478
103	20.500000	22.500000	C#5	90	80	1	-1	-4.284379
104	21.428571	23.571429	E-5	90	80	0	1	-3.521239
105	21.428571	23.571429	D6	90	80	0	5	-6.053771
106	21.500000	22.000000	B-2	90	80	1	-5	-4.456078
107	22.000000	22.500000	F3	90	80	1	-5	-7.206746
108	22.500000	22.767857	B-4	63	80	0	1	-5.436724
109	22.767857	23.571429	B4	63	80	0	2	-5.579477
110	23.000000	23.125000	F5	90	80	1	-4	-6.683330
111	23.000000	23.125000	F#5	90	80	1	-3	-2.906925
112	23.125000	23.500000	E5	90	80	1	-5	-4.372251
113	23.500000	24.500000	A5	90	80	1	-3	-3.463793
114	23.500000	24.500000	A#5	90	80	1	-2	-3.081523
115	23.571429	24.642857	A4	90	80	0	1	-2.609267
116	23.571429	24.642857	B-4	90	80	0	2	-3.900292
117	23.571429	24.642857	D5	63	80	0	3	-4.453766
118	23.625000	24.500000	G#5	90	80	1	-3	-2.891080
119	24.500000	25.000000	G5	90	80	1	-4	-3.777019
120	24.500000	25.000000	A5	90	80	1	-3	-2.915060
121	24.500000	25.000000	A#5	90	80	1	-2	-3.081523
122	24.642857	25.714286	D-5	90	80	0	2	-3.151465
123	24.642857	25.714286	C6	90	80	0	5	-7.159378
124	25.000000	25.125000	F#5	90	80	1	-3	-4.063676
125	25.125000	25.500000	F5	90	80	1	-1	-3.371140
126	25.500000	27.500000	E5	90	80	1	-2	-2.745489
127	25.500000	27.500000	F5	90	80	1	-1	-2.578439
128	25.714286	26.785714	B-4	90	80	0	1	-4.588094
129	25.714286	26.785714	A5	90	80	0	5	-6.053771
130	26.500000	27.000000	D#5	90	80	1	-3	-4.826899
131	26.500000	27.000000	E5	90	80	1	-2	-3.642491
132	26.500000	27.000000	F5	90	80	1	-1	-2.578439
133	26.785714	27.857143	A-4	90	80	0	1	-4.270482
134	26.785714	27.857143	G5	90	80	0	5	-6.053771
135	27.000000	27.500000	D5	90	80	1	-2	-3.291596
136	27.125000	27.500000	C#5	90	80	1	-3	-3.848567
137	27.500000	27.625000	C#5	90	80	1	-3	-4.764209
138	27.500000	28.000000	D#5	90	80	1	-2	-2.510186
139	27.625000	28.000000	B4	90	80	1	-4	-4.761119
140	27.857143	28.928571	G-4	90	80	0	1	-4.270482
141	27.857143	28.928571	F5	90	80	0	5	-6.053771
142	28.000000	28.125000	C5	90	80	1	-3	-2.915060
143	28.000000	28.125000	C#5	90	80	1	-2	-3.081523
144	28.125000	28.500000	B4	90	80	1	-3	-4.407505
145	28.500000	30.500000	A-4	90	80	1	-4	-4.210732
146	28.500000	30.500000	C5	90	80	1	-2	-2.871001
147	28.500000	30.500000	C#5	90	80	1	-1	-4.284379
148	28.928571	30.000000	A-4	90	80	0	1	-3.521239
149	28.928571	30.000000	G5	90	80	0	5	-6.053771
150	29.500000	30.500000	F3	90	80	1	-5	-6.196562
151	30.000000	34.285714	E-4	90	80	0	1	-5.436724
152	30.000000	34.285714	D5	90	80	0	5	-6.053771
153	30.500000	31.500000	B-2	90	80	1	-5	-7.597455
154	31.500000	32.500000	B3	90	80	1	-1	-6.632510
155	32.500000	34.000000	F4	90	80	1	-2	-6.730551
156	32.500000	33.500000	F4	90	80	1	-2	-3.999177
157	33.500000	34.000000	E4	90	80	1	-3	-2.891080
158	34.000000	35.000000	F4	90	80	1	-2	-2.510186
159	34.285714	38.571429	D5	90	80	0	1	-5.027158
160	34.285714	38.571429	E-5	90	80	0	2	-3.900292
161	34.285714	38.571429	G5	90	80	0	3	-4.453766
162	34.500000	35.500000	F4	90	80	1	-2	-3.999177
163	35.000000	35.500000	E-4	90	80	1	-3	-3.464153
164	35.500000	36.500000	F4	90	80	1	-2	-2.872099
165	35.500000	36.500000	F4	90	80	1	-2	-3.999177
166	36.428571	38.571429	G-6	63	80	0	5	-8.225530
167	36.500000	37.500000	F4	90	80	1	-2	-3.999177
168	37.000000	37.500000	C#4	90	80	1	-4	-4.647576
169	37.500000	39.500000	F4	90	80	1	-2	-2.871001
170	38.500000	39.500000	D4	90	80	1	-3	-4.063676
171	39.500000	41.500000	E4	90	80	1	-2	-2.510186
172	39.500000	41.500000	A4	90	80	1	-1	-2.320150
173	39.642857	40.714286	D5	63	80	0	1	-5.695314
174	39.642857	39.910714	E-5	63	80	0	2	-3.900292
175	39.910714	40.714286	E5	63	80	0	1	-4.072488
176	40.000000	40.062500	A#5	90	80	1	-2	-8.605581
177	40.062500	40.125000	B#5	90	80	1	-1	-2.464298
178	40.125000	40.187500	C6	90	80	1	-1	-4.426668
179	40.187500	40.250000	C#6	90	80	1	-2	-4.643648
180	40.250000	40.312500	E6	90	80	1	-1	-2.464298
181	40.714286	42.857143	F5	90	80	0	2	-2.867384
182	40.714286	42.857143	G-5	90	80	0	3	-3.190537
183	40.982143	42.857143	G-5	63	80	0	3	-4.378151
184	42.000000	42.062500	D5	90	80	1	-5	-3.842215
185	42.062500	42.125000	F5	90	80	1	-4	-4.139458
186	42.125000	42.187500	F#5	90	80	1	-3	-2.906925
187	42.187500	42.250000	G5	90	80	1	-2	-3.642491
188	42.250000	42.312500	A5	90	80	1	-1	-2.578439
189	42.857143	43.125000	F5	63	80	0	2	-2.803601
190	43.125000	43.928571	F#5	63	80	0	3	-3.190537
191	43.500000	44.500000	A4	90	80	1	-5	-2.314770
192	43.928571	44.196429	E-5	63	80	0	2	-3.674662
193	44.196429	45.000000	E5	63	80	0	3	-3.686981
194	44.500000	45.500000	A4	90	80	1	-5	-4.242005
195	44.500000	45.000000	A4	90	80	1	-1	-7.515526
196	45.000000	49.285714	D5	90	80	0	2	-2.287533
197	45.000000	49.285714	E-5	90	80	0	3	-3.190537
198	45.000000	49.285714	G5	90	80	0	5	-3.340065
199	45.000000	45.500000	E4	90	80	1	-2	-3.456527
200	45.500000	46.000000	E4	90	80	1	-2	-3.999177
201	45.500000	47.000000	A4	90	80	1	-1	-2.320150
202	46.000000	47.000000	E4	90	80	1	-2	-3.456527
203	47.000000	48.500000	A4	90	80	1	-1	-2.320150
204	47.000000	47.500000	A4	90	80	1	-1	-4.426668
205	47.142857	48.214286	C-6	63	80	0	1	-6.440580
206	47.500000	48.000000	F4	90	80	1	-2	-3.291596
207	48.000000	48.500000	E4	90	80	1	-3	-2.891080
208	48.214286	49.285714	G-6	63	80	0	5	-4.305381
209	48.500000	50.500000	B3	90	80	1	-5	-4.227379
210	48.500000	50.500000	F4	90	80	1	-1	-3.477173
211	49.285714	52.500000	G5	90	80	0	1	-3.885272
212	49.285714	52.500000	A-5	90	80	0	2	-3.900292
213	49.500000	50.500000	D2	90	80	1	-5	-4.456078
214	49.500000	50.500000	C#3	90	80	1	-2	-6.336491
215	49.553571	52.500000	A5	63	80	0	1	-4.072488
216	50.500000	52.500000	A#3	90	80	1	-4	-7.648546
217	50.500000	52.500000	E#4	90	80	1	-1	-3.887622
218	51.500000	52.500000	D2	90	80	1	-5	-4.456078
219	51.500000	52.500000	C#3	90	80	1	-2	-6.336491
220	52.500000	52.767857	C6	63	80	0	2	-2.525967
221	52.500000	54.500000	A#3	90	80	1	-4	-7.648546
222	52.500000	54.500000	E#4	90	80	1	-1	-3.887622
223	52.767857	53.571429	C#6	63	80	0	3	-3.190537
224	53.500000	54.500000	D2	90	80	1	-5	-4.456078
225	53.500000	54.500000	C#3	90	80	1	-2	-6.336491
226	53.571429	56.785714	A5	90	80	0	1	-3.996553
227	53.571429	56.785714	B-5	90	80	0	2	-3.900292
228	53.839286	56.785714	B5	63	80	0	3	-3.686981
229	54.500000	56.500000	A#3	90	80	1	-4	-7.648546
230	54.500000	56.500000	E#4	90	80	1	-1	-3.887622
231	55.500000	57.500000	D2	90	80	1	-5	-4.456078
232	55.500000	57.500000	C#3	90	80	1	-2	-6.336491
233	56.500000	57.500000	A#3	90	80	1	-4	-7.648546
234	56.500000	57.500000	E#4	90	80	1	-1	-3.887622
235	56.785714	57.053571	G#5	63	80	0	2	-3.032881
236	57.053571	57.857143	A-5	63	80	0	2	-4.554564
237	57.500000	59.500000	G3	90	80	1	-5	-3.181034
238	57.500000	59.500000	D4	90	80	1	-1	-3.477173
239	57.857143	60.000000	E5	90	80	0	1	-4.134704
240	57.857143	60.000000	F5	90	80	0	2	-2.867384
241	58.125000	61.071429	G-5	63	80	0	3	-3.190537
242	58.500000	59.500000	E2	90	80	1	-5	-5.805721
243	58.500000	59.500000	D#3	90	80	1	-1	-5.964413
244	59.500000	61.500000	G3	90	80	1	-4	-7.964472
245	59.500000	61.500000	D4	90	80	1	-1	-2.959487
246	60.500000	61.500000	E2	90	80	1	-5	-5.805721
247	60.500000	61.500000	D#3	90	80	1	-1	-5.964413
248	61.071429	61.339286	E-5	63	80	0	2	-3.674662
249	61.339286	62.142857	E5	63	80	0	3	-3.686981
250	61.500000	63.500000	G3	90	80	1	-4	-7.964472
251	61.500000	63.500000	D4	90	80	1	-1	-2.959487
252	62.142857	66.428571	D5	90	80	0	2	-2.287533
253	62.142857	66.428571	E-5	90	80	0	3	-3.190537
254	62.142857	66.428571	G5	90	80	0	5	-3.340065
255	62.500000	63.500000	F#2	90	80	1	-5	-6.587391
256	62.500000	63.500000	E#3	90	80	1	-5	-7.597455
257	63.500000	65.500000	G3	90	80	1	-4	-3.907966
258	63.500000	65.500000	D4	90	80	1	-1	-2.959487
259	64.285714	66.428571	C-6	63	80	0	1	-6.440580
260	64.500000	65.500000	G2	90	80	1	-5	-4.212346
261	64.500000	65.500000	F#3	90	80	1	-1	-5.964413
262	66.428571	68.571429	G-6	63	80	0	5	-4.305381
263	66.500000	67.500000	G2	90	80	1	-5	-4.598096
264	66.500000	67.500000	F#3	90	80	1	-1	-5.964413
265	68.500000	70.000000	G1	90	80	1	-5	-6.716097
266	68.500000	70.000000	F#2	90	80	1	-1	-5.964413
267	68.571429	70.714286	C-5	63	80	0	2	-7.534385
268	70.000000	70.500000	F#3	90	80	1	-2	-6.879129
269	70.000000	70.500000	A#3	90	80	1	-1	-2.415329
270	70.500000	71.000000	G1	90	80	1	-5	-5.805721
271	70.500000	71.000000	F#2	90	80	1	-1	-5.964413
272	70.714286	77.142857	F#4	63	80	0	1	-3.898407
273	71.000000	71.500000	F#3	90	80	1	-2	-6.879129
274	71.000000	71.500000	A#3	90	80	1	-1	-2.415329
275	71.500000	71.833333	G1	90	80	1	-5	-5.805721
276	71.500000	71.833333	F#2	90	80	1	-1	-5.964413
277	71.785714	73.928571	G4	63	80	0	2	-5.579477
278	71.833333	72.166667	F#3	90	80	1	-2	-6.879129
279	71.833333	72.166667	A#3	90	80	1	-1	-2.415329
280	72.166667	72.500000	G1	90	80	1	-5	-5.805721
281	72.166667	72.500000	F#2	90	80	1	-2	-6.336491
282	72.500000	73.000000	C3	90	80	1	-1	-4.366821
283	73.000000	73.500000	D3	90	80	1	-3	-4.611792
284	73.000000	73.500000	F##3	90	80	1	-1	-2.717521
285	73.500000	75.500000	G2	90	80	1	-5	-2.314770
286	73.500000	75.500000	F#3	90	80	1	-1	-5.964413
287	73.928571	75.000000	A4	63	80	0	3	-2.675961
288	75.000000	77.142857	F#4	90	80	0	2	-3.032881
289	75.000000	77.142857	G4	90	80	0	3	-3.686981
290	75.500000	75.625000	E-5	90	80	1	-4	-15.292226
291	75.625000	75.687500	F#5	90	80	1	-2	-2.359478
292	75.687500	75.750000	G5	90	80	1	-1	-3.404249
293	75.750000	75.812500	G#5	90	80	1	-2	-4.643648
294	76.000000	77.000000	B5	90	80	1	-1	-2.464298
295	77.000000	77.500000	F#3	90	80	1	-5	-5.704159
296	77.000000	77.500000	A#3	90	80	1	-4	-4.139458
297	77.142857	78.214286	F#4	63	80	0	2	-3.151465
298	77.500000	78.000000	G1	90	80	1	-5	-6.863383
299	77.500000	78.000000	F#2	90	80	1	-1	-5.964413
300	78.000000	78.500000	D#3	90	80	1	-2	-6.730551
301	78.000000	78.500000	F##3	90	80	1	-1	-3.262923
302	78.214286	79.285714	G4	63	80	0	3	-3.686981
303	78.500000	79.000000	A-1	90	80	1	-5	-7.040401
304	78.500000	79.000000	G2	90	80	1	-5	-7.597455
305	79.000000	79.500000	D#3	90	80	1	-2	-4.281723
306	79.000000	79.500000	F##3	90	80	1	-1	-3.262923
307	79.285714	82.500000	F4	63	80	0	2	-2.287533
308	79.285714	80.357143	B-4	63	80	0	4	-3.522723
309	79.500000	80.500000	A1	90	80	1	-5	-5.805721
310	79.500000	80.500000	G#2	90	80	1	-1	-5.964413
311	80.357143	82.500000	A4	63	80	0	3	-3.302559
312	80.500000	81.500000	B-1	90	80	1	-5	-3.181034
313	80.500000	81.500000	A#2	90	80	1	-1	-1.202832
314	81.500000	81.562500	C#5	90	80	1	-1	-7.349812
315	81.562500	81.625000	C#5	90	80	1	-1	-4.426668
316	81.625000	81.687500	B4	90	80	1	-2	-4.084076
317	81.687500	82.000000	A-4	90	80	1	-3	-3.464153
318	82.000000	82.062500	A4	90	80	1	-2	-3.642491
319	82.062500	82.125000	A-4	90	80	1	-3	-3.848567
320	82.125000	82.187500	G4	90	80	1	-1	-3.371140
321	82.187500	82.500000	F-4	90	80	1	-2	-3.291596
322	82.500000	85.714286	F#4	63	80	0	2	-3.032881
323	82.500000	84.500000	F4	90	80	1	-1	-2.578439
324	82.625000	82.750000	E4	90	80	1	-2	-2.745489
325	82.750000	82.875000	E-4	90	80	1	-3	-3.848567
326	82.875000	84.500000	C4	90	80	1	-1	-4.439870
327	84.500000	84.750000	C3	90	80	1	-5	-2.314770
328	84.642857	85.714286	A4	63	80	0	3	-3.265372
329	85.500000	86.500000	D5	90	80	1	-1	-6.847571
330	85.714286	90.000000	F#4	90	80	0	2	-3.032881
331	85.714286	90.000000	B4	90	80	0	4	-3.927704
332	87.500000	88.000000	F4	90	80	1	-4	-4.458307
333	87.857143	87.991071	C6	63	80	0	1	-6.948157
334	87.991071	88.125000	C#6	63	80	0	2	-3.900292
335	88.000000	91.500000	A-4	90	80	1	-2	-3.337019
336	88.125000	88.258929	D6	63	80	0	3	-3.686981
337	88.258929	90.937500	F6	63	80	0	5	-2.681011
338	88.500000	89.000000	A-4	90	80	1	-1	-4.535716
339	89.000000	89.500000	F-4	90	80	1	-2	-4.597368
340	89.500000	90.500000	A-4	90	80	1	-1	-3.194227
341	90.500000	92.000000	E-4	90	80	1	-2	-3.456527
342	91.741071	91.875000	F#5	45	80	0	1	-4.221033
343	91.875000	92.008929	G5	45	80	0	2	-5.579477
344	92.000000	92.500000	E-4	90	80	1	-2	-3.999177
345	92.008929	92.142857	G#5	45	80	0	3	-3.190537
346	92.142857	93.214286	B5	45	80	0	5	-3.635747
347	92.500000	93.500000	A-4	90	80	1	-1	-2.320150
348	93.000000	93.500000	E-4	90	80	1	-2	-3.456527
349	93.214286	95.357143	B4	45	80	0	1	-1.922714
350	93.500000	94.500000	A-4	90	80	1	-1	-2.320150
351	94.000000	94.500000	F4	90	80	1	-2	-4.084076
352	94.500000	96.500000	D-4	90	80	1	-4	-4.647576
353	94.500000	96.500000	A4	90	80	1	-1	-3.887622
354	95.357143	98.571429	F#4	45	80	0	4	-7.341475
355	95.357143	97.500000	F#4	45	80	0	3	-5.185589
356	95.500000	96.500000	A2	90	80	1	-5	-5.451251
357	97.500000	98.571429	B4	45	80	0	5	-3.340065
358	97.500000	98.000000	D#4	90	80	1	-4	-14.894098
359	98.000000	98.500000	G#4	90	80	1	-2	-2.507290
360	98.500000	99.000000	G#4	90	80	1	-2	-3.999177
361	98.500000	99.000000	G#4	90	80	1	-2	-3.999177
362	98.571429	100.714286	F4	90	80	0	2	-3.071676
363	98.571429	100.714286	A4	90	80	0	3	-3.012122
364	99.000000	100.000000	C#4	90	80	1	-5	-3.155341
365	100.000000	101.000000	G#4	90	80	1	-2	-2.554480
366	100.000000	100.500000	G#4	90	80	1	-1	-4.535716
367	100.500000	101.000000	B-3	90	80	1	-5	-3.181034
368	100.714286	105.000000	F#4	45	80	0	2	-3.032881
369	101.000000	102.500000	G#4	90	80	1	-1	-3.610078
370	101.000000	102.000000	G#4	90	80	1	-1	-4.426668
371	101.785714	102.857143	G#4	45	80	0	3	-2.675961
372	102.000000	102.500000	B-3	90	80	1	-4	-4.921584
373	102.500000	104.500000	A3	90	80	1	-5	-4.693569
374	102.500000	104.500000	G4	90	80	1	-1	-3.610078
375	102.857143	103.928571	A4	45	80	0	1	-4.595018
376	103.500000	104.500000	F#2	90	80	1	-5	-5.704159
377	103.500000	104.500000	E#3	90	80	1	-5	-7.597455
378	103.928571	105.000000	B4	45	80	0	2	-2.867384
379	105.000000	109.285714	F#4	90	80	0	1	-3.898407
380	105.000000	109.285714	C#5	90	80	0	2	-3.928858
381	105.000000	105.500000	E-4	90	80	1	-2	-4.731534
382	105.000000	105.062500	E-4	90	80	1	-2	-3.999177
383	105.062500	105.125000	F4	90	80	1	-1	-2.464298
384	105.125000	105.187500	F#4	90	80	1	-2	-4.643648
385	105.187500	105.250000	G4	90	80	1	-1	-3.404249
386	106.000000	106.500000	A3	90	80	1	-3	-6.517685
387	106.500000	107.000000	E#3	90	80	1	-5	-3.990113
388	107.000000	107.500000	E-4	90	80	1	-2	-4.731534
389	107.000000	107.500000	G#4	90	80	1	-1	-2.320150
390	107.142857	109.285714	G5	90	80	0	1	-8.471566
391	107.142857	109.285714	F#6	90	80	0	5	-5.878027
392	107.500000	108.000000	A3	90	80	1	-5	-4.598096
393	108.000000	108.500000	F2	90	80	1	-5	-14.925206
394	108.000000	108.500000	E#3	90	80	1	-1	-1.202832
395	108.500000	109.000000	E-4	90	80	1	-5	-6.864678
396	108.500000	109.000000	G#4	90	80	1	-3	-3.463793
397	109.000000	109.500000	A3	90	80	1	-1	-14.469609
398	109.285714	113.571429	F#4	90	80	0	1	-6.163296
399	109.285714	113.571429	C#5	90	80	0	2	-3.928858
400	109.500000	110.000000	F#2	90	80	1	-5	-4.510402
401	109.500000	110.000000	E#3	90	80	1	-5	-7.597455
402	110.000000	110.500000	E-4	90	80	1	-2	-4.731534
403	110.000000	110.500000	G#4	90	80	1	-1	-2.320150
404	110.500000	111.500000	F#2	90	80	1	-5	-4.456078
405	110.500000	111.500000	E#3	90	80	1	-1	-7.124820
406	111.428571	113.571429	G5	90	80	0	1	-8.471566
407	111.428571	113.571429	F#6	90	80	0	5	-5.878027
408	111.500000	112.500000	F#3	90	80	1	-3	-5.495075
409	111.500000	112.500000	E#4	90	80	1	-1	-6.473904
410	112.500000	114.500000	F#2	90	80	1	-5	-7.040401
411	112.500000	114.500000	E#3	90	80	1	-1	-7.124820
412	113.571429	117.857143	F#4	90	80	0	1	-6.163296
413	113.571429	117.857143	C#5	90	80	0	2	-3.928858
414	114.500000	115.500000	B-2	90	80	1	-5	-4.332318
415	114.500000	115.500000	A3	90	80	1	-5	-7.597455
416	115.714286	117.857143	G5	90	80	0	1	-8.471566
417	115.714286	117.857143	F#6	90	80	0	5	-5.878027
418	116.000000	116.500000	A3	90	80	1	-5	-4.242005
419	116.000000	116.500000	G4	90	80	1	-1	-3.610078
420	116.500000	117.000000	B-3	90	80	1	-5	-4.114892
421	116.500000	117.000000	A4	90	80	1	-1	-7.124820
422	117.000000	117.500000	D-4	90	80	1	-5	-4.332318
423	117.000000	117.500000	C5	90	80	1	-1	-7.124820
424	117.500000	118.000000	E-4	90	80	1	-5	-4.114892
425	117.500000	118.000000	D5	90	80	1	-1	-7.124820
426	117.857143	122.142857	F#4	90	80	0	1	-6.163296
427	117.857143	122.142857	C#5	90	80	0	2	-3.928858
428	118.500000	119.500000	A-3	90	80	1	-5	-6.587391
429	118.500000	119.500000	G4	90	80	1	-1	-7.124820
430	119.500000	120.000000	E-3	90	80	1	-5	-5.753604
431	119.500000	120.000000	D4	90	80	1	-1	-7.124820
432	120.000000	124.285714	G5	90	80	0	1	-8.471566
433	120.000000	124.285714	F#6	90	80	0	5	-5.878027
434	120.000000	120.500000	A-2	90	80	1	-5	-6.587391
435	120.000000	120.500000	G3	90	80	1	-1	-7.124820
436	120.500000	121.000000	B-2	90	80	1	-5	-4.114892
437	120.500000	121.000000	A3	90	80	1	-1	-7.124820
438	121.000000	121.500000	D-3	90	80	1	-5	-4.332318
439	121.000000	121.500000	C4	90	80	1	-1	-7.124820
440	121.500000	122.000000	E-3	90	80	1	-5	-4.114892
441	121.500000	122.000000	D4	90	80	1	-1	-7.124820
442	122.142857	124.285714	F#4	90	80	0	1	-6.163296
443	122.142857	124.285714	C#5	90	80	0	5	-4.274449
444	122.500000	123.500000	A-2	90	80	1	-5	-6.587391
445	122.500000	123.500000	G3	90	80	1	-5	-7.597455
446	124.000000	124.062500	G#4	45	80	1	-1	-6.847571
447	124.062500	124.125000	G4	45	80	1	-2	-4.597368
448	124.125000	125.500000	F#4	45	80	1	-3	-3.848567
449	124.285714	128.571429	E-4	90	80	0	1	-3.027253
450	124.285714	128.571429	B-4	90	80	0	2	-3.928858
451	126.428571	128.571429	E5	90	80	0	1	-8.471566
452	126.428571	128.571429	D#6	90	80	0	5	-5.878027
453	126.500000	126.562500	G#5	45	80	1	-1	-7.809569
454	126.562500	126.625000	G5	45	80	1	-2	-4.597368
455	126.625000	127.000000	F#5	45	80	1	-3	-3.848567
456	127.000000	127.062500	G#5	45	80	1	-2	-2.510186
457	127.062500	127.125000	G5	45	80	1	-1	-3.931111
458	127.125000	127.500000	F#5	45	80	1	-2	-3.720116
459	127.500000	127.562500	E-5	45	80	1	-4	-3.718276
460	127.562500	127.625000	F#5	45	80	1	-2	-2.359478
461	127.625000	127.687500	G5	45	80	1	-1	-3.404249
462	127.687500	127.750000	G#5	45	80	1	-2	-4.643648
463	128.000000	129.000000	B-5	45	80	1	-1	-2.578439
464	128.571429	132.857143	E-4	90	80	0	1	-6.163296
465	128.571429	132.857143	B-4	90	80	0	2	-3.928858
466	129.000000	129.062500	A4	45	80	1	-4	-6.757153
467	129.062500	129.125000	B-4	45	80	1	-3	-2.906925
468	129.125000	129.187500	C5	45	80	1	-2	-2.872099
469	129.187500	129.250000	D#5	45	80	1	-1	-3.101885
470	130.000000	131.500000	E-4	45	80	1	-5	-2.314770
471	130.714286	132.857143	D5	90	80	0	1	-5.799694
472	130.714286	132.857143	C#6	90	80	0	5	-5.878027
473	131.500000	133.000000	E-3	45	80	1	-5	-5.870600
474	132.857143	137.142857	E-4	90	80	0	1	-7.108616
475	132.857143	137.142857	B-4	90	80	0	3	-3.751952
476	133.000000	133.500000	E-4	45	80	1	-1	-1.202832
477	133.500000	133.562500	A4	45	80	1	-4	-8.632181
478	133.562500	133.625000	B-4	45	80	1	-3	-2.906925
479	133.625000	133.687500	C5	45	80	1	-2	-2.872099
480	133.687500	133.750000	C#5	45	80	1	-1	-4.284379
481	134.000000	135.000000	E-3	45	80	1	-5	-5.805721
482	135.000000	137.142857	C5	90	80	0	1	-5.285870
483	135.000000	137.142857	B5	90	80	0	5	-4.284649
484	135.000000	135.062500	A4	45	80	1	-5	-8.265166
485	135.062500	135.125000	C#5	45	80	1	-3	-3.351805
486	135.125000	135.187500	C5	45	80	1	-1	-3.371140
487	135.187500	135.250000	C#5	45	80	1	-2	-4.643648
488	136.000000	137.500000	E-4	45	80	1	-5	-5.361122
489	137.000000	137.062500	A4	45	80	1	-4	-7.175636
490	137.062500	137.125000	B-4	45	80	1	-3	-2.906925
491	137.125000	137.187500	C5	45	80	1	-2	-2.872099
492	137.142857	141.428571	E-4	90	80	0	1	-6.440580
493	137.142857	141.428571	B-4	90	80	0	2	-3.928858
494	137.187500	137.250000	D5	45	80	1	-1	-2.578439
495	138.500000	139.500000	D-3	90	80	1	-5	-5.704159
496	138.500000	139.500000	C4	90	80	1	-1	-7.124820
497	139.285714	141.428571	B4	90	80	0	1	-4.072488
498	139.285714	141.428571	A#5	90	80	0	5	-5.878027
499	139.500000	143.500000	E-3	90	80	1	-5	-4.114892
500	139.500000	143.500000	D4	90	80	1	-1	-7.124820
501	143.571429	145.714286	B3	90	80	0	2	-8.202096
502	143.571429	145.714286	A#4	90	80	0	5	-7.159378
503	147.857143	151.071429	B2	90	80	0	2	-8.202096
504	147.857143	151.071429	A#3	90	80	0	4	-7.816235
505	151.071429	152.142857	G3	90	80	0	3	-3.914844
506	151.071429	152.142857	B3	90	80	0	5	-2.681011
507	152.142857	153.214286	B2	90	80	0	1	-1.922714
508	152.142857	153.214286	A#3	90	80	0	4	-5.698296
509	153.214286	154.285714	G3	90	80	0	3	-3.914844
510	153.214286	154.285714	B3	90	80	0	5	-2.681011
511	154.285714	155.357143	B2	90	80	0	1	-1.922714
512	154.285714	155.357143	A#3	90	80	0	4	-5.698296
513	155.357143	156.428571	G3	90	80	0	3	-3.914844
514	155.357143	156.428571	B3	90	80	0	5	-2.681011
515	156.428571	157.500000	B2	90	80	0	1	-1.922714
516	156.428571	157.500000	A#3	90	80	0	5	-5.878027
517	157.500000	158.571429	E3	90	80	0	2	-4.646957
518	157.500000	158.571429	G#3	90	80	0	4	-3.522723
519	158.571429	162.857143	B2	90	80	0	1	-3.493957
520	158.571429	162.857143	A#3	90	80	0	4	-5.698296
521	162.857143	163.392857	B5	45	80	0	3	-14.683154
522	163.526786	163.660714	A5	45	80	0	2	-2.287533
523	163.660714	163.794643	B-5	45	80	0	3	-3.190537
524	163.794643	163.928571	B5	45	80	0	4	-3.868143
525	163.928571	166.071429	D6	45	80	0	5	-3.402079
526	166.071429	167.142857	G3	90	80	0	4	-8.213823
527	166.071429	167.142857	B3	90	80	0	5	-3.402079
528	167.142857	168.214286	B2	90	80	0	1	-1.922714
529	167.142857	168.214286	A#3	90	80	0	5	-5.878027
530	168.214286	169.285714	E3	90	80	0	3	-6.003674
531	168.214286	169.285714	G#3	90	80	0	5	-3.549127
532	169.285714	170.357143	G2	90	80	0	1	-4.287540
533	169.285714	170.357143	F#3	90	80	0	4	-5.698296
534	170.357143	171.428571	E3	90	80	0	3	-3.914844
535	170.357143	171.428571	G#3	90	80	0	5	-3.549127
536	171.428571	172.500000	B-2	90	80	0	1	-3.027253
537	171.428571	172.500000	A3	90	80	0	5	-6.053771
538	172.500000	173.571429	E-3	90	80	0	2	-4.412763
539	172.500000	173.571429	G3	90	80	0	5	-4.964310
540	173.571429	175.714286	G2	90	80	0	1	-1.922714
541	173.571429	175.714286	F#3	90	80	0	4	-5.698296
542	175.982143	176.517857	D5	45	80	0	2	-14.696216
543	175.982143	176.116071	D5	45	80	0	2	-4.554564
544	176.116071	176.383929	E-5	45	80	0	3	-3.190537
545	176.116071	176.316964	E-5	45	80	0	2	-4.935872
546	176.316964	176.584821	E5	45	80	0	3	-3.686981
547	176.316964	176.383929	E5	45	80	0	2	-4.935872
548	176.383929	176.651786	G5	45	80	0	4	-2.758588
549	176.651786	177.187500	B-5	45	80	0	5	-4.070264
550	177.187500	177.723214	B-4	45	80	0	1	-1.922714
551	177.187500	177.321429	B-4	45	80	0	2	-4.712397
552	177.321429	177.455357	C-5	45	80	0	1	-4.072488
553	177.455357	177.589286	C-5	45	80	0	1	-4.507997
554	177.455357	177.723214	C#5	45	80	0	2	-3.246278
555	177.589286	177.723214	E5	45	80	0	3	-3.265372
556	177.857143	178.392857	G-5	45	80	0	5	-3.990232
557	178.928571	179.464286	F#4	45	80	0	1	-1.922714
558	182.142857	184.285714	G4	90	80	0	1	-6.856287
559	182.142857	184.285714	A4	90	80	0	2	-2.867384
560	182.142857	184.285714	B-4	90	80	0	3	-3.190537
561	182.142857	184.285714	D5	90	80	0	5	-3.340065
562	186.428571	187.261905	C5	45	80	0	4	-2.814339
563	187.261905	189.761905	A4	45	80	0	2	-3.359779
564	188.928571	189.761905	B-4	45	80	0	3	-3.190537
565	189.761905	192.261905	A4	45	80	0	2	-2.803601
566	191.428571	192.261905	C5	45	80	0	4	-2.758588
567	192.261905	194.761905	A4	45	80	0	2	-3.359779
568	193.928571	194.761905	D5	45	80	0	4	-2.909306
569	194.761905	196.428571	A4	45	80	0	1	-3.216633
570	195.595238	197.261905	D-5	45	80	0	2	-3.275273
571	196.428571	197.261905	A4	45	80	0	1	-4.134704
572	197.261905	198.928571	A4	45	80	0	1	-4.507997
573	198.095238	198.928571	C5	45	80	0	2	-2.525967
574	198.928571	199.761905	D5	45	80	0	1	-5.369497
575	199.761905	203.095238	E5	90	80	0	2	-2.867384
576	201.428571	203.095238	A5	90	80	0	4	-2.909306
577	201.428571	203.095238	B-5	90	80	0	5	-4.385182
578	203.095238	205.595238	A4	63	80	0	1	-4.287540
579	203.928571	205.595238	D5	63	80	0	3	-3.401091
580	205.595238	207.261905	A4	63	80	0	1	-2.905888
581	206.428571	207.261905	E5	63	80	0	4	-4.054949
582	207.261905	212.261905	A4	63	80	0	1	-2.857522
583	210.595238	212.261905	A4	63	80	0	1	-4.507997
584	211.428571	212.261905	G5	63	80	0	5	-4.284649
585	212.261905	213.095238	A4	63	80	0	1	-3.027253
586	212.261905	213.095238	A4	63	80	0	1	-4.507997
587	213.095238	216.428571	A4	90	80	0	1	-4.507997
588	213.095238	216.428571	G#5	90	80	0	3	-7.116536
589	214.761905	216.428571	B-5	90	80	0	4	-2.883688
590	214.761905	216.428571	C6	90	80	0	5	-3.871087
591	217.678571	217.782738	G#4	63	80	0	1	-5.436724
592	217.782738	217.886905	A4	63	80	0	2	-5.579477
593	217.886905	217.991071	B-4	63	80	0	3	-3.190537
594	217.991071	218.095238	B4	63	80	0	4	-3.868143
595	218.095238	219.761905	D5	63	80	0	1	-6.131546
596	218.928571	219.761905	G#5	63	80	0	2	-5.017340
597	219.761905	220.595238	B-5	90	80	0	3	-2.675961
598	219.761905	220.595238	C6	90	80	0	5	-3.635747
599	220.595238	221.428571	A4	90	80	0	1	-4.340619
600	220.595238	221.428571	D5	90	80	0	2	-2.963617
601	221.428571	222.261905	G#5	63	80	0	3	-7.809211
602	222.261905	223.095238	B-5	90	80	0	4	-2.883688
603	222.261905	223.095238	C6	90	80	0	5	-3.871087
604	223.095238	223.928571	A4	90	80	0	1	-4.340619
605	223.095238	223.928571	D5	90	80	0	2	-2.963617
606	223.928571	224.761905	G#5	63	80	0	3	-7.809211
607	224.761905	225.595238	B-5	90	80	0	4	-2.883688
608	224.761905	225.595238	C6	90	80	0	5	-3.871087
609	225.595238	226.428571	A4	90	80	0	1	-4.340619
610	225.595238	226.428571	D5	90	80	0	2	-2.963617
611	227.261905	228.928571	B-5	90	80	0	4	-7.148284
612	227.261905	228.928571	C6	90	80	0	5	-3.871087
613	228.928571	229.761905	C5	90	80	0	1	-1.922714
614	228.928571	229.761905	B-5	90	80	0	4	-4.568866
615	229.761905	230.595238	C5	90	80	0	1	-3.493957
616	229.761905	230.595238	B-5	90	80	0	4	-4.568866
617	230.595238	231.428571	C5	90	80	0	1	-3.493957
618	230.595238	231.428571	B-5	90	80	0	5	-4.874096
619	231.428571	232.261905	B-4	90	80	0	1	-1.922714
620	231.428571	232.261905	A5	90	80	0	5	-6.053771
621	232.261905	233.095238	A-4	90	80	0	1	-4.270482
622	232.261905	233.095238	G5	90	80	0	5	-6.053771
623	233.095238	233.928571	G-4	90	80	0	1	-4.270482
624	233.095238	233.928571	F5	90	80	0	5	-6.053771
625	233.928571	234.761905	A-4	90	80	0	1	-3.521239
626	233.928571	234.761905	G5	90	80	0	5	-6.053771
627	234.761905	235.595238	E-4	90	80	0	1	-5.436724
628	234.761905	235.595238	D5	90	80	0	5	-6.053771
629	236.428571	238.095238	A-5	90	80	0	1	-14.827075
630	236.428571	238.095238	G6	90	80	0	5	-6.053771
631	238.095238	238.928571	E-5	90	80	0	1	-5.436724
632	238.095238	238.928571	D6	90	80	0	5	-6.053771
633	238.928571	239.761905	A-4	90	80	0	1	-7.499323
634	238.928571	239.761905	G5	90	80	0	5	-6.053771
635	239.761905	240.595238	B-4	90	80	0	1	-3.521239
636	240.595238	241.428571	D-5	90	80	0	2	-2.525967
637	240.595238	241.428571	C6	90	80	0	5	-7.159378
638	241.428571	242.261905	E-5	90	80	0	1	-3.521239
639	241.428571	242.261905	D6	90	80	0	5	-6.053771
640	243.095238	244.761905	A-4	90	80	0	1	-7.499323
641	243.095238	244.761905	G5	90	80	0	5	-6.053771
642	245.595238	246.428571	A-3	90	80	0	1	-8.167035
643	245.595238	246.428571	G4	90	80	0	5	-6.053771
644	246.428571	247.261905	B-3	90	80	0	1	-3.521239
645	246.428571	247.261905	A4	90	80	0	5	-6.053771
646	247.261905	248.095238	D-4	90	80	0	1	-3.862851
647	247.261905	248.095238	C5	90	80	0	4	-6.366444
648	251.309524	251.443452	A4	63	80	0	2	-3.359779
649	251.443452	251.577381	B-4	63	80	0	3	-3.190537
650	251.577381	252.380952	B4	63	80	0	1	-4.595018
651	253.452381	253.586310	A5	63	80	0	1	-8.731319
652	253.586310	253.720238	B-5	63	80	0	2	-3.900292
653	253.720238	254.523810	B5	63	80	0	3	-3.686981
654	254.523810	254.657738	A5	63	80	0	2	-2.287533
655	254.657738	254.791667	B-5	63	80	0	3	-3.190537
656	254.791667	255.595238	B5	63	80	0	4	-3.868143
657	255.595238	255.729167	A5	63	80	0	1	-4.636880
658	255.729167	255.863095	B-5	63	80	0	2	-3.900292
659	255.863095	256.666667	B5	63	80	0	3	-3.686981
660	257.202381	257.336310	A5	63	80	0	2	-2.287533
661	257.336310	257.470238	B-5	63	80	0	3	-3.190537
662	257.470238	257.604167	B5	63	80	0	4	-3.868143
663	257.604167	257.738095	D6	63	80	0	5	-3.402079
664	260.416667	260.550595	D5	63	80	0	1	-1.922714
665	260.550595	260.684524	E-5	63	80	0	2	-3.900292
666	260.684524	260.818452	E5	63	80	0	1	-4.072488
667	260.818452	260.952381	F5	63	80	0	2	-2.867384
668	260.952381	263.095238	G#5	63	80	0	3	-3.409656
669	262.023810	265.238095	D6	63	80	0	5	-5.682377
670	263.095238	263.229167	A4	63	80	0	1	-4.498352
671	263.229167	263.363095	B-4	63	80	0	2	-3.900292
672	263.363095	263.497024	C5	63	80	0	3	-3.265372
673	263.497024	263.630952	C#5	63	80	0	4	-4.152325
674	263.630952	263.764881	D5	63	80	0	1	-5.276270
675	263.764881	263.898810	E-5	63	80	0	2	-3.900292
676	263.898810	264.032738	E5	63	80	0	1	-4.072488
677	264.032738	264.166667	F5	63	80	0	2	-2.867384
678	264.166667	265.238095	G#5	63	80	0	3	-3.409656
679	265.238095	268.452381	D6	63	80	0	5	-5.682377
680	266.309524	266.443452	A4	63	80	0	1	-4.498352
681	266.443452	266.577381	B-4	63	80	0	2	-3.900292
682	266.577381	266.711310	C5	63	80	0	3	-3.265372
683	266.711310	266.845238	C#5	63	80	0	4	-4.152325
684	266.845238	266.979167	D5	63	80	0	1	-5.276270
685	266.979167	267.113095	E-5	63	80	0	2	-3.900292
686	267.113095	267.247024	E5	63	80	0	1	-4.072488
687	267.247024	267.380952	F5	63	80	0	2	-2.867384
688	267.380952	269.523810	G#5	63	80	0	3	-3.409656
689	268.452381	272.738095	D6	63	80	0	5	-5.682377
690	270.059524	270.193452	D5	63	80	0	1	-1.922714
691	270.193452	270.327381	E-5	63	80	0	2	-3.900292
692	270.327381	270.461310	E5	63	80	0	1	-4.072488
693	270.461310	270.595238	F5	63	80	0	2	-2.867384
694	270.595238	272.738095	G#5	63	80	0	3	-3.409656
695	273.273810	273.407738	D5	63	80	0	1	-4.323321
696	273.407738	273.541667	E-5	63	80	0	2	-3.900292
697	273.541667	273.675595	E5	63	80	0	1	-4.072488
698	273.675595	273.809524	F5	63	80	0	2	-2.867384
699	273.809524	277.023810	G#5	63	80	0	3	-3.409656
700	277.559524	277.693452	D5	63	80	0	1	-4.323321
701	277.693452	277.827381	E-5	63	80	0	2	-3.900292
702	277.827381	277.961310	E5	63	80	0	1	-4.072488
703	277.961310	278.095238	F5	63	80	0	2	-2.867384
704	278.095238	282.380952	G#5	126	80	0	3	-3.409656
705	280.238095	282.380952	A-5	90	80	0	3	-4.378151
706	282.380952	286.666667	E-5	90	80	0	1	-2.905888
707	282.380952	286.666667	D6	90	80	0	5	-6.053771
708	286.666667	290.952381	A4	90	80	0	1	-4.498352
709	286.666667	290.952381	E5	90	80	0	2	-3.928858
710	286.666667	290.952381	D6	90	80	0	5	-6.184352
