//Version: PianoFingering_v170101
1	0.000000	0.250000	D3	90	80	1	-5	-0.504576
2	0.000000	0.250000	G#3	90	80	1	-2	-5.232676
3	0.000000	0.250000	A3	90	80	1	-1	-3.404249
4	0.250000	0.500000	D3	90	80	1	-5	-3.242781
5	0.250000	0.500000	G#3	90	80	1	-2	-5.232676
6	0.250000	0.500000	A3	90	80	1	-1	-3.404249
7	0.500000	0.750000	D3	90	80	1	-5	-3.242781
8	0.500000	0.750000	G#3	90	80	1	-2	-5.232676
9	0.500000	0.750000	A3	90	80	1	-1	-3.404249
10	0.750000	1.000000	D3	90	80	1	-5	-3.242781
11	0.750000	1.000000	G#3	90	80	1	-2	-5.232676
12	0.750000	1.000000	A3	90	80	1	-1	-3.404249
13	1.000000	1.250000	D3	90	80	1	-5	-3.242781
14	1.000000	1.250000	G#3	90	80	1	-2	-5.232676
15	1.000000	1.250000	A3	90	80	1	-1	-3.404249
16	1.250000	1.500000	D3	90	80	1	-5	-3.242781
17	1.250000	1.500000	G#3	90	80	1	-2	-5.232676
18	1.250000	1.500000	A3	90	80	1	-1	-3.404249
19	1.500000	1.750000	D3	90	80	1	-5	-3.242781
20	1.500000	1.750000	G#3	90	80	1	-2	-5.232676
21	1.500000	1.750000	A3	90	80	1	-1	-3.404249
22	1.750000	2.000000	D3	90	80	1	-5	-3.242781
23	1.750000	2.000000	G#3	90	80	1	-2	-5.232676
24	1.750000	2.000000	A3	90	80	1	-1	-3.404249
25	2.000000	2.250000	D3	90	80	1	-5	-3.242781
26	2.000000	2.250000	G#3	90	80	1	-2	-5.232676
27	2.000000	2.250000	A3	90	80	1	-1	-3.404249
28	2.250000	2.500000	D3	90	80	1	-5	-3.242781
29	2.250000	2.500000	G#3	90	80	1	-2	-5.232676
30	2.250000	2.500000	A3	90	80	1	-1	-3.404249
31	2.500000	2.750000	D3	90	80	1	-5	-3.242781
32	2.500000	2.750000	G#3	90	80	1	-2	-5.232676
33	2.500000	2.750000	A3	90	80	1	-1	-3.404249
34	2.750000	3.000000	D3	90	80	1	-5	-3.242781
35	2.750000	3.000000	G#3	90	80	1	-2	-5.232676
36	2.750000	3.000000	A3	90	80	1	-1	-3.404249
37	2.857143	3.571429	D2	90	80	0	1	-0.925785
38	3.000000	3.250000	D3	90	80	1	-5	-3.242781
39	3.000000	3.250000	G#3	90	80	1	-2	-5.232676
40	3.000000	3.250000	A3	90	80	1	-1	-3.404249
41	3.250000	3.500000	D3	90	80	1	-5	-3.242781
42	3.250000	3.500000	G#3	90	80	1	-2	-5.232676
43	3.250000	3.500000	A3	90	80	1	-1	-3.404249
44	3.500000	3.750000	D3	90	80	1	-5	-3.242781
45	3.500000	3.750000	G#3	90	80	1	-2	-5.232676
46	3.500000	3.750000	A3	90	80	1	-1	-3.404249
47	3.750000	4.107143	D2	90	80	0	1	-4.507997
48	3.750000	4.000000	D3	90	80	1	-5	-3.242781
49	3.750000	4.000000	G#3	90	80	1	-2	-5.232676
50	3.750000	4.000000	A3	90	80	1	-1	-3.404249
51	4.000000	4.250000	D3	90	80	1	-5	-3.242781
52	4.000000	4.250000	G#3	90	80	1	-2	-5.232676
53	4.000000	4.250000	A3	90	80	1	-1	-3.404249
54	4.250000	4.500000	D3	90	80	1	-5	-3.242781
55	4.250000	4.500000	G#3	90	80	1	-2	-5.232676
56	4.250000	4.500000	A3	90	80	1	-1	-3.404249
57	4.500000	4.750000	D3	90	80	1	-5	-3.242781
58	4.500000	4.750000	G#3	90	80	1	-2	-5.232676
59	4.500000	4.750000	A3	90	80	1	-1	-3.404249
60	4.642857	5.000000	D2	90	80	0	1	-4.507997
61	4.750000	5.000000	D3	90	80	1	-5	-3.242781
62	4.750000	5.000000	G#3	90	80	1	-2	-5.232676
63	4.750000	5.000000	A3	90	80	1	-1	-3.404249
64	5.000000	5.250000	D3	90	80	1	-5	-3.242781
65	5.000000	5.250000	G#3	90	80	1	-2	-5.232676
66	5.000000	5.250000	A3	90	80	1	-1	-3.404249
67	5.178571	5.357143	D4	90	80	0	1	-7.395652
68	5.178571	5.357143	A4	90	80	0	3	-3.751952
69	5.250000	5.500000	D3	90	80	1	-5	-3.242781
70	5.250000	5.500000	G#3	90	80	1	-2	-5.232676
71	5.250000	5.500000	A3	90	80	1	-1	-3.404249
72	5.357143	5.535714	E4	90	80	0	1	-2.905888
73	5.357143	5.535714	B4	90	80	0	3	-3.751952
74	5.500000	5.750000	D3	90	80	1	-5	-3.242781
75	5.500000	5.750000	G#3	90	80	1	-2	-5.232676
76	5.500000	5.750000	A3	90	80	1	-1	-3.404249
77	5.535714	5.714286	F4	90	80	0	1	-2.905888
78	5.535714	5.714286	C5	90	80	0	3	-3.751952
79	5.714286	5.892857	G4	90	80	0	1	-2.905888
80	5.714286	5.892857	D5	90	80	0	4	-4.054949
81	5.750000	6.000000	D3	90	80	1	-5	-3.242781
82	5.750000	6.000000	G#3	90	80	1	-2	-5.232676
83	5.750000	6.000000	A3	90	80	1	-1	-3.404249
84	5.892857	6.071429	G#4	127	80	0	1	-4.295977
85	6.000000	6.250000	D3	90	80	1	-5	-3.242781
86	6.000000	6.250000	G#3	90	80	1	-2	-5.232676
87	6.000000	6.250000	A3	90	80	1	-1	-3.404249
88	6.071429	6.250000	F#4	127	80	0	3	-4.737465
89	6.250000	6.428571	A4	127	80	0	5	-3.635747
90	6.250000	6.500000	D3	90	80	1	-5	-3.242781
91	6.250000	6.500000	G#3	90	80	1	-2	-5.232676
92	6.250000	6.500000	A3	90	80	1	-1	-3.404249
93	6.428571	6.517857	G4	127	80	0	4	-2.814339
94	6.500000	6.750000	D3	90	80	1	-5	-3.242781
95	6.500000	6.750000	G#3	90	80	1	-2	-5.232676
96	6.500000	6.750000	A3	90	80	1	-1	-3.404249
97	6.517857	6.607143	F4	127	80	0	3	-2.238713
98	6.607143	6.785714	E4	127	80	0	2	-2.287533
99	6.750000	7.000000	D3	90	80	1	-5	-3.242781
100	6.750000	7.000000	G#3	90	80	1	-2	-5.232676
101	6.750000	7.000000	A3	90	80	1	-1	-3.404249
102	6.785714	7.857143	D4	127	80	0	1	-2.609267
103	7.000000	7.250000	D3	90	80	1	-5	-3.242781
104	7.000000	7.250000	G#3	90	80	1	-2	-5.232676
105	7.000000	7.250000	A3	90	80	1	-1	-3.404249
106	7.142857	7.857143	D4	127	80	0	1	-4.507997
107	7.250000	7.500000	D3	90	80	1	-5	-3.242781
108	7.250000	7.500000	G#3	90	80	1	-2	-5.232676
109	7.250000	7.500000	A3	90	80	1	-1	-3.404249
110	7.500000	7.750000	D3	90	80	1	-5	-3.242781
111	7.500000	7.750000	G#3	90	80	1	-2	-5.232676
112	7.500000	7.750000	A3	90	80	1	-1	-3.404249
113	7.750000	8.000000	D3	90	80	1	-5	-3.242781
114	7.750000	8.000000	G#3	90	80	1	-2	-5.232676
115	7.750000	8.000000	A3	90	80	1	-1	-3.404249
116	7.857143	7.946429	G4	127	80	0	2	-2.963617
117	7.946429	8.035714	A4	127	80	0	1	-5.369497
118	8.000000	8.250000	D3	90	80	1	-5	-3.242781
119	8.000000	8.250000	G#3	90	80	1	-2	-5.232676
120	8.000000	8.250000	A3	90	80	1	-1	-3.404249
121	8.035714	8.214286	B4	127	80	0	2	-2.867384
122	8.214286	8.571429	C5	127	80	0	3	-2.675961
123	8.250000	8.500000	D3	90	80	1	-5	-3.242781
124	8.250000	8.500000	G#3	90	80	1	-2	-5.232676
125	8.250000	8.500000	A3	90	80	1	-1	-3.404249
126	8.500000	8.750000	D3	90	80	1	-5	-3.242781
127	8.500000	8.750000	G#3	90	80	1	-2	-5.232676
128	8.500000	8.750000	A3	90	80	1	-1	-3.404249
129	8.571429	8.750000	D5	127	80	0	4	-2.883688
130	8.750000	8.928571	G#4	127	80	0	1	-4.295977
131	8.750000	9.000000	D3	90	80	1	-5	-3.242781
132	8.750000	9.000000	G#3	90	80	1	-2	-5.232676
133	8.750000	9.000000	A3	90	80	1	-1	-3.404249
134	8.928571	9.107143	F#4	127	80	0	2	-4.891425
135	9.000000	9.250000	D3	90	80	1	-5	-3.242781
136	9.000000	9.250000	G#3	90	80	1	-2	-5.232676
137	9.000000	9.250000	A3	90	80	1	-1	-3.404249
138	9.107143	9.285714	A4	127	80	0	4	-3.580467
139	9.250000	9.500000	D3	90	80	1	-5	-3.242781
140	9.250000	9.500000	G#3	90	80	1	-2	-5.232676
141	9.250000	9.500000	A3	90	80	1	-1	-3.404249
142	9.285714	9.375000	G4	127	80	0	3	-2.238713
143	9.375000	9.464286	F4	127	80	0	2	-2.287533
144	9.464286	9.642857	E4	127	80	0	1	-2.609267
145	9.500000	9.750000	D3	90	80	1	-5	-3.242781
146	9.500000	9.750000	G#3	90	80	1	-2	-5.232676
147	9.500000	9.750000	A3	90	80	1	-1	-3.404249
148	9.642857	10.178571	E-4	127	80	0	2	-4.284147
149	9.750000	10.000000	D3	90	80	1	-5	-3.242781
150	9.750000	10.000000	G#3	90	80	1	-2	-5.232676
151	9.750000	10.000000	A3	90	80	1	-1	-3.404249
152	10.000000	10.250000	D3	90	80	1	-5	-3.242781
153	10.000000	10.250000	G#3	90	80	1	-2	-5.232676
154	10.000000	10.250000	A3	90	80	1	-1	-3.404249
155	10.178571	10.357143	F#4	127	80	0	4	-2.758588
156	10.250000	10.500000	D3	90	80	1	-5	-3.242781
157	10.250000	10.500000	G#3	90	80	1	-2	-5.232676
158	10.250000	10.500000	A3	90	80	1	-1	-3.404249
159	10.357143	10.446429	F4	127	80	0	3	-3.302559
160	10.446429	10.535714	E4	127	80	0	2	-2.287533
161	10.500000	10.750000	D3	90	80	1	-5	-3.242781
162	10.500000	10.750000	G#3	90	80	1	-2	-5.232676
163	10.500000	10.750000	A3	90	80	1	-1	-3.404249
164	10.535714	10.625000	D4	127	80	0	1	-2.609267
165	10.625000	10.714286	C4	127	80	0	4	-5.839612
166	10.714286	10.892857	D4	127	80	0	5	-2.706622
167	10.750000	11.000000	D3	90	80	1	-5	-3.242781
168	10.750000	11.000000	G#3	90	80	1	-2	-5.232676
169	10.750000	11.000000	A3	90	80	1	-1	-3.404249
170	11.000000	11.250000	D3	90	80	1	-5	-3.242781
171	11.000000	11.250000	G#3	90	80	1	-2	-5.232676
172	11.000000	11.250000	A3	90	80	1	-1	-3.404249
173	11.250000	11.500000	D3	90	80	1	-5	-3.242781
174	11.250000	11.500000	G#3	90	80	1	-2	-5.232676
175	11.250000	11.500000	A3	90	80	1	-1	-3.404249
176	11.500000	11.750000	D3	90	80	1	-5	-3.242781
177	11.500000	11.750000	G#3	90	80	1	-2	-5.232676
178	11.500000	11.750000	A3	90	80	1	-1	-3.404249
179	11.607143	12.142857	D2	127	80	0	1	-6.163296
180	11.750000	12.000000	D3	90	80	1	-5	-3.242781
181	11.750000	12.000000	G#3	90	80	1	-2	-5.232676
182	11.750000	12.000000	A3	90	80	1	-1	-3.404249
183	12.000000	12.250000	D3	90	80	1	-5	-3.242781
184	12.000000	12.250000	G#3	90	80	1	-2	-5.232676
185	12.000000	12.250000	A3	90	80	1	-1	-3.404249
186	12.250000	12.500000	D3	90	80	1	-5	-3.242781
187	12.250000	12.500000	G#3	90	80	1	-2	-5.232676
188	12.250000	12.500000	A3	90	80	1	-1	-3.404249
189	12.500000	12.857143	D2	127	80	0	1	-4.507997
190	12.500000	12.750000	D3	90	80	1	-5	-3.242781
191	12.500000	12.750000	G#3	90	80	1	-2	-5.232676
192	12.500000	12.750000	A3	90	80	1	-1	-3.404249
193	12.750000	13.000000	D3	90	80	1	-5	-3.242781
194	12.750000	13.000000	G#3	90	80	1	-2	-5.232676
195	12.750000	13.000000	A3	90	80	1	-1	-3.404249
196	13.000000	13.250000	D3	90	80	1	-5	-3.242781
197	13.000000	13.250000	G#3	90	80	1	-2	-5.232676
198	13.000000	13.250000	A3	90	80	1	-1	-3.404249
199	13.250000	13.500000	D3	90	80	1	-5	-3.242781
200	13.250000	13.500000	G#3	90	80	1	-2	-5.232676
201	13.250000	13.500000	A3	90	80	1	-1	-3.404249
202	13.392857	13.571429	D2	127	80	0	1	-4.507997
203	13.500000	13.750000	D3	90	80	1	-5	-3.242781
204	13.500000	13.750000	G#3	90	80	1	-2	-5.232676
205	13.500000	13.750000	A3	90	80	1	-1	-3.404249
206	13.750000	13.928571	D5	90	80	0	2	-15.302238
207	13.750000	13.928571	A5	90	80	0	5	-3.528229
208	13.750000	14.000000	D3	90	80	1	-5	-3.242781
209	13.750000	14.000000	G#3	90	80	1	-2	-5.232676
210	13.750000	14.000000	A3	90	80	1	-1	-3.404249
211	13.928571	14.107143	E5	90	80	0	2	-3.071676
212	13.928571	14.107143	B5	90	80	0	5	-3.528229
213	14.000000	14.250000	D3	90	80	1	-5	-3.242781
214	14.000000	14.250000	G#3	90	80	1	-2	-5.232676
215	14.000000	14.250000	A3	90	80	1	-1	-3.404249
216	14.107143	14.285714	F5	90	80	0	2	-3.071676
217	14.107143	14.285714	C6	90	80	0	5	-3.528229
218	14.250000	14.500000	D3	90	80	1	-5	-3.242781
219	14.250000	14.500000	G#3	90	80	1	-2	-5.232676
220	14.250000	14.500000	A3	90	80	1	-1	-3.404249
221	14.285714	14.464286	G5	90	80	0	2	-3.071676
222	14.285714	14.464286	D6	90	80	0	5	-3.528229
223	14.464286	14.642857	G#5	127	80	0	2	-4.412763
224	14.500000	14.750000	D3	90	80	1	-5	-3.242781
225	14.500000	14.750000	G#3	90	80	1	-2	-5.232676
226	14.500000	14.750000	A3	90	80	1	-1	-3.404249
227	14.642857	14.821429	F#5	127	80	0	1	-2.609267
228	14.750000	15.000000	D3	90	80	1	-5	-3.242781
229	14.750000	15.000000	G#3	90	80	1	-2	-5.232676
230	14.750000	15.000000	A3	90	80	1	-1	-3.404249
231	14.821429	15.000000	A5	127	80	0	2	-3.493146
232	15.000000	15.089286	G5	127	80	0	1	-2.609267
233	15.000000	15.250000	D3	90	80	1	-5	-3.242781
234	15.000000	15.250000	G#3	90	80	1	-2	-5.232676
235	15.000000	15.250000	A3	90	80	1	-1	-3.404249
236	15.089286	15.178571	F5	127	80	0	4	-5.839612
237	15.178571	15.357143	E5	127	80	0	3	-2.238713
238	15.250000	15.500000	D3	90	80	1	-5	-3.242781
239	15.250000	15.500000	G#3	90	80	1	-2	-5.232676
240	15.250000	15.500000	A3	90	80	1	-1	-3.404249
241	15.357143	15.714286	D5	127	80	0	2	-2.287533
242	15.500000	15.750000	D3	90	80	1	-5	-3.242781
243	15.500000	15.750000	G#3	90	80	1	-2	-5.232676
244	15.500000	15.750000	A3	90	80	1	-1	-3.404249
245	15.714286	16.428571	A4	127	80	0	1	-3.434905
246	15.750000	16.000000	D3	90	80	1	-5	-3.242781
247	15.750000	16.000000	G#3	90	80	1	-2	-5.232676
248	15.750000	16.000000	A3	90	80	1	-1	-3.404249
249	15.892857	16.071429	D#5	127	80	0	4	-4.926369
250	16.000000	16.250000	D3	90	80	1	-5	-3.242781
251	16.000000	16.250000	G#3	90	80	1	-2	-5.232676
252	16.000000	16.250000	A3	90	80	1	-1	-3.404249
253	16.071429	16.250000	C#5	127	80	0	3	-2.238713
254	16.250000	16.428571	F5	127	80	0	5	-3.340065
255	16.250000	16.500000	D3	90	80	1	-5	-3.242781
256	16.250000	16.500000	G#3	90	80	1	-2	-5.232676
257	16.250000	16.500000	A3	90	80	1	-1	-3.404249
258	16.428571	17.142857	A4	127	80	0	1	-2.845304
259	16.428571	16.517857	D5	127	80	0	2	-2.963617
260	16.500000	16.750000	D3	90	80	1	-5	-3.242781
261	16.500000	16.750000	G#3	90	80	1	-2	-5.232676
262	16.500000	16.750000	A3	90	80	1	-1	-3.404249
263	16.517857	16.607143	E5	127	80	0	3	-2.675961
264	16.607143	16.785714	F#5	127	80	0	4	-4.476680
265	16.750000	17.000000	D3	90	80	1	-5	-3.242781
266	16.750000	17.000000	G#3	90	80	1	-2	-5.232676
267	16.750000	17.000000	A3	90	80	1	-1	-3.404249
268	16.785714	17.142857	G5	127	80	0	1	-5.276270
269	17.000000	17.250000	D3	90	80	1	-5	-3.242781
270	17.000000	17.250000	G#3	90	80	1	-2	-5.232676
271	17.000000	17.250000	A3	90	80	1	-1	-3.404249
272	17.142857	17.321429	D6	127	80	0	4	-4.054949
273	17.250000	17.500000	D3	90	80	1	-5	-3.242781
274	17.250000	17.500000	G#3	90	80	1	-2	-5.232676
275	17.250000	17.500000	A3	90	80	1	-1	-3.404249
276	17.321429	17.500000	G#5	127	80	0	1	-4.295977
277	17.500000	17.678571	F#5	127	80	0	3	-4.737465
278	17.500000	17.750000	D3	90	80	1	-5	-3.242781
279	17.500000	17.750000	G#3	90	80	1	-2	-5.232676
280	17.500000	17.750000	A3	90	80	1	-1	-3.404249
281	17.678571	17.857143	A5	127	80	0	5	-3.635747
282	17.750000	18.000000	D3	90	80	1	-5	-3.242781
283	17.750000	18.000000	G#3	90	80	1	-2	-5.232676
284	17.750000	18.000000	A3	90	80	1	-1	-3.404249
285	17.857143	17.946429	C5	127	80	0	2	-4.028221
286	17.946429	18.035714	D5	127	80	0	3	-2.675961
287	18.000000	18.250000	D3	90	80	1	-5	-3.242781
288	18.000000	18.250000	G#3	90	80	1	-2	-5.232676
289	18.000000	18.250000	A3	90	80	1	-1	-3.404249
290	18.035714	18.214286	E5	127	80	0	4	-2.883688
291	18.214286	18.571429	F5	127	80	0	5	-2.706622
292	18.250000	18.500000	D3	90	80	1	-5	-3.242781
293	18.250000	18.500000	G#3	90	80	1	-2	-5.232676
294	18.250000	18.500000	A3	90	80	1	-1	-3.404249
295	18.500000	18.750000	D3	90	80	1	-5	-3.242781
296	18.500000	18.750000	G#3	90	80	1	-2	-5.232676
297	18.500000	18.750000	A3	90	80	1	-1	-3.404249
298	18.750000	18.928571	F4	127	80	0	1	-1.922714
299	18.750000	19.000000	D3	90	80	1	-5	-3.242781
300	18.750000	19.000000	G#3	90	80	1	-2	-5.232676
301	18.750000	19.000000	A3	90	80	1	-1	-3.404249
302	18.928571	19.017857	G4	127	80	0	2	-2.867384
303	19.000000	19.250000	D3	90	80	1	-5	-3.242781
304	19.000000	19.250000	G#3	90	80	1	-2	-5.232676
305	19.000000	19.250000	A3	90	80	1	-1	-3.404249
306	19.017857	19.107143	A4	127	80	0	3	-2.675961
307	19.107143	19.196429	B-4	127	80	0	4	-4.152325
308	19.196429	19.285714	C5	127	80	0	5	-3.871087
309	19.250000	19.500000	D3	90	80	1	-5	-3.242781
310	19.250000	19.500000	G#3	90	80	1	-2	-5.232676
311	19.250000	19.500000	A3	90	80	1	-1	-3.404249
312	19.285714	19.464286	G4	127	80	0	5	-7.226525
313	19.500000	19.750000	D3	90	80	1	-5	-3.242781
314	19.500000	19.750000	G#3	90	80	1	-2	-5.232676
315	19.500000	19.750000	A3	90	80	1	-1	-3.404249
316	19.750000	20.000000	D3	90	80	1	-5	-3.242781
317	19.750000	20.000000	G#3	90	80	1	-2	-5.232676
318	19.750000	20.000000	A3	90	80	1	-1	-3.404249
319	20.000000	20.250000	D3	90	80	1	-5	-3.242781
320	20.000000	20.250000	G#3	90	80	1	-2	-5.232676
321	20.000000	20.250000	A3	90	80	1	-1	-3.404249
322	20.178571	20.714286	A2	126	80	0	1	-7.108616
323	20.250000	20.500000	D3	90	80	1	-5	-3.242781
324	20.250000	20.500000	G#3	90	80	1	-2	-5.232676
325	20.250000	20.500000	A3	90	80	1	-1	-3.404249
326	20.500000	20.750000	D3	90	80	1	-5	-3.242781
327	20.500000	20.750000	G#3	90	80	1	-2	-5.232676
328	20.500000	20.750000	A3	90	80	1	-1	-3.404249
329	20.714286	21.428571	A2	126	80	0	1	-4.507997
330	20.750000	21.000000	D3	90	80	1	-5	-3.242781
331	20.750000	21.000000	G#3	90	80	1	-2	-5.232676
332	20.750000	21.000000	A3	90	80	1	-1	-3.404249
333	21.000000	21.250000	D3	90	80	1	-5	-3.242781
334	21.000000	21.250000	G#3	90	80	1	-2	-5.232676
335	21.000000	21.250000	A3	90	80	1	-1	-3.404249
336	21.250000	21.500000	D3	90	80	1	-5	-3.242781
337	21.250000	21.500000	G#3	90	80	1	-2	-5.232676
338	21.250000	21.500000	A3	90	80	1	-1	-3.404249
339	21.500000	21.750000	D3	90	80	1	-5	-3.242781
340	21.500000	21.750000	G#3	90	80	1	-2	-5.232676
341	21.500000	21.750000	A3	90	80	1	-1	-3.404249
342	21.607143	22.142857	A2	126	80	0	1	-4.507997
343	21.750000	22.000000	D3	90	80	1	-5	-3.242781
344	21.750000	22.000000	G#3	90	80	1	-2	-5.232676
345	21.750000	22.000000	A3	90	80	1	-1	-3.404249
346	22.000000	22.250000	D3	90	80	1	-5	-3.242781
347	22.000000	22.250000	G#3	90	80	1	-2	-5.232676
348	22.000000	22.250000	A3	90	80	1	-1	-3.404249
349	22.142857	22.321429	A4	126	80	0	1	-7.395652
350	22.250000	22.500000	D3	90	80	1	-5	-3.242781
351	22.250000	22.500000	G#3	90	80	1	-2	-5.232676
352	22.250000	22.500000	A3	90	80	1	-1	-3.404249
353	22.321429	22.410714	C#5	126	80	0	2	-3.275273
354	22.410714	22.500000	D#5	126	80	0	3	-2.675961
355	22.500000	22.678571	A4	90	80	0	1	-4.323321
356	22.500000	22.678571	E5	90	80	0	3	-3.751952
357	22.500000	22.750000	D3	90	80	1	-5	-3.242781
358	22.500000	22.750000	G#3	90	80	1	-2	-5.232676
359	22.500000	22.750000	A3	90	80	1	-1	-3.404249
360	22.678571	22.857143	C#5	90	80	0	2	-3.032881
361	22.678571	22.857143	D#5	90	80	0	3	-2.675961
362	22.750000	23.000000	D3	90	80	1	-5	-3.242781
363	22.750000	23.000000	G#3	90	80	1	-2	-5.232676
364	22.750000	23.000000	A3	90	80	1	-1	-3.404249
365	22.857143	23.035714	A4	90	80	0	1	-4.323321
366	22.857143	23.035714	E5	90	80	0	3	-3.751952
367	23.000000	23.250000	D3	90	80	1	-5	-3.242781
368	23.000000	23.250000	G#3	90	80	1	-2	-5.232676
369	23.000000	23.250000	A3	90	80	1	-1	-3.404249
370	23.035714	23.214286	C#5	90	80	0	2	-3.032881
371	23.035714	23.214286	D#5	90	80	0	3	-2.675961
372	23.214286	23.392857	A4	90	80	0	1	-4.323321
373	23.214286	23.392857	C#5	90	80	0	3	-3.998423
374	23.250000	23.500000	D3	90	80	1	-5	-3.242781
375	23.250000	23.500000	G#3	90	80	1	-2	-5.232676
376	23.250000	23.500000	A3	90	80	1	-1	-3.404249
377	23.392857	23.571429	B4	126	80	0	2	-3.286699
378	23.500000	23.750000	D3	90	80	1	-5	-3.242781
379	23.500000	23.750000	G#3	90	80	1	-2	-5.232676
380	23.500000	23.750000	A3	90	80	1	-1	-3.404249
381	23.571429	23.750000	A4	90	80	0	1	-2.609267
382	23.571429	23.750000	C#5	90	80	0	2	-3.275273
383	23.750000	23.928571	D#5	126	80	0	3	-2.675961
384	23.750000	24.000000	D3	90	80	1	-5	-3.242781
385	23.750000	24.000000	G#3	90	80	1	-2	-5.232676
386	23.750000	24.000000	A3	90	80	1	-1	-3.404249
387	23.928571	24.107143	A4	90	80	0	1	-4.323321
388	23.928571	24.107143	E5	90	80	0	3	-3.751952
389	24.000000	24.250000	D3	90	80	1	-5	-3.242781
390	24.000000	24.250000	G#3	90	80	1	-2	-5.232676
391	24.000000	24.250000	A3	90	80	1	-1	-3.404249
392	24.107143	24.285714	C#5	90	80	0	2	-3.032881
393	24.107143	24.285714	D#5	90	80	0	3	-2.675961
394	24.250000	24.500000	D3	90	80	1	-5	-3.242781
395	24.250000	24.500000	G#3	90	80	1	-2	-5.232676
396	24.250000	24.500000	A3	90	80	1	-1	-3.404249
397	24.285714	24.464286	A4	90	80	0	1	-4.323321
398	24.285714	24.464286	C#5	90	80	0	3	-3.998423
399	24.464286	24.642857	B4	126	80	0	2	-3.286699
400	24.500000	24.750000	D3	90	80	1	-5	-3.242781
401	24.500000	24.750000	G#3	90	80	1	-2	-5.232676
402	24.500000	24.750000	A3	90	80	1	-1	-3.404249
403	24.642857	24.821429	A4	90	80	0	1	-2.609267
404	24.642857	24.821429	C#5	90	80	0	2	-3.275273
405	24.750000	25.000000	D3	90	80	1	-5	-3.242781
406	24.750000	25.000000	G#3	90	80	1	-2	-5.232676
407	24.750000	25.000000	A3	90	80	1	-1	-3.404249
408	24.821429	25.000000	D#5	126	80	0	3	-2.675961
409	25.000000	25.357143	A4	90	80	0	1	-4.323321
410	25.000000	25.357143	E5	90	80	0	5	-4.274449
411	25.000000	25.250000	D3	90	80	1	-5	-3.242781
412	25.000000	25.250000	G#3	90	80	1	-2	-5.232676
413	25.000000	25.250000	A3	90	80	1	-1	-3.404249
414	25.250000	25.500000	D3	90	80	1	-5	-3.242781
415	25.250000	25.500000	G#3	90	80	1	-2	-5.232676
416	25.250000	25.500000	A3	90	80	1	-1	-3.404249
417	25.357143	25.714286	A2	126	80	0	1	-6.163296
418	25.500000	25.750000	D3	90	80	1	-5	-3.242781
419	25.500000	25.750000	G#3	90	80	1	-2	-5.232676
420	25.500000	25.750000	A3	90	80	1	-1	-3.404249
421	25.714286	25.892857	A4	126	80	0	1	-7.395652
422	25.750000	26.000000	D3	90	80	1	-5	-3.242781
423	25.750000	26.000000	G#3	90	80	1	-2	-5.232676
424	25.750000	26.000000	A3	90	80	1	-1	-3.404249
425	25.892857	25.982143	C#5	126	80	0	2	-3.275273
426	25.982143	26.071429	D#5	126	80	0	3	-2.675961
427	26.000000	26.250000	D3	90	80	1	-5	-3.242781
428	26.000000	26.250000	G#3	90	80	1	-2	-5.232676
429	26.000000	26.250000	A3	90	80	1	-1	-3.404249
430	26.071429	26.250000	A4	90	80	0	1	-4.323321
431	26.071429	26.250000	E5	90	80	0	3	-3.751952
432	26.250000	26.428571	C#5	90	80	0	2	-3.032881
433	26.250000	26.428571	D#5	90	80	0	3	-2.675961
434	26.250000	26.500000	D3	90	80	1	-5	-3.242781
435	26.250000	26.500000	G#3	90	80	1	-2	-5.232676
436	26.250000	26.500000	A3	90	80	1	-1	-3.404249
437	26.428571	26.517857	A4	90	80	0	1	-4.323321
438	26.428571	26.517857	F#5	90	80	0	5	-4.874096
439	26.517857	26.607143	D5	126	80	0	3	-4.396088
440	26.607143	26.785714	C#5	90	80	0	2	-3.151465
441	26.607143	26.785714	D5	90	80	0	3	-3.686981
442	26.785714	26.964286	A4	90	80	0	1	-2.905888
443	26.785714	26.964286	C#5	90	80	0	3	-3.998423
444	26.964286	27.142857	B4	126	80	0	2	-3.286699
445	27.142857	27.321429	A4	90	80	0	1	-2.609267
446	27.142857	27.321429	C#5	90	80	0	2	-3.275273
447	27.250000	27.500000	A3	90	80	1	-5	-4.801795
448	27.250000	27.500000	D#4	90	80	1	-2	-5.232676
449	27.250000	27.500000	E4	90	80	1	-1	-3.404249
450	27.321429	27.500000	D#5	126	80	0	3	-2.675961
451	27.500000	27.678571	A4	90	80	0	1	-4.323321
452	27.500000	27.678571	F#5	90	80	0	4	-4.568866
453	27.500000	27.750000	A3	90	80	1	-5	-3.242781
454	27.500000	27.750000	D#4	90	80	1	-2	-5.232676
455	27.500000	27.750000	E4	90	80	1	-1	-3.404249
456	27.678571	27.857143	C#5	90	80	0	2	-3.266530
457	27.678571	27.857143	D#5	90	80	0	3	-2.675961
458	27.750000	28.000000	A3	90	80	1	-5	-3.242781
459	27.750000	28.000000	D#4	90	80	1	-2	-5.232676
460	27.750000	28.000000	E4	90	80	1	-1	-3.404249
461	27.857143	28.035714	A4	90	80	0	1	-4.323321
462	27.857143	28.035714	C#5	90	80	0	3	-3.998423
463	28.000000	28.250000	A3	90	80	1	-5	-3.242781
464	28.000000	28.250000	D#4	90	80	1	-2	-5.232676
465	28.000000	28.250000	E4	90	80	1	-1	-3.404249
466	28.035714	28.214286	B4	126	80	0	2	-3.286699
467	28.214286	28.392857	A4	90	80	0	1	-2.609267
468	28.214286	28.392857	C#5	90	80	0	2	-3.275273
469	28.250000	28.500000	A3	90	80	1	-5	-3.242781
470	28.250000	28.500000	D#4	90	80	1	-2	-5.232676
471	28.250000	28.500000	E4	90	80	1	-1	-3.404249
472	28.392857	28.571429	D#5	126	80	0	3	-2.675961
473	28.500000	28.750000	A3	90	80	1	-5	-3.242781
474	28.500000	28.750000	D#4	90	80	1	-2	-5.232676
475	28.500000	28.750000	E4	90	80	1	-1	-3.404249
476	28.571429	28.928571	A4	126	80	0	1	-4.323321
477	28.750000	29.000000	A3	90	80	1	-5	-3.242781
478	28.750000	29.000000	D#4	90	80	1	-2	-5.232676
479	28.750000	29.000000	E4	90	80	1	-1	-3.404249
480	28.928571	29.285714	G#5	90	80	0	4	-5.698296
481	28.928571	29.285714	A5	90	80	0	5	-3.684684
482	29.000000	29.250000	A3	90	80	1	-5	-3.242781
483	29.000000	29.250000	D#4	90	80	1	-2	-5.232676
484	29.000000	29.250000	E4	90	80	1	-1	-3.404249
485	29.250000	29.500000	A3	90	80	1	-5	-3.242781
486	29.250000	29.500000	D#4	90	80	1	-2	-5.232676
487	29.250000	29.500000	E4	90	80	1	-1	-3.404249
488	29.285714	29.642857	A2	127	80	0	1	-6.163296
489	29.500000	29.750000	A3	90	80	1	-5	-3.242781
490	29.500000	29.750000	D#4	90	80	1	-2	-5.232676
491	29.500000	29.750000	E4	90	80	1	-1	-3.404249
492	29.642857	29.821429	A4	127	80	0	1	-7.395652
493	29.750000	30.000000	A3	90	80	1	-5	-3.242781
494	29.750000	30.000000	D#4	90	80	1	-2	-5.232676
495	29.750000	30.000000	E4	90	80	1	-1	-3.404249
496	29.821429	29.910714	C#5	127	80	0	2	-3.275273
497	29.910714	30.000000	D#5	127	80	0	3	-2.675961
498	30.000000	30.178571	A4	90	80	0	1	-4.323321
499	30.000000	30.178571	E5	90	80	0	4	-4.054949
500	30.000000	30.250000	A3	90	80	1	-5	-3.242781
501	30.000000	30.250000	D#4	90	80	1	-2	-5.232676
502	30.000000	30.250000	E4	90	80	1	-1	-3.404249
503	30.178571	30.357143	D#5	127	80	0	3	-3.226506
504	30.250000	30.500000	A3	90	80	1	-5	-3.242781
505	30.250000	30.500000	D#4	90	80	1	-2	-5.232676
506	30.250000	30.500000	E4	90	80	1	-1	-3.404249
507	30.357143	30.714286	A4	127	80	0	3	-6.581497
508	30.500000	30.750000	A3	90	80	1	-5	-3.242781
509	30.500000	30.750000	D#4	90	80	1	-2	-5.232676
510	30.500000	30.750000	E4	90	80	1	-1	-3.404249
511	30.714286	31.071429	A2	127	80	0	1	-8.219875
512	30.750000	31.250000	A3	90	80	1	-5	-3.242781
513	30.750000	31.250000	D#4	90	80	1	-2	-5.232676
514	30.750000	31.250000	E4	90	80	1	-1	-3.404249
515	31.071429	31.428571	G#5	90	80	0	5	-8.663433
516	31.071429	31.428571	A5	90	80	0	5	-7.617231
517	31.250000	31.750000	A3	90	80	1	-5	-3.242781
518	31.250000	31.750000	D#4	90	80	1	-2	-5.232676
519	31.250000	31.750000	E4	90	80	1	-1	-3.404249
520	31.428571	31.607143	A4	127	80	0	1	-1.922714
521	31.607143	31.696429	C#5	127	80	0	2	-3.275273
522	31.696429	31.785714	D#5	127	80	0	3	-2.675961
523	31.750000	32.250000	A3	90	80	1	-5	-3.242781
524	31.750000	32.250000	D#4	90	80	1	-2	-5.232676
525	31.750000	32.250000	E4	90	80	1	-1	-3.404249
526	31.785714	31.964286	A4	90	80	0	1	-4.323321
527	31.785714	31.964286	F#5	90	80	0	5	-4.874096
528	31.964286	32.142857	B4	127	80	0	2	-4.577242
529	32.142857	32.321429	A4	127	80	0	1	-2.609267
530	32.250000	32.750000	A3	90	80	1	-5	-3.242781
531	32.250000	32.750000	D#4	90	80	1	-2	-5.232676
532	32.250000	32.750000	E4	90	80	1	-1	-3.404249
533	32.321429	32.410714	C#5	127	80	0	2	-3.275273
534	32.410714	32.500000	D#5	127	80	0	3	-2.675961
535	32.500000	32.678571	A4	90	80	0	1	-4.323321
536	32.500000	32.678571	F#5	90	80	0	4	-4.568866
537	32.678571	32.857143	B4	127	80	0	1	-3.549056
538	32.750000	33.250000	A3	90	80	1	-5	-3.242781
539	32.750000	33.250000	D#4	90	80	1	-2	-5.232676
540	32.750000	33.250000	E4	90	80	1	-1	-3.404249
541	33.035714	33.125000	C#5	127	80	0	2	-3.246278
542	33.125000	33.214286	D#5	127	80	0	3	-2.675961
543	33.214286	33.392857	A4	90	80	0	1	-4.323321
544	33.214286	33.392857	F#5	90	80	0	5	-4.874096
545	33.250000	33.750000	A3	90	80	1	-5	-3.242781
546	33.250000	33.750000	D#4	90	80	1	-2	-5.232676
547	33.250000	33.750000	E4	90	80	1	-1	-3.404249
548	33.392857	33.571429	B4	127	80	0	2	-4.577242
549	33.571429	33.750000	A4	90	80	0	1	-2.609267
550	33.571429	33.750000	F#5	90	80	0	5	-4.874096
551	33.750000	33.928571	B4	127	80	0	2	-4.577242
552	33.750000	34.250000	A3	90	80	1	-5	-3.242781
553	33.750000	34.250000	D#4	90	80	1	-2	-5.232676
554	33.750000	34.250000	E4	90	80	1	-1	-3.404249
555	33.928571	34.107143	A4	127	80	0	1	-2.609267
556	34.107143	34.196429	C#5	127	80	0	2	-3.275273
557	34.196429	34.285714	D#5	127	80	0	3	-2.675961
558	34.250000	34.750000	A3	90	80	1	-5	-3.242781
559	34.250000	34.750000	D#4	90	80	1	-2	-5.232676
560	34.250000	34.750000	E4	90	80	1	-1	-3.404249
561	34.285714	34.464286	A4	90	80	0	1	-4.323321
562	34.285714	34.464286	F#5	90	80	0	5	-4.874096
563	34.464286	34.642857	B4	127	80	0	2	-4.577242
564	34.642857	34.821429	A4	90	80	0	1	-2.609267
565	34.642857	34.821429	F#5	90	80	0	5	-4.874096
566	34.750000	35.250000	A3	90	80	1	-5	-3.242781
567	34.750000	35.250000	D#4	90	80	1	-2	-5.232676
568	34.750000	35.250000	E4	90	80	1	-1	-3.404249
569	34.821429	35.000000	B4	127	80	0	2	-4.577242
570	35.178571	35.357143	A-4	90	80	0	1	-3.967913
571	35.178571	35.357143	B4	90	80	0	2	-3.493146
572	35.250000	35.750000	A3	90	80	1	-5	-3.242781
573	35.250000	35.750000	D#4	90	80	1	-2	-5.232676
574	35.250000	35.750000	E4	90	80	1	-1	-3.404249
575	35.714286	36.071429	G#5	90	80	0	4	-7.816235
576	35.714286	36.071429	A5	90	80	0	5	-3.684684
577	35.750000	36.250000	A3	90	80	1	-5	-3.242781
578	35.750000	36.250000	D#4	90	80	1	-2	-5.232676
579	35.750000	36.250000	E4	90	80	1	-1	-3.404249
580	36.071429	36.428571	A2	127	80	0	1	-6.163296
581	36.250000	36.750000	A3	90	80	1	-5	-3.242781
582	36.250000	36.750000	D#4	90	80	1	-2	-5.232676
583	36.250000	36.750000	E4	90	80	1	-1	-3.404249
584	36.428571	36.607143	A4	90	80	0	1	-7.395652
585	36.428571	36.607143	F#5	90	80	0	5	-4.874096
586	36.607143	36.696429	E5	127	80	0	4	-4.503222
587	36.696429	36.785714	D#5	127	80	0	3	-3.226506
588	36.750000	37.000000	A3	90	80	1	-5	-3.242781
589	36.750000	37.000000	E4	90	80	1	-2	-2.554480
590	36.750000	37.000000	F4	90	80	1	-1	-2.578439
591	36.785714	36.964286	C#5	127	80	0	2	-2.287533
592	36.964286	37.142857	B4	127	80	0	1	-3.360143
593	37.000000	37.250000	D4	90	80	1	-2	-3.291596
594	37.142857	37.321429	G#5	90	80	0	4	-4.568866
595	37.142857	37.321429	A5	90	80	0	5	-3.684684
596	37.250000	37.750000	A3	90	80	1	-5	-3.713619
597	37.250000	37.750000	D#4	90	80	1	-2	-5.232676
598	37.250000	37.750000	E4	90	80	1	-1	-3.404249
599	37.321429	38.035714	F2	90	80	0	1	-6.163296
600	37.321429	38.035714	C3	90	80	0	3	-3.751952
601	37.750000	38.250000	A3	90	80	1	-5	-3.242781
602	37.750000	38.250000	D#4	90	80	1	-2	-5.232676
603	37.750000	38.250000	E4	90	80	1	-1	-3.404249
604	38.214286	38.571429	G#5	90	80	0	4	-14.906964
605	38.214286	38.571429	A5	90	80	0	5	-3.684684
606	38.250000	38.750000	A3	90	80	1	-5	-3.242781
607	38.250000	38.750000	D#4	90	80	1	-2	-5.232676
608	38.250000	38.750000	E4	90	80	1	-1	-3.404249
609	38.571429	39.285714	F2	90	80	0	1	-6.163296
610	38.571429	39.285714	C3	90	80	0	3	-3.751952
611	38.750000	39.000000	A3	90	80	1	-5	-3.242781
612	38.750000	39.000000	E4	90	80	1	-2	-2.554480
613	39.000000	39.250000	D4	90	80	1	-3	-2.891080
614	39.250000	39.750000	A3	90	80	1	-5	-4.227379
615	39.250000	39.750000	D#4	90	80	1	-2	-5.232676
616	39.250000	39.750000	E4	90	80	1	-1	-3.404249
617	39.285714	39.642857	G#5	90	80	0	4	-14.906964
618	39.285714	39.642857	A5	90	80	0	5	-3.684684
619	39.642857	40.357143	F2	90	80	0	1	-6.163296
620	39.642857	40.357143	C3	90	80	0	3	-3.751952
621	39.750000	40.000000	A3	90	80	1	-5	-3.242781
622	39.750000	40.000000	E4	90	80	1	-2	-2.554480
623	40.000000	40.250000	D4	90	80	1	-3	-2.891080
624	40.250000	40.750000	A3	90	80	1	-5	-4.227379
625	40.250000	40.750000	D#4	90	80	1	-2	-5.232676
626	40.250000	40.750000	E4	90	80	1	-1	-3.404249
627	40.357143	41.071429	G#5	90	80	0	4	-14.906964
628	40.357143	41.071429	A5	90	80	0	5	-3.684684
629	40.750000	41.000000	A3	90	80	1	-5	-3.242781
630	40.750000	41.000000	E4	90	80	1	-2	-2.554480
631	41.000000	41.250000	D4	90	80	1	-3	-2.891080
632	41.071429	41.785714	G#4	90	80	0	4	-7.546110
633	41.071429	41.785714	A4	90	80	0	5	-3.684684
634	41.250000	41.750000	A3	90	80	1	-5	-4.227379
635	41.250000	41.750000	D#4	90	80	1	-2	-5.232676
636	41.250000	41.750000	E4	90	80	1	-1	-3.404249
637	41.750000	42.250000	A3	90	80	1	-5	-3.242781
638	41.750000	42.250000	D#4	90	80	1	-2	-5.232676
639	41.750000	42.250000	E4	90	80	1	-1	-3.404249
640	41.785714	42.142857	G#3	90	80	0	1	-4.270482
641	41.785714	42.142857	A3	90	80	0	2	-5.579477
642	42.250000	42.750000	A3	90	80	1	-5	-3.242781
643	42.250000	42.750000	D#4	90	80	1	-2	-5.232676
644	42.250000	42.750000	E4	90	80	1	-1	-3.404249
645	42.750000	43.000000	A3	90	80	1	-5	-3.242781
646	42.750000	43.000000	E4	90	80	1	-2	-2.554480
647	43.000000	43.250000	A3	90	80	1	-5	-3.155341
648	43.000000	43.250000	D4	90	80	1	-2	-3.272976
649	43.000000	43.250000	E4	90	80	1	-1	-2.578439
650	43.250000	43.750000	A3	90	80	1	-5	-3.242781
651	43.250000	43.750000	D#4	90	80	1	-2	-5.232676
652	43.250000	43.750000	E4	90	80	1	-1	-3.404249
653	43.750000	44.000000	A3	99	80	1	-5	-3.242781
654	43.928571	44.107143	D5	127	80	0	5	-6.944316
655	44.000000	44.250000	A3	90	80	1	-5	-4.242005
656	44.000000	44.250000	D#4	90	80	1	-2	-5.232676
657	44.000000	44.250000	E4	90	80	1	-1	-3.404249
658	44.107143	44.285714	A4	127	80	0	1	-4.713462
659	44.250000	44.750000	A3	90	80	1	-5	-3.242781
660	44.250000	44.750000	D#4	90	80	1	-2	-5.232676
661	44.250000	44.750000	E4	90	80	1	-1	-3.404249
662	44.285714	44.464286	D5	127	80	0	2	-2.963617
663	44.464286	44.642857	G5	127	80	0	4	-2.909306
664	44.642857	44.821429	D5	127	80	0	2	-3.266530
665	44.750000	45.250000	A3	90	80	1	-5	-3.242781
666	44.750000	45.250000	D#4	90	80	1	-2	-5.232676
667	44.750000	45.250000	E4	90	80	1	-1	-3.404249
668	44.821429	45.000000	A4	127	80	0	1	-3.434905
669	45.000000	45.178571	B4	127	80	0	2	-2.867384
670	45.178571	45.267857	C5	127	80	0	3	-2.675961
671	45.250000	45.750000	A3	90	80	1	-5	-3.242781
672	45.250000	45.750000	D#4	90	80	1	-2	-5.232676
673	45.250000	45.750000	E4	90	80	1	-1	-3.404249
674	45.267857	45.357143	D5	127	80	0	4	-2.883688
675	45.357143	45.446429	E5	127	80	0	5	-2.706622
676	45.446429	45.535714	D5	127	80	0	4	-2.814339
677	45.535714	45.625000	C5	127	80	0	3	-2.238713
678	45.625000	45.714286	B4	127	80	0	2	-2.287533
679	45.714286	45.892857	A4	127	80	0	1	-2.609267
680	45.750000	46.250000	A3	90	80	1	-5	-3.242781
681	45.750000	46.250000	D#4	90	80	1	-2	-5.232676
682	45.750000	46.250000	E4	90	80	1	-1	-3.404249
683	45.892857	46.071429	G5	127	80	0	5	-4.284649
684	46.071429	46.250000	D5	127	80	0	2	-3.071676
685	46.250000	46.428571	A4	127	80	0	1	-3.434905
686	46.250000	46.750000	A3	90	80	1	-5	-3.242781
687	46.250000	46.750000	D#4	90	80	1	-2	-5.232676
688	46.250000	46.750000	E4	90	80	1	-1	-3.404249
689	46.428571	46.607143	B4	127	80	0	2	-2.867384
690	46.607143	46.696429	C5	127	80	0	3	-2.675961
691	46.696429	46.785714	D5	127	80	0	4	-2.883688
692	46.750000	47.250000	A3	90	80	1	-5	-3.242781
693	46.750000	47.250000	D#4	90	80	1	-2	-5.232676
694	46.750000	47.250000	E4	90	80	1	-1	-3.404249
695	46.785714	46.875000	E5	127	80	0	5	-2.706622
696	46.875000	46.964286	D5	127	80	0	4	-2.814339
697	46.964286	47.053571	C5	127	80	0	3	-2.238713
698	47.053571	47.142857	B4	127	80	0	2	-2.287533
699	47.142857	47.500000	A4	127	80	0	1	-2.609267
700	47.250000	47.750000	A3	90	80	1	-5	-3.242781
701	47.250000	47.750000	D#4	90	80	1	-2	-5.232676
702	47.250000	47.750000	E4	90	80	1	-1	-3.404249
703	47.500000	47.857143	A4	127	80	0	3	-5.268790
704	47.750000	48.250000	A3	90	80	1	-5	-3.242781
705	47.750000	48.250000	E4	90	80	1	-2	-2.554480
706	47.750000	48.250000	F4	90	80	1	-1	-2.578439
707	48.214286	48.392857	G4	127	80	0	2	-2.287533
708	48.250000	48.750000	A3	90	80	1	-5	-3.730225
709	48.250000	48.750000	D#4	90	80	1	-2	-5.232676
710	48.250000	48.750000	E4	90	80	1	-1	-3.404249
711	48.392857	48.571429	C5	127	80	0	4	-2.909306
712	48.571429	48.750000	G4	127	80	0	2	-3.266530
713	48.750000	48.928571	D4	127	80	0	1	-3.434905
714	48.750000	49.000000	A3	90	80	1	-5	-3.242781
715	48.750000	49.000000	E4	90	80	1	-2	-2.554480
716	48.750000	49.000000	F4	90	80	1	-1	-2.578439
717	48.928571	49.107143	G4	127	80	0	2	-2.963617
718	49.000000	49.250000	D#4	90	80	1	-2	-3.299403
719	49.107143	49.285714	C5	127	80	0	5	-3.228870
720	49.250000	49.750000	A3	90	80	1	-5	-5.017302
721	49.250000	49.750000	D#4	90	80	1	-2	-5.232676
722	49.250000	49.750000	E4	90	80	1	-1	-3.404249
723	49.285714	49.464286	A4	127	80	0	4	-4.387405
724	49.464286	49.553571	G4	127	80	0	3	-2.238713
725	49.553571	49.642857	F4	127	80	0	2	-2.287533
726	49.642857	49.732143	E4	127	80	0	1	-2.609267
727	49.732143	49.821429	F4	127	80	0	2	-2.867384
728	49.750000	50.000000	A3	90	80	1	-5	-3.242781
729	49.750000	50.000000	E4	90	80	1	-2	-2.554480
730	49.821429	49.910714	G4	127	80	0	3	-2.675961
731	49.910714	50.000000	A4	127	80	0	4	-2.883688
732	50.000000	50.178571	G4	127	80	0	3	-2.238713
733	50.000000	50.250000	D4	90	80	1	-3	-2.891080
734	50.178571	50.357143	D4	127	80	0	1	-2.905888
735	50.250000	50.750000	A3	90	80	1	-5	-4.227379
736	50.250000	50.750000	D#4	90	80	1	-2	-5.232676
737	50.250000	50.750000	E4	90	80	1	-1	-3.404249
738	50.357143	50.535714	G4	127	80	0	2	-2.963617
739	50.535714	50.714286	C5	127	80	0	5	-3.228870
740	50.714286	50.892857	F4	127	80	0	2	-3.263552
741	50.750000	51.000000	A3	90	80	1	-5	-3.242781
742	50.750000	51.000000	D#4	90	80	1	-2	-5.232676
743	50.892857	50.982143	E4	127	80	0	1	-2.609267
744	50.982143	51.071429	D4	127	80	0	3	-4.737465
745	51.000000	51.250000	E4	90	80	1	-1	-3.404249
746	51.071429	51.160714	C4	127	80	0	2	-2.287533
747	51.160714	51.250000	D4	127	80	0	3	-2.675961
748	51.250000	51.339286	E4	127	80	0	4	-2.883688
749	51.250000	51.750000	A3	90	80	1	-5	-3.242781
750	51.250000	51.750000	D#4	90	80	1	-2	-5.232676
751	51.250000	51.750000	E4	90	80	1	-1	-3.404249
752	51.339286	51.428571	F4	127	80	0	5	-2.706622
753	51.428571	51.785714	D4	127	80	0	3	-3.509161
754	51.750000	52.000000	A3	90	80	1	-5	-3.242781
755	51.750000	52.000000	E4	90	80	1	-2	-2.554480
756	51.785714	52.500000	D4	127	80	0	3	-4.378151
757	52.000000	52.250000	A3	99	80	1	-5	-3.155341
758	52.000000	52.250000	A3	99	80	1	-5	-4.242005
759	52.250000	52.750000	A3	90	80	1	-5	-4.242005
760	52.250000	52.750000	D#4	90	80	1	-2	-5.232676
761	52.250000	52.750000	E4	90	80	1	-1	-3.404249
762	52.500000	53.214286	D4	127	80	0	3	-4.378151
763	52.750000	53.000000	A3	90	80	1	-5	-3.242781
764	52.750000	53.000000	E4	90	80	1	-2	-2.554480
765	52.750000	53.000000	F4	90	80	1	-1	-2.578439
766	53.000000	53.250000	A3	90	80	1	-5	-3.730225
767	53.000000	53.250000	E4	90	80	1	-2	-2.554480
768	53.000000	53.250000	F4	90	80	1	-1	-2.578439
769	53.214286	53.928571	D4	127	80	0	3	-4.378151
770	53.250000	53.750000	A3	90	80	1	-5	-3.730225
771	53.250000	53.750000	D#4	90	80	1	-2	-5.232676
772	53.250000	53.750000	E4	90	80	1	-1	-3.404249
773	53.750000	54.000000	A3	90	80	1	-5	-3.242781
774	53.750000	54.000000	E4	90	80	1	-2	-2.554480
775	53.750000	54.000000	F4	90	80	1	-1	-2.578439
776	53.928571	54.285714	D4	127	80	0	4	-5.516614
777	54.642857	55.357143	C2	90	80	0	1	-6.948157
778	54.642857	55.357143	G2	90	80	0	4	-4.054949
779	55.000000	55.250000	A3	90	80	1	-5	-3.730225
780	55.000000	55.250000	D#4	90	80	1	-2	-5.232676
781	55.000000	55.250000	E4	90	80	1	-1	-3.404249
782	55.250000	55.750000	A3	90	80	1	-5	-3.242781
783	55.250000	55.750000	D#4	90	80	1	-2	-5.232676
784	55.250000	55.750000	E4	90	80	1	-1	-3.404249
785	55.357143	56.071429	C2	90	80	0	1	-2.857522
786	55.357143	56.071429	G2	90	80	0	4	-4.054949
787	55.750000	56.000000	A3	90	80	1	-5	-3.242781
788	55.750000	56.000000	E4	90	80	1	-2	-2.554480
789	55.750000	56.000000	F4	90	80	1	-1	-2.578439
790	56.000000	56.250000	D4	90	80	1	-2	-3.291596
791	56.071429	56.607143	C2	90	80	0	1	-2.857522
792	56.071429	56.607143	G2	90	80	0	4	-4.054949
793	56.250000	56.500000	A3	90	80	1	-5	-3.713619
794	56.250000	56.500000	D#4	90	80	1	-2	-5.232676
795	56.250000	56.500000	E4	90	80	1	-1	-3.404249
796	56.607143	56.964286	C2	90	80	0	1	-2.857522
797	56.607143	56.964286	G2	90	80	0	1	-8.731319
798	56.750000	57.000000	E3	126	80	1	-4	-4.702385
799	57.000000	58.000000	B-2	126	80	1	-5	-7.531097
800	57.000000	57.750000	F3	126	80	1	-1	-4.813538
801	57.142857	57.328042	E5	127	80	0	5	-7.995723
802	57.328042	57.513228	D5	127	80	0	4	-2.814339
803	57.513228	57.698413	C#5	127	80	0	3	-3.226506
804	57.698413	57.883598	B4	127	80	0	2	-3.286699
805	57.750000	58.000000	E3	126	80	1	-2	-2.745489
806	58.000000	59.000000	B-2	126	80	1	-4	-6.312522
807	58.000000	58.750000	F3	126	80	1	-1	-3.887622
808	58.253968	58.439153	A4	127	80	0	1	-2.609267
809	58.439153	58.624339	G4	127	80	0	4	-5.839612
810	58.624339	58.809524	F#4	127	80	0	3	-3.226506
811	58.750000	59.000000	E3	126	80	1	-2	-2.745489
812	58.809524	58.994709	E4	127	80	0	2	-3.286699
813	59.000000	59.500000	B-2	126	80	1	-4	-6.312522
814	59.000000	59.250000	F3	126	80	1	-1	-3.887622
815	59.250000	59.500000	E3	126	80	1	-2	-2.745489
816	59.500000	60.000000	B-2	126	80	1	-4	-6.312522
817	59.500000	59.750000	F3	126	80	1	-1	-3.887622
818	59.735450	59.920635	D4	127	80	0	1	-2.609267
819	59.750000	60.000000	E3	126	80	1	-2	-2.745489
820	59.920635	60.105820	E4	127	80	0	2	-2.867384
821	60.000000	60.500000	B-2	126	80	1	-4	-6.312522
822	60.000000	60.250000	F3	126	80	1	-1	-3.887622
823	60.105820	60.291005	F#4	127	80	0	3	-3.409656
824	60.250000	60.500000	E3	126	80	1	-2	-2.745489
825	60.291005	60.476190	G4	127	80	0	4	-3.868143
826	60.500000	61.000000	B-2	126	80	1	-4	-6.312522
827	60.500000	60.750000	F3	126	80	1	-1	-3.887622
828	60.750000	61.000000	E3	126	80	1	-2	-2.745489
829	61.000000	61.500000	B-2	63	80	1	-4	-6.312522
830	61.000000	61.250000	F3	63	80	1	-1	-3.887622
831	61.031746	61.216931	A4	127	80	0	5	-2.706622
832	61.216931	61.402116	G4	127	80	0	4	-2.814339
833	61.250000	61.500000	E3	63	80	1	-2	-2.745489
834	61.402116	61.587302	F#4	127	80	0	3	-3.226506
835	61.500000	62.000000	B-2	63	80	1	-4	-6.312522
836	61.500000	61.750000	F3	63	80	1	-1	-3.887622
837	61.587302	61.772487	E4	127	80	0	1	-3.984578
838	61.750000	62.000000	E3	63	80	1	-2	-2.745489
839	62.000000	62.500000	B-2	63	80	1	-4	-6.312522
840	62.000000	62.250000	F3	63	80	1	-1	-3.887622
841	62.250000	62.500000	E3	63	80	1	-2	-2.745489
842	62.500000	63.000000	B-2	63	80	1	-4	-6.312522
843	62.500000	62.750000	F3	63	80	1	-1	-3.887622
844	62.750000	63.000000	E3	63	80	1	-2	-2.745489
845	63.000000	63.500000	B-2	63	80	1	-4	-6.312522
846	63.000000	63.250000	F3	63	80	1	-1	-3.887622
847	63.068783	63.253968	E6	127	80	0	5	-6.936979
848	63.250000	63.500000	E3	63	80	1	-2	-2.745489
849	63.253968	63.439153	D6	127	80	0	4	-2.814339
850	63.439153	63.624339	C#6	127	80	0	3	-3.226506
851	63.500000	64.000000	B-2	63	80	1	-4	-6.312522
852	63.500000	63.750000	F3	63	80	1	-1	-3.887622
853	63.624339	63.809524	B5	127	80	0	2	-3.286699
854	63.750000	64.000000	E3	63	80	1	-2	-2.745489
855	63.809524	63.994709	C#6	127	80	0	3	-3.409656
856	63.994709	64.179894	D6	127	80	0	4	-3.868143
857	64.000000	64.500000	B-2	63	80	1	-4	-6.312522
858	64.000000	64.250000	F3	63	80	1	-1	-3.887622
859	64.179894	64.365079	E6	127	80	0	5	-2.706622
860	64.250000	64.500000	E3	63	80	1	-2	-2.745489
861	64.365079	64.550265	B5	127	80	0	3	-3.854029
862	64.500000	65.000000	B-2	63	80	1	-4	-6.312522
863	64.500000	64.750000	F3	63	80	1	-1	-3.887622
864	64.750000	65.000000	E3	63	80	1	-2	-2.745489
865	64.920635	65.105820	A5	127	80	0	2	-2.287533
866	65.000000	65.500000	B-2	63	80	1	-4	-6.312522
867	65.000000	65.250000	F3	63	80	1	-1	-3.887622
868	65.105820	65.291005	B5	127	80	0	3	-2.675961
869	65.250000	65.500000	E3	63	80	1	-2	-2.745489
870	65.291005	65.476190	A5	127	80	0	2	-2.287533
871	65.476190	65.661376	G5	127	80	0	1	-2.609267
872	65.500000	66.000000	B-2	63	80	1	-4	-6.312522
873	65.500000	65.750000	F3	63	80	1	-1	-3.887622
874	65.661376	65.846561	F#5	127	80	0	3	-4.859211
875	65.750000	66.000000	E3	63	80	1	-2	-2.745489
876	65.846561	66.031746	E5	127	80	0	2	-3.286699
877	66.000000	66.500000	B-2	63	80	1	-4	-6.312522
878	66.000000	66.250000	F3	63	80	1	-1	-3.887622
879	66.250000	66.500000	E3	63	80	1	-2	-2.745489
880	66.402116	66.587302	D5	127	80	0	1	-2.609267
881	66.500000	67.000000	B2	63	80	1	-5	-3.713619
882	66.500000	66.750000	F3	63	80	1	-2	-2.554480
883	66.587302	66.772487	E5	127	80	0	2	-2.867384
884	66.750000	67.000000	E3	63	80	1	-3	-2.891080
885	66.772487	66.957672	F#5	127	80	0	3	-3.409656
886	66.957672	67.142857	G5	127	80	0	4	-3.868143
887	67.000000	67.500000	B2	63	80	1	-5	-4.227379
888	67.000000	67.250000	D#3	63	80	1	-3	-3.351805
889	67.142857	67.328042	A5	127	80	0	5	-2.706622
890	67.250000	67.500000	E3	63	80	1	-2	-3.642491
891	67.328042	67.513228	G5	127	80	0	4	-2.814339
892	67.500000	68.000000	B2	63	80	1	-5	-3.713619
893	67.500000	67.750000	F3	63	80	1	-2	-2.554480
894	67.513228	67.698413	F#5	127	80	0	3	-3.226506
895	67.698413	68.253968	E5	127	80	0	2	-3.286699
896	67.750000	68.000000	E3	63	80	1	-3	-2.891080
897	68.000000	68.500000	B2	63	80	1	-5	-4.227379
898	68.000000	68.250000	D#3	63	80	1	-3	-3.351805
899	68.250000	68.500000	E3	63	80	1	-2	-3.642491
900	68.253968	68.439153	F#5	127	80	0	3	-3.409656
901	68.439153	68.994709	E5	127	80	0	2	-3.286699
902	68.500000	69.000000	B2	63	80	1	-5	-3.713619
903	68.500000	68.750000	F3	63	80	1	-2	-2.554480
904	68.750000	69.000000	E3	63	80	1	-3	-2.891080
905	68.994709	69.179894	F#5	127	80	0	3	-3.409656
906	69.000000	69.500000	B2	63	80	1	-5	-4.227379
907	69.000000	69.250000	D#3	63	80	1	-3	-3.351805
908	69.179894	69.735450	E5	127	80	0	2	-3.286699
909	69.250000	69.500000	E3	63	80	1	-2	-3.642491
910	69.500000	70.000000	B2	63	80	1	-5	-3.713619
911	69.500000	69.750000	F3	63	80	1	-2	-2.554480
912	69.735450	69.920635	F#5	127	80	0	3	-3.409656
913	69.750000	70.000000	E3	63	80	1	-3	-2.891080
914	69.920635	70.476190	E5	127	80	0	2	-3.286699
915	70.000000	70.500000	B2	63	80	1	-5	-4.227379
916	70.000000	70.250000	D#3	63	80	1	-3	-3.351805
917	70.250000	70.500000	E3	63	80	1	-2	-3.642491
918	70.476190	70.661376	F#5	127	80	0	3	-3.409656
919	70.500000	71.000000	B2	63	80	1	-5	-3.713619
920	70.500000	70.750000	F3	63	80	1	-2	-2.554480
921	70.661376	71.216931	E5	127	80	0	2	-3.286699
922	70.750000	71.000000	E3	63	80	1	-3	-2.891080
923	71.000000	71.500000	B2	63	80	1	-5	-4.227379
924	71.000000	71.250000	D#3	63	80	1	-3	-3.351805
925	71.216931	71.402116	A5	127	80	0	5	-3.228870
926	71.250000	71.500000	E3	63	80	1	-2	-3.642491
927	71.402116	71.957672	E5	127	80	0	3	-3.854029
928	71.500000	72.000000	B2	63	80	1	-5	-3.713619
929	71.500000	71.750000	F3	63	80	1	-2	-2.554480
930	71.750000	72.000000	E3	63	80	1	-3	-2.891080
931	71.957672	72.142857	E-5	127	80	0	2	-3.151465
932	72.000000	72.500000	C#3	63	80	1	-4	-4.210732
933	72.000000	72.250000	E#3	63	80	1	-2	-2.871001
934	72.142857	72.698413	B-4	127	80	0	1	-3.434905
935	72.250000	72.500000	F#3	63	80	1	-1	-4.284379
936	72.500000	73.000000	C#3	63	80	1	-2	-3.456527
937	72.500000	72.750000	G3	63	80	1	-1	-4.366821
938	72.698413	72.883598	A-4	127	80	0	2	-4.891425
939	72.750000	73.000000	F#3	63	80	1	-2	-3.720116
940	72.883598	73.439153	D-5	127	80	0	4	-2.909306
941	73.000000	73.500000	C-3	63	80	1	-5	-4.626444
942	73.000000	73.250000	E3	63	80	1	-2	-3.272976
943	73.250000	73.500000	F#3	63	80	1	-1	-3.101885
944	73.500000	74.000000	C-3	63	80	1	-4	-5.233707
945	73.500000	73.750000	G3	63	80	1	-1	-3.451917
946	73.750000	74.000000	F#3	63	80	1	-2	-3.720116
947	74.500000	75.000000	C#3	63	80	1	-5	-3.713619
948	74.500000	74.750000	E#3	63	80	1	-4	-5.448648
949	74.750000	75.000000	F#3	63	80	1	-3	-2.906925
950	75.000000	75.500000	D3	63	80	1	-5	-3.859206
951	75.000000	75.250000	G3	63	80	1	-3	-3.463793
952	75.250000	75.500000	G#3	63	80	1	-2	-3.081523
953	75.500000	76.000000	D#3	63	80	1	-5	-3.713619
954	75.500000	75.750000	A3	63	80	1	-3	-5.278707
955	75.750000	76.000000	A#3	63	80	1	-2	-3.081523
956	76.000000	76.500000	E3	126	80	1	-5	-5.017302
957	76.000000	76.250000	B3	126	80	1	-1	-3.477173
958	76.250000	76.500000	A#3	126	80	1	-2	-3.720116
959	76.402116	78.624339	B2	90	80	0	1	-7.338864
960	76.402116	78.624339	D#3	90	80	0	2	-3.275273
961	76.402116	78.624339	G#3	90	80	0	4	-2.909306
962	76.750000	77.500000	E3	126	80	1	-5	-5.017302
963	76.750000	77.000000	A#3	126	80	1	-2	-5.232676
964	77.000000	77.250000	B3	126	80	1	-1	-3.404249
965	77.250000	77.500000	A#3	126	80	1	-2	-3.720116
966	77.750000	78.500000	E3	126	80	1	-5	-5.017302
967	77.750000	78.000000	A#3	126	80	1	-2	-5.232676
968	78.000000	78.250000	B3	126	80	1	-1	-3.404249
969	78.250000	78.500000	A#3	126	80	1	-2	-3.720116
970	78.750000	79.250000	E3	126	80	1	-5	-5.017302
971	78.750000	79.000000	B3	126	80	1	-1	-3.477173
972	79.000000	79.250000	A#3	126	80	1	-2	-3.720116
973	79.365079	80.105820	D#3	90	80	0	1	-3.216633
974	79.365079	80.105820	G#3	90	80	0	2	-2.963617
975	79.365079	80.105820	B3	90	80	0	3	-3.265372
976	79.500000	80.000000	E3	126	80	1	-5	-5.017302
977	79.500000	79.750000	B3	126	80	1	-1	-3.477173
978	79.750000	80.000000	A#3	126	80	1	-2	-3.720116
979	80.500000	80.750000	C#2	90	80	1	-4	-8.316261
980	80.500000	80.750000	E2	90	80	1	-3	-4.235223
981	80.500000	80.750000	G#2	90	80	1	-2	-3.749711
982	80.500000	80.750000	B2	90	80	1	-1	-2.464298
983	80.846561	82.328042	D-4	127	80	0	1	-6.669148
984	81.216931	81.587302	G-4	127	80	0	3	-3.401091
985	81.250000	81.500000	C#3	90	80	1	-4	-7.081456
986	81.250000	81.500000	E3	90	80	1	-3	-4.235223
987	81.250000	81.500000	G#3	90	80	1	-2	-3.749711
988	81.250000	81.500000	B3	90	80	1	-1	-2.464298
989	81.500000	81.750000	C#3	90	80	1	-5	-4.114892
990	81.500000	81.750000	E3	90	80	1	-4	-4.523458
991	81.500000	81.750000	G#3	90	80	1	-2	-3.159098
992	81.500000	81.750000	B3	90	80	1	-1	-2.464298
993	81.587302	81.957672	F4	127	80	0	2	-2.803601
994	81.957672	82.328042	A-4	127	80	0	3	-3.409656
995	82.328042	86.772487	D4	127	80	0	1	-4.323321
996	82.328042	82.513228	G4	127	80	0	4	-4.278061
997	82.375000	82.500000	C#2	90	80	1	-5	-5.753604
998	82.375000	82.500000	E2	90	80	1	-4	-4.523458
999	82.375000	82.500000	G#2	90	80	1	-2	-3.159098
1000	82.375000	82.500000	B2	90	80	1	-1	-2.464298
1001	82.513228	82.698413	F4	127	80	0	3	-2.238713
1002	82.698413	83.068783	E-4	127	80	0	2	-3.032881
1003	83.068783	83.809524	F-4	127	80	0	3	-3.686981
1004	83.250000	83.500000	C#2	90	80	1	-5	-4.114892
1005	83.250000	83.500000	E2	90	80	1	-4	-4.523458
1006	83.250000	83.500000	G#2	90	80	1	-2	-3.159098
1007	83.250000	83.500000	B2	90	80	1	-1	-2.464298
1008	83.750000	84.000000	C#3	90	80	1	-4	-7.081456
1009	83.750000	84.000000	E3	90	80	1	-3	-4.235223
1010	83.750000	84.000000	G#3	90	80	1	-2	-3.749711
1011	83.750000	84.000000	B3	90	80	1	-1	-2.464298
1012	83.809524	84.179894	G-4	127	80	0	4	-4.476680
1013	84.179894	84.365079	F4	127	80	0	3	-3.302559
1014	84.365079	84.550265	E-4	127	80	0	2	-3.032881
1015	84.550265	84.735450	F-4	127	80	0	3	-3.686981
1016	84.735450	84.920635	G-4	127	80	0	4	-4.476680
1017	84.750000	85.000000	C#4	90	80	1	-4	-7.081456
1018	84.750000	85.000000	E4	90	80	1	-3	-4.235223
1019	84.750000	85.000000	G#4	90	80	1	-2	-3.749711
1020	84.750000	85.000000	B4	90	80	1	-1	-2.464298
1021	84.920635	85.291005	A-4	127	80	0	5	-2.706622
1022	85.000000	85.250000	D4	90	80	1	-5	-3.730225
1023	85.000000	85.250000	F4	90	80	1	-3	-3.170876
1024	85.000000	85.250000	A4	90	80	1	-2	-3.046717
1025	85.000000	85.250000	C5	90	80	1	-1	-2.415329
1026	85.250000	85.500000	C#4	90	80	1	-5	-4.582913
1027	85.250000	85.500000	E4	90	80	1	-4	-4.523458
1028	85.250000	85.500000	G#4	90	80	1	-2	-3.159098
1029	85.250000	85.500000	B4	90	80	1	-1	-2.464298
1030	85.291005	85.476190	G4	127	80	0	4	-4.300502
1031	85.476190	85.661376	F4	127	80	0	3	-2.238713
1032	85.661376	85.846561	E-4	127	80	0	2	-3.032881
1033	85.750000	86.000000	C3	90	80	1	-5	-5.805721
1034	85.750000	86.000000	E3	90	80	1	-3	-3.170876
1035	85.750000	86.000000	G#3	90	80	1	-2	-3.749711
1036	85.750000	86.000000	B3	90	80	1	-1	-2.464298
1037	85.846561	86.031746	G-4	127	80	0	4	-2.758588
1038	86.000000	86.250000	B#2	90	80	1	-5	-3.181034
1039	86.000000	86.250000	D#3	90	80	1	-3	-4.350585
1040	86.000000	86.250000	F3	90	80	1	-2	-2.872099
1041	86.000000	86.250000	A#3	90	80	1	-1	-3.194227
1042	86.031746	86.772487	F-4	127	80	0	3	-3.914844
1043	86.250000	86.500000	C3	90	80	1	-5	-4.087479
1044	86.250000	86.500000	E3	90	80	1	-3	-3.170876
1045	86.250000	86.500000	G#3	90	80	1	-2	-3.749711
1046	86.250000	86.500000	B3	90	80	1	-1	-2.464298
1047	86.772487	86.957672	F4	127	80	0	4	-2.883688
1048	86.957672	87.142857	E-4	127	80	0	3	-3.510496
1049	87.142857	87.328042	D-4	127	80	0	2	-2.287533
1050	87.250000	87.750000	D#3	90	80	1	-5	-4.332318
1051	87.250000	87.750000	G3	90	80	1	-3	-4.118108
1052	87.250000	87.750000	A3	90	80	1	-2	-2.510186
1053	87.250000	87.750000	C4	90	80	1	-1	-2.415329
1054	87.328042	87.513228	C-4	127	80	0	1	-3.360143
1055	87.513228	87.883598	E-4	127	80	0	2	-3.275273
1056	87.750000	88.000000	D#3	90	80	1	-5	-4.114892
1057	87.750000	88.000000	G3	90	80	1	-3	-4.118108
1058	87.750000	88.000000	A3	90	80	1	-2	-2.510186
1059	87.750000	88.000000	C4	90	80	1	-1	-2.415329
1060	87.883598	88.253968	G-4	127	80	0	4	-2.758588
1061	88.250000	88.750000	F3	90	80	1	-5	-3.242781
1062	88.250000	88.750000	D-4	90	80	1	-2	-4.281723
1063	88.250000	88.750000	E-4	90	80	1	-1	-2.578439
1064	88.253968	88.624339	D-4	127	80	0	2	-3.266530
1065	88.624339	88.994709	D-4	127	80	0	2	-4.554564
1066	88.750000	89.000000	F3	90	80	1	-5	-4.087479
1067	88.750000	89.000000	D-4	90	80	1	-2	-4.281723
1068	88.750000	89.000000	E-4	90	80	1	-1	-2.578439
1069	88.994709	89.365079	E-4	127	80	0	3	-2.675961
1070	89.250000	89.750000	G3	90	80	1	-4	-5.233707
1071	89.250000	89.750000	C4	90	80	1	-2	-2.507290
1072	89.365079	89.550265	D-4	127	80	0	2	-2.287533
1073	89.550265	89.735450	C-4	127	80	0	1	-3.360143
1074	89.735450	90.105820	E-4	127	80	0	2	-3.275273
1075	89.750000	90.250000	G3	90	80	1	-4	-4.045906
1076	89.750000	90.250000	C4	90	80	1	-2	-2.507290
1077	89.750000	90.250000	F4	90	80	1	-1	-2.320150
1078	90.105820	90.476190	G-4	127	80	0	4	-2.758588
1079	90.250000	90.750000	G3	90	80	1	-5	-3.181034
1080	90.250000	90.750000	B3	90	80	1	-3	-3.170876
1081	90.250000	90.750000	F4	90	80	1	-1	-3.342645
1082	90.476190	90.846561	D-4	127	80	0	2	-3.266530
1083	90.846561	91.031746	E-4	127	80	0	3	-2.675961
1084	91.000000	92.000000	A2	90	80	1	-5	-5.860818
1085	91.000000	92.000000	C3	90	80	1	-3	-3.170876
1086	91.000000	92.000000	E3	90	80	1	-1	-2.967507
1087	91.031746	91.216931	C-4	127	80	0	1	-3.996553
1088	91.216931	91.587302	D4	127	80	0	2	-2.525967
1089	91.587302	91.957672	D4	127	80	0	1	-4.802885
1090	91.957672	92.328042	D4	127	80	0	1	-4.507997
1091	92.328042	92.698413	D4	127	80	0	1	-4.507997
1092	93.068783	93.439153	B#5	90	80	0	3	-8.667264
1093	93.068783	93.439153	C#6	90	80	0	4	-4.152325
1094	93.439153	93.809524	C#6	127	80	0	3	-5.185589
1095	93.500000	94.000000	E2	90	80	1	-5	-2.314770
1096	93.500000	94.000000	A2	90	80	1	-2	-3.272976
1097	93.500000	94.000000	C3	90	80	1	-1	-2.415329
1098	93.809524	94.179894	B#5	90	80	0	2	-2.803601
1099	93.809524	94.179894	C#6	90	80	0	3	-3.190537
1100	94.179894	94.550265	C#6	127	80	0	3	-4.378151
1101	94.500000	94.750000	C2	90	80	1	-5	-2.314770
1102	94.500000	94.750000	E2	90	80	1	-3	-3.170876
1103	94.500000	94.750000	A2	90	80	1	-1	-2.717521
1104	94.550265	94.920635	B#5	90	80	0	2	-2.803601
1105	94.550265	94.920635	C#6	90	80	0	3	-3.190537
1106	94.920635	95.291005	C#6	127	80	0	3	-4.378151
1107	95.000000	103.000000	B-2	90	80	1	-3	-5.495075
1108	95.000000	103.000000	E-3	90	80	1	-2	-3.936874
1109	95.000000	103.000000	G3	90	80	1	-1	-3.262923
1110	95.291005	95.661376	B#5	90	80	0	2	-2.803601
1111	95.291005	95.661376	C#6	90	80	0	3	-3.190537
1112	95.661376	96.031746	C#6	127	80	0	3	-4.378151
1113	96.031746	96.402116	B#5	90	80	0	2	-2.803601
1114	96.031746	96.402116	C#6	90	80	0	3	-3.190537
1115	96.402116	96.772487	C#6	127	80	0	3	-4.378151
1116	96.772487	97.142857	B#5	90	80	0	2	-2.803601
1117	96.772487	97.142857	C#6	90	80	0	3	-3.190537
1118	97.142857	97.513228	C#6	127	80	0	3	-4.378151
1119	97.513228	97.883598	B#5	90	80	0	2	-2.803601
1120	97.513228	97.883598	C#6	90	80	0	3	-3.190537
1121	97.883598	98.253968	C#6	127	80	0	3	-4.378151
1122	98.253968	98.624339	B#5	90	80	0	2	-2.803601
1123	98.253968	98.624339	C#6	90	80	0	3	-3.190537
1124	98.624339	98.809524	A#5	127	80	0	1	-3.281335
1125	98.809524	98.994709	B-5	127	80	0	1	-4.507997
1126	98.994709	99.365079	C#6	127	80	0	2	-2.525967
1127	99.735450	100.105820	C#6	127	80	0	2	-4.554564
1128	100.105820	100.291005	B-5	127	80	0	1	-3.157580
1129	100.291005	100.476190	A#5	127	80	0	3	-5.268790
1130	100.476190	100.661376	G#5	127	80	0	2	-2.287533
1131	100.661376	100.846561	A#5	127	80	0	3	-2.675961
1132	100.846561	101.216931	E-5	127	80	0	1	-3.310457
1133	101.216931	101.587302	E-5	127	80	0	1	-4.507997
1134	101.957672	102.142857	A#5	127	80	0	3	-3.751952
1135	102.142857	102.328042	B-5	127	80	0	3	-4.378151
1136	102.328042	103.068783	C#6	127	80	0	5	-2.681011
1137	103.000000	103.250000	B2	90	80	1	-4	-4.458307
1138	103.000000	103.250000	E3	90	80	1	-2	-2.507290
1139	103.000000	103.250000	G#3	90	80	1	-1	-3.194227
1140	103.068783	103.253968	B-5	127	80	0	3	-3.509161
1141	103.253968	103.439153	A#5	127	80	0	3	-4.378151
1142	103.439153	103.624339	G#5	127	80	0	2	-2.287533
1143	103.624339	103.809524	A#5	127	80	0	3	-2.675961
1144	103.809524	104.179894	E-5	127	80	0	1	-3.310457
1145	104.179894	104.365079	A#5	127	80	0	3	-3.751952
1146	104.365079	104.550265	B-5	127	80	0	3	-4.378151
1147	104.550265	104.920635	C#6	127	80	0	5	-2.681011
1148	104.750000	105.000000	B-2	90	80	1	-5	-3.181034
1149	104.750000	105.000000	E-3	90	80	1	-2	-3.272976
1150	104.750000	105.000000	G#3	90	80	1	-1	-2.320150
1151	104.920635	105.105820	B-5	127	80	0	3	-3.509161
1152	105.105820	105.291005	A#5	127	80	0	3	-4.378151
1153	105.291005	105.476190	G#5	127	80	0	2	-2.287533
1154	105.476190	105.661376	A#5	127	80	0	3	-2.675961
1155	105.661376	106.031746	E-5	127	80	0	1	-3.310457
1156	105.750000	106.000000	B-2	90	80	1	-5	-3.181034
1157	105.750000	106.000000	E-3	90	80	1	-2	-3.272976
1158	105.750000	106.000000	G#3	90	80	1	-1	-2.320150
1159	106.031746	106.216931	D#5	127	80	0	1	-4.507997
1160	106.216931	106.402116	E-5	127	80	0	1	-4.507997
1161	106.402116	107.142857	F#5	127	80	0	2	-2.525967
1162	106.750000	107.000000	B-2	90	80	1	-5	-3.181034
1163	106.750000	107.000000	E-3	90	80	1	-2	-3.272976
1164	106.750000	107.000000	G#3	90	80	1	-1	-2.320150
1165	107.142857	107.513228	F#5	127	80	0	2	-4.554564
1166	107.500000	107.750000	B-2	90	80	1	-5	-3.181034
1167	107.500000	107.750000	E-3	90	80	1	-2	-3.272976
1168	107.883598	108.068783	E-5	127	80	0	1	-3.157580
1169	108.068783	108.253968	D#5	127	80	0	3	-5.268790
1170	108.250000	108.500000	B-2	90	80	1	-4	-4.045906
1171	108.250000	108.500000	E-3	90	80	1	-2	-2.507290
1172	108.250000	108.500000	F#3	90	80	1	-1	-2.415329
1173	108.253968	108.439153	C#5	127	80	0	2	-2.287533
1174	108.439153	108.624339	D#5	127	80	0	3	-2.675961
1175	108.624339	108.994709	A4	127	80	0	1	-4.323321
1176	108.750000	109.000000	B-2	90	80	1	-4	-4.458307
1177	108.750000	109.000000	E-3	90	80	1	-2	-2.507290
1178	108.750000	109.000000	G3	90	80	1	-1	-3.262923
1179	108.994709	109.179894	G#4	127	80	0	2	-4.284147
1180	109.000000	109.250000	B-2	90	80	1	-4	-4.497131
1181	109.000000	109.250000	E-3	90	80	1	-2	-2.507290
1182	109.000000	109.250000	G#3	90	80	1	-1	-2.320150
1183	109.179894	109.365079	A#4	127	80	0	3	-2.675961
1184	109.365079	109.735450	B-4	127	80	0	2	-4.935872
1185	109.735450	109.920635	A4	127	80	0	1	-3.290753
1186	109.750000	110.000000	B-2	90	80	1	-5	-3.181034
1187	109.750000	110.000000	E-3	90	80	1	-2	-3.272976
1188	109.920635	110.105820	G#4	127	80	0	3	-4.859211
1189	110.105820	110.291005	F#4	127	80	0	2	-2.287533
1190	110.291005	110.476190	G#4	127	80	0	3	-2.675961
1191	110.476190	110.846561	D4	127	80	0	1	-4.323321
1192	110.500000	110.750000	B-2	90	80	1	-4	-4.045906
1193	110.500000	110.750000	E-3	90	80	1	-2	-2.507290
1194	110.500000	110.750000	F#3	90	80	1	-1	-2.415329
1195	110.846561	111.216931	D4	127	80	0	1	-4.507997
1196	111.216931	111.587302	D4	127	80	0	1	-4.507997
1197	111.250000	111.500000	B-2	90	80	1	-4	-4.458307
1198	111.250000	111.500000	E-3	90	80	1	-2	-2.507290
1199	111.250000	111.500000	G3	90	80	1	-1	-3.262923
1200	111.587302	111.957672	D4	127	80	0	1	-4.507997
1201	111.750000	112.000000	B-2	90	80	1	-4	-4.497131
1202	111.750000	112.000000	E-3	90	80	1	-2	-2.507290
1203	111.750000	112.000000	G#3	90	80	1	-1	-2.320150
1204	111.957672	112.328042	D4	127	80	0	1	-4.507997
1205	112.328042	112.698413	D4	127	80	0	1	-4.507997
1206	112.500000	113.000000	C3	90	80	1	-3	-5.904641
1207	112.500000	113.000000	D3	90	80	1	-2	-2.510186
1208	112.500000	113.000000	G3	90	80	1	-1	-2.320150
1209	112.698413	113.068783	D4	127	80	0	1	-4.507997
1210	113.000000	113.500000	C3	90	80	1	-4	-3.752799
1211	113.000000	113.500000	E-3	90	80	1	-2	-3.337019
1212	113.000000	113.500000	G3	90	80	1	-1	-3.262923
1213	113.068783	113.439153	D4	127	80	0	1	-4.507997
1214	113.439153	113.809524	D4	127	80	0	1	-4.507997
1215	113.750000	114.000000	C3	90	80	1	-4	-3.752799
1216	113.750000	114.000000	E3	90	80	1	-2	-2.359478
1217	113.750000	114.000000	G3	90	80	1	-1	-2.415329
1218	113.809524	114.179894	D4	127	80	0	1	-4.507997
1219	114.179894	114.550265	D4	127	80	0	1	-4.507997
1220	114.250000	114.500000	C3	90	80	1	-4	-3.752799
1221	114.250000	114.500000	F3	90	80	1	-2	-2.507290
1222	114.250000	114.500000	G3	90	80	1	-1	-2.578439
1223	114.550265	114.920635	D4	127	80	0	1	-4.507997
1224	114.750000	115.000000	C3	90	80	1	-5	-3.242781
1225	114.750000	115.000000	F#3	90	80	1	-2	-5.232676
1226	114.750000	115.000000	G3	90	80	1	-1	-3.404249
1227	114.920635	115.291005	D4	127	80	0	1	-4.507997
1228	115.291005	115.661376	D4	127	80	0	1	-4.507997
1229	115.661376	116.031746	F4	127	80	0	2	-2.525967
1230	116.031746	116.402116	D4	127	80	0	1	-3.157580
1231	116.402116	116.772487	D4	127	80	0	1	-4.507997
1232	116.772487	117.142857	F4	127	80	0	2	-2.525967
1233	117.000000	117.125000	C3	126	80	1	-5	-3.242781
1234	117.125000	117.250000	D3	126	80	1	-4	-3.907966
1235	117.142857	117.513228	D4	127	80	0	1	-3.157580
1236	117.250000	118.250000	E-3	90	80	1	-3	-2.906925
1237	117.250000	118.250000	G3	90	80	1	-2	-4.126498
1238	117.250000	118.250000	B-3	90	80	1	-1	-3.101885
1239	117.513228	117.883598	D4	127	80	0	1	-4.507997
1240	117.883598	118.253968	F4	127	80	0	2	-2.525967
1241	118.253968	118.624339	D4	127	80	0	1	-3.157580
1242	118.500000	119.000000	A-3	90	80	1	-4	-5.901873
1243	118.500000	119.000000	C4	90	80	1	-2	-2.871001
1244	118.500000	119.000000	E-4	90	80	1	-1	-3.101885
1245	118.624339	118.994709	D4	127	80	0	1	-4.507997
1246	118.994709	119.365079	F4	127	80	0	2	-2.525967
1247	119.250000	120.000000	C#4	90	80	1	-2	-2.745489
1248	119.250000	120.000000	G#4	90	80	1	-1	-4.047397
1249	119.365079	119.735450	D4	127	80	0	1	-3.157580
1250	119.735450	120.105820	D4	127	80	0	1	-4.507997
1251	120.105820	120.476190	F4	127	80	0	2	-2.525967
1252	120.476190	120.846561	D4	127	80	0	1	-3.157580
1253	120.750000	121.250000	F#4	90	80	1	-4	-5.901873
1254	120.750000	121.250000	A#4	90	80	1	-2	-2.359478
1255	120.750000	121.250000	C#5	90	80	1	-1	-2.415329
1256	120.846561	121.216931	F4	127	80	0	2	-2.525967
1257	121.216931	121.587302	D4	127	80	0	1	-3.157580
1258	121.500000	122.000000	B-4	90	80	1	-2	-3.291596
1259	121.500000	122.000000	D#5	90	80	1	-1	-2.320150
1260	121.587302	121.957672	D4	127	80	0	2	-4.712397
1261	121.957672	122.142857	F4	127	80	0	4	-2.758588
1262	122.142857	122.328042	E-4	127	80	0	3	-3.510496
1263	122.328042	122.698413	D4	127	80	0	2	-2.803601
1264	122.698413	122.883598	F4	127	80	0	4	-2.758588
1265	122.750000	123.250000	E-5	90	80	1	-5	-4.801795
1266	122.750000	123.250000	G#5	90	80	1	-3	-3.463793
1267	122.750000	123.250000	B-5	90	80	1	-2	-2.510186
1268	122.883598	123.068783	E-4	127	80	0	3	-3.510496
1269	123.068783	123.439153	D4	127	80	0	2	-2.803601
1270	123.250000	123.750000	F#5	90	80	1	-4	-3.718276
1271	123.250000	123.750000	A#5	90	80	1	-2	-2.359478
1272	123.250000	123.750000	C#6	90	80	1	-1	-2.415329
1273	123.439153	123.624339	F4	127	80	0	4	-2.758588
1274	123.624339	123.809524	E-4	127	80	0	3	-3.510496
1275	123.750000	124.000000	G#5	90	80	1	-3	-3.831713
1276	123.750000	124.000000	B-5	90	80	1	-2	-2.510186
1277	123.750000	124.000000	D#6	90	80	1	-1	-2.320150
1278	123.809524	124.179894	D4	127	80	0	2	-2.803601
1279	124.179894	124.365079	F4	127	80	0	3	-3.012122
1280	124.250000	124.750000	A5	90	80	1	-4	-6.237620
1281	124.250000	124.750000	C6	90	80	1	-2	-2.359478
1282	124.250000	124.750000	E-6	90	80	1	-1	-3.101885
1283	124.365079	124.550265	E-4	127	80	0	2	-3.032881
1284	124.550265	124.735450	D4	127	80	0	1	-3.290753
1285	124.735450	124.920635	F#4	127	80	0	2	-3.275273
1286	124.920635	125.291005	A-4	127	80	0	3	-2.675961
1287	125.000000	126.000000	G3	126	80	1	-5	-5.805721
1288	125.250000	125.750000	F5	90	80	1	-5	-7.206746
1289	125.250000	125.750000	C6	90	80	1	-3	-3.416097
1290	125.250000	125.750000	D6	90	80	1	-2	-2.510186
1291	125.250000	125.750000	F6	90	80	1	-1	-2.415329
1292	125.291005	126.005291	G4	127	80	0	2	-2.803601
1293	125.291005	125.469577	C#5	127	80	0	4	-5.307691
1294	125.469577	125.648148	B-4	127	80	0	2	-3.359779
1295	125.648148	125.826720	D5	99	80	0	4	-3.927704
1296	125.750000	126.250000	F5	90	80	1	-5	-2.314770
1297	125.750000	126.250000	B-5	90	80	1	-4	-4.565377
1298	125.750000	126.250000	D6	90	80	1	-2	-2.871001
1299	125.750000	126.250000	F6	90	80	1	-1	-2.415329
1300	126.005291	126.719577	G4	99	80	0	1	-2.857522
1301	126.094577	126.183862	A4	99	80	0	2	-2.867384
1302	126.183862	126.362434	B-4	99	80	0	3	-3.190537
1303	126.250000	126.750000	F5	90	80	1	-5	-2.314770
1304	126.250000	126.750000	B-5	90	80	1	-4	-4.565377
1305	126.250000	126.750000	D6	90	80	1	-2	-2.871001
1306	126.250000	126.750000	F6	90	80	1	-1	-2.415329
1307	126.362434	126.719577	C#5	99	80	0	5	-2.681011
1308	126.719577	127.076720	G4	99	80	0	2	-4.646957
1309	126.719577	126.898148	B-4	99	80	0	3	-3.409656
1310	126.750000	127.250000	F5	90	80	1	-5	-2.314770
1311	126.750000	127.250000	B-5	90	80	1	-4	-4.565377
1312	126.750000	127.250000	D6	90	80	1	-2	-2.871001
1313	126.750000	127.250000	F6	90	80	1	-1	-2.415329
1314	126.898148	127.076720	D5	99	80	0	5	-3.340065
1315	127.076720	128.148148	G4	99	80	0	1	-3.425130
1316	127.166005	127.255291	A4	99	80	0	2	-2.867384
1317	127.250000	127.750000	F5	90	80	1	-5	-2.314770
1318	127.250000	127.750000	B-5	90	80	1	-4	-4.565377
1319	127.250000	127.750000	D6	90	80	1	-2	-2.871001
1320	127.250000	127.750000	F6	90	80	1	-1	-2.415329
1321	127.255291	127.433862	B-4	99	80	0	3	-3.190537
1322	127.433862	127.791005	C#5	99	80	0	5	-2.681011
1323	127.750000	128.250000	F5	90	80	1	-5	-2.314770
1324	127.750000	128.250000	B-5	90	80	1	-4	-4.565377
1325	127.750000	128.250000	D6	90	80	1	-2	-2.871001
1326	127.750000	128.250000	F6	90	80	1	-1	-2.415329
1327	127.791005	128.148148	A4	99	80	0	3	-4.396088
1328	128.148148	129.219577	G4	99	80	0	2	-2.287533
1329	128.148148	128.326720	C#5	99	80	0	5	-5.283726
1330	128.250000	128.750000	F5	90	80	1	-5	-2.314770
1331	128.250000	128.750000	B-5	90	80	1	-4	-4.565377
1332	128.250000	128.750000	D6	90	80	1	-2	-2.871001
1333	128.250000	128.750000	F6	90	80	1	-1	-2.415329
1334	128.326720	128.505291	B-4	99	80	0	3	-3.509161
1335	128.505291	128.683862	D5	99	80	0	5	-3.340065
1336	128.750000	129.250000	F5	90	80	1	-5	-2.314770
1337	128.750000	129.250000	B-5	90	80	1	-4	-4.565377
1338	128.750000	129.250000	D6	90	80	1	-2	-2.871001
1339	128.750000	129.250000	F6	90	80	1	-1	-2.415329
1340	128.862434	129.041005	C#5	99	80	0	4	-3.640665
1341	129.041005	129.130291	B-4	99	80	0	3	-5.351242
1342	129.130291	129.219577	A4	99	80	0	2	-2.803601
1343	129.219577	130.112434	G4	99	80	0	1	-2.609267
1344	129.250000	129.750000	G5	90	80	1	-5	-3.181034
1345	129.250000	129.750000	C6	90	80	1	-3	-3.463793
1346	129.250000	129.750000	E-6	90	80	1	-2	-3.407298
1347	129.250000	129.750000	G6	90	80	1	-1	-3.262923
1348	129.308862	129.398148	A4	99	80	0	2	-2.867384
1349	129.398148	129.576720	B-4	99	80	0	1	-6.745114
1350	129.576720	129.933862	C#5	99	80	0	2	-2.525967
1351	129.750000	130.250000	F5	90	80	1	-5	-3.842215
1352	129.750000	130.250000	B-5	90	80	1	-4	-4.565377
1353	129.750000	130.250000	D6	90	80	1	-2	-2.871001
1354	129.750000	130.250000	F6	90	80	1	-1	-2.415329
1355	129.933862	130.112434	F#5	99	80	0	5	-3.228870
1356	130.112434	130.291005	A4	99	80	0	2	-5.025837
1357	130.250000	130.750000	F5	90	80	1	-5	-2.314770
1358	130.250000	130.750000	A5	90	80	1	-4	-4.139458
1359	130.250000	130.750000	D6	90	80	1	-2	-2.507290
1360	130.250000	130.750000	F6	90	80	1	-1	-2.415329
1361	130.291005	130.648148	G4	99	80	0	1	-2.609267
1362	130.380291	130.469577	A4	99	80	0	2	-2.867384
1363	130.380291	130.558862	B-4	99	80	0	3	-3.190537
1364	130.648148	131.183862	G4	99	80	0	1	-3.984578
1365	130.750000	131.250000	F5	90	80	1	-5	-2.314770
1366	130.750000	131.250000	B-5	90	80	1	-4	-4.565377
1367	130.750000	131.250000	D6	90	80	1	-2	-2.871001
1368	130.750000	131.250000	F6	90	80	1	-1	-2.415329
1369	130.826720	130.916005	A4	99	80	0	2	-2.867384
1370	130.916005	131.005291	B-4	99	80	0	3	-3.190537
1371	131.005291	131.183862	C#5	99	80	0	5	-2.681011
1372	131.183862	131.541005	G4	99	80	0	2	-4.646957
1373	131.250000	131.750000	F5	90	80	1	-5	-2.314770
1374	131.250000	131.750000	B-5	90	80	1	-4	-4.565377
1375	131.250000	131.750000	D6	90	80	1	-2	-2.871001
1376	131.250000	131.750000	F6	90	80	1	-1	-2.415329
1377	131.362434	131.451720	A4	99	80	0	1	-5.369497
1378	131.451720	131.541005	B-4	99	80	0	2	-3.900292
1379	131.541005	131.719577	C#5	99	80	0	4	-2.758588
1380	131.719577	131.898148	D#5	99	80	0	5	-2.706622
1381	131.750000	132.000000	F5	90	80	1	-5	-2.314770
1382	131.750000	132.000000	B-5	90	80	1	-4	-4.565377
1383	131.750000	132.000000	D6	90	80	1	-2	-2.871001
1384	131.750000	132.000000	F6	90	80	1	-1	-2.415329
1385	131.898148	131.987434	E-5	99	80	0	1	-5.027158
1386	131.987434	132.076720	F#5	99	80	0	2	-2.525967
1387	132.000000	132.250000	C6	90	80	1	-2	-3.456527
1388	132.076720	132.255291	G5	99	80	0	1	-4.072488
1389	132.250000	132.750000	F5	90	80	1	-5	-3.155341
1390	132.250000	132.750000	D6	90	80	1	-2	-4.349399
1391	132.250000	132.750000	F6	90	80	1	-1	-2.415329
1392	132.255291	132.433862	A5	99	80	0	2	-2.867384
1393	132.433862	132.523148	B-5	99	80	0	3	-3.190537
1394	132.523148	132.612434	C6	99	80	0	1	-5.285870
1395	132.612434	132.791005	D6	99	80	0	2	-2.867384
1396	132.750000	133.000000	F5	90	80	1	-5	-2.314770
1397	132.750000	133.000000	B-5	90	80	1	-4	-4.565377
1398	132.750000	133.000000	D6	90	80	1	-2	-2.871001
1399	132.750000	133.000000	F6	90	80	1	-1	-2.415329
1400	132.791005	132.969577	E-6	99	80	0	3	-3.190537
1401	132.969577	133.058862	F6	99	80	0	4	-4.111873
1402	133.000000	133.250000	G5	90	80	1	-5	-3.181034
1403	133.058862	133.148148	G6	99	80	0	5	-2.706622
1404	133.148148	133.237434	B-5	99	80	0	2	-4.240163
1405	133.237434	133.326720	D6	99	80	0	5	-4.964310
1406	133.250000	133.750000	B-5	90	80	1	-4	-4.807638
1407	133.250000	133.750000	D6	90	80	1	-2	-2.871001
1408	133.250000	133.750000	F6	90	80	1	-1	-2.415329
1409	133.326720	133.505291	B-4	90	80	0	1	-5.436724
1410	133.326720	133.505291	D5	90	80	0	2	-3.465862
1411	133.326720	133.505291	F5	90	80	0	3	-3.012122
1412	133.505291	133.594577	G5	99	80	0	1	-5.198182
1413	133.594577	133.683862	A5	99	80	0	2	-2.867384
1414	133.683862	133.773148	B-5	99	80	0	3	-3.190537
1415	133.750000	134.250000	F5	90	80	1	-5	-2.314770
1416	133.750000	134.250000	B-5	90	80	1	-4	-4.565377
1417	133.750000	134.250000	D6	90	80	1	-2	-2.871001
1418	133.750000	134.250000	F6	90	80	1	-1	-2.415329
1419	133.773148	133.862434	C6	99	80	0	5	-3.635747
1420	133.862434	134.025477	D5	90	80	0	1	-3.027253
1421	133.862434	134.025477	D6	90	80	0	5	-2.242366
1422	134.025477	134.188521	G#5	99	80	0	2	-4.412763
1423	134.188521	134.351564	F#5	99	80	0	1	-2.609267
1424	134.250000	134.750000	B-5	90	80	1	-4	-4.339145
1425	134.250000	134.750000	D6	90	80	1	-2	-2.871001
1426	134.250000	134.750000	F6	90	80	1	-1	-2.415329
1427	134.351564	134.514608	A5	99	80	0	3	-5.327229
1428	134.514608	134.596130	G5	99	80	0	2	-2.287533
1429	134.596130	134.759173	E-5	99	80	0	1	-3.898407
1430	134.596130	134.677651	F5	99	80	0	2	-3.493146
1431	134.750000	135.000000	D6	90	80	1	-2	-3.291596
1432	134.750000	135.000000	F6	90	80	1	-1	-2.415329
1433	134.759173	135.737434	D5	99	80	0	1	-3.157580
1434	135.166782	135.329825	D5	99	80	0	1	-4.507997
1435	135.329825	135.492869	G#5	99	80	0	3	-5.112123
1436	135.492869	135.655912	F#5	99	80	0	2	-2.287533
1437	135.500000	136.000000	B-5	90	80	1	-4	-4.339145
1438	135.500000	136.000000	D6	90	80	1	-2	-2.871001
1439	135.655912	135.818956	A5	99	80	0	4	-3.580467
1440	135.818956	136.471130	D5	99	80	0	1	-2.857522
1441	135.818956	135.900477	G5	99	80	0	2	-2.963617
1442	135.900477	135.981999	A5	99	80	0	1	-5.369497
1443	135.981999	136.145043	B-5	99	80	0	2	-3.900292
1444	136.000000	136.250000	B-5	90	80	1	-1	-6.910650
1445	136.145043	136.471130	C6	99	80	0	3	-3.265372
1446	136.250000	136.750000	B-4	126	80	1	-5	-2.314770
1447	136.250000	136.500000	D5	90	80	1	-3	-4.118108
1448	136.250000	136.500000	F5	90	80	1	-2	-3.046717
1449	136.471130	136.634173	D6	99	80	0	4	-2.883688
1450	136.500000	136.625000	G5	126	80	1	-1	-2.578439
1451	136.625000	136.750000	A5	126	80	1	-3	-4.611792
1452	136.634173	136.797216	G#5	99	80	0	1	-4.295977
1453	136.750000	136.875000	B-5	126	80	1	-2	-3.081523
1454	136.797216	136.960260	F#5	99	80	0	3	-4.737465
1455	136.875000	137.000000	C6	126	80	1	-1	-2.464298
1456	136.960260	137.123303	A5	99	80	0	5	-3.635747
1457	137.000000	137.250000	B-3	90	80	1	-5	-5.704159
1458	137.000000	137.250000	E-4	90	80	1	-3	-3.463793
1459	137.000000	137.250000	F#4	90	80	1	-2	-3.046717
1460	137.000000	137.250000	A4	90	80	1	-1	-2.464298
1461	137.123303	137.204825	G5	99	80	0	4	-2.814339
1462	137.204825	137.286347	F5	99	80	0	3	-2.238713
1463	137.250000	137.500000	B-3	90	80	1	-5	-4.582913
1464	137.250000	137.500000	E-4	90	80	1	-3	-3.463793
1465	137.250000	137.500000	F#4	90	80	1	-2	-3.046717
1466	137.250000	137.500000	A4	90	80	1	-1	-2.464298
1467	137.286347	137.449390	E-5	99	80	0	2	-3.032881
1468	137.449390	138.753738	D5	99	80	0	1	-3.290753
1469	137.449390	137.612434	G#5	99	80	0	2	-5.017340
1470	137.750000	138.000000	B-3	90	80	1	-5	-4.582913
1471	137.750000	138.000000	E-4	90	80	1	-3	-3.463793
1472	137.750000	138.000000	F#4	90	80	1	-2	-3.046717
1473	137.750000	138.000000	A4	90	80	1	-1	-2.464298
1474	137.775477	137.938521	E#5	99	80	0	1	-3.360143
1475	137.938521	138.101564	A5	99	80	0	2	-2.525967
1476	138.101564	138.183086	G5	99	80	0	1	-2.609267
1477	138.183086	138.264608	A5	99	80	0	2	-2.867384
1478	138.250000	138.500000	B-3	90	80	1	-5	-4.582913
1479	138.250000	138.500000	E-4	90	80	1	-3	-3.463793
1480	138.250000	138.500000	F#4	90	80	1	-2	-3.046717
1481	138.250000	138.500000	A4	90	80	1	-1	-2.464298
1482	138.264608	138.427651	B5	99	80	0	3	-2.675961
1483	138.427651	138.753738	C6	99	80	0	4	-2.883688
1484	138.500000	138.750000	B-3	90	80	1	-5	-4.582913
1485	138.500000	138.750000	E-4	90	80	1	-3	-3.463793
1486	138.500000	138.750000	F#4	90	80	1	-2	-3.046717
1487	138.500000	138.750000	A4	90	80	1	-1	-2.464298
1488	138.750000	139.000000	B-3	90	80	1	-5	-4.582913
1489	138.750000	139.000000	E-4	90	80	1	-3	-3.463793
1490	138.750000	139.000000	F#4	90	80	1	-2	-3.046717
1491	138.750000	139.000000	A4	90	80	1	-1	-2.464298
1492	138.753738	138.916782	D6	99	80	0	5	-2.706622
1493	138.916782	139.079825	G#5	99	80	0	2	-4.412763
1494	139.000000	139.250000	B-3	90	80	1	-5	-4.582913
1495	139.000000	139.250000	E-4	90	80	1	-3	-3.463793
1496	139.000000	139.250000	F#4	90	80	1	-2	-3.046717
1497	139.000000	139.250000	A4	90	80	1	-1	-2.464298
1498	139.079825	139.242869	F#5	99	80	0	1	-2.609267
1499	139.242869	139.405912	A5	99	80	0	3	-5.327229
1500	139.250000	139.500000	B-3	90	80	1	-5	-4.582913
1501	139.250000	139.500000	E-4	90	80	1	-3	-3.463793
1502	139.250000	139.500000	F#4	90	80	1	-2	-3.046717
1503	139.250000	139.500000	A4	90	80	1	-1	-2.464298
1504	139.405912	140.384173	C#5	99	80	0	1	-4.449629
1505	139.487434	139.568956	D#5	99	80	0	2	-2.867384
1506	139.568956	139.731999	F#5	99	80	0	3	-3.012122
1507	139.731999	139.895043	F#5	99	80	0	3	-4.378151
1508	139.750000	140.000000	B-3	90	80	1	-5	-4.582913
1509	139.750000	140.000000	E-4	90	80	1	-3	-3.463793
1510	139.750000	140.000000	F#4	90	80	1	-2	-3.046717
1511	139.750000	140.000000	A4	90	80	1	-1	-2.464298
1512	139.895043	140.058086	G#5	99	80	0	4	-2.883688
1513	140.058086	140.221130	F#5	99	80	0	3	-2.238713
1514	140.221130	140.384173	A5	99	80	0	5	-3.635747
1515	140.250000	140.500000	B-3	90	80	1	-5	-4.582913
1516	140.250000	140.500000	E-4	90	80	1	-3	-3.463793
1517	140.250000	140.500000	G4	90	80	1	-2	-4.126498
1518	140.250000	140.500000	G#4	90	80	1	-1	-4.284379
1519	140.384173	141.036347	C#5	99	80	0	1	-3.862851
1520	140.465695	140.547216	D#5	99	80	0	2	-2.867384
1521	140.500000	140.750000	B-3	90	80	1	-5	-3.181034
1522	140.500000	140.750000	E-4	90	80	1	-3	-3.463793
1523	140.500000	140.750000	F4	90	80	1	-2	-2.872099
1524	140.500000	140.750000	G#4	90	80	1	-1	-3.101885
1525	140.547216	140.710260	E#5	99	80	0	3	-3.265372
1526	140.710260	140.873303	F#5	99	80	0	4	-4.152325
1527	140.750000	141.000000	B-3	90	80	1	-5	-3.181034
1528	140.750000	141.000000	D#4	90	80	1	-3	-3.463793
1529	140.750000	141.000000	F4	90	80	1	-2	-2.872099
1530	140.750000	141.000000	G#4	90	80	1	-1	-3.101885
1531	140.873303	141.036347	A5	99	80	0	5	-3.871087
1532	141.000000	141.250000	B3	90	80	1	-5	-4.087479
1533	141.000000	141.250000	E-4	90	80	1	-3	-3.351805
1534	141.000000	141.250000	F#4	90	80	1	-2	-3.046717
1535	141.000000	141.250000	A4	90	80	1	-1	-2.464298
1536	141.036347	141.688521	C#5	99	80	0	1	-3.862851
1537	141.117869	141.199390	D#5	99	80	0	2	-2.867384
1538	141.199390	141.362434	E#5	99	80	0	3	-3.265372
1539	141.250000	141.500000	B3	90	80	1	-5	-3.181034
1540	141.250000	141.500000	E-4	90	80	1	-3	-3.351805
1541	141.250000	141.500000	F#4	90	80	1	-2	-3.046717
1542	141.250000	141.500000	A4	90	80	1	-1	-2.464298
1543	141.362434	141.688521	F#5	99	80	0	4	-4.152325
1544	141.688521	141.851564	C5	99	80	0	1	-3.845468
1545	141.688521	141.851564	B-5	99	80	0	4	-4.568866
1546	141.750000	142.000000	B3	90	80	1	-5	-3.181034
1547	141.750000	142.000000	E-4	90	80	1	-3	-3.351805
1548	141.750000	142.000000	F#4	90	80	1	-2	-3.046717
1549	141.750000	142.000000	A4	90	80	1	-1	-2.464298
1550	142.250000	142.500000	B-3	90	80	1	-5	-4.582913
1551	142.250000	142.500000	E-4	90	80	1	-3	-3.463793
1552	142.250000	142.500000	F#4	90	80	1	-2	-3.046717
1553	142.250000	142.500000	A4	90	80	1	-1	-2.464298
1554	142.503738	142.666782	F#5	90	80	0	2	-3.359779
1555	142.503738	142.666782	G#5	90	80	0	3	-2.675961
1556	142.666782	142.748303	F5	127	80	0	1	-3.984578
1557	142.748303	142.829825	E-5	127	80	0	3	-5.389440
1558	142.750000	143.000000	B-3	90	80	1	-5	-4.582913
1559	142.750000	143.000000	E-4	90	80	1	-3	-3.463793
1560	142.750000	143.000000	F#4	90	80	1	-2	-3.046717
1561	142.750000	143.000000	A4	90	80	1	-1	-2.464298
1562	142.829825	142.911347	D5	127	80	0	2	-2.803601
1563	142.911347	142.992869	C5	127	80	0	1	-2.609267
1564	142.992869	143.171440	D5	127	80	0	2	-2.867384
1565	143.250000	143.500000	B-3	90	80	1	-5	-4.582913
1566	143.250000	143.500000	E-4	90	80	1	-3	-3.463793
1567	143.250000	143.500000	F#4	90	80	1	-2	-3.046717
1568	143.250000	143.500000	A4	90	80	1	-1	-2.464298
1569	143.750000	144.000000	C4	90	80	1	-4	-4.458307
1570	143.750000	144.000000	F4	90	80	1	-2	-2.507290
1571	143.750000	144.000000	F4	90	80	1	-2	-3.999177
1572	143.750000	144.000000	B-4	90	80	1	-1	-3.194227
1573	143.885726	144.064297	F#5	90	80	0	3	-4.632489
1574	143.885726	144.064297	G#5	90	80	0	4	-2.883688
1575	143.885726	144.064297	F#6	90	80	0	5	-6.973780
1576	143.885726	144.064297	G#6	90	80	0	5	-6.734218
1577	144.000000	144.250000	C4	90	80	1	-5	-4.087479
1578	144.000000	144.250000	F4	90	80	1	-3	-3.463793
1579	144.000000	144.250000	G4	90	80	1	-2	-2.510186
1580	144.000000	144.250000	B-4	90	80	1	-1	-3.101885
1581	144.064297	144.153583	F6	127	80	0	3	-4.643557
1582	144.153583	144.242869	E-6	127	80	0	2	-3.032881
1583	144.242869	144.332154	D6	127	80	0	1	-3.290753
1584	144.250000	144.500000	C4	90	80	1	-5	-4.087479
1585	144.250000	144.500000	F4	90	80	1	-3	-3.463793
1586	144.250000	144.500000	G4	90	80	1	-2	-2.510186
1587	144.250000	144.500000	B-4	90	80	1	-1	-3.101885
1588	144.332154	144.421440	C6	127	80	0	4	-5.839612
1589	144.421440	144.600012	D5	90	80	0	1	-3.549056
1590	144.421440	144.600012	D6	90	80	0	5	-2.242366
1591	144.750000	145.250000	C#4	90	80	1	-5	-3.730225
1592	144.750000	145.250000	F4	90	80	1	-3	-4.118108
1593	144.750000	145.250000	G4	90	80	1	-2	-2.510186
1594	144.750000	145.250000	B4	90	80	1	-1	-2.415329
1595	145.250000	145.750000	C#4	90	80	1	-5	-4.114892
1596	145.250000	145.750000	F#4	90	80	1	-3	-3.463793
1597	145.250000	145.750000	G4	90	80	1	-2	-3.642491
1598	145.250000	145.750000	B-4	90	80	1	-1	-3.101885
1599	145.314297	145.492869	F#6	90	80	0	2	-7.534385
1600	145.314297	145.492869	G#6	90	80	0	3	-2.675961
1601	145.492869	145.582154	F6	127	80	0	1	-3.984578
1602	145.582154	145.671440	E-6	127	80	0	4	-6.205414
1603	145.671440	145.760726	D6	127	80	0	3	-3.302559
1604	145.750000	146.000000	C#4	90	80	1	-5	-3.730225
1605	145.750000	146.000000	F#4	90	80	1	-3	-3.463793
1606	145.750000	146.000000	G4	90	80	1	-2	-3.642491
1607	145.750000	146.000000	B-4	90	80	1	-1	-3.101885
1608	145.760726	145.850012	C6	127	80	0	2	-2.287533
1609	145.850012	146.028583	D6	127	80	0	3	-2.675961
1610	146.000000	146.250000	A4	90	80	1	-2	-4.597368
1611	146.250000	146.500000	F4	90	80	1	-3	-4.063676
1612	146.385726	146.564297	C#6	127	80	0	2	-3.151465
1613	146.500000	146.750000	C#4	90	80	1	-5	-5.242578
1614	146.500000	146.750000	F#4	90	80	1	-3	-3.463793
1615	146.500000	146.750000	G#4	90	80	1	-2	-2.510186
1616	146.500000	146.750000	B-4	90	80	1	-1	-2.578439
1617	146.564297	146.653583	C6	127	80	0	1	-3.290753
1618	146.653583	146.742869	B-5	127	80	0	4	-6.205414
1619	146.742869	146.832154	A5	127	80	0	3	-3.302559
1620	146.750000	147.250000	C#4	90	80	1	-5	-3.730225
1621	146.750000	147.250000	F#4	90	80	1	-3	-3.463793
1622	146.750000	147.250000	G#4	90	80	1	-2	-2.510186
1623	146.750000	147.250000	B-4	90	80	1	-1	-2.578439
1624	146.832154	146.921440	G5	127	80	0	2	-2.287533
1625	146.921440	147.100012	A5	127	80	0	3	-2.675961
1626	147.250000	147.750000	C#4	90	80	1	-5	-3.730225
1627	147.250000	147.750000	F#4	90	80	1	-3	-3.463793
1628	147.250000	147.750000	G#4	90	80	1	-2	-2.510186
1629	147.250000	147.750000	B-4	90	80	1	-1	-2.578439
1630	147.457154	147.635726	F#5	127	80	0	2	-3.032881
1631	147.635726	147.725012	F5	127	80	0	1	-3.290753
1632	147.725012	147.814297	E-5	127	80	0	4	-6.205414
1633	147.750000	148.250000	C#4	90	80	1	-5	-3.730225
1634	147.750000	148.250000	F#4	90	80	1	-3	-3.463793
1635	147.750000	148.250000	G#4	90	80	1	-2	-2.510186
1636	147.750000	148.250000	B-4	90	80	1	-1	-2.578439
1637	147.814297	147.903583	D5	127	80	0	3	-3.302559
1638	147.903583	147.992869	C5	127	80	0	2	-2.287533
1639	147.992869	148.171440	D5	127	80	0	3	-2.675961
1640	148.250000	148.750000	C#4	90	80	1	-5	-3.730225
1641	148.250000	148.750000	F#4	90	80	1	-3	-3.463793
1642	148.250000	148.750000	G#4	90	80	1	-2	-2.510186
1643	148.250000	148.750000	B-4	90	80	1	-1	-2.578439
1644	148.528583	148.707154	C#5	127	80	0	2	-3.151465
1645	148.707154	148.796440	C5	127	80	0	1	-3.290753
1646	148.750000	149.250000	C#4	90	80	1	-5	-3.730225
1647	148.750000	149.250000	F#4	90	80	1	-3	-3.463793
1648	148.750000	149.250000	G#4	90	80	1	-2	-2.510186
1649	148.750000	149.250000	B-4	90	80	1	-1	-2.578439
1650	148.796440	148.885726	B-4	127	80	0	4	-6.205414
1651	148.885726	148.975012	A4	127	80	0	3	-3.302559
1652	148.975012	149.064297	G4	127	80	0	2	-2.287533
1653	149.064297	149.242869	A4	127	80	0	3	-2.675961
1654	149.250000	149.500000	C#4	90	80	1	-5	-3.730225
1655	149.250000	149.500000	F#4	90	80	1	-3	-3.463793
1656	149.250000	149.500000	G#4	90	80	1	-2	-2.510186
1657	149.250000	149.500000	B-4	90	80	1	-1	-2.578439
1658	149.500000	149.750000	C#4	90	80	1	-5	-3.730225
1659	149.500000	149.750000	F#4	90	80	1	-3	-3.463793
1660	149.500000	149.750000	G#4	90	80	1	-2	-2.510186
1661	149.500000	149.750000	B-4	90	80	1	-1	-2.578439
1662	149.600012	149.778583	F#4	127	80	0	2	-3.032881
1663	149.750000	150.000000	C#4	90	80	1	-5	-3.730225
1664	149.750000	150.000000	F#4	90	80	1	-3	-3.463793
1665	149.750000	150.000000	G#4	90	80	1	-2	-2.510186
1666	149.750000	150.000000	B-4	90	80	1	-1	-2.578439
1667	149.778583	149.867869	F4	127	80	0	1	-3.290753
1668	149.867869	149.957154	E-4	127	80	0	4	-6.205414
1669	149.957154	150.046440	D4	127	80	0	3	-3.302559
1670	150.000000	150.250000	C#4	90	80	1	-5	-3.730225
1671	150.000000	150.250000	E#4	90	80	1	-3	-4.118108
1672	150.000000	150.250000	G#4	90	80	1	-2	-3.407298
1673	150.000000	150.250000	B-4	90	80	1	-1	-2.578439
1674	150.046440	150.135726	C4	127	80	0	2	-2.287533
1675	150.135726	150.314297	D4	127	80	0	3	-2.675961
1676	150.314297	150.492869	C#4	127	80	0	2	-3.151465
1677	150.492869	150.582154	C4	127	80	0	1	-3.290753
1678	150.582154	150.671440	B-3	127	80	0	4	-6.205414
1679	150.671440	150.760726	A3	127	80	0	3	-3.302559
1680	150.760726	150.850012	G3	127	80	0	2	-2.287533
1681	150.850012	151.028583	A3	127	80	0	3	-2.675961
1682	151.250000	151.500000	D5	90	80	1	-4	-7.964472
1683	151.250000	151.500000	F#5	90	80	1	-2	-3.159098
1684	151.250000	151.500000	A5	90	80	1	-1	-2.464298
1685	151.385726	151.564297	F#3	127	80	0	2	-3.032881
1686	151.500000	151.750000	D5	90	80	1	-4	-3.752799
1687	151.500000	151.750000	F#5	90	80	1	-2	-3.159098
1688	151.500000	151.750000	A5	90	80	1	-1	-2.464298
1689	151.564297	151.653583	F3	127	80	0	1	-3.290753
1690	151.653583	151.742869	E-3	127	80	0	4	-6.205414
1691	151.742869	151.832154	D3	127	80	0	3	-3.302559
1692	151.750000	152.000000	D5	90	80	1	-4	-3.752799
1693	151.750000	152.000000	F#5	90	80	1	-2	-3.159098
1694	151.750000	152.000000	A5	90	80	1	-1	-2.464298
1695	151.832154	151.921440	C3	127	80	0	2	-2.287533
1696	151.921440	152.100012	D3	127	80	0	3	-2.675961
1697	152.000000	152.250000	C#5	90	80	1	-5	-4.332318
1698	152.000000	152.250000	F#5	90	80	1	-3	-3.463793
1699	152.000000	152.250000	G#5	90	80	1	-2	-2.510186
1700	152.000000	152.250000	B-5	90	80	1	-1	-2.578439
1701	152.250000	152.500000	C#5	90	80	1	-5	-3.730225
1702	152.250000	152.500000	F#5	90	80	1	-5	-5.427640
1703	152.250000	152.500000	G#5	90	80	1	-4	-3.907966
1704	152.250000	152.500000	B-5	90	80	1	-3	-2.915060
1705	152.278583	152.457154	C#3	127	80	0	2	-3.151465
1706	152.457154	152.546440	C3	127	80	0	1	-3.290753
1707	152.500000	152.625000	F6	127	80	1	-1	-3.687814
1708	152.546440	152.635726	B-2	127	80	0	4	-6.205414
1709	152.625000	152.750000	E-6	127	80	1	-2	-3.299403
1710	152.635726	152.725012	A2	127	80	0	3	-3.302559
1711	152.725012	152.814297	G2	127	80	0	2	-2.287533
1712	152.750000	152.875000	D6	127	80	1	-3	-3.281947
1713	152.814297	152.992869	A2	127	80	0	3	-2.675961
1714	152.875000	153.000000	C6	127	80	1	-1	-3.930078
1715	152.992869	153.171440	F#2	127	80	0	2	-3.032881
1716	153.171440	153.260726	F2	127	80	0	1	-3.290753
1717	153.250000	153.500000	D5	90	80	1	-5	-3.181034
1718	153.250000	153.500000	F#5	90	80	1	-3	-3.351805
1719	153.250000	153.500000	A5	90	80	1	-1	-3.288065
1720	153.260726	153.350012	E-2	127	80	0	3	-5.389440
1721	153.350012	153.439297	D2	127	80	0	2	-2.803601
1722	153.439297	153.528583	C2	127	80	0	1	-2.609267
1723	153.500000	153.750000	D5	90	80	1	-4	-3.752799
1724	153.500000	153.750000	F#5	90	80	1	-2	-3.159098
1725	153.500000	153.750000	A5	90	80	1	-1	-2.464298
1726	153.750000	154.000000	D5	90	80	1	-4	-3.752799
1727	153.750000	154.000000	F#5	90	80	1	-2	-3.159098
1728	153.750000	154.000000	A5	90	80	1	-1	-2.464298
1729	153.885726	154.064297	C#2	127	80	0	2	-3.900292
1730	154.000000	154.250000	C#5	90	80	1	-5	-4.332318
1731	154.000000	154.250000	F5	90	80	1	-3	-4.118108
1732	154.000000	154.250000	G5	90	80	1	-2	-2.510186
1733	154.000000	154.250000	B-5	90	80	1	-1	-3.101885
1734	154.064297	154.153583	C2	127	80	0	1	-3.290753
1735	154.153583	154.242869	B-1	127	80	0	3	-5.389440
1736	154.242869	154.332154	A1	127	80	0	2	-2.803601
1737	154.250000	154.500000	C#5	90	80	1	-5	-3.730225
1738	154.250000	154.500000	F5	90	80	1	-3	-4.118108
1739	154.250000	154.500000	G5	90	80	1	-2	-2.510186
1740	154.250000	154.500000	B-5	90	80	1	-1	-3.101885
1741	154.332154	154.421440	G1	127	80	0	1	-2.609267
1742	155.250000	155.500000	D5	90	80	1	-4	-5.233707
1743	155.250000	155.500000	F#5	90	80	1	-2	-3.159098
1744	155.250000	155.500000	A5	90	80	1	-1	-2.464298
1745	155.500000	155.750000	D5	90	80	1	-4	-3.752799
1746	155.500000	155.750000	F#5	90	80	1	-2	-3.159098
1747	155.500000	155.750000	A5	90	80	1	-1	-2.464298
1748	155.750000	156.000000	D5	90	80	1	-4	-3.752799
1749	155.750000	156.000000	E-5	90	80	1	-3	-2.906925
1750	155.750000	156.000000	G#5	90	80	1	-2	-3.936874
1751	156.028583	156.207154	D#5	126	80	0	5	-8.663433
1752	156.207154	156.296440	E-5	126	80	0	1	-5.027158
1753	156.296440	156.385726	F#5	126	80	0	2	-2.525967
1754	156.385726	156.475012	G5	126	80	0	3	-3.686981
1755	156.475012	156.564297	A5	126	80	0	4	-2.883688
1756	156.564297	156.742869	D5	90	80	0	1	-2.857522
1757	156.564297	156.742869	D6	90	80	0	5	-2.242366
1758	156.750000	157.000000	D5	90	80	1	-5	-5.017302
1759	156.750000	157.000000	F#5	90	80	1	-3	-3.351805
1760	157.000000	157.250000	D5	90	80	1	-5	-3.859206
1761	157.000000	157.250000	F#5	90	80	1	-3	-3.351805
1762	157.250000	157.500000	G#5	90	80	1	-2	-2.510186
1763	157.250000	157.500000	B-5	90	80	1	-1	-2.578439
1764	158.250000	158.500000	F#5	90	80	1	-2	-3.291596
1765	158.250000	158.500000	A5	90	80	1	-1	-2.464298
1766	158.500000	158.750000	F#5	90	80	1	-2	-3.299403
1767	158.500000	158.750000	A5	90	80	1	-1	-2.464298
1768	158.750000	159.000000	E-5	90	80	1	-4	-6.237620
1769	158.750000	159.000000	G#5	90	80	1	-2	-2.507290
1770	158.750000	159.000000	A5	90	80	1	-1	-3.404249
1771	159.750000	160.000000	D5	90	80	1	-4	-3.752799
1772	159.750000	160.000000	F#5	90	80	1	-2	-3.159098
1773	159.750000	160.000000	A5	90	80	1	-1	-2.464298
1774	160.000000	160.250000	D5	90	80	1	-4	-3.752799
1775	160.000000	160.250000	F#5	90	80	1	-2	-3.159098
1776	160.000000	160.250000	A5	90	80	1	-1	-2.464298
1777	160.250000	160.500000	C#5	90	80	1	-5	-4.332318
1778	160.250000	160.500000	G#5	90	80	1	-2	-2.554480
1779	160.250000	160.500000	A5	90	80	1	-1	-3.404249
1780	161.000000	161.250000	F#4	90	80	1	-4	-6.237620
1781	161.000000	161.250000	A4	90	80	1	-2	-3.571868
1782	161.250000	161.500000	E-4	90	80	1	-4	-6.312522
1783	161.250000	161.500000	G#4	90	80	1	-2	-2.507290
1784	161.250000	161.500000	A4	90	80	1	-1	-3.404249
1785	162.250000	162.500000	D4	90	80	1	-4	-3.752799
1786	162.250000	162.500000	F#4	90	80	1	-2	-3.159098
1787	162.250000	162.500000	A4	90	80	1	-1	-2.464298
1788	162.500000	162.750000	D4	90	80	1	-4	-3.752799
1789	162.500000	162.750000	F#4	90	80	1	-2	-3.159098
1790	162.500000	162.750000	A4	90	80	1	-1	-2.464298
1791	162.750000	163.000000	C#4	90	80	1	-5	-4.332318
1792	162.750000	163.000000	G#4	90	80	1	-2	-2.554480
1793	162.750000	163.000000	A4	90	80	1	-1	-3.404249
1794	163.750000	164.000000	F#3	90	80	1	-4	-6.237620
1795	163.750000	164.000000	A3	90	80	1	-2	-3.571868
1796	164.000000	164.250000	E-3	90	80	1	-4	-6.312522
1797	164.000000	164.250000	G#3	90	80	1	-2	-2.507290
1798	164.000000	164.250000	A3	90	80	1	-1	-3.404249
1799	164.750000	165.000000	F#3	90	80	1	-2	-3.299403
1800	164.750000	165.000000	A3	90	80	1	-1	-2.464298
1801	165.000000	165.250000	C#3	90	80	1	-5	-4.332318
1802	165.000000	165.250000	G#3	90	80	1	-2	-2.554480
1803	165.000000	165.250000	A3	90	80	1	-1	-3.404249
1804	166.000000	166.250000	F#3	90	80	1	-2	-3.299403
1805	166.000000	166.250000	A3	90	80	1	-1	-2.464298
1806	166.250000	166.500000	G#3	90	80	1	-2	-3.720116
1807	166.250000	166.500000	A3	90	80	1	-1	-3.404249
1808	168.250000	168.500000	C#4	63	80	1	-3	-6.091799
1809	168.500000	168.625000	C4	63	80	1	-1	-3.371140
1810	168.625000	168.750000	B-3	63	80	1	-2	-3.299403
1811	168.750000	168.875000	G#3	63	80	1	-3	-2.891080
1812	168.875000	169.000000	G3	63	80	1	-1	-3.371140
1813	169.000000	169.250000	D2	90	80	1	-5	-3.781310
1814	169.000000	169.250000	D3	90	80	1	-1	-1.202832
