//Version: PianoFingering_v170101
1	0.000000	0.500000	B2	90	80	1	-5	-0.504576
2	0.000000	0.500000	F#3	90	80	1	-2	-4.281723
3	0.454545	0.909091	B1	90	80	0	1	-0.925785
4	0.500000	1.000000	B2	90	80	1	-5	-4.626444
5	0.500000	1.000000	E3	90	80	1	-2	-3.272976
6	1.000000	1.500000	B2	90	80	1	-4	-4.045906
7	1.000000	1.500000	F#3	90	80	1	-1	-4.009808
8	1.500000	2.000000	B2	90	80	1	-4	-5.233707
9	1.500000	2.000000	E3	90	80	1	-2	-2.507290
10	1.818182	2.272727	B1	90	80	0	1	-4.507997
11	2.000000	2.500000	B2	90	80	1	-4	-4.045906
12	2.000000	2.500000	F#3	90	80	1	-1	-4.009808
13	2.500000	3.000000	B2	90	80	1	-4	-5.233707
14	2.500000	3.000000	E3	90	80	1	-2	-2.507290
15	3.000000	3.500000	B2	90	80	1	-4	-4.045906
16	3.000000	3.500000	F#3	90	80	1	-1	-4.009808
17	3.500000	4.000000	B2	90	80	1	-4	-5.233707
18	3.500000	4.000000	E3	90	80	1	-2	-2.507290
19	3.636364	3.787879	F5	90	80	0	5	-7.995723
20	3.636364	3.787879	F6	90	80	0	5	-7.226525
21	3.787879	3.939394	D#5	90	80	0	1	-4.588094
22	3.787879	3.939394	D#6	90	80	0	5	-2.242366
23	3.939394	4.090909	C#5	90	80	0	1	-3.460971
24	3.939394	4.090909	C#6	90	80	0	5	-2.242366
25	4.000000	4.500000	B2	90	80	1	-4	-4.045906
26	4.000000	4.500000	F#3	90	80	1	-1	-4.009808
27	4.090909	4.318182	E5	90	80	0	1	-4.031984
28	4.090909	4.318182	E6	90	80	0	5	-2.242366
29	4.500000	5.000000	B2	90	80	1	-4	-5.233707
30	4.500000	5.000000	E3	90	80	1	-2	-2.507290
31	5.000000	5.454545	B1	90	80	0	1	-6.163296
32	5.000000	5.500000	B2	90	80	1	-4	-4.045906
33	5.000000	5.500000	F#3	90	80	1	-1	-4.009808
34	5.454545	5.681818	C#4	90	80	0	5	-8.663433
35	5.454545	5.681818	C#5	90	80	0	5	-7.226525
36	5.500000	6.000000	B2	90	80	1	-4	-5.233707
37	5.500000	6.000000	E3	90	80	1	-2	-2.507290
38	5.681818	5.909091	D#4	90	80	0	1	-3.027253
39	5.681818	5.909091	D#5	90	80	0	5	-2.242366
40	5.909091	6.136364	E4	90	80	0	1	-3.885272
41	5.909091	6.136364	E5	90	80	0	5	-2.242366
42	6.000000	6.500000	B2	90	80	1	-4	-4.045906
43	6.000000	6.500000	F#3	90	80	1	-1	-4.009808
44	6.363636	6.818182	B1	90	80	0	1	-6.163296
45	6.500000	7.000000	B2	90	80	1	-4	-5.233707
46	6.500000	7.000000	E3	90	80	1	-2	-2.507290
47	6.818182	6.969697	F4	90	80	0	5	-7.995723
48	6.969697	7.121212	G4	90	80	0	3	-7.164080
49	7.000000	7.500000	B2	90	80	1	-4	-4.045906
50	7.000000	7.500000	F#3	90	80	1	-1	-4.009808
51	7.121212	7.272727	A4	90	80	0	4	-2.883688
52	7.272727	7.500000	A#4	90	80	0	5	-4.385182
53	7.500000	8.000000	B2	90	80	1	-4	-5.233707
54	7.500000	8.000000	E3	90	80	1	-2	-2.507290
55	7.727273	8.181818	B1	90	80	0	1	-7.499323
56	8.000000	8.500000	B2	90	80	1	-4	-4.045906
57	8.000000	8.500000	F#3	90	80	1	-1	-4.009808
58	8.181818	8.333333	C5	90	80	0	5	-7.995723
59	8.181818	8.333333	C6	90	80	0	5	-7.226525
60	8.333333	8.484848	B4	90	80	0	1	-3.460971
61	8.333333	8.484848	B5	90	80	0	5	-2.242366
62	8.484848	8.636364	A4	90	80	0	1	-3.460971
63	8.484848	8.636364	A5	90	80	0	5	-2.242366
64	8.500000	9.000000	B2	90	80	1	-4	-5.233707
65	8.500000	9.000000	E3	90	80	1	-2	-2.507290
66	8.636364	8.863636	G#4	90	80	0	1	-4.270482
67	8.636364	8.863636	G#5	90	80	0	5	-2.242366
68	9.000000	9.500000	B2	90	80	1	-4	-4.045906
69	9.000000	9.500000	F#3	90	80	1	-1	-4.009808
70	9.090909	9.242424	D#4	90	80	0	2	-6.866432
71	9.242424	9.393939	F4	90	80	0	4	-3.580467
72	9.393939	9.545455	G4	90	80	0	5	-2.706622
73	9.500000	10.000000	B2	90	80	1	-4	-5.233707
74	9.500000	10.000000	E3	90	80	1	-1	-3.219441
75	9.545455	12.272727	E4	127	80	0	4	-4.387405
76	10.000000	10.500000	B2	90	80	1	-2	-3.456527
77	10.000000	10.500000	D3	90	80	1	-1	-2.415329
78	10.500000	11.000000	B2	90	80	1	-2	-3.291596
79	10.500000	11.000000	E3	90	80	1	-1	-2.320150
80	11.000000	11.500000	B1	126	80	1	-5	-3.781310
81	11.000000	11.500000	B2	90	80	1	-4	-4.924626
82	11.000000	11.500000	F#3	90	80	1	-1	-4.009808
83	11.500000	12.000000	B2	90	80	1	-4	-5.233707
84	11.500000	12.000000	E3	90	80	1	-1	-3.219441
85	12.000000	12.500000	B1	126	80	1	-5	-3.781310
86	12.000000	12.500000	B2	90	80	1	-2	-5.035265
87	12.000000	12.500000	D3	90	80	1	-1	-2.415329
88	12.500000	13.000000	B2	90	80	1	-2	-3.291596
89	12.500000	13.000000	E3	90	80	1	-1	-2.320150
90	12.727273	12.878788	F5	90	80	0	1	-6.948157
91	12.727273	12.878788	F6	90	80	0	5	-2.242366
92	12.878788	13.030303	D#5	90	80	0	1	-4.588094
93	12.878788	13.030303	D#6	90	80	0	5	-2.242366
94	13.000000	13.500000	B1	126	80	1	-5	-3.781310
95	13.000000	13.500000	B2	90	80	1	-4	-4.924626
96	13.000000	13.500000	F#3	90	80	1	-1	-4.009808
97	13.030303	13.181818	C#5	90	80	0	1	-3.460971
98	13.030303	13.181818	C#6	90	80	0	5	-2.242366
99	13.181818	13.409091	B4	90	80	0	1	-4.990776
100	13.181818	13.409091	B5	90	80	0	5	-2.242366
101	13.500000	14.000000	B2	90	80	1	-4	-5.233707
102	13.500000	14.000000	E3	90	80	1	-1	-3.219441
103	13.636364	13.863636	G4	90	80	0	1	-4.340619
104	13.636364	13.863636	G5	90	80	0	5	-2.242366
105	13.863636	14.090909	A4	90	80	0	1	-3.027253
106	13.863636	14.090909	A5	90	80	0	5	-2.242366
107	14.000000	14.500000	B2	90	80	1	-2	-3.456527
108	14.000000	14.500000	D3	90	80	1	-1	-2.415329
109	14.090909	15.000000	A#4	90	80	0	1	-4.221033
110	14.090909	15.000000	A#5	90	80	0	5	-2.242366
111	14.500000	15.000000	B2	90	80	1	-2	-3.291596
112	14.500000	15.000000	E3	90	80	1	-1	-2.320150
113	15.000000	15.909091	A4	90	80	0	1	-4.287540
114	15.000000	15.909091	A5	90	80	0	5	-2.242366
115	15.000000	15.500000	B2	90	80	1	-4	-4.223116
116	15.000000	15.500000	F#3	90	80	1	-1	-4.009808
117	15.500000	16.000000	B2	90	80	1	-4	-5.233707
118	15.500000	16.000000	E3	90	80	1	-1	-3.219441
119	15.909091	16.060606	G3	127	80	0	1	-6.163296
120	16.000000	16.500000	B1	126	80	1	-5	-3.781310
121	16.000000	16.500000	B2	90	80	1	-2	-5.035265
122	16.000000	16.500000	D3	90	80	1	-1	-2.415329
123	16.060606	16.212121	G#3	127	80	0	2	-3.900292
124	16.212121	16.363636	A#3	127	80	0	3	-2.675961
125	16.363636	16.590909	A3	127	80	0	2	-2.803601
126	16.500000	16.833333	B2	90	80	1	-2	-3.291596
127	16.500000	16.833333	E3	90	80	1	-1	-2.320150
128	16.833333	17.166667	B2	90	80	1	-4	-4.223116
129	16.833333	17.166667	F#3	90	80	1	-1	-4.009808
130	17.166667	17.500000	B2	90	80	1	-4	-5.233707
131	17.166667	17.500000	E3	90	80	1	-1	-3.219441
132	17.272727	17.424242	A#3	90	80	0	1	-6.745114
133	17.272727	17.424242	A#4	90	80	0	5	-2.242366
134	17.424242	17.575758	B3	90	80	0	1	-3.885272
135	17.424242	17.575758	B4	90	80	0	5	-2.242366
136	17.575758	17.727273	C#4	90	80	0	1	-3.521239
137	17.575758	17.727273	C#5	90	80	0	5	-2.242366
138	17.727273	19.545455	C4	90	80	0	1	-4.287540
139	17.727273	19.545455	C5	90	80	0	5	-2.242366
140	18.000000	18.500000	B1	126	80	1	-5	-3.781310
141	18.000000	18.500000	B2	90	80	1	-4	-4.924626
142	18.000000	18.500000	F#3	90	80	1	-1	-4.009808
143	18.500000	19.000000	B2	90	80	1	-4	-5.233707
144	18.500000	19.000000	E3	90	80	1	-2	-2.507290
145	19.000000	19.500000	B2	90	80	1	-5	-3.713619
146	19.000000	19.500000	F#3	90	80	1	-2	-4.281723
147	19.500000	20.000000	B2	90	80	1	-5	-4.626444
148	19.500000	20.000000	G3	90	80	1	-1	-4.009362
149	20.000000	20.500000	B1	126	80	1	-5	-5.860818
150	20.000000	20.500000	B2	90	80	1	-4	-4.924626
151	20.000000	20.500000	F#3	90	80	1	-1	-4.009808
152	20.227273	20.454545	C2	127	80	0	1	-6.163296
153	20.454545	22.045455	D2	127	80	0	2	-2.867384
154	20.500000	21.000000	B2	90	80	1	-4	-5.233707
155	20.500000	21.000000	E3	90	80	1	-2	-2.507290
156	21.000000	21.500000	B2	90	80	1	-5	-3.713619
157	21.000000	21.500000	F#3	90	80	1	-2	-4.281723
158	21.500000	22.000000	B2	90	80	1	-5	-4.626444
159	21.500000	22.000000	G3	90	80	1	-1	-4.009362
160	22.000000	22.500000	B2	90	80	1	-5	-3.730225
161	22.000000	22.500000	F#3	90	80	1	-2	-4.281723
162	22.045455	22.272727	C2	127	80	0	1	-2.609267
163	22.272727	22.500000	D2	127	80	0	2	-2.867384
164	22.500000	22.727273	C2	127	80	0	1	-2.609267
165	22.500000	23.000000	B2	90	80	1	-5	-4.626444
166	22.500000	23.000000	E3	90	80	1	-2	-3.272976
167	22.727273	22.954545	D2	127	80	0	2	-2.867384
168	22.954545	23.181818	C2	127	80	0	1	-2.609267
169	23.000000	23.500000	B2	90	80	1	-5	-3.713619
170	23.000000	23.500000	F#3	90	80	1	-2	-4.281723
171	23.409091	23.636364	D5	127	80	0	5	-7.995723
172	23.500000	24.000000	B2	90	80	1	-5	-4.626444
173	23.500000	24.000000	G3	90	80	1	-1	-4.009362
174	23.636364	25.000000	C4	127	80	0	1	-3.460971
175	24.000000	24.500000	B2	90	80	1	-5	-3.730225
176	24.000000	24.500000	F#3	90	80	1	-2	-4.281723
177	24.500000	25.000000	B2	90	80	1	-5	-4.626444
178	24.500000	25.000000	E3	90	80	1	-2	-3.272976
179	25.000000	25.151515	D4	90	80	0	1	-5.893792
180	25.000000	25.151515	D5	90	80	0	5	-2.242366
181	25.000000	25.500000	B2	90	80	1	-5	-3.713619
182	25.000000	25.500000	F#3	90	80	1	-2	-4.281723
183	25.151515	25.303030	C4	127	80	0	1	-3.460971
184	25.303030	25.454545	D4	90	80	0	1	-5.893792
185	25.303030	25.454545	D5	90	80	0	5	-2.242366
186	25.454545	25.606061	C4	127	80	0	1	-3.460971
187	25.500000	26.000000	B2	90	80	1	-5	-4.626444
188	25.500000	26.000000	G3	90	80	1	-1	-4.009362
189	25.606061	25.757576	D4	90	80	0	1	-5.893792
190	25.606061	25.757576	D5	90	80	0	5	-2.242366
191	25.757576	25.909091	C4	127	80	0	1	-3.460971
192	25.909091	26.136364	D4	90	80	0	2	-2.867384
193	25.909091	26.136364	D5	90	80	0	2	-7.910011
194	26.000000	26.500000	B2	90	80	1	-5	-3.730225
195	26.000000	26.500000	F#3	90	80	1	-2	-4.281723
196	26.500000	27.000000	B2	90	80	1	-5	-4.626444
197	26.500000	27.000000	E3	90	80	1	-2	-3.272976
198	26.818182	26.969697	C5	90	80	0	1	-2.609267
199	26.818182	26.969697	C6	90	80	0	5	-2.242366
200	26.969697	27.121212	C#5	90	80	0	1	-4.221033
201	26.969697	27.121212	C#6	90	80	0	5	-2.242366
202	27.000000	27.500000	B2	90	80	1	-5	-3.713619
203	27.000000	27.500000	F#3	90	80	1	-2	-4.281723
204	27.121212	27.272727	D#5	90	80	0	1	-3.027253
205	27.121212	27.272727	D#6	90	80	0	5	-2.242366
206	27.272727	27.500000	D5	90	80	0	1	-4.287540
207	27.272727	27.500000	D6	90	80	0	5	-2.242366
208	27.500000	28.000000	B2	90	80	1	-5	-4.626444
209	27.500000	28.000000	G3	90	80	1	-1	-4.009362
210	27.727273	28.181818	B1	127	80	0	1	-6.163296
211	28.000000	28.500000	B2	90	80	1	-5	-3.730225
212	28.000000	28.500000	F#3	90	80	1	-2	-4.281723
213	28.181818	28.333333	D#4	127	80	0	5	-8.663433
214	28.333333	28.484848	D4	127	80	0	4	-4.300502
215	28.484848	28.636364	C4	127	80	0	3	-2.238713
216	28.500000	29.000000	B2	90	80	1	-5	-4.626444
217	28.500000	29.000000	E3	90	80	1	-2	-3.272976
218	28.636364	29.848485	C#4	127	80	0	4	-4.152325
219	29.000000	29.500000	B2	90	80	1	-5	-3.713619
220	29.000000	29.500000	F#3	90	80	1	-2	-4.281723
221	29.500000	30.000000	B2	90	80	1	-5	-4.626444
222	29.500000	30.000000	G3	90	80	1	-1	-4.009362
223	29.848485	30.000000	D#4	90	80	0	1	-5.889308
224	29.848485	30.000000	D#5	90	80	0	5	-2.242366
225	30.000000	30.151515	D4	90	80	0	1	-4.287540
226	30.000000	30.151515	D5	90	80	0	5	-2.242366
227	30.000000	30.500000	B2	90	80	1	-5	-3.730225
228	30.000000	30.500000	F#3	90	80	1	-2	-4.281723
229	30.151515	30.303030	C4	90	80	0	1	-3.460971
230	30.151515	30.303030	C5	90	80	0	5	-2.242366
231	30.303030	30.454545	C#4	90	80	0	1	-4.221033
232	30.303030	30.454545	C#5	90	80	0	5	-2.242366
233	30.500000	31.000000	B2	90	80	1	-5	-4.626444
234	30.500000	31.000000	E3	90	80	1	-2	-3.272976
235	31.000000	31.500000	B2	90	80	1	-5	-3.713619
236	31.000000	31.500000	F#3	90	80	1	-2	-4.281723
237	31.060606	31.212121	C#4	127	80	0	1	-1.922714
238	31.212121	31.363636	B3	127	80	0	2	-7.583777
239	31.363636	31.515152	A3	127	80	0	1	-2.609267
240	31.500000	32.000000	B2	90	80	1	-5	-4.626444
241	31.500000	32.000000	G3	90	80	1	-1	-4.009362
242	31.515152	33.863636	A#3	127	80	0	2	-3.900292
243	32.000000	32.500000	B1	126	80	1	-5	-5.860818
244	32.000000	32.500000	B2	90	80	1	-4	-4.924626
245	32.000000	32.500000	F#3	90	80	1	-1	-4.009808
246	32.500000	33.000000	B2	90	80	1	-4	-5.233707
247	32.500000	33.000000	E3	90	80	1	-2	-2.507290
248	33.000000	33.500000	B2	90	80	1	-5	-3.713619
249	33.000000	33.500000	F#3	90	80	1	-2	-4.281723
250	33.500000	34.000000	B2	90	80	1	-5	-4.626444
251	33.500000	34.000000	G3	90	80	1	-1	-4.009362
252	33.863636	35.000000	G3	127	80	0	1	-3.360143
253	34.000000	34.500000	B2	90	80	1	-4	-4.458307
254	34.000000	34.500000	F#3	90	80	1	-1	-4.009808
255	34.500000	35.000000	B2	90	80	1	-4	-5.233707
256	34.500000	35.000000	E3	90	80	1	-1	-3.219441
257	35.000000	35.500000	B1	126	80	1	-5	-3.781310
258	35.000000	35.500000	B2	90	80	1	-4	-4.924626
259	35.000000	35.500000	F#3	90	80	1	-1	-4.009808
260	35.500000	36.000000	B2	90	80	1	-4	-5.233707
261	35.500000	36.000000	E3	90	80	1	-1	-3.219441
262	36.000000	36.500000	B1	126	80	1	-5	-3.781310
263	36.000000	36.500000	B2	90	80	1	-2	-5.035265
264	36.000000	36.500000	D3	90	80	1	-1	-2.415329
265	36.363636	36.818182	B3	90	80	0	2	-2.525967
266	36.363636	36.818182	F#4	90	80	0	3	-7.809211
267	36.363636	36.818182	B4	90	80	0	5	-3.340065
268	36.500000	37.000000	B2	90	80	1	-2	-3.291596
269	36.500000	37.000000	E3	90	80	1	-1	-2.320150
270	36.818182	37.272727	B3	90	80	0	1	-1.922714
271	36.818182	37.272727	E4	90	80	0	2	-2.963617
272	36.818182	37.272727	B4	90	80	0	5	-3.528229
273	37.000000	37.500000	B2	90	80	1	-4	-4.223116
274	37.000000	37.500000	F#3	90	80	1	-1	-4.009808
275	37.272727	37.727273	B3	90	80	0	1	-1.922714
276	37.272727	37.727273	F#4	90	80	0	3	-5.042408
277	37.272727	37.727273	B4	90	80	0	5	-3.340065
278	37.500000	38.000000	B1	126	80	1	-5	-6.196562
279	37.500000	38.000000	B2	90	80	1	-2	-5.035265
280	37.500000	38.000000	E3	90	80	1	-1	-2.320150
281	38.000000	38.500000	B2	90	80	1	-2	-3.456527
282	38.000000	38.500000	D3	90	80	1	-1	-2.415329
283	38.181818	38.636364	F#4	90	80	0	1	-6.049767
284	38.181818	38.636364	C#5	90	80	0	3	-3.751952
285	38.181818	38.636364	F#5	90	80	0	5	-3.128600
286	38.500000	39.000000	B2	90	80	1	-2	-3.291596
287	38.500000	39.000000	E3	90	80	1	-1	-2.320150
288	38.500000	39.000000	E3	127	80	1	-1	-4.426668
289	38.636364	39.090909	F4	90	80	0	1	-4.287540
290	38.636364	39.090909	B4	90	80	0	2	-2.963617
291	38.636364	39.090909	F5	90	80	0	5	-3.528229
292	39.000000	39.500000	B2	90	80	1	-4	-4.223116
293	39.000000	39.500000	F#3	90	80	1	-1	-4.009808
294	39.090909	39.545455	F4	90	80	0	1	-1.922714
295	39.090909	39.545455	C#5	90	80	0	3	-5.042408
296	39.090909	39.545455	F5	90	80	0	5	-3.340065
297	39.500000	40.000000	B2	90	80	1	-4	-5.233707
298	39.500000	40.000000	E3	90	80	1	-2	-2.507290
299	40.000000	40.454545	F5	90	80	0	1	-5.027158
300	40.000000	40.454545	B5	90	80	0	2	-2.963617
301	40.000000	40.454545	F#6	90	80	0	5	-4.848026
302	40.000000	40.500000	B2	90	80	1	-4	-4.045906
303	40.000000	40.500000	F#3	90	80	1	-1	-4.009808
304	40.454545	40.909091	F#4	90	80	0	1	-6.163296
305	40.454545	40.909091	C5	90	80	0	3	-5.088322
306	40.454545	40.909091	F5	90	80	0	5	-3.128600
307	40.909091	41.363636	F#4	90	80	0	1	-4.221033
308	40.909091	41.363636	B4	90	80	0	2	-3.465862
309	40.909091	41.363636	F5	90	80	0	5	-3.528229
310	41.000000	41.500000	B2	90	80	1	-4	-5.233707
311	41.000000	41.500000	E3	90	80	1	-2	-2.507290
312	41.363636	41.818182	F5	90	80	0	1	-5.027158
313	41.363636	41.818182	B5	90	80	0	2	-2.963617
314	41.363636	41.818182	F#6	90	80	0	5	-4.848026
315	41.500000	42.000000	B2	90	80	1	-5	-3.713619
316	41.500000	42.000000	F#3	90	80	1	-2	-4.281723
317	41.500000	42.000000	B3	90	80	1	-1	-3.262923
318	41.818182	42.272727	F#4	90	80	0	1	-6.163296
319	41.818182	42.272727	C5	90	80	0	3	-5.088322
320	41.818182	42.272727	F5	90	80	0	5	-3.128600
321	42.000000	42.500000	B2	90	80	1	-5	-2.314770
322	42.000000	42.500000	E3	90	80	1	-3	-3.463793
323	42.000000	42.500000	B3	90	80	1	-1	-3.342645
324	42.272727	42.727273	F#4	90	80	0	1	-4.221033
325	42.272727	42.727273	B4	90	80	0	2	-3.465862
326	42.272727	42.727273	F#5	90	80	0	5	-4.848026
327	42.727273	43.181818	F#5	90	80	0	1	-5.027158
328	42.727273	43.181818	C#6	90	80	0	3	-3.751952
329	42.727273	43.181818	F#6	90	80	0	5	-3.128600
330	43.000000	43.500000	E2	90	80	1	-5	-4.212346
331	43.000000	43.500000	B2	90	80	1	-2	-2.554480
332	43.000000	43.500000	E3	90	80	1	-1	-2.320150
333	43.181818	43.636364	F#4	90	80	0	1	-6.163296
334	43.181818	43.636364	B4	90	80	0	2	-3.465862
335	43.181818	43.636364	F#5	90	80	0	5	-4.848026
336	43.500000	44.000000	F#2	90	80	1	-5	-4.114892
337	43.500000	44.000000	B2	90	80	1	-3	-4.118108
338	43.500000	44.000000	F#3	90	80	1	-1	-4.707497
339	43.636364	44.090909	F#5	90	80	0	1	-5.027158
340	43.636364	44.090909	C#6	90	80	0	3	-3.751952
341	43.636364	44.090909	F#6	90	80	0	5	-3.128600
342	44.090909	44.545455	F#4	90	80	0	1	-6.163296
343	44.090909	44.545455	B4	90	80	0	2	-3.465862
344	44.090909	44.545455	F#5	90	80	0	5	-4.848026
345	44.500000	44.666667	G#2	90	80	1	-5	-3.181034
346	44.500000	44.666667	G#3	90	80	1	-1	-1.202832
347	44.545455	45.000000	F#4	90	80	0	1	-1.922714
348	44.545455	45.000000	C#5	90	80	0	3	-3.751952
349	44.545455	45.000000	F#5	90	80	0	5	-3.128600
350	44.666667	44.833333	A#2	90	80	1	-5	-3.181034
351	44.666667	44.833333	A#3	90	80	1	-1	-1.202832
352	44.833333	45.000000	B2	90	80	1	-5	-4.598096
353	44.833333	45.000000	B3	90	80	1	-1	-1.202832
354	45.000000	45.454545	F#5	90	80	0	1	-5.027158
355	45.000000	45.454545	B5	90	80	0	2	-3.465862
356	45.000000	45.454545	F#6	90	80	0	5	-4.848026
357	45.000000	46.000000	C#3	90	80	1	-5	-4.114892
358	45.000000	46.000000	C#4	90	80	1	-1	-1.202832
359	45.454545	45.909091	F#4	90	80	0	1	-6.163296
360	45.454545	45.909091	C#5	90	80	0	3	-3.751952
361	45.454545	45.909091	F#5	90	80	0	5	-3.128600
362	45.909091	46.363636	F#5	90	80	0	1	-5.027158
363	45.909091	46.363636	B5	90	80	0	2	-3.465862
364	45.909091	46.363636	F#6	90	80	0	5	-4.848026
365	46.000000	46.250000	D3	90	80	1	-5	-4.598096
366	46.000000	46.250000	D4	90	80	1	-1	-1.202832
367	46.250000	46.500000	B2	90	80	1	-5	-4.233080
368	46.250000	46.500000	B3	90	80	1	-1	-1.202832
369	46.363636	46.818182	F4	90	80	0	1	-14.827075
370	46.363636	46.818182	C#5	90	80	0	3	-5.042408
371	46.363636	46.818182	F#5	90	80	0	5	-3.128600
372	46.500000	47.500000	C#3	90	80	1	-5	-4.114892
373	46.500000	47.500000	C#4	90	80	1	-1	-1.202832
374	46.818182	47.272727	F4	90	80	0	1	-4.287540
375	46.818182	47.272727	B4	90	80	0	2	-2.963617
376	46.818182	47.272727	F#5	90	80	0	5	-4.848026
377	47.272727	47.727273	F#5	90	80	0	1	-5.027158
378	47.272727	47.727273	C#6	90	80	0	3	-3.751952
379	47.272727	47.727273	F#6	90	80	0	5	-3.128600
380	47.500000	47.666667	B2	90	80	1	-5	-5.012184
381	47.500000	47.666667	B3	90	80	1	-1	-1.202832
382	47.666667	47.833333	A#2	90	80	1	-5	-4.553252
383	47.666667	47.833333	A#3	90	80	1	-1	-1.202832
384	47.727273	48.181818	F#4	90	80	0	1	-6.163296
385	47.727273	48.181818	B4	90	80	0	2	-3.465862
386	47.727273	48.181818	F#5	90	80	0	5	-4.848026
387	47.833333	48.000000	G#2	90	80	1	-5	-3.842215
388	47.833333	48.000000	G#3	90	80	1	-1	-1.202832
389	48.000000	48.250000	F#2	90	80	1	-5	-3.842215
390	48.000000	48.250000	F#3	90	80	1	-1	-1.202832
391	48.181818	48.636364	F#4	90	80	0	1	-1.922714
392	48.181818	48.636364	C#5	90	80	0	3	-3.751952
393	48.181818	48.636364	F#5	90	80	0	5	-3.128600
394	48.500000	48.666667	G#2	90	80	1	-5	-3.181034
395	48.500000	48.666667	G#3	90	80	1	-1	-1.202832
396	48.636364	49.090909	F#5	90	80	0	1	-5.027158
397	48.636364	49.090909	B5	90	80	0	2	-3.465862
398	48.636364	49.090909	F#6	90	80	0	5	-4.848026
399	48.666667	48.833333	A#2	90	80	1	-5	-3.181034
400	48.666667	48.833333	A#3	90	80	1	-1	-1.202832
401	48.833333	49.000000	B2	90	80	1	-5	-4.598096
402	48.833333	49.000000	B3	90	80	1	-1	-1.202832
403	49.000000	49.500000	C3	90	80	1	-5	-3.181034
404	49.000000	49.500000	C#4	90	80	1	-1	-6.847571
405	49.090909	49.545455	F#4	90	80	0	1	-6.163296
406	49.090909	49.545455	C#5	90	80	0	3	-3.751952
407	49.090909	49.545455	F#5	90	80	0	5	-3.128600
408	49.500000	49.750000	F#3	90	80	1	-5	-3.242781
409	49.500000	49.750000	F#4	90	80	1	-1	-1.202832
410	49.545455	50.000000	F4	90	80	0	1	-4.287540
411	49.545455	50.000000	B4	90	80	0	2	-2.963617
412	49.545455	50.000000	F5	90	80	0	5	-3.528229
413	49.750000	50.000000	B2	90	80	1	-5	-6.196562
414	49.750000	50.000000	B3	90	80	1	-1	-1.202832
415	50.000000	50.454545	F4	90	80	0	1	-1.922714
416	50.000000	50.454545	C#5	90	80	0	3	-5.042408
417	50.000000	50.454545	F5	90	80	0	5	-3.340065
418	50.000000	51.000000	C3	90	80	1	-5	-3.181034
419	50.000000	51.000000	C#4	90	80	1	-1	-6.847571
420	50.454545	50.909091	F4	90	80	0	1	-1.922714
421	50.454545	50.909091	B4	90	80	0	2	-2.963617
422	50.454545	50.909091	F5	90	80	0	5	-3.528229
423	50.909091	51.363636	F5	90	80	0	1	-5.027158
424	50.909091	51.363636	C#6	90	80	0	3	-5.042408
425	50.909091	51.363636	F#6	90	80	0	5	-3.128600
426	51.000000	51.166667	D#3	90	80	1	-5	-3.181034
427	51.000000	51.166667	D#4	90	80	1	-1	-1.202832
428	51.166667	51.333333	E3	90	80	1	-5	-4.598096
429	51.166667	51.333333	E4	90	80	1	-1	-1.202832
430	51.333333	51.500000	F#3	90	80	1	-5	-4.114892
431	51.333333	51.500000	F#4	90	80	1	-1	-1.202832
432	51.363636	52.045455	F4	90	80	0	1	-14.827075
433	51.363636	52.045455	B4	90	80	0	2	-2.963617
434	51.363636	52.045455	F#5	90	80	0	5	-4.848026
435	51.500000	52.500000	G#3	90	80	1	-5	-3.181034
436	51.500000	52.500000	G#4	90	80	1	-1	-1.202832
437	52.045455	52.272727	F#6	127	80	0	5	-7.226525
438	52.272727	52.727273	F4	90	80	0	1	-14.827075
439	52.272727	52.727273	B4	90	80	0	2	-2.963617
440	52.272727	52.727273	F-5	90	80	0	5	-3.228870
441	52.500000	52.750000	A3	90	80	1	-5	-4.598096
442	52.500000	52.750000	A4	90	80	1	-1	-1.202832
443	52.727273	53.181818	F4	90	80	0	1	-3.027253
444	52.727273	53.181818	C#5	90	80	0	4	-4.298356
445	52.727273	53.181818	F-5	90	80	0	5	-3.871087
446	52.750000	53.000000	F#3	90	80	1	-5	-4.510402
447	52.750000	53.000000	F#4	90	80	1	-1	-1.202832
448	53.000000	54.000000	G#3	90	80	1	-5	-3.181034
449	53.000000	54.000000	G#4	90	80	1	-1	-1.202832
450	53.181818	53.484848	F#5	90	80	0	1	-7.108616
451	53.181818	53.484848	B5	90	80	0	2	-3.465862
452	53.181818	53.484848	F#6	90	80	0	5	-4.848026
453	53.787879	54.090909	F4	90	80	0	1	-14.827075
454	53.787879	54.090909	C#5	90	80	0	3	-5.042408
455	53.787879	54.090909	F#5	90	80	0	5	-3.128600
456	54.000000	54.166667	F#3	90	80	1	-5	-3.842215
457	54.000000	54.166667	F#4	90	80	1	-1	-1.202832
458	54.090909	54.545455	F4	90	80	0	1	-4.287540
459	54.090909	54.545455	B4	90	80	0	2	-2.963617
460	54.090909	54.545455	F#5	90	80	0	5	-4.848026
461	54.166667	54.333333	E3	90	80	1	-5	-5.012184
462	54.166667	54.333333	E4	90	80	1	-1	-1.202832
463	54.333333	54.500000	D#3	90	80	1	-5	-4.553252
464	54.333333	54.500000	D#4	90	80	1	-1	-1.202832
465	54.500000	54.750000	C3	90	80	1	-5	-5.012184
466	54.500000	54.750000	C4	90	80	1	-1	-1.202832
467	54.545455	55.000000	F#5	90	80	0	1	-5.027158
468	54.545455	55.000000	C#6	90	80	0	3	-3.751952
469	54.545455	55.000000	F#6	90	80	0	5	-3.128600
470	55.000000	55.166667	D#3	90	80	1	-5	-4.114892
471	55.000000	55.166667	D#4	90	80	1	-1	-1.202832
472	55.166667	55.333333	E3	90	80	1	-5	-4.598096
473	55.166667	55.333333	E4	90	80	1	-1	-1.202832
474	55.333333	55.500000	F#3	90	80	1	-5	-4.114892
475	55.333333	55.500000	F#4	90	80	1	-1	-1.202832
476	55.454545	55.909091	F#4	90	80	0	1	-6.163296
477	55.454545	55.909091	B4	90	80	0	2	-3.465862
478	55.454545	55.909091	F#5	90	80	0	5	-4.848026
479	55.500000	56.000000	G#3	90	80	1	-5	-3.181034
480	55.500000	56.000000	G#4	90	80	1	-1	-1.202832
481	56.000000	56.250000	A#3	90	80	1	-5	-3.181034
482	56.000000	56.250000	A#4	90	80	1	-1	-1.202832
483	56.250000	56.500000	F#3	90	80	1	-5	-4.233080
484	56.250000	56.500000	F#4	90	80	1	-1	-1.202832
485	56.363636	56.818182	C#4	90	80	0	1	-4.498352
486	56.363636	56.818182	F#4	90	80	0	2	-2.963617
487	56.363636	56.818182	C#5	90	80	0	5	-3.528229
488	56.500000	57.500000	G#3	90	80	1	-5	-3.181034
489	56.500000	57.500000	G#4	90	80	1	-1	-1.202832
490	57.272727	57.727273	E4	90	80	0	1	-4.031984
491	57.272727	57.727273	A4	90	80	0	3	-3.401091
492	57.500000	57.666667	F#3	90	80	1	-5	-3.842215
493	57.500000	57.666667	F#4	90	80	1	-1	-1.202832
494	57.666667	57.833333	E3	90	80	1	-5	-5.012184
495	57.666667	57.833333	E4	90	80	1	-1	-1.202832
496	57.727273	58.181818	D4	90	80	0	1	-3.310457
497	57.727273	58.181818	A4	90	80	0	4	-4.054949
498	57.833333	58.000000	D#3	90	80	1	-5	-4.553252
499	57.833333	58.000000	D#4	90	80	1	-1	-1.202832
500	58.000000	58.250000	C3	90	80	1	-5	-5.012184
501	58.000000	58.250000	C#4	90	80	1	-1	-6.847571
502	58.181818	58.636364	E4	90	80	0	2	-3.266530
503	58.181818	58.636364	A4	90	80	0	5	-3.228870
504	58.636364	59.090909	D2	127	80	0	1	-6.163296
505	59.000000	59.166667	C#3	90	80	1	-5	-2.314770
506	59.000000	59.166667	C#4	90	80	1	-1	-1.202832
507	59.090909	59.545455	G3	90	80	0	1	-8.731319
508	59.090909	59.545455	E4	90	80	0	3	-4.659051
509	59.090909	59.545455	A4	90	80	0	5	-3.128600
510	59.166667	59.333333	B2	90	80	1	-5	-5.012184
511	59.166667	59.333333	B3	90	80	1	-1	-1.202832
512	59.333333	59.500000	A#2	90	80	1	-5	-4.553252
513	59.333333	59.500000	A#3	90	80	1	-1	-1.202832
514	59.500000	59.750000	G#2	90	80	1	-5	-3.842215
515	59.500000	59.750000	G#3	90	80	1	-1	-1.202832
516	60.000000	60.454545	G3	90	80	0	1	-3.460971
517	60.000000	60.454545	E4	90	80	0	3	-4.659051
518	60.000000	60.454545	A4	90	80	0	5	-3.128600
519	60.000000	60.166667	G#2	90	80	1	-5	-2.314770
520	60.000000	60.166667	G#3	90	80	1	-1	-1.202832
521	60.166667	60.333333	F#2	90	80	1	-5	-3.842215
522	60.166667	60.333333	F3	90	80	1	-1	-7.124820
523	60.333333	60.500000	E2	90	80	1	-5	-3.842215
524	60.333333	60.500000	E3	90	80	1	-1	-1.202832
525	60.454545	60.909091	D2	127	80	0	1	-6.163296
526	60.500000	60.750000	D#2	90	80	1	-5	-4.553252
527	60.500000	60.750000	D#3	90	80	1	-1	-1.202832
528	60.909091	61.363636	G3	90	80	0	1	-8.731319
529	60.909091	61.363636	E4	90	80	0	3	-4.659051
530	60.909091	61.363636	A4	90	80	0	5	-3.128600
531	61.000000	61.250000	C#2	90	80	1	-5	-3.842215
532	61.000000	61.250000	C#3	90	80	1	-1	-1.202832
533	61.250000	61.500000	E2	90	80	1	-5	-4.087479
534	61.250000	61.500000	E3	90	80	1	-1	-1.202832
535	61.500000	62.500000	F#2	90	80	1	-5	-4.114892
536	61.500000	62.500000	F#3	90	80	1	-1	-1.202832
537	61.818182	61.969697	C#5	127	80	0	2	-7.534385
538	61.969697	62.121212	D#5	126	80	0	3	-2.675961
539	62.000000	62.500000	G#3	127	80	1	-3	-4.611792
540	62.121212	62.272727	E5	126	80	0	4	-3.868143
541	62.272727	62.500000	C5	126	80	0	3	-5.351242
542	62.500000	64.500000	F3	127	80	1	-4	-4.404178
543	62.500000	63.000000	A3	127	80	1	-2	-2.359478
544	62.727273	62.954545	B4	126	80	0	2	-2.287533
545	62.954545	63.181818	D5	126	80	0	4	-2.758588
546	63.000000	63.500000	G#3	127	80	1	-3	-3.848567
547	63.181818	64.090909	B-4	126	80	0	2	-3.901124
548	64.000000	64.500000	E3	127	80	1	-1	-6.473904
549	64.090909	64.318182	A4	126	80	0	4	-7.148284
550	64.500000	65.000000	D3	127	80	1	-2	-2.745489
551	64.500000	68.500000	F3	127	80	1	-1	-2.415329
552	64.545455	65.000000	E2	126	80	0	1	-6.948157
553	65.000000	65.151515	C#5	90	80	0	5	-8.663433
554	65.000000	65.151515	C#6	90	80	0	5	-7.226525
555	65.000000	65.500000	G#2	90	80	1	-5	-4.114892
556	65.000000	65.500000	E3	90	80	1	-2	-4.203307
557	65.151515	65.303030	D#6	63	80	0	4	-7.546110
558	65.303030	65.454545	E6	63	80	0	5	-3.684684
559	65.454545	65.681818	C5	90	80	0	1	-4.340619
560	65.454545	65.681818	C6	90	80	0	5	-2.242366
561	65.500000	66.000000	A2	90	80	1	-5	-3.155341
562	65.500000	66.000000	A3	90	80	1	-1	-1.202832
563	65.909091	66.363636	D2	63	80	0	1	-6.163296
564	66.000000	66.500000	G#2	90	80	1	-5	-4.553252
565	66.000000	66.500000	E3	90	80	1	-1	-4.813538
566	66.363636	66.515152	B4	90	80	0	5	-7.995723
567	66.363636	66.515152	B5	90	80	0	5	-7.226525
568	66.500000	67.000000	D3	127	80	1	-2	-2.745489
569	66.515152	66.666667	C#6	63	80	0	4	-7.546110
570	66.666667	66.818182	D6	63	80	0	5	-3.684684
571	66.818182	67.954545	B-4	90	80	0	1	-5.436724
572	66.818182	67.954545	B-5	90	80	0	5	-2.242366
573	67.000000	67.500000	G#2	90	80	1	-5	-6.076302
574	67.000000	67.500000	E3	90	80	1	-2	-4.203307
575	67.500000	68.000000	A2	90	80	1	-5	-3.155341
576	67.500000	68.000000	A3	90	80	1	-1	-1.202832
577	67.727273	67.954545	A4	90	80	0	1	-4.287540
578	67.727273	67.954545	A5	90	80	0	5	-2.242366
579	68.000000	68.500000	B2	90	80	1	-5	-3.181034
580	68.000000	68.500000	E3	90	80	1	-3	-3.463793
581	68.000000	68.500000	G#3	90	80	1	-2	-3.749711
582	68.500000	69.000000	D3	90	80	1	-5	-5.017302
583	68.500000	72.500000	F#3	127	80	1	-3	-3.351805
584	68.500000	69.000000	A3	90	80	1	-2	-2.872099
585	68.636364	68.787879	C#5	63	80	0	2	-3.763668
586	68.787879	68.939394	D#5	63	80	0	3	-2.675961
587	68.939394	69.090909	E5	63	80	0	4	-3.868143
588	69.000000	69.500000	E3	90	80	1	-4	-4.045906
589	69.000000	69.500000	G#3	90	80	1	-2	-3.159098
590	69.090909	69.318182	C5	63	80	0	2	-3.359779
591	69.500000	70.000000	D3	90	80	1	-5	-5.017302
592	69.500000	70.000000	A3	90	80	1	-2	-2.554480
593	69.772727	70.000000	D5	63	80	0	3	-2.675961
594	70.000000	70.454545	B-4	63	80	0	2	-5.111623
595	70.000000	70.500000	E3	90	80	1	-4	-4.045906
596	70.000000	70.500000	G#3	90	80	1	-2	-3.159098
597	70.454545	70.681818	A4	63	80	0	1	-3.290753
598	70.500000	71.000000	D3	90	80	1	-5	-5.017302
599	70.500000	71.000000	A3	90	80	1	-2	-2.554480
600	70.909091	71.060606	C#5	90	80	0	2	-3.275273
601	70.909091	71.060606	C#6	90	80	0	5	-5.608073
602	71.000000	71.500000	E3	90	80	1	-4	-4.045906
603	71.000000	71.500000	G#3	90	80	1	-2	-3.159098
604	71.060606	71.212121	D#5	90	80	0	1	-3.027253
605	71.060606	71.212121	D#6	90	80	0	5	-2.242366
606	71.212121	71.363636	E5	90	80	0	1	-3.885272
607	71.212121	71.363636	E6	90	80	0	5	-2.242366
608	71.363636	71.590909	C5	90	80	0	1	-4.340619
609	71.363636	71.590909	C6	90	80	0	5	-2.242366
610	71.500000	72.000000	D3	90	80	1	-5	-5.017302
611	71.500000	72.000000	A3	90	80	1	-2	-2.554480
612	71.818182	71.969697	B4	90	80	0	1	-3.460971
613	71.969697	72.121212	C#5	90	80	0	2	-3.246278
614	71.969697	72.121212	C#6	90	80	0	5	-5.608073
615	72.000000	72.500000	E3	90	80	1	-4	-4.045906
616	72.000000	72.500000	G#3	90	80	1	-2	-3.159098
617	72.121212	72.272727	D5	90	80	0	1	-3.885272
618	72.121212	72.272727	D6	90	80	0	5	-2.242366
619	72.272727	72.500000	B-4	90	80	0	1	-5.436724
620	72.272727	72.500000	B-5	90	80	0	5	-2.242366
621	72.500000	73.000000	D3	90	80	1	-5	-5.017302
622	72.500000	74.500000	F3	127	80	1	-3	-3.170876
623	72.500000	73.000000	A3	90	80	1	-1	-2.967507
624	72.727273	72.878788	A4	90	80	0	1	-4.287540
625	72.727273	72.878788	A5	90	80	0	5	-2.242366
626	72.878788	73.030303	B4	90	80	0	1	-3.027253
627	72.878788	73.030303	B5	90	80	0	5	-2.242366
628	73.000000	73.500000	E3	90	80	1	-2	-3.456527
629	73.000000	73.500000	G#3	90	80	1	-1	-3.194227
630	73.030303	73.181818	C5	90	80	0	1	-3.027253
631	73.030303	73.181818	C6	90	80	0	5	-2.242366
632	73.181818	73.409091	A-4	90	80	0	1	-5.436724
633	73.181818	73.409091	A-5	90	80	0	5	-2.242366
634	73.636364	73.787879	G4	63	80	0	1	-4.287540
635	73.787879	73.939394	A4	63	80	0	2	-2.867384
636	73.939394	74.090909	B-4	63	80	0	3	-3.190537
637	74.000000	74.500000	E3	90	80	1	-2	-4.597368
638	74.000000	74.500000	G#3	90	80	1	-1	-3.194227
639	74.090909	75.909091	F#4	63	80	0	1	-3.281335
640	74.500000	75.000000	D-3	90	80	1	-4	-3.752799
641	74.500000	76.500000	F3	127	80	1	-2	-2.871001
642	74.500000	75.000000	A3	90	80	1	-1	-2.415329
643	75.000000	75.500000	E3	90	80	1	-2	-3.456527
644	75.000000	75.500000	G#3	90	80	1	-1	-3.194227
645	75.909091	76.818182	D5	90	80	0	2	-6.099041
646	75.909091	76.818182	F5	90	80	0	3	-3.012122
647	76.000000	76.166667	D#4	127	80	1	-3	-6.517685
648	76.166667	76.333333	E#4	127	80	1	-2	-2.872099
649	76.333333	76.500000	F#4	127	80	1	-1	-4.284379
650	76.500000	76.750000	G3	127	80	1	-5	-4.598096
651	76.818182	77.727273	C#5	90	80	0	1	-4.375439
652	76.818182	77.727273	G#5	90	80	0	2	-3.928858
653	77.000000	77.250000	C#4	127	80	1	-2	-5.232676
654	77.250000	77.500000	E4	127	80	1	-1	-2.464298
655	77.500000	78.000000	C4	127	80	1	-2	-3.291596
656	77.727273	78.636364	A5	90	80	0	3	-3.686981
657	77.727273	78.636364	C6	90	80	0	5	-2.681011
658	78.000000	78.250000	B3	127	80	1	-1	-4.644141
659	78.500000	78.666667	E-2	90	80	1	-5	-6.587391
660	78.500000	78.666667	E-3	90	80	1	-1	-1.202832
661	78.666667	78.833333	D2	90	80	1	-5	-4.645128
662	78.666667	78.833333	D3	90	80	1	-1	-1.202832
663	78.833333	79.000000	C2	90	80	1	-5	-3.842215
664	78.833333	79.000000	C3	90	80	1	-1	-1.202832
665	79.000000	79.250000	F2	90	80	1	-5	-3.242781
666	79.000000	79.250000	F3	90	80	1	-1	-1.202832
667	79.500000	79.666667	G2	90	80	1	-5	-3.181034
668	79.500000	79.666667	G3	90	80	1	-1	-1.202832
669	79.666667	79.833333	F#2	90	80	1	-5	-4.553252
670	79.666667	79.833333	F#3	90	80	1	-1	-1.202832
671	79.833333	80.000000	E2	90	80	1	-5	-5.012184
672	79.833333	80.000000	E3	90	80	1	-1	-1.202832
673	80.000000	80.250000	A2	90	80	1	-5	-3.242781
674	80.000000	80.250000	A3	90	80	1	-1	-1.202832
675	80.500000	80.666667	B2	90	80	1	-5	-3.181034
676	80.500000	80.666667	B3	90	80	1	-1	-1.202832
677	80.666667	80.833333	A#2	90	80	1	-5	-4.553252
678	80.666667	80.833333	A#3	90	80	1	-1	-1.202832
679	80.833333	81.000000	G#2	90	80	1	-5	-3.842215
680	80.833333	81.000000	G#3	90	80	1	-1	-1.202832
681	80.909091	81.136364	E#5	63	80	0	2	-3.263552
682	81.000000	81.250000	C#3	90	80	1	-5	-3.242781
683	81.000000	81.250000	C#4	90	80	1	-1	-1.202832
684	81.136364	81.363636	F#4	63	80	0	1	-8.471566
685	81.363636	81.590909	E5	63	80	0	3	-5.995391
686	81.500000	83.500000	E-4	127	80	1	-2	-5.429322
687	81.818182	82.045455	D#5	63	80	0	2	-3.151465
688	82.045455	82.272727	B#5	63	80	0	5	-4.457166
689	82.272727	83.181818	D5	63	80	0	1	-3.027253
690	83.181818	83.409091	C#5	63	80	0	2	-4.284147
691	83.500000	84.500000	D4	90	80	1	-3	-3.281947
692	83.500000	84.500000	F4	90	80	1	-1	-2.967507
693	83.636364	83.750000	C5	63	80	0	1	-3.290753
694	83.750000	83.863636	G4	63	80	0	2	-6.524929
695	83.863636	84.090909	D4	63	80	0	1	-3.434905
696	84.090909	84.318182	B4	63	80	0	3	-4.659051
697	84.500000	85.500000	C3	90	80	1	-5	-3.781310
698	84.500000	85.500000	G#3	90	80	1	-1	-4.813538
699	84.545455	84.659091	A#4	63	80	0	2	-3.151465
700	84.659091	84.772727	D#5	63	80	0	3	-4.897982
701	84.772727	85.000000	G#5	63	80	0	5	-3.128600
702	85.000000	85.909091	A4	63	80	0	1	-3.885272
703	85.500000	86.500000	C2	90	80	1	-5	-6.196562
704	85.500000	86.500000	A2	90	80	1	-4	-6.359022
705	85.909091	86.136364	G#4	63	80	0	2	-4.284147
706	86.363636	86.515152	G4	63	80	0	1	-3.290753
707	86.500000	91.000000	G2	90	80	1	-5	-3.249332
708	86.500000	91.000000	B2	90	80	1	-4	-4.139458
709	86.500000	91.000000	A#3	90	80	1	-1	-6.431375
710	86.515152	86.666667	D4	63	80	0	2	-6.524929
711	86.666667	86.818182	A3	63	80	0	1	-3.434905
712	86.818182	87.045455	F#4	63	80	0	2	-6.638459
713	87.727273	87.878788	F4	63	80	0	1	-3.290753
714	87.878788	88.030303	B4	63	80	0	2	-2.963617
715	88.030303	88.181818	E5	63	80	0	5	-3.228870
716	88.181818	89.545455	C#5	63	80	0	4	-4.424487
717	89.545455	90.000000	D4	90	80	0	1	-4.866697
718	89.545455	90.000000	F#4	90	80	0	2	-3.275273
719	89.545455	90.000000	C#5	90	80	0	5	-3.528229
720	90.000000	90.454545	D#4	90	80	0	1	-3.027253
721	90.000000	90.454545	E4	90	80	0	2	-5.579477
722	90.000000	90.454545	C#5	90	80	0	5	-4.989350
723	90.454545	90.909091	D4	90	80	0	1	-3.885272
724	90.454545	90.909091	F#4	90	80	0	2	-3.275273
725	90.454545	90.909091	C#5	90	80	0	5	-3.528229
726	91.000000	94.000000	G#2	90	80	1	-5	-3.842215
727	91.000000	94.000000	B2	90	80	1	-4	-4.523458
728	91.000000	94.000000	A#3	90	80	1	-1	-6.431375
729	91.363636	91.818182	D#4	90	80	0	1	-3.027253
730	91.363636	91.818182	E4	90	80	0	2	-5.579477
731	91.363636	91.818182	C#5	90	80	0	5	-4.989350
732	91.818182	92.272727	D#4	90	80	0	1	-3.027253
733	91.818182	92.272727	F#4	90	80	0	2	-2.525967
734	91.818182	92.272727	C#5	90	80	0	5	-3.528229
735	92.272727	92.727273	D#4	90	80	0	1	-3.027253
736	92.272727	92.727273	E4	90	80	0	2	-5.579477
737	92.272727	92.727273	C#5	90	80	0	5	-4.989350
738	93.181818	93.636364	D4	90	80	0	1	-3.885272
739	93.181818	93.636364	F#4	90	80	0	2	-3.275273
740	93.181818	93.636364	C#5	90	80	0	5	-3.528229
741	93.636364	93.863636	E-4	63	80	0	1	-3.027253
742	93.863636	94.090909	E-4	90	80	0	1	-4.507997
743	93.863636	94.090909	C#5	90	80	0	5	-4.284649
744	94.000000	97.500000	A2	90	80	1	-5	-4.645128
745	94.000000	97.500000	B2	90	80	1	-4	-3.907966
746	94.000000	97.500000	A#3	90	80	1	-1	-6.431375
747	94.090909	94.545455	C4	90	80	0	1	-4.287540
748	94.090909	94.545455	F4	90	80	0	2	-2.963617
749	94.090909	94.545455	D5	90	80	0	5	-3.767315
750	94.545455	96.363636	B3	90	80	0	1	-4.340619
751	94.545455	96.363636	D4	90	80	0	2	-2.525967
752	94.545455	96.363636	B4	90	80	0	5	-3.767315
753	96.363636	97.045455	B3	90	80	0	1	-1.922714
754	96.363636	97.045455	D4	90	80	0	1	-6.856287
755	96.363636	97.045455	B4	90	80	0	2	-5.302163
756	96.363636	96.515152	B5	127	80	0	2	-7.910011
757	96.515152	96.666667	D#6	127	80	0	4	-3.522723
758	96.666667	96.818182	C#6	127	80	0	3	-2.238713
759	96.818182	97.045455	E#6	127	80	0	5	-3.340065
760	97.500000	98.000000	B2	90	80	1	-5	-4.598096
761	97.500000	98.000000	D3	90	80	1	-3	-3.170876
762	97.500000	98.000000	G#3	90	80	1	-1	-4.411093
763	97.727273	97.878788	A#4	127	80	0	1	-6.440580
764	97.878788	98.030303	F#4	127	80	0	3	-5.936950
765	98.000000	98.500000	A2	90	80	1	-5	-4.598096
766	98.000000	98.500000	D3	90	80	1	-3	-3.463793
767	98.000000	98.500000	A#3	90	80	1	-1	-4.707497
768	98.030303	98.181818	G#4	127	80	0	4	-2.883688
769	98.181818	100.000000	C4	127	80	0	1	-3.549056
770	98.500000	99.000000	B2	90	80	1	-5	-4.598096
771	98.500000	99.000000	D3	90	80	1	-3	-3.170876
772	98.500000	99.000000	G#3	90	80	1	-1	-4.411093
773	99.500000	100.000000	A2	90	80	1	-5	-4.598096
774	99.500000	100.000000	D3	90	80	1	-3	-3.463793
775	99.500000	100.000000	A#3	90	80	1	-1	-4.707497
776	99.545455	99.772727	F5	90	80	0	2	-8.642198
777	99.545455	99.772727	B5	90	80	0	4	-2.909306
778	99.545455	99.772727	C6	90	80	0	5	-2.706622
779	100.000000	100.909091	C4	127	80	0	1	-6.163296
780	100.000000	100.500000	B2	90	80	1	-5	-4.598096
781	100.000000	100.500000	D3	90	80	1	-3	-3.170876
782	100.000000	100.500000	G#3	90	80	1	-1	-4.411093
783	100.500000	101.000000	A2	90	80	1	-5	-4.598096
784	100.500000	101.000000	D3	90	80	1	-3	-3.463793
785	100.500000	101.000000	A#3	90	80	1	-1	-4.707497
786	100.909091	101.136364	C#4	90	80	0	1	-6.512494
787	100.909091	101.136364	C#5	90	80	0	5	-2.242366
788	101.136364	101.363636	D#4	90	80	0	1	-3.027253
789	101.136364	101.363636	D#5	90	80	0	5	-2.242366
790	101.363636	101.590909	F4	90	80	0	1	-4.031984
791	101.363636	101.590909	F5	90	80	0	5	-2.242366
792	101.500000	102.000000	B2	90	80	1	-5	-4.598096
793	101.500000	102.000000	D3	90	80	1	-3	-3.170876
794	101.500000	102.000000	G#3	90	80	1	-1	-4.411093
795	101.818182	102.045455	E3	127	80	0	1	-6.163296
796	102.000000	102.500000	A2	90	80	1	-5	-4.598096
797	102.000000	102.500000	D3	90	80	1	-3	-3.463793
798	102.000000	102.500000	A#3	90	80	1	-1	-4.707497
799	102.500000	103.000000	B2	90	80	1	-5	-4.598096
800	102.500000	103.000000	D3	90	80	1	-3	-3.170876
801	102.500000	103.000000	G#3	90	80	1	-1	-4.411093
802	103.000000	103.500000	A2	90	80	1	-5	-4.598096
803	103.000000	103.500000	D3	90	80	1	-3	-3.463793
804	103.000000	103.500000	B-3	90	80	1	-1	-4.707497
805	103.500000	104.000000	F#2	90	80	1	-5	-4.233080
806	103.500000	104.000000	A-3	90	80	1	-1	-6.179498
807	104.000000	106.000000	B2	90	80	1	-5	-4.087479
808	104.000000	106.000000	G3	90	80	1	-1	-4.009362
809	106.000000	106.750000	B2	90	80	1	-5	-3.730225
810	106.000000	106.750000	G3	90	80	1	-4	-6.359022
811	106.000000	106.166667	B3	127	80	1	-2	-2.359478
812	106.166667	106.333333	D#4	127	80	1	-1	-3.194227
813	106.333333	106.500000	C#4	127	80	1	-2	-2.745489
814	106.500000	106.750000	E#4	127	80	1	-1	-3.262923
815	107.500000	107.666667	A#3	127	80	1	-2	-6.294886
816	107.666667	107.833333	F#3	127	80	1	-3	-4.063676
817	107.833333	108.000000	G#3	127	80	1	-2	-2.510186
818	108.000000	111.500000	C3	127	80	1	-5	-4.626444
819	109.500000	109.750000	F1	90	80	1	-5	-5.793445
820	109.500000	109.750000	B1	90	80	1	-2	-3.272976
821	109.500000	109.750000	C2	90	80	1	-1	-2.578439
822	111.500000	111.750000	C1	90	80	1	-5	-2.314770
823	111.500000	111.750000	C#2	90	80	1	-1	-6.847571
824	111.750000	112.000000	D#1	90	80	1	-5	-3.181034
825	111.750000	112.000000	D#2	90	80	1	-1	-1.202832
826	112.000000	112.250000	E1	90	80	1	-5	-4.598096
827	112.000000	112.250000	E2	90	80	1	-1	-1.202832
