//Version: PianoFingering_v170101
1	0.000000	1.000000	E2	99	80	1	-1	-2.235665
2	0.171429	0.342857	F#3	90	80	0	1	-0.925785
3	0.342857	0.514286	G#3	90	80	0	2	-2.867384
4	0.514286	0.685714	A3	90	80	0	1	-4.072488
5	0.685714	0.857143	B3	90	80	0	2	-2.867384
6	0.857143	1.028571	C#4	90	80	0	3	-3.409656
7	1.028571	1.542857	F#3	90	80	0	1	-3.310457
8	1.028571	1.542857	D#4	90	80	0	5	-3.707830
9	1.500000	1.750000	D4	99	80	1	-1	-8.685477
10	1.714286	1.885714	F#3	90	80	0	1	-2.845304
11	1.750000	2.000000	G3	99	80	1	-3	-4.266477
12	1.885714	2.057143	G#3	90	80	0	2	-2.867384
13	2.000000	2.250000	F3	99	80	1	-1	-3.930078
14	2.057143	2.228571	A3	90	80	0	1	-4.072488
15	2.228571	2.400000	B3	90	80	0	2	-2.867384
16	2.250000	3.250000	E2	99	80	1	-5	-3.842215
17	2.400000	2.571429	C#4	90	80	0	3	-3.409656
18	2.571429	3.085714	F#3	90	80	0	1	-3.310457
19	2.571429	3.085714	D#4	90	80	0	5	-3.707830
20	3.257143	3.428571	F#3	90	80	0	1	-2.845304
21	3.428571	3.600000	G#3	90	80	0	2	-2.867384
22	3.600000	3.771429	A3	90	80	0	1	-4.072488
23	3.750000	4.000000	D4	99	80	1	-3	-8.212705
24	3.771429	3.942857	B3	90	80	0	2	-2.867384
25	3.942857	4.114286	C#4	90	80	0	3	-3.409656
26	4.000000	4.250000	G3	99	80	1	-5	-3.785580
27	4.114286	4.628571	F#3	90	80	0	1	-3.310457
28	4.114286	4.628571	D#4	90	80	0	5	-3.707830
29	4.250000	4.500000	F3	99	80	1	-5	-5.793445
30	4.500000	5.500000	E2	99	80	1	-5	-7.597455
31	4.628571	4.800000	E5	126	80	0	5	-14.944987
32	4.800000	5.314286	E5	126	80	0	5	-4.495609
33	5.314286	5.657143	E5	126	80	0	5	-4.495609
34	5.657143	5.714286	D5	126	80	0	4	-2.814339
35	5.714286	5.771429	E5	126	80	0	5	-2.706622
36	5.771429	5.828571	D5	126	80	0	4	-2.814339
37	5.828571	6.000000	C5	126	80	0	3	-2.238713
38	6.000000	6.171429	D5	126	80	0	4	-2.883688
39	6.000000	6.250000	D4	99	80	1	-3	-8.212705
40	6.171429	6.342857	E5	126	80	0	5	-2.706622
41	6.250000	6.500000	G3	99	80	1	-5	-3.785580
42	6.342857	6.857143	E5	126	80	0	5	-4.495609
43	6.500000	6.750000	F3	99	80	1	-5	-5.793445
44	6.750000	7.250000	E2	99	80	1	-5	-7.597455
45	6.750000	7.000000	E3	99	80	1	-1	-1.202832
46	6.857143	7.200000	E5	126	80	0	5	-4.495609
47	7.000000	7.250000	F#3	99	80	1	-3	-5.700951
48	7.200000	7.257143	D5	126	80	0	4	-2.814339
49	7.250000	7.500000	G#3	99	80	1	-2	-2.510186
50	7.257143	7.314286	E5	126	80	0	5	-2.706622
51	7.314286	7.371429	D5	126	80	0	4	-2.814339
52	7.371429	7.542857	C5	126	80	0	3	-2.238713
53	7.500000	7.750000	A3	99	80	1	-1	-3.404249
54	7.542857	7.714286	B4	126	80	0	2	-2.287533
55	7.714286	7.885714	A4	126	80	0	1	-2.609267
56	7.750000	8.000000	B3	99	80	1	-3	-4.611792
57	7.885714	8.400000	A4	126	80	0	1	-4.507997
58	8.000000	8.250000	C#4	99	80	1	-2	-3.407298
59	8.250000	8.750000	F#3	99	80	1	-5	-3.155341
60	8.250000	9.000000	D#4	99	80	1	-1	-4.009362
61	8.400000	8.742857	A4	126	80	0	2	-4.712397
62	8.742857	8.914286	D5	126	80	0	5	-3.228870
63	8.914286	9.085714	C5	126	80	0	4	-2.814339
64	9.000000	9.500000	E2	99	80	1	-5	-6.716097
65	9.000000	9.250000	E3	99	80	1	-1	-1.202832
66	9.085714	9.257143	B4	126	80	0	3	-2.238713
67	9.250000	9.500000	F#3	99	80	1	-3	-5.700951
68	9.257143	9.428571	A4	126	80	0	2	-2.287533
69	9.428571	9.600000	C5	126	80	0	4	-2.758588
70	9.500000	9.750000	G#3	99	80	1	-2	-2.510186
71	9.600000	10.457143	B4	126	80	0	3	-2.238713
72	9.750000	10.000000	A3	99	80	1	-1	-3.404249
73	10.000000	10.250000	B3	99	80	1	-3	-4.611792
74	10.250000	10.500000	C#4	99	80	1	-2	-3.407298
75	10.457143	10.514286	A4	126	80	0	2	-2.287533
76	10.500000	11.000000	F#3	99	80	1	-5	-3.155341
77	10.500000	11.250000	D#4	99	80	1	-1	-4.009362
78	10.514286	10.571429	B4	126	80	0	3	-2.675961
79	10.571429	10.628571	A4	126	80	0	2	-2.287533
80	10.628571	10.800000	G4	126	80	0	1	-2.609267
81	10.800000	10.971429	A4	126	80	0	2	-2.867384
82	10.971429	11.828571	E4	126	80	0	1	-3.434905
83	11.250000	11.750000	E2	99	80	1	-5	-6.716097
84	11.250000	11.500000	E3	99	80	1	-1	-1.202832
85	11.500000	11.750000	F#3	99	80	1	-3	-5.700951
86	11.750000	12.000000	G#3	99	80	1	-2	-2.510186
87	11.828571	11.914286	F4	126	80	0	2	-2.867384
88	11.914286	12.000000	G4	126	80	0	3	-2.675961
89	12.000000	12.085714	A4	126	80	0	1	-5.198182
90	12.000000	12.250000	A3	99	80	1	-1	-3.404249
91	12.085714	12.171429	B4	126	80	0	2	-2.867384
92	12.171429	12.257143	C5	126	80	0	3	-2.675961
93	12.250000	12.500000	B3	99	80	1	-3	-4.611792
94	12.257143	12.342857	D5	126	80	0	4	-2.883688
95	12.342857	12.514286	E5	126	80	0	5	-2.706622
96	12.500000	12.750000	C#4	99	80	1	-2	-3.407298
97	12.514286	13.028571	E5	126	80	0	5	-4.495609
98	12.750000	13.250000	F#3	99	80	1	-5	-3.155341
99	12.750000	13.500000	D#4	99	80	1	-1	-4.009362
100	13.028571	13.371429	E5	126	80	0	5	-4.495609
101	13.371429	13.542857	D5	126	80	0	4	-2.814339
102	13.500000	14.000000	E2	99	80	1	-5	-6.716097
103	13.500000	13.750000	E3	99	80	1	-1	-1.202832
104	13.542857	13.714286	C5	126	80	0	3	-2.238713
105	13.714286	13.885714	D5	126	80	0	4	-2.883688
106	13.750000	14.000000	F#3	99	80	1	-3	-5.700951
107	13.885714	14.057143	E5	126	80	0	5	-2.706622
108	14.000000	14.250000	G#3	99	80	1	-2	-2.510186
109	14.057143	14.571429	E5	126	80	0	5	-4.495609
110	14.250000	14.500000	A3	99	80	1	-1	-3.404249
111	14.500000	14.750000	B3	99	80	1	-3	-4.611792
112	14.571429	14.914286	E5	126	80	0	5	-4.495609
113	14.750000	15.000000	C#4	99	80	1	-2	-3.407298
114	14.914286	15.085714	D5	126	80	0	4	-2.814339
115	15.000000	15.500000	F#3	99	80	1	-5	-3.155341
116	15.000000	15.750000	D#4	99	80	1	-1	-4.009362
117	15.085714	15.257143	C5	126	80	0	3	-2.238713
118	15.257143	15.428571	B4	126	80	0	2	-2.287533
119	15.428571	15.942857	A4	126	80	0	1	-2.609267
120	15.750000	16.250000	E2	99	80	1	-5	-6.716097
121	15.750000	16.000000	E3	99	80	1	-1	-1.202832
122	15.942857	16.114286	D5	126	80	0	4	-4.278061
123	16.000000	16.250000	F#3	99	80	1	-3	-5.700951
124	16.114286	16.285714	C5	126	80	0	3	-2.238713
125	16.250000	16.500000	G#3	99	80	1	-2	-2.510186
126	16.285714	16.457143	B4	126	80	0	2	-2.287533
127	16.457143	16.628571	D5	126	80	0	4	-2.758588
128	16.500000	16.750000	A3	99	80	1	-1	-3.404249
129	16.628571	16.800000	C5	126	80	0	3	-2.238713
130	16.750000	17.000000	B3	99	80	1	-3	-4.611792
131	16.800000	16.971429	B4	126	80	0	2	-2.287533
132	16.971429	17.142857	A4	126	80	0	1	-2.609267
133	17.000000	17.250000	C#4	99	80	1	-2	-3.407298
134	17.142857	17.314286	B4	126	80	0	2	-2.867384
135	17.250000	17.750000	F#3	99	80	1	-5	-3.155341
136	17.250000	18.000000	D#4	99	80	1	-1	-4.009362
137	17.314286	18.171429	G4	126	80	0	1	-3.157580
138	18.000000	18.500000	E2	99	80	1	-5	-6.716097
139	18.000000	18.250000	E3	99	80	1	-1	-1.202832
140	18.171429	18.342857	A4	126	80	0	2	-2.867384
141	18.250000	18.500000	F#3	99	80	1	-3	-5.700951
142	18.342857	18.514286	B4	126	80	0	3	-2.675961
143	18.500000	18.750000	G#3	99	80	1	-2	-2.510186
144	18.514286	18.600000	C5	126	80	0	4	-2.883688
145	18.600000	18.685714	A4	126	80	0	2	-3.359779
146	18.685714	19.542857	C5	126	80	0	3	-3.012122
147	18.750000	19.000000	A3	99	80	1	-1	-3.404249
148	19.000000	19.250000	B3	99	80	1	-3	-4.611792
149	19.250000	19.500000	C#4	99	80	1	-2	-3.407298
150	19.500000	20.000000	F#3	99	80	1	-5	-3.155341
151	19.500000	20.250000	D#4	99	80	1	-1	-4.009362
152	19.542857	19.628571	A#4	126	80	0	2	-3.032881
153	19.628571	19.714286	B4	126	80	0	1	-4.072488
154	19.714286	19.800000	C5	126	80	0	2	-2.867384
155	19.800000	19.885714	D5	126	80	0	3	-2.675961
156	19.885714	19.971429	E5	126	80	0	1	-5.198182
157	19.971429	20.057143	F#5	126	80	0	2	-3.246278
158	20.057143	20.228571	G5	99	80	0	3	-3.686981
159	20.228571	20.742857	G5	99	80	0	3	-4.378151
160	20.250000	20.750000	E2	99	80	1	-5	-6.716097
161	20.250000	20.500000	E3	99	80	1	-1	-1.202832
162	20.500000	20.750000	F#3	99	80	1	-3	-5.700951
163	20.742857	21.085714	G5	99	80	0	3	-4.378151
164	20.750000	21.000000	G#3	99	80	1	-2	-2.510186
165	21.000000	21.250000	A3	99	80	1	-1	-3.404249
166	21.085714	21.257143	F#5	99	80	0	2	-3.151465
167	21.250000	21.500000	B3	99	80	1	-3	-4.611792
168	21.257143	21.428571	E-5	99	80	0	1	-3.157580
169	21.428571	21.600000	F#5	99	80	0	3	-3.473158
170	21.500000	21.750000	C#4	99	80	1	-2	-3.407298
171	21.600000	21.771429	C5	99	80	0	1	-4.323321
172	21.750000	22.250000	F#3	99	80	1	-5	-3.155341
173	21.750000	22.500000	D#4	99	80	1	-1	-4.009362
174	21.771429	22.285714	C5	99	80	0	3	-5.268790
175	22.285714	22.628571	C5	99	80	0	4	-5.516614
176	22.500000	23.000000	E2	99	80	1	-5	-6.716097
177	22.500000	22.750000	E3	99	80	1	-1	-1.202832
178	22.628571	22.800000	B-4	99	80	0	3	-3.510496
179	22.750000	23.000000	F#3	99	80	1	-3	-5.700951
180	22.800000	22.971429	A-4	99	80	0	2	-2.287533
181	22.971429	23.142857	B-4	99	80	0	3	-2.675961
182	23.000000	23.250000	G#3	99	80	1	-2	-2.510186
183	23.142857	23.657143	F#4	99	80	0	2	-3.674662
184	23.250000	23.500000	A3	99	80	1	-1	-3.404249
185	23.500000	23.750000	B3	99	80	1	-3	-4.611792
186	23.657143	23.828571	E-4	99	80	0	1	-3.157580
187	23.750000	24.000000	C#4	99	80	1	-2	-3.407298
188	23.828571	24.000000	F#4	99	80	0	2	-2.525967
189	24.000000	24.171429	G4	99	80	0	1	-4.072488
190	24.000000	24.500000	F#3	99	80	1	-5	-3.155341
191	24.000000	24.750000	D#4	99	80	1	-1	-4.009362
192	24.171429	24.342857	A-4	99	80	0	2	-3.900292
193	24.342857	24.514286	B-4	99	80	0	3	-2.675961
194	24.514286	24.685714	C5	99	80	0	5	-3.635747
195	24.685714	24.857143	B-4	99	80	0	4	-4.424487
196	24.750000	25.250000	E2	99	80	1	-5	-6.716097
197	24.750000	25.000000	E3	99	80	1	-1	-1.202832
198	24.857143	25.200000	A-4	99	80	0	3	-2.238713
199	25.000000	25.250000	F#3	99	80	1	-3	-5.700951
200	25.200000	25.257143	B-4	99	80	0	4	-2.883688
201	25.250000	25.500000	G#3	99	80	1	-2	-2.510186
202	25.257143	25.314286	A-4	99	80	0	3	-2.238713
203	25.314286	25.371429	G4	99	80	0	2	-2.803601
204	25.371429	25.800000	A-4	99	80	0	3	-3.190537
205	25.500000	25.750000	A3	99	80	1	-1	-3.404249
206	25.750000	26.000000	B3	99	80	1	-3	-4.611792
207	25.800000	25.885714	B-4	99	80	0	1	-5.198182
208	25.885714	25.971429	C5	99	80	0	2	-3.493146
209	25.971429	26.057143	D5	99	80	0	3	-2.675961
210	26.000000	26.250000	C#4	99	80	1	-2	-3.407298
211	26.057143	26.142857	E5	99	80	0	1	-5.198182
212	26.142857	26.228571	F#5	99	80	0	2	-3.246278
213	26.228571	26.400000	G5	99	80	0	3	-3.686981
214	26.250000	26.750000	F#3	99	80	1	-5	-3.155341
215	26.250000	27.000000	D#4	99	80	1	-1	-4.009362
216	26.400000	26.914286	G5	99	80	0	3	-4.378151
217	26.914286	27.257143	B-5	99	80	0	5	-3.990232
218	27.000000	27.500000	E2	99	80	1	-5	-6.716097
219	27.000000	27.250000	E3	99	80	1	-1	-1.202832
220	27.250000	27.500000	F#3	99	80	1	-3	-5.700951
221	27.257143	27.428571	E-5	99	80	0	2	-3.263552
222	27.428571	27.600000	A-5	99	80	0	4	-2.909306
223	27.500000	27.750000	G#3	99	80	1	-2	-2.510186
224	27.600000	27.771429	E-5	99	80	0	2	-3.266530
225	27.750000	28.000000	A3	99	80	1	-1	-3.404249
226	27.771429	27.942857	C5	99	80	0	1	-3.360143
227	27.942857	28.457143	C5	99	80	0	1	-4.507997
228	28.000000	28.250000	B3	99	80	1	-3	-4.611792
229	28.250000	28.500000	C#4	99	80	1	-2	-3.407298
230	28.457143	28.800000	F#5	99	80	0	4	-4.926369
231	28.500000	29.000000	F#3	99	80	1	-5	-3.155341
232	28.500000	29.250000	D#4	99	80	1	-1	-4.009362
233	28.800000	28.971429	B-4	99	80	0	1	-2.969918
234	28.971429	29.142857	E-5	99	80	0	4	-4.278061
235	29.142857	29.314286	B-4	99	80	0	2	-3.266530
236	29.250000	29.750000	C2	99	80	1	-5	-5.805721
237	29.250000	29.500000	C3	99	80	1	-1	-1.202832
238	29.314286	29.828571	F#4	99	80	0	1	-3.157580
239	29.500000	29.750000	D3	99	80	1	-2	-5.429322
240	29.750000	30.000000	E3	99	80	1	-1	-2.578439
241	29.828571	30.000000	E-5	99	80	0	5	-3.707830
242	30.000000	30.171429	D-5	99	80	0	4	-2.814339
243	30.000000	30.250000	F#3	99	80	1	-3	-5.700951
244	30.171429	30.342857	C5	99	80	0	3	-3.302559
245	30.250000	30.500000	G3	99	80	1	-2	-3.642491
246	30.342857	30.514286	B-4	99	80	0	2	-3.032881
247	30.500000	30.750000	A3	99	80	1	-1	-2.578439
248	30.514286	30.685714	A-4	99	80	0	1	-2.609267
249	30.685714	30.857143	E-4	99	80	0	2	-6.524929
250	30.857143	31.028571	D4	99	80	0	1	-3.290753
251	31.028571	31.200000	C#5	99	80	0	5	-5.878027
252	31.200000	31.371429	B4	99	80	0	4	-4.503222
253	31.371429	31.542857	B-4	99	80	0	3	-3.226506
254	31.542857	31.714286	F#4	99	80	0	2	-3.674662
255	31.714286	31.885714	D4	99	80	0	1	-4.134704
256	31.885714	32.228571	B3	99	80	0	3	-5.936950
257	32.000000	32.500000	C2	99	80	1	-5	-5.860818
258	32.000000	32.250000	C3	99	80	1	-1	-1.202832
259	32.228571	32.400000	A3	99	80	0	2	-2.287533
260	32.250000	32.500000	D3	99	80	1	-2	-5.429322
261	32.400000	32.571429	B3	99	80	0	3	-2.675961
262	32.500000	32.750000	E3	99	80	1	-1	-2.578439
263	32.571429	32.742857	A3	99	80	0	2	-2.287533
264	32.742857	33.085714	B3	99	80	0	3	-2.675961
265	32.750000	33.000000	F#3	99	80	1	-3	-5.700951
266	33.000000	33.250000	G3	99	80	1	-2	-3.642491
267	33.085714	33.257143	A3	99	80	0	2	-2.287533
268	33.250000	33.500000	A3	99	80	1	-1	-2.578439
269	33.257143	33.428571	B3	99	80	0	3	-2.675961
270	33.428571	33.600000	A3	99	80	0	2	-2.287533
271	33.500000	34.000000	D-3	99	80	1	-4	-4.339145
272	33.500000	34.000000	B3	99	80	1	-1	-4.387723
273	33.600000	33.771429	C4	99	80	0	3	-3.012122
274	33.771429	33.942857	D4	99	80	0	4	-2.883688
275	33.942857	34.971429	E4	99	80	0	5	-2.706622
276	33.942857	34.114286	E4	99	80	0	5	-4.495609
277	34.114286	34.285714	D4	99	80	0	4	-2.814339
278	34.250000	34.750000	D2	99	80	1	-5	-5.860818
279	34.250000	34.500000	C3	99	80	1	-2	-5.277521
280	34.285714	34.457143	C4	99	80	0	3	-2.238713
281	34.457143	34.628571	B3	99	80	0	2	-2.287533
282	34.500000	34.750000	D3	99	80	1	-1	-2.578439
283	34.628571	34.800000	A3	99	80	0	1	-2.609267
284	34.750000	35.000000	E3	99	80	1	-4	-5.653337
285	34.800000	34.971429	B-3	99	80	0	2	-3.900292
286	34.971429	35.314286	G3	99	80	0	1	-3.360143
287	34.971429	35.314286	F#4	99	80	0	4	-5.698296
288	35.000000	35.250000	F#3	99	80	1	-3	-3.762277
289	35.250000	35.500000	G3	99	80	1	-2	-3.642491
290	35.500000	35.750000	A3	99	80	1	-1	-2.578439
291	35.750000	36.250000	D-3	99	80	1	-4	-4.339145
292	35.750000	36.250000	B3	99	80	1	-1	-4.387723
293	36.500000	37.000000	C2	99	80	1	-5	-5.805721
294	36.500000	36.750000	C3	99	80	1	-1	-1.202832
295	36.514286	36.685714	G5	63	80	0	1	-14.666617
296	36.685714	36.857143	C6	63	80	0	2	-2.963617
297	36.750000	37.000000	D3	99	80	1	-2	-5.429322
298	36.857143	37.028571	D6	63	80	0	3	-2.675961
299	37.000000	37.250000	E3	99	80	1	-1	-2.578439
300	37.028571	37.371429	E6	63	80	0	4	-2.883688
301	37.250000	37.500000	F#3	99	80	1	-3	-5.700951
302	37.371429	37.714286	G6	63	80	0	5	-3.402079
303	37.500000	37.750000	G3	99	80	1	-2	-3.642491
304	37.714286	38.057143	A5	63	80	0	1	-3.027253
305	37.750000	38.000000	A3	99	80	1	-1	-2.578439
306	38.000000	38.500000	D-3	99	80	1	-4	-4.339145
307	38.000000	38.500000	B3	99	80	1	-1	-4.387723
308	38.057143	38.400000	B5	63	80	0	2	-2.867384
309	38.400000	38.571429	D6	63	80	0	4	-2.758588
310	38.750000	39.250000	A1	99	80	1	-5	-4.456078
311	38.750000	39.000000	A2	99	80	1	-1	-1.202832
312	39.000000	39.250000	B2	99	80	1	-2	-5.429322
313	39.250000	39.500000	C#3	99	80	1	-1	-3.101885
314	39.500000	39.750000	D#3	99	80	1	-3	-4.611792
315	39.750000	40.000000	E3	99	80	1	-2	-3.642491
316	40.000000	40.250000	F#3	99	80	1	-1	-3.101885
317	40.114286	40.457143	B3	63	80	0	1	-6.948157
318	40.250000	40.750000	B-2	99	80	1	-5	-3.730225
319	40.250000	40.750000	G#3	99	80	1	-1	-3.610078
320	40.457143	40.800000	D4	63	80	0	2	-2.525967
321	40.800000	41.142857	B3	63	80	0	1	-3.157580
322	40.800000	41.142857	G4	63	80	0	5	-3.707830
323	41.000000	41.500000	A1	99	80	1	-5	-6.716097
324	41.000000	41.250000	A2	99	80	1	-1	-1.202832
325	41.142857	41.485714	D4	63	80	0	2	-3.071676
326	41.142857	41.485714	B4	63	80	0	5	-3.767315
327	41.250000	41.500000	B2	99	80	1	-2	-5.429322
328	41.485714	41.657143	B4	63	80	0	1	-5.027158
329	41.485714	41.657143	G5	63	80	0	5	-3.707830
330	41.500000	41.750000	C#3	99	80	1	-1	-3.101885
331	41.657143	42.000000	D4	90	80	0	1	-4.498352
332	41.657143	42.000000	D5	90	80	0	5	-2.242366
333	41.750000	42.000000	D#3	99	80	1	-3	-4.611792
334	42.000000	42.250000	E3	99	80	1	-2	-3.642491
335	42.250000	42.500000	F#3	99	80	1	-1	-3.101885
336	42.342857	42.685714	D5	90	80	0	1	-5.027158
337	42.342857	42.685714	D6	90	80	0	5	-2.242366
338	42.500000	43.250000	A-2	99	80	1	-5	-3.181034
339	42.500000	43.250000	F#3	99	80	1	-1	-3.610078
340	42.685714	43.028571	B4	90	80	0	1	-4.340619
341	42.685714	43.028571	B5	90	80	0	5	-2.242366
342	43.028571	43.200000	A4	90	80	0	1	-3.460971
343	43.028571	43.200000	A5	90	80	0	5	-2.242366
344	43.200000	43.371429	G4	90	80	0	1	-3.460971
345	43.200000	43.371429	G5	90	80	0	5	-2.242366
346	43.250000	44.750000	A2	99	80	1	-4	-5.354361
347	43.371429	44.228571	A4	90	80	0	1	-3.027253
348	43.371429	44.228571	A5	90	80	0	5	-2.242366
349	43.500000	43.750000	A2	99	80	1	-4	-5.412714
350	43.750000	44.000000	B2	99	80	1	-3	-2.915060
351	44.000000	44.250000	C3	99	80	1	-2	-2.510186
352	44.228571	44.571429	B4	90	80	0	1	-3.027253
353	44.228571	44.571429	B5	90	80	0	5	-2.242366
354	44.250000	44.500000	D3	99	80	1	-1	-2.578439
355	44.500000	44.750000	E-3	99	80	1	-3	-5.495075
356	44.571429	44.742857	C5	90	80	0	1	-3.027253
357	44.571429	44.742857	C6	90	80	0	5	-2.242366
358	44.742857	45.085714	B4	90	80	0	1	-3.460971
359	44.742857	45.085714	B5	90	80	0	5	-2.242366
360	44.750000	45.250000	E3	99	80	1	-2	-3.642491
361	45.085714	45.428571	A4	90	80	0	1	-3.460971
362	45.085714	45.428571	A5	90	80	0	5	-2.242366
363	45.250000	45.500000	F#3	99	80	1	-1	-3.101885
364	45.428571	45.771429	G4	90	80	0	1	-3.460971
365	45.428571	45.771429	G5	90	80	0	5	-2.242366
366	45.500000	49.250000	F#3	99	80	1	-1	-4.426668
367	45.771429	46.114286	A4	90	80	0	1	-3.027253
368	45.771429	46.114286	A5	90	80	0	5	-2.242366
369	46.114286	46.285714	D4	90	80	0	1	-5.027158
370	46.114286	46.285714	D5	90	80	0	5	-2.242366
371	46.285714	47.314286	G4	90	80	0	1	-3.425130
372	46.285714	47.314286	G5	90	80	0	5	-2.242366
373	47.314286	47.485714	G4	90	80	0	1	-1.922714
374	47.314286	47.485714	G5	90	80	0	5	-2.242366
375	47.485714	47.828571	F4	90	80	0	1	-3.460971
376	47.485714	47.828571	F5	90	80	0	5	-2.242366
377	47.828571	49.328571	E4	63	80	0	1	-3.460971
378	47.828571	48.078571	E5	63	80	0	5	-2.242366
379	48.078571	48.828571	E5	63	80	0	5	-4.495609
380	48.828571	49.078571	D5	63	80	0	4	-2.814339
381	49.078571	49.203571	E5	63	80	0	5	-2.706622
382	49.203571	49.328571	D5	63	80	0	4	-2.814339
383	49.328571	49.828571	G#4	63	80	0	1	-4.295977
384	49.328571	49.828571	C5	63	80	0	2	-3.465862
385	49.828571	50.078571	A4	63	80	0	1	-3.157580
386	49.828571	50.078571	D5	63	80	0	2	-2.963617
387	50.078571	50.328571	E5	63	80	0	3	-2.675961
388	50.328571	51.078571	E5	63	80	0	3	-4.378151
389	51.078571	51.328571	F#5	63	80	0	5	-3.990232
390	51.328571	51.453571	E5	63	80	0	4	-4.503222
391	51.453571	51.578571	D5	63	80	0	3	-2.238713
392	51.500000	51.750000	A4	81	80	1	-5	-7.255468
393	51.578571	52.328571	E4	63	80	0	1	-5.548003
394	51.578571	52.078571	C5	63	80	0	5	-3.707830
395	51.750000	52.000000	C5	81	80	1	-3	-3.170876
396	52.000000	52.250000	D5	81	80	1	-2	-2.510186
397	52.078571	52.328571	B4	63	80	0	4	-2.814339
398	52.250000	53.750000	E5	81	80	1	-1	-2.578439
399	52.250000	52.500000	E5	81	80	1	-2	-4.675782
400	52.328571	52.578571	A4	63	80	0	3	-2.238713
401	52.500000	52.750000	D5	81	80	1	-3	-2.891080
402	52.750000	53.000000	C5	81	80	1	-1	-3.930078
403	52.828571	53.578571	A4	63	80	0	3	-4.378151
404	53.000000	53.250000	B4	81	80	1	-2	-2.745489
405	53.078571	53.578571	C#4	63	80	0	1	-4.449629
406	53.250000	53.500000	A4	81	80	1	-3	-2.891080
407	53.500000	53.750000	B-4	81	80	1	-2	-3.081523
408	53.578571	54.078571	D#4	63	80	0	2	-2.867384
409	53.578571	53.828571	G4	63	80	0	3	-4.453766
410	53.750000	54.250000	F#4	81	80	1	-4	-3.718276
411	53.750000	54.250000	D#5	81	80	1	-1	-3.451917
412	53.828571	53.953571	A4	63	80	0	4	-2.883688
413	53.953571	54.078571	B4	63	80	0	5	-2.706622
414	54.078571	54.828571	E4	63	80	0	1	-3.425130
415	54.078571	54.578571	C5	63	80	0	2	-5.302163
416	54.578571	54.828571	D5	63	80	0	3	-2.675961
417	54.750000	55.000000	A2	81	80	1	-5	-5.805721
418	54.828571	55.078571	E5	63	80	0	4	-2.883688
419	55.000000	55.250000	G2	81	80	1	-2	-8.211526
420	55.078571	55.578571	G5	63	80	0	5	-3.402079
421	55.250000	55.500000	F#2	81	80	1	-3	-3.848567
422	55.328571	55.828571	F#4	90	80	0	1	-4.270482
423	55.328571	55.828571	A#4	90	80	0	2	-2.525967
424	55.500000	55.750000	E2	81	80	1	-1	-4.439870
425	55.578571	55.828571	F5	63	80	0	4	-6.366682
426	55.750000	56.000000	D2	81	80	1	-2	-2.745489
427	55.828571	56.078571	G5	63	80	0	5	-2.706622
428	56.000000	56.250000	C2	81	80	1	-3	-2.891080
429	56.078571	56.328571	E5	63	80	0	4	-4.387405
430	56.250000	56.500000	B1	81	80	1	-1	-3.930078
431	56.328571	56.578571	G4	63	80	0	1	-2.969918
432	56.328571	56.578571	C5	63	80	0	2	-2.963617
433	56.500000	56.750000	A1	81	80	1	-2	-2.745489
434	56.578571	57.078571	G#4	63	80	0	1	-3.898407
435	56.578571	57.078571	D5	63	80	0	3	-5.088322
436	56.750000	57.750000	G#1	81	80	1	-3	-3.848567
437	57.078571	58.078571	A4	63	80	0	1	-2.905888
438	57.750000	58.250000	D#2	81	80	1	-1	-3.342645
439	57.828571	58.078571	B4	63	80	0	2	-2.867384
440	58.078571	58.328571	C5	63	80	0	3	-2.675961
441	58.250000	60.750000	A#2	81	80	1	-3	-6.517685
442	58.250000	58.750000	B2	81	80	1	-2	-3.642491
443	58.328571	58.578571	D5	63	80	0	4	-2.883688
444	58.578571	58.828571	D5	63	80	0	4	-4.784491
445	58.578571	58.828571	E5	63	80	0	5	-2.706622
446	58.750000	59.000000	C##3	81	80	1	-1	-2.415329
447	58.828571	59.078571	C5	63	80	0	3	-3.509161
448	58.828571	59.078571	F#5	63	80	0	5	-5.123457
449	59.078571	59.328571	B4	63	80	0	1	-3.738292
450	59.078571	59.328571	G5	63	80	0	4	-4.268071
451	59.328571	60.078571	A5	126	80	0	5	-2.706622
452	60.078571	60.828571	A5	126	80	0	5	-4.495609
453	60.828571	61.078571	D5	126	80	0	1	-3.425130
454	61.078571	61.328571	F5	126	80	0	2	-2.525967
455	61.328571	61.578571	G5	126	80	0	3	-2.675961
456	61.578571	62.328571	A5	126	80	0	1	-5.198182
457	61.750000	62.750000	B3	90	80	1	-5	-7.923418
458	61.750000	62.750000	B4	90	80	1	-1	-1.202832
459	62.328571	62.828571	G6	126	80	0	5	-4.284649
460	62.750000	63.000000	F#4	81	80	1	-5	-5.919258
461	62.828571	63.078571	E6	126	80	0	3	-3.509161
462	63.000000	63.250000	A#4	81	80	1	-3	-3.170876
463	63.078571	63.328571	D6	126	80	0	2	-2.287533
464	63.250000	63.500000	C#5	81	80	1	-2	-3.046717
465	63.328571	63.578571	C6	126	80	0	1	-2.609267
466	63.500000	67.750000	D#5	81	80	1	-1	-2.578439
467	63.578571	63.828571	B5	126	80	0	3	-4.737465
468	63.828571	64.342857	A5	126	80	0	2	-2.287533
469	64.342857	64.514286	B5	126	80	0	3	-2.675961
470	64.514286	64.685714	C6	126	80	0	4	-2.883688
471	64.685714	64.857143	B5	126	80	0	3	-2.238713
472	64.857143	65.028571	A5	126	80	0	2	-2.287533
473	65.028571	65.200000	B5	126	80	0	3	-2.675961
474	65.200000	65.371429	G5	126	80	0	1	-3.281335
475	65.371429	66.400000	B4	126	80	0	1	-6.259598
476	65.371429	65.885714	E5	126	80	0	2	-2.963617
477	65.885714	66.057143	F#5	126	80	0	3	-3.409656
478	66.057143	66.228571	G5	126	80	0	4	-3.868143
479	66.228571	66.400000	F#5	126	80	0	3	-3.226506
480	66.400000	66.571429	E5	126	80	0	2	-3.286699
481	66.571429	66.742857	F#5	126	80	0	4	-4.064995
482	66.742857	66.914286	D5	126	80	0	2	-4.058569
483	66.914286	67.428571	B4	99	80	0	1	-3.157580
484	67.428571	67.600000	C#5	99	80	0	2	-3.246278
485	67.600000	67.771429	D5	99	80	0	3	-3.686981
486	67.771429	67.942857	C#5	99	80	0	2	-3.151465
487	67.942857	68.114286	B4	99	80	0	1	-3.360143
488	68.114286	68.285714	C#5	99	80	0	2	-3.246278
489	68.285714	68.457143	A4	99	80	0	1	-4.134704
490	68.457143	68.628571	B4	99	80	0	2	-2.867384
491	68.500000	69.000000	F#3	90	80	1	-5	-5.860818
492	68.500000	69.000000	F#4	90	80	1	-1	-1.202832
493	68.628571	68.800000	C#5	90	80	0	1	-7.803859
494	68.628571	68.800000	C#6	90	80	0	5	-2.242366
495	68.800000	68.971429	D5	90	80	0	1	-3.885272
496	68.800000	68.971429	D6	90	80	0	5	-2.242366
497	68.971429	69.142857	E5	90	80	0	1	-3.027253
498	68.971429	69.142857	E6	90	80	0	5	-2.242366
499	69.000000	69.500000	A#3	90	80	1	-5	-3.730225
500	69.000000	69.500000	A#4	90	80	1	-1	-1.202832
501	69.142857	69.314286	D5	90	80	0	1	-3.460971
502	69.142857	69.314286	D6	90	80	0	5	-2.242366
503	69.314286	69.485714	C#5	90	80	0	1	-4.270482
504	69.314286	69.485714	C#6	90	80	0	5	-2.242366
505	69.485714	69.657143	B4	90	80	0	1	-4.990776
506	69.485714	69.657143	B5	90	80	0	5	-2.242366
507	69.500000	70.250000	C#4	90	80	1	-5	-3.730225
508	69.500000	70.250000	C#5	90	80	1	-1	-1.202832
509	69.657143	69.828571	C#5	90	80	0	1	-3.521239
510	69.657143	69.828571	C#6	90	80	0	5	-2.242366
511	69.828571	70.000000	A4	90	80	0	1	-5.695314
512	69.828571	70.000000	A5	90	80	0	5	-2.242366
513	70.000000	70.342857	B4	126	80	0	1	-3.027253
514	70.000000	71.371429	B5	126	80	0	5	-2.242366
515	70.342857	70.685714	E5	126	80	0	2	-3.263552
516	70.685714	70.857143	D5	126	80	0	1	-2.609267
517	70.750000	71.250000	A#1	90	80	1	-5	-4.456078
518	70.750000	71.250000	G#2	90	80	1	-1	-3.610078
519	70.857143	71.028571	C#5	126	80	0	2	-4.284147
520	71.028571	71.200000	D5	126	80	0	3	-3.686981
521	71.200000	71.371429	C#5	126	80	0	2	-3.151465
522	71.250000	71.750000	A#2	90	80	1	-4	-5.653337
523	71.250000	71.750000	G#3	90	80	1	-1	-4.427076
524	71.371429	71.542857	A4	126	80	0	1	-4.134704
525	71.371429	71.542857	A5	126	80	0	5	-2.242366
526	71.542857	71.714286	A5	90	80	0	1	-5.027158
527	71.542857	71.714286	A5	90	80	0	2	-4.712397
528	71.714286	71.885714	G5	90	80	0	1	-2.609267
529	71.714286	71.885714	G6	90	80	0	5	-2.242366
530	71.750000	72.500000	F3	81	80	1	-3	-5.325522
531	71.750000	72.250000	A#3	81	80	1	-2	-3.749711
532	71.885714	72.057143	F#5	90	80	0	1	-4.270482
533	71.885714	72.057143	F#6	90	80	0	5	-2.242366
534	72.057143	72.228571	E5	90	80	0	1	-4.990776
535	72.057143	72.228571	E6	90	80	0	5	-2.242366
536	72.228571	72.400000	D5	90	80	0	1	-3.460971
537	72.228571	72.400000	D6	90	80	0	5	-2.242366
538	72.250000	72.500000	B3	81	80	1	-1	-3.404249
539	72.400000	72.571429	C#5	90	80	0	1	-4.270482
540	72.400000	72.571429	C#6	90	80	0	5	-2.242366
541	72.571429	72.742857	E5	90	80	0	1	-4.031984
542	72.571429	72.742857	E6	90	80	0	5	-2.242366
543	72.742857	72.914286	B4	90	80	0	1	-4.498352
544	72.742857	72.914286	B5	90	80	0	5	-2.242366
545	72.914286	73.085714	A4	90	80	0	1	-3.460971
546	72.914286	73.085714	A5	90	80	0	5	-2.242366
547	73.000000	73.500000	B1	90	80	1	-5	-5.451251
548	73.000000	73.500000	F2	90	80	1	-2	-2.554480
549	73.085714	73.335714	B4	90	80	0	1	-3.027253
550	73.085714	73.335714	B5	90	80	0	5	-2.242366
551	73.335714	74.585714	B4	90	80	0	1	-1.922714
552	73.335714	74.585714	B5	90	80	0	5	-2.242366
553	73.500000	74.000000	B2	90	80	1	-5	-7.627411
554	73.500000	74.000000	A3	90	80	1	-2	-5.277521
555	73.500000	74.000000	D4	81	80	1	-1	-2.320150
556	74.000000	74.750000	G3	81	80	1	-4	-3.752799
557	74.000000	74.500000	A#3	81	80	1	-2	-3.337019
558	74.500000	74.750000	B#3	81	80	1	-1	-2.464298
559	74.585714	74.835714	E4	126	80	0	1	-5.027158
560	74.835714	75.085714	G4	126	80	0	2	-2.525967
561	75.085714	75.335714	A4	126	80	0	3	-2.675961
562	75.250000	75.750000	C#2	90	80	1	-5	-7.040401
563	75.250000	75.750000	F#2	90	80	1	-1	-4.729663
564	75.335714	75.585714	B4	126	80	0	4	-2.883688
565	75.585714	76.335714	B4	126	80	0	4	-4.784491
566	75.750000	76.250000	C#3	90	80	1	-5	-5.919258
567	75.750000	76.250000	F#3	90	80	1	-3	-3.463793
568	76.250000	76.750000	A3	81	80	1	-2	-2.872099
569	76.250000	77.000000	B3	81	80	1	-1	-2.578439
570	76.335714	76.835714	D#4	126	80	0	1	-3.577835
571	76.335714	76.835714	D5	126	80	0	5	-6.053771
572	76.750000	77.000000	G3	81	80	1	-2	-3.291596
573	76.835714	77.085714	E4	126	80	0	1	-3.027253
574	77.085714	77.335714	G4	126	80	0	2	-2.525967
575	77.335714	77.585714	A4	126	80	0	3	-2.675961
576	77.500000	78.000000	C2	90	80	1	-5	-6.177855
577	77.500000	78.000000	F#2	90	80	1	-5	-7.597455
578	77.585714	77.835714	B4	126	80	0	4	-2.883688
579	77.835714	78.585714	B4	126	80	0	4	-4.784491
580	78.000000	78.500000	C#3	90	80	1	-3	-3.416097
581	78.000000	78.500000	F#3	90	80	1	-2	-3.936874
582	78.000000	78.500000	A#3	90	80	1	-1	-2.415329
583	78.500000	79.250000	F3	81	80	1	-2	-4.597368
584	78.500000	79.250000	B3	81	80	1	-1	-2.320150
585	78.585714	79.085714	D#4	126	80	0	1	-3.577835
586	78.585714	79.085714	D5	126	80	0	5	-6.053771
587	79.085714	79.335714	E4	126	80	0	1	-3.027253
588	79.250000	80.750000	A3	81	80	1	-2	-2.745489
589	79.335714	79.585714	G4	126	80	0	2	-2.525967
590	79.585714	79.835714	A4	126	80	0	3	-2.675961
591	79.750000	80.250000	C2	90	80	1	-4	-8.316261
592	79.750000	80.250000	G#2	90	80	1	-1	-4.009808
593	79.835714	80.085714	B4	126	80	0	4	-2.883688
594	80.085714	80.835714	B4	126	80	0	3	-5.185589
595	80.250000	80.750000	C#3	90	80	1	-5	-7.040401
596	80.250000	80.750000	G#3	90	80	1	-2	-2.554480
597	80.250000	80.750000	A3	90	80	1	-1	-3.404249
598	80.750000	81.250000	F#4	81	80	1	-2	-7.547162
599	80.750000	81.250000	A4	81	80	1	-1	-2.464298
600	80.835714	81.335714	D5	126	80	0	5	-2.681011
601	81.250000	81.500000	F4	81	80	1	-2	-3.291596
602	81.250000	81.500000	B4	81	80	1	-1	-2.320150
603	81.335714	81.585714	A4	99	80	0	2	-3.071676
604	81.500000	82.000000	E4	81	80	1	-4	-3.752799
605	81.500000	82.000000	C#5	81	80	1	-1	-4.244654
606	81.585714	81.835714	G4	99	80	0	1	-2.609267
607	81.835714	82.085714	F#4	99	80	0	2	-4.284147
608	82.000000	82.500000	E3	81	80	1	-5	-6.473863
609	82.085714	82.335714	E4	99	80	0	1	-3.360143
610	82.335714	83.085714	E4	99	80	0	2	-4.712397
611	82.500000	83.000000	G4	90	80	1	-4	-6.898392
612	82.500000	83.000000	C#5	90	80	1	-2	-5.758735
613	82.500000	83.000000	E5	90	80	1	-1	-2.464298
614	83.000000	83.500000	F#4	90	80	1	-4	-4.497131
615	83.000000	83.750000	A4	81	80	1	-2	-3.571868
616	83.000000	83.500000	C5	90	80	1	-1	-2.415329
617	83.085714	83.585714	D4	99	80	0	1	-2.609267
618	83.500000	83.750000	F4	90	80	1	-4	-3.752799
619	83.500000	83.750000	B4	90	80	1	-2	-2.507290
620	83.585714	83.835714	F#5	99	80	0	5	-7.112706
621	83.750000	84.250000	E4	90	80	1	-5	-3.155341
622	83.750000	84.250000	A#4	90	80	1	-2	-5.232676
623	83.750000	84.250000	C#5	90	80	1	-1	-2.415329
624	83.835714	84.085714	A5	99	80	0	1	-7.108616
625	84.085714	84.335714	B5	99	80	0	2	-2.867384
626	84.250000	84.750000	E3	81	80	1	-5	-6.473863
627	84.335714	84.835714	C6	99	80	0	3	-2.675961
628	84.750000	85.250000	E#4	90	80	1	-3	-7.544998
629	84.750000	85.250000	B4	90	80	1	-2	-3.936874
630	84.750000	85.250000	D5	90	80	1	-1	-2.415329
631	84.835714	85.335714	C6	99	80	0	3	-4.378151
632	85.250000	86.000000	F#4	81	80	1	-4	-4.339145
633	85.250000	85.500000	B#4	90	80	1	-2	-4.383116
634	85.250000	85.500000	D#5	90	80	1	-1	-3.101885
635	85.335714	85.835714	G5	99	80	0	1	-2.905888
636	85.500000	85.750000	C#5	90	80	1	-2	-2.745489
637	85.500000	85.750000	E5	90	80	1	-1	-2.464298
638	85.750000	86.000000	D#5	90	80	1	-2	-3.720116
639	85.750000	86.000000	F#5	90	80	1	-1	-2.415329
640	85.835714	86.085714	F#5	99	80	0	2	-4.284147
641	86.000000	86.500000	G4	90	80	1	-5	-4.598096
642	86.000000	86.500000	C#5	90	80	1	-2	-5.232676
643	86.000000	86.500000	E5	90	80	1	-1	-2.464298
644	86.085714	86.335714	A5	99	80	0	1	-5.162135
645	86.335714	86.585714	B5	99	80	0	2	-2.867384
646	86.500000	87.000000	E3	126	80	1	-5	-5.451251
647	86.585714	86.835714	C6	99	80	0	3	-2.675961
648	86.835714	87.585714	E-6	99	80	0	5	-3.990232
649	87.000000	87.500000	A2	126	80	1	-5	-6.147898
650	87.500000	88.250000	C4	126	80	1	-4	-6.898392
651	87.500000	88.000000	E#4	90	80	1	-2	-2.507290
652	87.500000	88.000000	A4	90	80	1	-1	-2.415329
653	87.585714	88.085714	G5	63	80	0	1	-3.738292
654	88.000000	88.250000	F#4	90	80	1	-2	-3.299403
655	88.000000	88.250000	A#4	90	80	1	-1	-2.415329
656	88.085714	88.335714	A-5	63	80	0	2	-3.900292
657	88.250000	88.750000	B3	126	80	1	-5	-4.598096
658	88.250000	88.750000	G#4	126	80	1	-2	-4.731534
659	88.335714	88.585714	B-5	63	80	0	3	-2.675961
660	88.585714	88.835714	B5	63	80	0	1	-4.595018
661	88.750000	89.250000	B2	126	80	1	-5	-6.744398
662	88.835714	89.085714	C6	63	80	0	2	-2.867384
663	89.085714	89.585714	D6	63	80	0	3	-2.675961
664	89.250000	89.750000	B1	126	80	1	-5	-5.870600
665	89.585714	90.085714	E-6	63	80	0	4	-4.152325
666	89.750000	90.250000	B3	90	80	1	-4	-6.683330
667	89.750000	90.250000	C4	126	80	1	-3	-2.915060
668	89.750000	90.250000	G4	90	80	1	-1	-3.342645
669	90.085714	90.335714	F6	63	80	0	5	-3.871087
670	90.250000	90.500000	D4	126	80	1	-2	-3.456527
671	90.335714	90.585714	C5	90	80	0	1	-4.498352
672	90.335714	90.585714	F5	90	80	0	3	-3.401091
673	90.335714	90.585714	A5	63	80	0	5	-2.681011
674	90.500000	91.000000	B3	126	80	1	-4	-3.718276
675	90.500000	91.000000	D#4	90	80	1	-2	-3.159098
676	90.500000	91.000000	G#4	90	80	1	-1	-2.320150
677	90.585714	90.835714	B4	90	80	0	1	-3.027253
678	90.585714	90.835714	E5	90	80	0	3	-3.401091
679	90.585714	90.835714	G5	63	80	0	5	-2.681011
680	90.835714	91.085714	A4	90	80	0	1	-3.027253
681	90.835714	91.085714	D5	90	80	0	2	-2.963617
682	90.835714	91.085714	F5	63	80	0	4	-2.758588
683	91.000000	92.000000	B2	90	80	1	-5	-6.473863
684	91.000000	92.000000	D#3	90	80	1	-3	-3.351805
685	91.000000	92.000000	G#3	90	80	1	-1	-2.717521
686	91.085714	91.600000	A4	90	80	0	1	-2.969918
687	91.085714	91.600000	D5	90	80	0	3	-3.401091
688	91.085714	91.600000	E5	63	80	0	4	-2.883688
689	91.600000	91.942857	G#4	90	80	0	1	-3.577835
690	91.600000	91.942857	B4	90	80	0	2	-3.493146
691	91.600000	91.942857	E5	63	80	0	5	-3.228870
692	91.942857	92.457143	F#4	90	80	0	1	-3.521239
693	91.942857	92.457143	A4	90	80	0	2	-3.493146
694	91.942857	92.457143	E5	63	80	0	5	-3.528229
695	92.000000	93.750000	C#4	90	80	1	-3	-6.025293
696	92.000000	93.750000	E4	90	80	1	-2	-2.872099
697	92.457143	92.628571	E5	63	80	0	5	-4.495609
698	92.500000	92.750000	D4	90	80	1	-3	-2.891080
699	92.628571	93.142857	E5	63	80	0	5	-4.495609
700	92.750000	93.250000	D#4	90	80	1	-2	-3.081523
701	92.750000	93.250000	F#4	90	80	1	-1	-2.415329
702	93.142857	93.485714	G#4	90	80	0	1	-3.862851
703	93.142857	93.485714	B4	90	80	0	2	-3.493146
704	93.142857	93.485714	E5	63	80	0	4	-2.909306
705	93.250000	93.750000	B1	126	80	1	-5	-5.805721
706	93.485714	93.828571	A-4	90	80	0	1	-3.577835
707	93.485714	93.828571	C5	90	80	0	2	-3.465862
708	93.485714	94.000000	G5	63	80	0	5	-3.528229
709	93.750000	94.250000	B2	126	80	1	-5	-5.534856
710	93.750000	94.250000	E#3	126	80	1	-3	-3.416097
711	94.000000	94.171429	E5	63	80	0	3	-3.509161
712	94.171429	94.685714	E5	63	80	0	3	-4.378151
713	94.250000	95.000000	E3	90	80	1	-4	-3.061136
714	94.250000	94.750000	F#3	126	80	1	-3	-3.762277
715	94.250000	95.000000	D4	90	80	1	-1	-3.687814
716	94.685714	95.028571	G#4	90	80	0	1	-4.449629
717	94.685714	95.028571	D5	90	80	0	2	-5.302163
718	94.685714	95.028571	E5	63	80	0	3	-2.675961
719	94.750000	95.000000	G3	126	80	1	-2	-4.659581
720	95.000000	95.500000	G3	126	80	1	-2	-3.999177
721	95.000000	95.750000	A3	90	80	1	-1	-2.578439
722	95.028571	96.057143	A5	63	80	0	5	-3.128600
723	95.500000	96.000000	E2	126	80	1	-5	-3.781310
724	95.714286	95.885714	A5	90	80	0	1	-5.027158
725	95.714286	95.885714	A5	90	80	0	2	-4.712397
726	95.885714	96.057143	G5	90	80	0	1	-2.609267
727	95.885714	96.057143	G6	90	80	0	5	-2.242366
728	96.000000	96.500000	A1	126	80	1	-5	-6.147898
729	96.057143	96.228571	F#5	90	80	0	1	-4.270482
730	96.057143	96.228571	F#6	90	80	0	5	-2.242366
731	96.228571	96.400000	E5	90	80	0	1	-4.990776
732	96.228571	96.400000	E6	90	80	0	5	-2.242366
733	96.400000	96.571429	D5	90	80	0	1	-3.460971
734	96.400000	96.571429	D6	90	80	0	5	-2.242366
735	96.500000	97.000000	D3	90	80	1	-2	-7.153101
736	96.500000	97.000000	F#3	126	80	1	-1	-3.194227
737	96.500000	97.000000	F#3	90	80	1	-5	-4.801795
738	96.571429	96.742857	C5	90	80	0	1	-3.460971
739	96.571429	96.742857	C6	90	80	0	5	-2.242366
740	96.742857	96.914286	B4	90	80	0	1	-3.460971
741	96.742857	96.914286	B5	90	80	0	5	-2.242366
742	96.914286	97.085714	A4	90	80	0	1	-3.460971
743	96.914286	97.085714	A5	90	80	0	5	-2.242366
744	97.000000	97.250000	C#4	126	80	1	-2	-2.554480
745	97.250000	97.750000	D3	90	80	1	-5	-5.509717
746	97.250000	97.750000	G3	90	80	1	-2	-3.272976
747	97.250000	97.750000	B3	126	80	1	-1	-2.415329
748	97.257143	97.428571	G4	90	80	0	1	-3.460971
749	97.257143	97.428571	G5	90	80	0	5	-2.242366
750	97.428571	97.600000	F#4	90	80	0	1	-4.270482
751	97.428571	97.600000	F#5	90	80	0	5	-2.242366
752	97.600000	97.771429	E4	90	80	0	1	-4.990776
753	97.600000	97.771429	E5	90	80	0	5	-2.242366
754	97.750000	98.250000	G1	126	80	1	-5	-4.456078
755	97.771429	97.942857	D4	90	80	0	1	-3.460971
756	97.771429	97.942857	D5	90	80	0	5	-2.242366
757	97.942857	98.114286	C4	90	80	0	1	-3.460971
758	97.942857	98.114286	C5	90	80	0	5	-2.242366
759	98.114286	98.285714	B3	90	80	0	1	-3.460971
760	98.114286	98.285714	B4	90	80	0	5	-2.242366
761	98.250000	98.750000	G2	90	80	1	-4	-4.924626
762	98.250000	98.750000	D3	90	80	1	-1	-2.959487
763	98.285714	98.457143	A3	90	80	0	1	-3.460971
764	98.285714	98.457143	A4	90	80	0	5	-2.242366
765	98.457143	98.628571	G3	90	80	0	1	-3.460971
766	98.457143	98.628571	G4	90	80	0	5	-2.242366
767	98.750000	99.500000	G3	90	80	1	-5	-7.040401
768	98.750000	99.500000	B3	90	80	1	-3	-3.170876
769	98.750000	99.250000	F#4	126	80	1	-2	-7.148656
770	98.800000	98.971429	F#3	90	80	0	1	-4.270482
771	98.800000	98.971429	F#4	90	80	0	5	-2.242366
772	98.971429	99.142857	E3	90	80	0	1	-4.990776
773	98.971429	99.142857	E4	90	80	0	5	-2.242366
774	99.142857	99.314286	D3	90	80	0	1	-3.460971
775	99.142857	99.314286	D4	90	80	0	5	-2.242366
776	99.250000	99.500000	F4	126	80	1	-1	-3.931111
777	99.314286	99.485714	C3	90	80	0	1	-3.460971
778	99.314286	99.485714	C4	90	80	0	5	-2.242366
779	99.485714	99.657143	B2	90	80	0	1	-3.460971
780	99.485714	99.657143	B3	90	80	0	5	-2.242366
781	99.500000	100.000000	C4	90	80	1	-2	-3.456527
782	99.500000	100.000000	E4	126	80	1	-1	-2.415329
783	99.657143	99.828571	A2	90	80	0	1	-3.460971
784	99.657143	99.828571	A3	90	80	0	5	-2.242366
785	99.828571	100.000000	G2	90	80	0	1	-3.460971
786	99.828571	100.000000	G3	90	80	0	5	-2.242366
787	100.000000	100.171429	F#2	90	80	0	1	-4.270482
788	100.000000	100.171429	F#3	90	80	0	5	-2.242366
789	100.000000	100.500000	E3	126	80	1	-4	-4.702385
790	100.171429	100.342857	E3	126	80	0	3	-4.643557
791	100.342857	100.857143	E3	126	80	0	3	-4.378151
792	100.500000	101.500000	A2	126	80	1	-1	-5.763343
793	100.857143	101.200000	E3	126	80	0	3	-4.378151
794	101.200000	101.714286	A3	90	80	0	1	-5.548003
795	101.200000	101.714286	D4	90	80	0	2	-2.963617
796	101.200000	101.714286	A4	90	80	0	4	-4.859095
797	101.500000	101.750000	G2	126	80	1	-2	-2.745489
798	101.714286	102.057143	E4	90	80	0	1	-3.216633
799	101.714286	102.057143	B4	90	80	0	2	-3.928858
800	101.714286	102.057143	E5	90	80	0	4	-2.909306
801	101.750000	102.250000	C2	90	80	1	-5	-3.155341
802	101.750000	102.250000	G2	90	80	1	-1	-3.477173
803	102.250000	102.750000	G2	90	80	1	-5	-4.801795
804	102.250000	102.750000	C3	90	80	1	-3	-3.463793
805	102.250000	102.750000	E3	90	80	1	-2	-3.046717
806	102.750000	103.250000	C3	90	80	1	-4	-3.718276
807	102.750000	103.250000	E3	90	80	1	-2	-2.359478
808	102.750000	103.250000	G3	90	80	1	-1	-2.415329
809	103.250000	104.000000	E3	90	80	1	-3	-4.276897
810	103.250000	104.000000	G3	90	80	1	-2	-3.046717
811	103.250000	104.000000	B3	90	80	1	-1	-2.415329
812	104.000000	104.500000	A1	90	80	1	-5	-4.456078
813	104.000000	104.500000	E2	90	80	1	-2	-2.554480
814	104.500000	105.000000	C3	90	80	1	-4	-7.648546
815	104.500000	105.000000	E3	90	80	1	-2	-2.359478
816	104.500000	105.000000	G3	90	80	1	-1	-2.415329
817	105.000000	105.500000	E3	90	80	1	-3	-4.276897
818	105.000000	105.500000	G3	90	80	1	-2	-3.046717
819	105.000000	105.500000	B3	90	80	1	-1	-2.415329
820	105.500000	106.250000	G3	90	80	1	-3	-4.276897
821	105.500000	106.250000	B3	90	80	1	-2	-3.046717
822	105.500000	106.250000	D4	90	80	1	-1	-2.415329
823	106.250000	106.750000	F#1	90	80	1	-5	-5.704159
824	106.250000	106.750000	C2	90	80	1	-2	-4.656382
825	106.750000	107.250000	A2	90	80	1	-4	-7.648546
826	106.750000	107.250000	C3	90	80	1	-2	-2.359478
827	106.750000	107.250000	F#3	90	80	1	-1	-5.267467
828	107.250000	107.750000	C3	90	80	1	-5	-6.473863
829	107.250000	107.750000	F#3	90	80	1	-2	-5.232676
830	107.250000	107.750000	A3	90	80	1	-1	-2.464298
831	107.750000	108.500000	D3	90	80	1	-5	-3.242781
832	107.750000	108.000000	F#3	63	80	1	-3	-3.351805
833	107.750000	108.500000	C4	90	80	1	-1	-4.001517
834	108.000000	108.250000	G3	63	80	1	-2	-3.456527
835	108.250000	108.500000	A3	63	80	1	-1	-2.578439
836	108.500000	109.000000	E3	90	80	1	-2	-3.456527
837	108.500000	109.000000	G#3	63	80	1	-1	-3.194227
838	109.000000	110.000000	E2	63	80	1	-5	-5.345987
839	110.000000	110.500000	B4	63	80	1	-3	-8.212705
840	110.000000	110.750000	C5	90	80	1	-2	-2.510186
841	110.000000	110.750000	E5	90	80	1	-1	-2.415329
842	110.500000	111.250000	A4	63	80	1	-4	-3.752799
843	110.750000	111.250000	B-4	90	80	1	-3	-2.906925
844	111.250000	111.750000	G4	63	80	1	-1	-4.439870
845	111.750000	112.250000	C4	63	80	1	-5	-3.242781
846	112.250000	112.750000	G4	63	80	1	-2	-2.554480
847	112.250000	113.000000	A4	90	80	1	-1	-2.578439
848	112.750000	113.000000	F#4	63	80	1	-2	-3.299403
849	113.000000	113.500000	E4	63	80	1	-4	-5.038436
850	113.000000	113.500000	G4	90	80	1	-2	-2.359478
851	113.500000	114.000000	A3	63	80	1	-2	-7.298807
852	114.000000	114.500000	C3	63	80	1	-5	-5.049983
853	114.500000	115.000000	E4	63	80	1	-4	-6.898392
854	114.500000	115.250000	F#4	90	80	1	-2	-3.337019
855	114.500000	115.250000	A4	90	80	1	-1	-2.464298
856	115.000000	115.250000	D4	63	80	1	-3	-4.266477
857	115.250000	115.750000	C#4	63	80	1	-4	-5.020222
858	115.250000	115.750000	F#4	90	80	1	-2	-2.507290
859	115.250000	115.750000	A4	90	80	1	-1	-2.464298
860	115.750000	116.250000	F#2	63	80	1	-4	-7.296520
861	116.250000	116.750000	C#2	63	80	1	-5	-4.921434
862	116.750000	117.500000	D#2	63	80	1	-4	-3.907966
863	116.750000	117.000000	F#3	63	80	1	-1	-6.822085
864	117.000000	117.250000	G#3	63	80	1	-2	-5.429322
865	117.250000	117.500000	A#3	63	80	1	-1	-2.578439
866	118.000000	118.500000	E2	63	80	1	-5	-7.040401
867	118.500000	119.000000	E3	90	80	1	-5	-5.534856
868	118.500000	119.000000	B3	90	80	1	-2	-2.554480
869	119.000000	120.250000	D4	63	80	1	-1	-2.415329
870	120.250000	120.750000	E2	63	80	1	-5	-5.805721
871	120.750000	121.250000	E3	90	80	1	-5	-5.534856
872	120.750000	121.250000	B3	90	80	1	-2	-2.554480
873	121.250000	122.500000	F4	63	80	1	-1	-4.047397
874	122.500000	123.000000	E2	63	80	1	-5	-4.456078
875	123.000000	123.500000	E3	90	80	1	-5	-5.534856
876	123.000000	123.500000	B3	90	80	1	-2	-2.554480
877	123.500000	124.250000	C4	63	80	1	-1	-2.578439
878	124.250000	124.500000	E1	63	80	1	-5	-4.456078
879	124.500000	125.250000	E1	63	80	1	-5	-4.242005
880	125.250000	125.750000	E1	63	80	1	-5	-4.242005
881	125.750000	126.500000	E1	63	80	1	-5	-4.242005
882	126.500000	126.750000	E1	63	80	1	-5	-4.242005
883	126.750000	127.500000	E1	63	80	1	-5	-4.242005
884	127.500000	128.000000	E1	63	80	1	-5	-4.242005
885	128.000000	128.750000	E1	63	80	1	-5	-4.242005
886	128.750000	129.000000	E1	63	80	1	-5	-4.242005
887	129.000000	129.750000	E1	63	80	1	-5	-4.242005
888	129.750000	130.250000	E1	63	80	1	-5	-4.242005
889	130.250000	131.000000	E1	63	80	1	-5	-4.242005
890	131.000000	131.250000	E1	90	80	1	-5	-4.242005
891	131.000000	131.250000	E2	90	80	1	-1	-1.202832
892	131.250000	132.000000	E1	90	80	1	-5	-2.314770
893	131.250000	132.000000	E2	90	80	1	-1	-1.202832
894	132.000000	132.500000	E1	90	80	1	-5	-2.314770
895	132.000000	132.500000	E2	90	80	1	-1	-1.202832
896	132.500000	133.250000	D1	90	80	1	-5	-3.842215
897	132.500000	133.250000	A1	90	80	1	-2	-2.554480
898	132.500000	133.250000	D2	90	80	1	-1	-2.320150
899	133.250000	133.750000	E1	90	80	1	-5	-3.181034
900	133.250000	133.750000	B1	90	80	1	-2	-2.554480
901	133.250000	133.750000	E2	90	80	1	-1	-2.320150
