//Version: PianoFingering_v170101
1	0.000000	0.250000	C3	90	80	1	-5	-0.504576
2	0.000000	0.250000	G3	90	80	1	-2	-2.554480
3	0.142857	0.285714	G3	99	80	0	3	-1.701607
4	0.428571	0.571429	G3	99	80	0	3	-4.378151
5	0.500000	0.750000	C3	90	80	1	-5	-3.155341
6	0.500000	0.750000	G3	90	80	1	-2	-2.554480
7	0.714286	0.857143	G3	99	80	0	3	-4.378151
8	0.857143	1.000000	G3	99	80	0	3	-4.378151
9	1.000000	1.250000	C3	90	80	1	-5	-3.155341
10	1.000000	1.250000	G3	90	80	1	-2	-2.554480
11	1.142857	1.285714	G3	99	80	0	3	-4.378151
12	1.428571	1.571429	G3	99	80	0	3	-4.378151
13	1.714286	1.857143	G3	99	80	0	3	-4.378151
14	1.750000	2.000000	C3	90	80	1	-5	-3.155341
15	1.750000	2.000000	G3	90	80	1	-2	-2.554480
16	1.857143	2.000000	G3	99	80	0	3	-4.378151
17	2.142857	2.285714	G3	99	80	0	3	-4.378151
18	2.250000	2.500000	C3	90	80	1	-5	-3.155341
19	2.250000	2.500000	G3	90	80	1	-2	-2.554480
20	2.428571	2.571429	G3	99	80	0	3	-4.378151
21	2.714286	2.857143	G3	99	80	0	3	-4.378151
22	2.750000	3.000000	C3	90	80	1	-5	-3.155341
23	2.750000	3.000000	G3	90	80	1	-2	-2.554480
24	2.857143	3.000000	G3	99	80	0	3	-4.378151
25	3.142857	3.285714	C4	99	80	0	1	-5.548003
26	3.428571	3.571429	C5	99	80	0	5	-2.242366
27	3.500000	3.750000	C3	90	80	1	-5	-3.155341
28	3.500000	3.750000	G3	90	80	1	-2	-2.554480
29	3.714286	3.857143	B-4	99	80	0	3	-4.229469
30	3.857143	4.000000	G4	99	80	0	2	-3.286699
31	4.000000	4.250000	C3	90	80	1	-5	-3.155341
32	4.000000	4.250000	G3	90	80	1	-2	-2.554480
33	4.142857	4.285714	F4	99	80	0	1	-2.609267
34	4.428571	4.571429	G4	99	80	0	2	-2.867384
35	4.500000	4.750000	C3	90	80	1	-5	-3.155341
36	4.500000	4.750000	G3	90	80	1	-2	-2.554480
37	4.714286	4.857143	B-4	99	80	0	3	-3.409656
38	4.857143	5.000000	G4	99	80	0	2	-3.286699
39	5.142857	5.285714	B-4	99	80	0	3	-3.409656
40	5.250000	5.750000	C3	126	80	1	-5	-3.155341
41	5.428571	5.571429	G4	99	80	0	2	-3.286699
42	5.714286	5.857143	B-4	99	80	0	3	-3.409656
43	5.750000	6.250000	C4	126	80	1	-1	-1.202832
44	5.857143	6.000000	G4	99	80	0	2	-3.286699
45	6.142857	6.285714	F4	99	80	0	1	-2.609267
46	6.250000	6.750000	B-3	126	80	1	-2	-3.299403
47	6.428571	6.571429	E-4	99	80	0	3	-5.389440
48	6.714286	6.857143	C4	99	80	0	2	-3.286699
49	6.750000	7.000000	G3	126	80	1	-3	-4.407505
50	7.000000	7.142857	F3	99	80	0	1	-4.740672
51	7.000000	7.500000	F3	126	80	1	-4	-3.061136
52	7.428571	7.571429	F3	99	80	0	1	-4.507997
53	7.500000	8.000000	G3	126	80	1	-3	-2.915060
54	7.714286	7.857143	F3	99	80	0	1	-4.507997
55	7.857143	8.000000	F3	99	80	0	1	-4.507997
56	8.000000	9.571429	B3	99	80	0	3	-3.401091
57	8.000000	8.500000	B-3	126	80	1	-2	-3.407298
58	8.142857	8.285714	F3	99	80	0	1	-2.905888
59	8.428571	8.571429	F3	99	80	0	1	-4.507997
60	8.500000	8.750000	G3	126	80	1	-3	-4.407505
61	8.714286	8.857143	F3	99	80	0	1	-4.507997
62	8.750000	9.250000	B-3	126	80	1	-2	-3.407298
63	8.857143	9.000000	F3	99	80	0	1	-4.507997
64	9.142857	9.285714	F3	99	80	0	1	-4.507997
65	9.250000	9.750000	G3	126	80	1	-3	-4.407505
66	9.428571	9.571429	F3	99	80	0	1	-4.507997
67	9.571429	10.000000	B3	99	80	0	3	-3.401091
68	9.714286	9.857143	F3	99	80	0	1	-2.905888
69	9.750000	10.250000	B-3	126	80	1	-2	-3.407298
70	9.857143	10.000000	F3	99	80	0	1	-4.507997
71	10.142857	10.285714	F4	99	80	0	1	-6.856287
72	10.250000	10.500000	G3	126	80	1	-1	-5.183592
73	10.428571	10.571429	F5	99	80	0	5	-2.242366
74	10.500000	11.000000	F3	126	80	1	-2	-2.745489
75	10.714286	10.857143	E-5	99	80	0	3	-4.229469
76	10.857143	11.000000	C5	99	80	0	2	-3.286699
77	11.000000	11.500000	E-3	126	80	1	-3	-3.464153
78	11.142857	11.285714	B-4	99	80	0	1	-3.967913
79	11.428571	11.571429	E-5	99	80	0	2	-2.963617
80	11.500000	12.000000	C3	126	80	1	-4	-4.404178
81	11.714286	11.857143	C5	99	80	0	1	-3.360143
82	12.000000	13.571429	G4	99	80	0	5	-7.995723
83	12.000000	12.250000	E-3	126	80	1	-3	-3.762277
84	12.142857	12.285714	C4	90	80	0	2	-3.263552
85	12.142857	12.285714	D4	90	80	0	3	-2.675961
86	12.428571	12.571429	C4	90	80	0	2	-2.287533
87	12.428571	12.571429	D4	90	80	0	3	-2.675961
88	12.714286	12.857143	C4	90	80	0	2	-2.287533
89	12.714286	12.857143	F4	90	80	0	4	-2.909306
90	12.750000	13.000000	B2	90	80	1	-5	-3.859206
91	12.750000	13.000000	F3	90	80	1	-2	-2.554480
92	12.857143	13.000000	C4	90	80	0	2	-3.266530
93	12.857143	13.000000	F4	90	80	0	4	-2.909306
94	13.142857	13.285714	A3	90	80	0	1	-2.969918
95	13.142857	13.285714	D4	90	80	0	3	-3.401091
96	13.250000	13.500000	B2	90	80	1	-5	-3.155341
97	13.250000	13.500000	F3	90	80	1	-1	-3.477173
98	13.428571	13.571429	A3	90	80	0	1	-2.905888
99	13.428571	13.571429	D4	90	80	0	2	-2.963617
100	13.571429	14.000000	G4	99	80	0	5	-3.228870
101	13.714286	13.857143	C4	90	80	0	2	-3.263552
102	13.714286	13.857143	F4	90	80	0	4	-2.909306
103	13.857143	14.000000	C4	90	80	0	2	-3.266530
104	13.857143	14.000000	F4	90	80	0	4	-2.909306
105	14.000000	15.000000	G4	99	80	0	5	-2.706622
106	14.000000	14.250000	B-2	90	80	1	-4	-4.339145
107	14.000000	14.250000	F3	90	80	1	-1	-3.887622
108	14.142857	14.285714	A3	90	80	0	1	-3.027253
109	14.142857	14.285714	D4	90	80	0	3	-3.401091
110	14.428571	14.571429	A3	90	80	0	1	-2.905888
111	14.428571	14.571429	D4	90	80	0	3	-3.401091
112	14.500000	14.750000	B-2	90	80	1	-4	-4.339145
113	14.500000	14.750000	F3	90	80	1	-1	-3.887622
114	14.714286	14.857143	C4	90	80	0	2	-2.287533
115	14.714286	14.857143	F4	90	80	0	4	-2.909306
116	14.857143	15.000000	C4	90	80	0	1	-3.216633
117	14.857143	15.000000	F4	90	80	0	2	-2.963617
118	15.000000	15.250000	B-2	90	80	1	-4	-4.339145
119	15.000000	15.250000	F3	90	80	1	-1	-3.887622
120	15.571429	15.714286	D-4	126	80	0	1	-3.898407
121	15.714286	15.857143	E-4	126	80	0	2	-2.867384
122	15.750000	16.000000	B-2	90	80	1	-4	-4.339145
123	15.750000	16.000000	F3	90	80	1	-1	-3.887622
124	15.857143	16.000000	F4	126	80	0	3	-3.265372
125	16.000000	16.142857	G-4	126	80	0	4	-4.152325
126	16.250000	16.500000	B-2	90	80	1	-4	-4.339145
127	16.250000	16.500000	F3	90	80	1	-1	-3.887622
128	16.571429	16.714286	C4	126	80	0	1	-3.845468
129	16.714286	16.857143	B-3	126	80	0	4	-6.205414
130	16.750000	17.000000	B-2	90	80	1	-4	-4.339145
131	16.750000	17.000000	F3	90	80	1	-1	-3.887622
132	16.857143	17.000000	A-3	126	80	0	3	-2.238713
133	17.000000	17.142857	G3	126	80	0	2	-2.803601
134	17.142857	17.285714	A3	126	80	0	3	-2.675961
135	17.285714	17.428571	B3	126	80	0	1	-5.198182
136	17.428571	17.571429	C4	126	80	0	2	-2.867384
137	17.500000	18.000000	F3	126	80	1	-5	-4.801795
138	17.571429	17.714286	D-4	126	80	0	3	-3.190537
139	17.714286	17.857143	E-4	126	80	0	4	-2.883688
140	17.857143	18.000000	D-4	126	80	0	3	-2.238713
141	18.000000	18.142857	G-4	126	80	0	5	-3.128600
142	18.000000	18.500000	F4	126	80	1	-1	-1.202832
143	18.142857	18.285714	F4	126	80	0	4	-4.300502
144	18.285714	18.428571	E-4	126	80	0	3	-3.510496
145	18.428571	18.571429	D-4	126	80	0	2	-2.287533
146	18.500000	19.000000	E-4	126	80	1	-2	-3.299403
147	18.571429	18.714286	C4	126	80	0	1	-3.290753
148	18.714286	18.857143	B-3	126	80	0	2	-5.755227
149	18.857143	19.000000	C4	99	80	0	3	-3.265372
150	19.000000	19.142857	G3	99	80	0	1	-2.905888
151	19.000000	19.250000	C4	126	80	1	-3	-4.407505
152	19.142857	19.285714	A3	99	80	0	2	-2.867384
153	19.250000	19.750000	B-3	126	80	1	-4	-4.210732
154	19.285714	19.428571	B3	99	80	0	3	-2.675961
155	19.428571	19.571429	C4	99	80	0	1	-5.198182
156	19.571429	19.714286	D-4	99	80	0	2	-3.900292
157	19.714286	19.857143	E-4	99	80	0	3	-2.675961
158	19.750000	20.250000	E-4	126	80	1	-2	-2.507290
159	19.857143	20.000000	C4	99	80	0	2	-3.286699
160	20.000000	20.142857	F#4	99	80	0	4	-5.307691
161	20.250000	20.750000	C4	126	80	1	-4	-5.038436
162	20.571429	20.714286	E-4	99	80	0	2	-3.359779
163	20.714286	20.857143	F4	99	80	0	3	-3.265372
164	20.750000	21.000000	F3	126	80	1	-1	-5.763343
165	20.857143	21.000000	D4	99	80	0	1	-3.281335
166	21.000000	21.142857	G-4	99	80	0	2	-3.275273
167	21.500000	21.750000	G2	90	80	1	-5	-3.181034
168	21.500000	21.750000	D3	90	80	1	-2	-2.554480
169	21.571429	21.714286	F4	99	80	0	1	-3.290753
170	21.714286	21.857143	G4	99	80	0	2	-2.867384
171	21.857143	22.000000	E4	99	80	0	1	-3.157580
172	22.000000	22.142857	G#4	99	80	0	2	-3.275273
173	22.000000	22.250000	G2	90	80	1	-5	-3.155341
174	22.000000	22.250000	D3	90	80	1	-2	-2.554480
175	22.571429	22.714286	F#4	99	80	0	1	-2.609267
176	22.714286	22.857143	G#4	99	80	0	2	-2.867384
177	22.750000	23.000000	G2	90	80	1	-5	-3.155341
178	22.750000	23.000000	D3	90	80	1	-2	-2.554480
179	22.857143	23.000000	F4	99	80	0	1	-3.360143
180	23.000000	23.142857	A4	126	80	0	2	-2.525967
181	23.142857	23.285714	A4	126	80	0	1	-4.802885
182	23.250000	23.500000	G2	90	80	1	-5	-3.155341
183	23.250000	23.500000	D3	90	80	1	-2	-2.554480
184	23.285714	23.428571	A4	90	80	0	1	-4.507997
185	23.285714	23.428571	G5	90	80	0	5	-4.284649
186	23.428571	23.571429	D5	126	80	0	2	-3.071676
187	23.571429	23.714286	B4	126	80	0	1	-3.157580
188	23.750000	24.000000	G2	90	80	1	-5	-3.155341
189	23.750000	24.000000	D3	90	80	1	-2	-2.554480
190	24.000000	24.142857	A4	126	80	0	3	-4.737465
191	24.285714	24.428571	A4	126	80	0	4	-5.516614
192	24.500000	24.750000	G2	90	80	1	-5	-3.155341
193	24.500000	24.750000	D3	90	80	1	-2	-2.554480
194	24.571429	24.714286	B3	90	80	0	1	-3.549056
195	24.571429	24.714286	A4	90	80	0	5	-4.284649
196	24.714286	24.857143	E4	126	80	0	2	-3.071676
197	24.857143	25.000000	G4	126	80	0	4	-2.758588
198	25.000000	25.285714	A4	126	80	0	5	-2.706622
199	25.000000	25.250000	G2	90	80	1	-5	-3.155341
200	25.000000	25.250000	D3	90	80	1	-2	-2.554480
201	25.285714	25.571429	E-4	90	80	0	2	-4.412763
202	25.285714	25.571429	A4	90	80	0	5	-4.764150
203	25.500000	25.750000	G2	90	80	1	-5	-3.155341
204	25.500000	25.750000	D3	90	80	1	-1	-3.477173
205	25.571429	25.857143	E-4	90	80	0	2	-4.412763
206	25.571429	25.857143	A4	90	80	0	4	-5.030376
207	25.857143	26.000000	E-4	90	80	0	1	-4.295977
208	25.857143	26.000000	A4	90	80	0	3	-5.088322
209	25.857143	26.000000	D5	90	80	0	5	-3.128600
210	26.142857	26.285714	E-4	90	80	0	1	-4.221033
211	26.142857	26.285714	A4	90	80	0	3	-5.088322
212	26.250000	26.500000	G2	126	80	1	-4	-3.752799
213	26.428571	26.571429	E-4	90	80	0	2	-5.483387
214	26.428571	26.571429	A4	90	80	0	5	-4.764150
215	26.500000	26.750000	A2	126	80	1	-3	-2.915060
216	26.714286	27.000000	D4	127	80	0	2	-3.263552
217	26.750000	27.000000	B2	126	80	1	-2	-2.510186
218	26.857143	27.000000	E-4	127	80	0	3	-3.190537
219	27.000000	27.142857	D4	90	80	0	2	-2.803601
220	27.000000	27.142857	E4	90	80	0	3	-2.675961
221	27.000000	27.142857	A4	90	80	0	5	-3.128600
222	27.000000	27.250000	C3	126	80	1	-1	-2.578439
223	27.142857	27.285714	E-4	90	80	0	2	-4.412763
224	27.142857	27.285714	A4	90	80	0	5	-4.764150
225	27.250000	27.750000	D-3	126	80	1	-2	-4.643648
226	27.428571	27.571429	E-4	90	80	0	2	-4.412763
227	27.428571	27.571429	A4	90	80	0	5	-4.764150
228	27.714286	28.285714	E-4	127	80	0	2	-4.412763
229	27.857143	28.000000	A4	127	80	0	4	-5.030376
230	28.000000	28.142857	E-4	90	80	0	1	-4.295977
231	28.000000	28.142857	A4	90	80	0	3	-5.088322
232	28.000000	28.142857	D5	90	80	0	5	-3.128600
233	28.000000	28.250000	G-3	126	80	1	-1	-2.320150
234	28.142857	28.285714	E-4	90	80	0	1	-4.221033
235	28.142857	28.285714	A4	90	80	0	3	-5.088322
236	28.142857	28.285714	D5	90	80	0	5	-3.128600
237	28.250000	28.500000	F3	126	80	1	-2	-4.597368
238	28.428571	28.571429	E-4	90	80	0	1	-4.221033
239	28.428571	28.571429	A4	90	80	0	3	-5.088322
240	28.428571	28.571429	D5	90	80	0	5	-3.128600
241	28.500000	28.750000	E-3	126	80	1	-3	-3.464153
242	28.714286	28.857143	E-4	127	80	0	1	-4.221033
243	28.750000	29.000000	D-3	126	80	1	-4	-3.061136
244	28.857143	29.000000	A4	127	80	0	3	-5.088322
245	29.000000	29.142857	E4	90	80	0	1	-2.905888
246	29.000000	29.142857	A4	90	80	0	2	-2.963617
247	29.000000	29.142857	D5	90	80	0	5	-3.228870
248	29.000000	29.250000	C3	126	80	1	-1	-4.652270
249	29.142857	29.285714	E-4	90	80	0	1	-4.221033
250	29.142857	29.285714	A4	90	80	0	3	-5.088322
251	29.142857	29.285714	D5	90	80	0	5	-3.128600
252	29.428571	29.571429	E-4	90	80	0	1	-4.221033
253	29.428571	29.571429	A4	90	80	0	3	-5.088322
254	29.428571	29.571429	D5	90	80	0	5	-3.128600
255	29.714286	30.000000	E-4	127	80	0	1	-4.221033
256	29.750000	30.000000	G2	126	80	1	-3	-3.831713
257	29.857143	30.000000	A4	127	80	0	3	-5.088322
258	30.000000	30.142857	E4	90	80	0	1	-2.905888
259	30.000000	30.142857	A4	90	80	0	2	-2.963617
260	30.000000	30.142857	D5	90	80	0	5	-3.228870
261	30.000000	30.250000	A2	126	80	1	-2	-2.510186
262	30.250000	30.500000	B2	126	80	1	-1	-2.578439
263	30.428571	30.571429	D3	90	80	0	1	-6.163296
264	30.428571	30.571429	E-3	90	80	0	2	-3.900292
265	30.428571	30.571429	A3	90	80	0	4	-5.030376
266	30.500000	30.750000	C3	126	80	1	-3	-4.611792
267	30.714286	30.857143	D3	90	80	0	1	-2.857522
268	30.714286	30.857143	E-3	90	80	0	2	-3.900292
269	30.714286	30.857143	A3	90	80	0	4	-5.030376
270	30.750000	31.000000	D-3	126	80	1	-2	-3.081523
271	30.857143	31.000000	D3	90	80	0	1	-2.857522
272	30.857143	31.000000	E-3	90	80	0	2	-3.900292
273	30.857143	31.000000	A3	90	80	0	4	-5.030376
274	31.000000	31.250000	E-3	126	80	1	-1	-2.578439
275	31.142857	31.285714	D3	90	80	0	1	-2.857522
276	31.142857	31.285714	E-3	90	80	0	2	-3.900292
277	31.142857	31.285714	A3	90	80	0	4	-5.030376
278	31.250000	31.500000	D-3	126	80	1	-2	-2.745489
279	31.428571	31.571429	D3	90	80	0	1	-2.857522
280	31.428571	31.571429	E-3	90	80	0	2	-3.900292
281	31.428571	31.571429	A3	90	80	0	4	-5.030376
282	31.500000	31.750000	G-3	126	80	1	-1	-2.320150
283	31.714286	31.857143	D3	90	80	0	1	-2.857522
284	31.714286	31.857143	E-3	90	80	0	2	-3.900292
285	31.714286	31.857143	A3	90	80	0	4	-5.030376
286	31.750000	32.000000	F3	126	80	1	-2	-4.597368
287	31.857143	32.000000	D3	90	80	0	1	-2.857522
288	31.857143	32.000000	E-3	90	80	0	2	-3.900292
289	31.857143	32.000000	A3	90	80	0	4	-5.030376
290	32.000000	32.250000	E-3	126	80	1	-3	-3.464153
291	32.142857	32.285714	D3	90	80	0	1	-2.857522
292	32.142857	32.285714	E-3	90	80	0	2	-3.900292
293	32.142857	32.285714	A3	90	80	0	4	-5.030376
294	32.250000	32.500000	D-3	126	80	1	-4	-3.061136
295	32.428571	32.571429	D3	90	80	0	1	-2.857522
296	32.428571	32.571429	E-3	90	80	0	2	-3.900292
297	32.428571	32.571429	A3	90	80	0	4	-5.030376
298	32.500000	32.750000	C3	126	80	1	-1	-4.652270
299	32.714286	32.857143	D3	90	80	0	1	-2.857522
300	32.714286	32.857143	E-3	90	80	0	2	-3.900292
301	32.714286	32.857143	A3	90	80	0	4	-5.030376
302	32.750000	33.000000	B-2	126	80	1	-2	-3.299403
303	32.857143	33.000000	D3	90	80	0	1	-2.857522
304	32.857143	33.000000	E-3	90	80	0	2	-3.900292
305	32.857143	33.000000	A3	90	80	0	4	-5.030376
306	33.000000	33.250000	C3	126	80	1	-1	-2.464298
307	33.142857	33.285714	D3	90	80	0	1	-2.857522
308	33.142857	33.285714	E-3	90	80	0	2	-3.900292
309	33.142857	33.285714	A3	90	80	0	4	-5.030376
310	33.250000	33.500000	G3	126	80	1	-5	-5.919258
311	33.428571	33.571429	D3	90	80	0	1	-2.857522
312	33.428571	33.571429	E-3	90	80	0	2	-3.900292
313	33.428571	33.571429	A3	90	80	0	4	-5.030376
314	33.714286	33.857143	D3	90	80	0	1	-2.857522
315	33.714286	33.857143	E-3	90	80	0	2	-3.900292
316	33.714286	33.857143	A3	90	80	0	4	-5.030376
317	33.857143	34.000000	D3	90	80	0	1	-2.857522
318	33.857143	34.000000	E-3	90	80	0	2	-3.900292
319	33.857143	34.000000	A3	90	80	0	4	-5.030376
320	34.000000	34.142857	C4	127	80	0	1	-6.131546
321	34.142857	34.285714	D4	127	80	0	2	-2.867384
322	34.285714	34.428571	E4	127	80	0	3	-2.675961
323	34.428571	34.571429	F4	127	80	0	1	-5.198182
324	34.571429	34.714286	G4	127	80	0	2	-2.867384
325	34.714286	34.857143	A4	127	80	0	3	-2.675961
326	34.857143	35.000000	F4	127	80	0	1	-3.281335
327	35.000000	35.142857	C5	127	80	0	4	-4.054949
328	35.000000	35.250000	A3	126	80	1	-4	-3.907966
329	35.142857	35.285714	B4	127	80	0	3	-2.238713
330	35.250000	35.500000	B3	126	80	1	-3	-2.915060
331	35.285714	35.428571	A4	127	80	0	2	-2.287533
332	35.428571	35.571429	G4	127	80	0	1	-2.609267
333	35.500000	35.750000	C#4	126	80	1	-2	-3.407298
334	35.571429	35.714286	F4	127	80	0	3	-4.737465
335	35.714286	35.857143	G4	127	80	0	4	-2.883688
336	35.750000	36.000000	D4	126	80	1	-1	-3.404249
337	35.857143	36.000000	E-4	127	80	0	2	-3.901124
338	36.000000	36.571429	C4	127	80	0	1	-3.360143
339	36.750000	37.000000	B-3	126	80	1	-2	-4.444474
340	36.857143	37.000000	C3	127	80	0	1	-7.395652
341	37.000000	37.250000	C4	126	80	1	-1	-2.464298
342	37.250000	37.500000	D4	126	80	1	-3	-4.611792
343	37.500000	37.750000	E-4	126	80	1	-2	-3.081523
344	37.571429	38.428571	C4	127	80	0	5	-2.242366
345	37.857143	38.000000	C3	127	80	0	1	-1.922714
346	38.500000	38.750000	C4	126	80	1	-4	-5.038436
347	38.571429	38.857143	C4	127	80	0	5	-2.242366
348	38.750000	39.000000	D-4	126	80	1	-3	-2.906925
349	38.857143	39.000000	C3	127	80	0	1	-1.922714
350	39.000000	39.250000	E-4	126	80	1	-2	-2.510186
351	39.142857	39.285714	D4	127	80	0	5	-5.684589
352	39.250000	39.500000	E4	126	80	1	-1	-3.404249
353	39.285714	39.428571	E4	127	80	0	1	-7.108616
354	39.428571	39.571429	F4	127	80	0	2	-2.867384
355	39.571429	39.714286	G4	127	80	0	3	-2.675961
356	39.714286	39.857143	A4	127	80	0	4	-2.883688
357	39.857143	40.000000	B4	127	80	0	1	-5.889308
358	40.000000	40.142857	C5	127	80	0	2	-2.867384
359	40.142857	40.285714	D-5	127	80	0	3	-3.190537
360	40.285714	40.428571	C5	127	80	0	2	-2.803601
361	40.428571	40.571429	D-5	127	80	0	3	-3.190537
362	40.500000	40.750000	E4	90	80	1	-2	-4.675782
363	40.500000	40.750000	A4	90	80	1	-1	-2.320150
364	40.571429	40.714286	C5	127	80	0	2	-2.803601
365	40.714286	40.857143	D-5	127	80	0	3	-3.190537
366	40.857143	41.000000	C5	127	80	0	2	-2.803601
367	41.000000	43.571429	D-5	127	80	0	3	-3.190537
368	41.000000	41.250000	E4	90	80	1	-2	-3.456527
369	41.000000	41.250000	A4	90	80	1	-1	-2.320150
370	41.142857	41.285714	C4	127	80	0	1	-8.219875
371	41.428571	41.571429	C4	127	80	0	1	-4.507997
372	41.714286	41.857143	C4	127	80	0	1	-4.507997
373	41.857143	42.000000	C4	127	80	0	1	-4.507997
374	42.142857	42.285714	C4	127	80	0	1	-4.507997
375	42.250000	42.500000	E-4	90	80	1	-2	-5.099885
376	42.250000	42.500000	A4	90	80	1	-1	-4.366821
377	42.428571	42.571429	C4	127	80	0	1	-4.507997
378	42.714286	42.857143	C4	127	80	0	1	-4.507997
379	42.750000	43.000000	E-4	90	80	1	-2	-5.099885
380	42.750000	43.000000	A4	90	80	1	-1	-4.366821
381	42.857143	43.000000	C4	127	80	0	1	-4.507997
382	43.142857	43.285714	C4	127	80	0	1	-4.507997
383	43.428571	43.571429	C4	127	80	0	1	-4.507997
384	43.571429	43.857143	D5	127	80	0	5	-5.684589
385	43.714286	43.857143	C4	127	80	0	1	-3.460971
386	43.750000	44.000000	F4	126	80	1	-2	-3.291596
387	43.857143	44.000000	C4	127	80	0	1	-4.507997
388	44.000000	44.142857	C5	81	80	0	5	-2.242366
389	44.000000	44.250000	G4	126	80	1	-1	-2.578439
390	44.142857	44.285714	B4	81	80	0	4	-2.814339
391	44.250000	44.500000	E4	126	80	1	-2	-3.291596
392	44.285714	44.428571	A4	81	80	0	3	-2.238713
393	44.428571	44.571429	G4	81	80	0	2	-2.287533
394	44.500000	44.750000	F4	126	80	1	-1	-2.578439
395	44.571429	44.714286	F4	81	80	0	1	-2.609267
396	44.714286	44.857143	E4	81	80	0	4	-5.839612
397	44.750000	45.000000	D4	126	80	1	-2	-3.291596
398	44.857143	45.000000	D4	81	80	0	3	-2.238713
399	45.000000	45.142857	C4	81	80	0	2	-2.287533
400	45.000000	45.250000	C4	126	80	1	-3	-2.891080
401	45.142857	45.285714	D-4	81	80	0	3	-3.190537
402	45.250000	45.500000	B3	126	80	1	-1	-3.930078
403	45.285714	45.428571	C4	81	80	0	2	-2.803601
404	45.428571	45.571429	D-4	81	80	0	3	-3.190537
405	45.500000	46.000000	A3	126	80	1	-2	-2.745489
406	45.571429	45.714286	C4	81	80	0	2	-2.803601
407	45.714286	45.857143	D-4	81	80	0	3	-3.190537
408	45.857143	46.000000	E-4	81	80	0	4	-2.883688
409	46.000000	46.142857	C4	81	80	0	2	-4.043146
410	46.000000	46.500000	D4	126	80	1	-1	-2.320150
411	46.142857	46.285714	D4	81	80	0	3	-2.675961
412	46.285714	46.428571	E4	81	80	0	4	-2.883688
413	46.428571	46.571429	F4	81	80	0	1	-5.889308
414	46.500000	47.250000	B3	126	80	1	-2	-3.291596
415	46.571429	46.714286	G4	81	80	0	2	-2.867384
416	46.714286	46.857143	A4	81	80	0	3	-2.675961
417	46.857143	47.000000	B4	81	80	0	1	-5.198182
418	47.000000	47.142857	C5	81	80	0	2	-2.867384
419	47.142857	47.285714	D-5	81	80	0	3	-3.190537
420	47.250000	47.750000	A3	126	80	1	-1	-4.644141
421	47.285714	47.428571	C5	81	80	0	2	-2.803601
422	47.428571	47.571429	D-5	81	80	0	3	-3.190537
423	47.571429	47.714286	C5	81	80	0	2	-2.803601
424	47.714286	47.857143	D-5	81	80	0	3	-3.190537
425	47.750000	48.250000	E3	126	80	1	-2	-3.456527
426	47.857143	48.000000	E-5	81	80	0	4	-2.883688
427	48.000000	48.142857	F-5	81	80	0	5	-3.684684
428	48.142857	48.285714	E-5	81	80	0	4	-3.640665
429	48.250000	49.000000	G3	126	80	1	-1	-2.415329
430	48.285714	48.428571	D-5	81	80	0	3	-2.238713
431	48.428571	48.571429	C5	81	80	0	2	-2.803601
432	48.571429	48.714286	D-5	81	80	0	3	-3.190537
433	48.714286	48.857143	D5	81	80	0	1	-4.595018
434	48.857143	49.000000	E-5	81	80	0	3	-5.733265
435	49.000000	49.142857	F-5	81	80	0	4	-3.868143
436	49.000000	49.500000	C3	126	80	1	-4	-3.752799
437	49.142857	49.285714	E-5	81	80	0	3	-3.226506
438	49.285714	49.428571	D-5	81	80	0	2	-2.287533
439	49.428571	49.571429	C5	81	80	0	1	-3.290753
440	49.500000	50.000000	F3	126	80	1	-1	-3.219441
441	49.571429	49.714286	D-5	81	80	0	2	-3.900292
442	49.714286	49.857143	E-5	81	80	0	3	-2.675961
443	49.857143	50.000000	E5	81	80	0	4	-3.868143
444	50.000000	50.571429	F5	81	80	0	5	-2.706622
445	50.000000	50.142857	F5	81	80	0	5	-4.495609
446	50.000000	50.500000	D3	126	80	1	-2	-3.291596
447	50.142857	50.285714	E5	81	80	0	4	-2.814339
448	50.285714	50.428571	E-5	81	80	0	3	-3.226506
449	50.428571	50.571429	D-5	81	80	0	2	-2.287533
450	50.500000	50.750000	A2	126	80	1	-4	-4.045906
451	50.571429	50.714286	C5	81	80	0	1	-3.290753
452	50.571429	52.714286	F5	81	80	0	4	-4.278061
453	50.714286	50.857143	D-5	81	80	0	2	-3.901124
454	50.750000	51.250000	C3	126	80	1	-2	-2.359478
455	50.857143	51.000000	B4	81	80	0	1	-3.360143
456	51.000000	51.142857	C5	81	80	0	2	-2.867384
457	51.142857	51.285714	E-5	81	80	0	3	-3.409656
458	51.250000	51.750000	G2	126	80	1	-4	-4.045906
459	51.285714	51.428571	D-5	81	80	0	2	-2.287533
460	51.428571	51.571429	B4	81	80	0	1	-3.360143
461	51.571429	51.714286	C5	81	80	0	2	-2.867384
462	51.714286	51.857143	D-5	81	80	0	3	-3.190537
463	51.750000	52.250000	B-2	126	80	1	-2	-3.337019
464	51.857143	52.000000	B4	81	80	0	2	-3.286699
465	52.000000	52.142857	C5	81	80	0	3	-2.675961
466	52.142857	52.285714	E5	81	80	0	5	-2.681011
467	52.250000	52.500000	E-2	126	80	1	-5	-3.155341
468	52.285714	52.428571	E-5	81	80	0	4	-3.640665
469	52.428571	52.571429	D-5	81	80	0	3	-2.238713
470	52.500000	57.000000	F#2	126	80	1	-4	-4.139458
471	52.571429	52.714286	C5	81	80	0	2	-2.803601
472	52.714286	52.857143	D-5	81	80	0	3	-3.190537
473	52.750000	53.000000	D-3	90	80	1	-2	-3.734418
474	52.750000	53.000000	E3	90	80	1	-1	-2.464298
475	52.857143	53.000000	B4	81	80	0	1	-3.984578
476	53.000000	53.142857	C5	81	80	0	2	-2.867384
477	53.142857	53.285714	A-5	81	80	0	5	-4.848026
478	53.285714	53.428571	G5	81	80	0	4	-4.300502
479	53.428571	53.571429	E5	81	80	0	2	-3.359779
480	53.500000	53.750000	D-3	90	80	1	-3	-4.826899
481	53.500000	53.750000	E3	90	80	1	-2	-2.872099
482	53.571429	53.714286	C5	81	80	0	1	-3.157580
483	53.714286	53.857143	A4	81	80	0	3	-5.936950
484	53.857143	54.000000	B4	81	80	0	4	-2.883688
485	54.000000	56.714286	C5	63	80	0	5	-2.706622
486	54.250000	54.500000	D3	90	80	1	-3	-2.891080
487	54.250000	54.500000	E3	90	80	1	-2	-2.510186
488	54.285714	54.428571	G3	63	80	0	1	-4.498352
489	54.714286	54.857143	G3	63	80	0	3	-5.268790
490	54.750000	55.000000	D3	90	80	1	-3	-2.891080
491	54.750000	55.000000	E3	90	80	1	-2	-2.510186
492	54.857143	55.000000	G3	63	80	0	3	-4.378151
493	55.142857	55.285714	G3	63	80	0	3	-4.378151
494	55.250000	55.500000	D3	90	80	1	-3	-2.891080
495	55.250000	55.500000	E3	90	80	1	-2	-2.510186
496	55.428571	55.571429	G3	63	80	0	3	-4.378151
497	55.714286	55.857143	G3	63	80	0	3	-4.378151
498	55.857143	56.000000	G3	63	80	0	3	-4.378151
499	56.000000	56.250000	D3	90	80	1	-3	-2.891080
500	56.000000	56.250000	E-3	90	80	1	-2	-3.081523
501	56.142857	56.285714	G3	63	80	0	3	-4.378151
502	56.428571	56.571429	G3	63	80	0	3	-4.378151
503	56.500000	56.750000	D3	90	80	1	-3	-3.281947
504	56.500000	56.750000	E-3	90	80	1	-2	-3.081523
505	56.714286	56.857143	G3	63	80	0	4	-5.516614
506	56.857143	57.000000	G3	63	80	0	5	-5.360328
507	57.000000	57.750000	F#2	99	80	1	-5	-5.049983
508	57.000000	57.250000	D3	90	80	1	-3	-6.486255
509	57.000000	57.250000	E-3	90	80	1	-2	-3.081523
510	57.142857	57.285714	G2	63	80	0	1	-1.922714
511	57.285714	57.428571	G2	63	80	0	3	-5.268790
512	57.428571	57.571429	G2	63	80	0	3	-4.378151
513	57.714286	57.857143	G2	63	80	0	3	-4.378151
514	57.750000	58.000000	D3	90	80	1	-3	-3.281947
515	57.750000	58.000000	E-3	90	80	1	-2	-3.081523
516	57.857143	58.000000	G2	63	80	0	3	-4.378151
517	58.142857	58.285714	G2	63	80	0	3	-4.378151
518	58.250000	58.500000	D3	90	80	1	-3	-3.281947
519	58.250000	58.500000	E-3	90	80	1	-2	-3.081523
520	58.285714	58.428571	G2	63	80	0	3	-4.378151
521	58.428571	58.571429	G2	63	80	0	3	-4.378151
522	58.714286	58.857143	G2	63	80	0	3	-4.378151
523	58.750000	59.000000	D3	90	80	1	-3	-3.281947
524	58.750000	59.000000	E-3	90	80	1	-2	-3.081523
525	58.857143	59.000000	G2	63	80	0	3	-4.378151
526	59.142857	59.285714	G2	63	80	0	3	-4.378151
527	59.285714	59.428571	G2	63	80	0	3	-4.378151
528	59.428571	59.571429	G2	63	80	0	3	-4.378151
529	59.500000	60.500000	F#2	81	80	1	-5	-5.049983
530	59.714286	59.857143	G2	63	80	0	3	-4.378151
531	59.857143	60.000000	G2	63	80	0	3	-4.378151
532	63.000000	63.250000	A-2	63	80	1	-4	-3.907966
533	63.250000	63.500000	C3	63	80	1	-2	-2.871001
534	63.500000	63.750000	A-2	63	80	1	-4	-4.647576
535	63.750000	64.000000	C3	63	80	1	-2	-2.871001
536	64.000000	64.250000	A-2	63	80	1	-4	-4.647576
537	64.250000	64.500000	C3	63	80	1	-2	-2.871001
538	64.750000	65.000000	A-2	63	80	1	-4	-4.647576
539	65.000000	65.250000	C3	63	80	1	-2	-2.871001
540	65.250000	65.500000	A-2	63	80	1	-4	-4.647576
541	65.500000	65.750000	C3	63	80	1	-2	-2.871001
542	65.750000	66.000000	A-2	63	80	1	-4	-4.647576
543	66.000000	66.250000	C3	63	80	1	-2	-2.871001
544	66.500000	66.750000	A-2	63	80	1	-4	-4.647576
545	66.750000	67.000000	C3	63	80	1	-2	-2.871001
546	67.000000	67.250000	A-2	63	80	1	-4	-4.647576
547	67.250000	67.500000	C3	63	80	1	-2	-2.871001
548	67.500000	67.750000	A-2	63	80	1	-4	-4.647576
549	67.750000	68.000000	C3	63	80	1	-2	-2.871001
550	68.250000	71.750000	A2	90	80	1	-4	-3.718276
551	68.250000	71.750000	C3	90	80	1	-2	-2.359478
552	71.750000	77.000000	B2	63	80	1	-3	-2.891080
553	71.750000	72.000000	C3	63	80	1	-2	-2.510186
554	72.250000	72.500000	C3	63	80	1	-2	-3.999177
555	72.750000	73.000000	C3	63	80	1	-2	-3.999177
556	73.500000	73.750000	C3	63	80	1	-2	-3.999177
557	74.000000	74.250000	C3	63	80	1	-2	-3.999177
558	74.500000	74.750000	C3	63	80	1	-2	-3.999177
559	75.250000	75.500000	C3	63	80	1	-2	-3.999177
560	75.750000	76.000000	C3	63	80	1	-2	-3.999177
561	76.250000	76.500000	C3	63	80	1	-1	-4.535716
562	77.000000	77.500000	A2	90	80	1	-2	-3.291596
563	77.000000	77.500000	C3	90	80	1	-1	-2.415329
564	77.500000	78.000000	F2	90	80	1	-4	-3.752799
565	77.500000	78.000000	A2	90	80	1	-2	-2.359478
566	77.500000	78.000000	C3	90	80	1	-1	-2.415329
567	78.000000	78.500000	F2	90	80	1	-4	-3.752799
568	78.000000	78.500000	A2	90	80	1	-2	-2.359478
569	78.000000	78.500000	C3	90	80	1	-1	-2.415329
570	78.750000	79.250000	E2	90	80	1	-5	-3.730225
571	78.750000	79.250000	G#2	90	80	1	-3	-3.351805
572	78.750000	79.250000	C3	90	80	1	-1	-3.390615
573	79.250000	79.750000	E2	90	80	1	-5	-3.730225
574	79.250000	79.750000	G#2	90	80	1	-3	-3.351805
575	79.250000	79.750000	C3	90	80	1	-1	-3.390615
576	79.750000	80.250000	E2	90	80	1	-5	-3.730225
577	79.750000	80.250000	G#2	90	80	1	-3	-3.351805
578	79.750000	80.250000	C3	90	80	1	-1	-3.390615
579	80.500000	81.000000	F2	90	80	1	-4	-3.752799
580	80.500000	81.000000	A2	90	80	1	-2	-2.359478
581	80.500000	81.000000	C3	90	80	1	-1	-2.415329
582	81.000000	81.500000	F2	90	80	1	-4	-3.752799
583	81.000000	81.500000	A2	90	80	1	-2	-2.359478
584	81.000000	81.500000	C3	90	80	1	-1	-2.415329
585	81.500000	82.000000	F2	90	80	1	-4	-3.752799
586	81.500000	82.000000	A2	90	80	1	-2	-2.359478
587	81.500000	82.000000	C3	90	80	1	-1	-2.415329
588	82.250000	82.750000	E2	90	80	1	-5	-3.730225
589	82.250000	82.750000	G#2	90	80	1	-3	-3.351805
590	82.250000	82.750000	C3	90	80	1	-1	-3.390615
591	82.750000	83.250000	E2	90	80	1	-5	-3.730225
592	82.750000	83.250000	G#2	90	80	1	-3	-3.351805
593	82.750000	83.250000	C3	90	80	1	-1	-3.390615
594	83.250000	83.750000	E2	90	80	1	-5	-3.730225
595	83.250000	83.750000	G#2	90	80	1	-3	-3.351805
596	83.250000	83.750000	C3	90	80	1	-1	-3.390615
597	84.000000	84.500000	E-2	90	80	1	-4	-4.497131
598	84.000000	84.500000	G2	90	80	1	-2	-2.871001
599	84.000000	84.500000	C3	90	80	1	-1	-2.320150
600	84.500000	85.000000	E-2	90	80	1	-4	-4.497131
601	84.500000	85.000000	G2	90	80	1	-2	-2.871001
602	84.500000	85.000000	C3	90	80	1	-1	-2.320150
603	85.000000	85.500000	E-2	90	80	1	-4	-4.497131
604	85.000000	85.500000	G2	90	80	1	-2	-2.871001
605	85.000000	85.500000	C3	90	80	1	-1	-2.320150
606	85.750000	86.250000	D2	90	80	1	-5	-3.181034
607	85.750000	86.250000	F2	90	80	1	-3	-3.170876
608	85.750000	86.250000	B2	90	80	1	-1	-2.717521
609	86.250000	86.750000	D2	90	80	1	-4	-4.458307
610	86.250000	86.750000	F2	90	80	1	-2	-2.359478
611	86.250000	86.750000	B2	90	80	1	-1	-2.320150
612	86.750000	87.250000	D2	90	80	1	-4	-4.458307
613	86.750000	87.250000	F2	90	80	1	-2	-2.359478
614	86.750000	87.250000	B2	90	80	1	-1	-2.320150
615	87.500000	88.000000	D-2	90	80	1	-5	-4.114892
616	87.500000	88.000000	E2	90	80	1	-4	-4.523458
617	87.500000	88.000000	A2	90	80	1	-2	-2.507290
618	87.500000	88.000000	B-2	90	80	1	-1	-4.284379
619	88.000000	88.500000	D-2	90	80	1	-5	-3.730225
620	88.000000	88.500000	E2	90	80	1	-4	-4.523458
621	88.000000	88.500000	A2	90	80	1	-2	-2.507290
622	88.000000	88.500000	B-2	90	80	1	-1	-4.284379
623	88.500000	89.000000	D-2	90	80	1	-5	-3.730225
624	88.500000	89.000000	E2	90	80	1	-4	-4.523458
625	88.500000	89.000000	A2	90	80	1	-2	-2.507290
626	88.500000	89.000000	B-2	90	80	1	-1	-4.284379
627	89.250000	89.750000	D-2	90	80	1	-5	-3.730225
628	89.250000	89.750000	E2	90	80	1	-4	-4.523458
629	89.250000	89.750000	A2	90	80	1	-2	-2.507290
630	89.250000	89.750000	B-2	90	80	1	-1	-4.284379
631	89.750000	90.250000	D-2	90	80	1	-5	-3.730225
632	89.750000	90.250000	E2	90	80	1	-4	-4.523458
633	89.750000	90.250000	A2	90	80	1	-2	-2.507290
634	89.750000	90.250000	B-2	90	80	1	-1	-4.284379
635	90.250000	90.750000	D-2	90	80	1	-5	-3.730225
636	90.250000	90.750000	E2	90	80	1	-4	-4.523458
637	90.250000	90.750000	A2	90	80	1	-2	-2.507290
638	90.250000	90.750000	B-2	90	80	1	-1	-4.284379
639	91.000000	91.500000	D2	90	80	1	-5	-5.060396
640	91.000000	91.500000	E2	90	80	1	-4	-3.907966
641	91.000000	91.500000	A2	90	80	1	-2	-2.507290
642	91.000000	91.500000	B2	90	80	1	-1	-2.578439
643	91.500000	92.000000	D2	90	80	1	-5	-3.730225
644	91.500000	92.000000	E2	90	80	1	-4	-3.907966
645	91.500000	92.000000	A2	90	80	1	-2	-2.507290
646	91.500000	92.000000	B2	90	80	1	-1	-2.578439
647	92.000000	92.500000	D2	90	80	1	-5	-3.730225
648	92.000000	92.500000	E2	90	80	1	-4	-3.907966
649	92.000000	92.500000	A2	90	80	1	-2	-2.507290
650	92.000000	92.500000	B2	90	80	1	-1	-2.578439
651	92.750000	93.250000	D2	90	80	1	-5	-3.730225
652	92.750000	93.250000	E2	90	80	1	-4	-3.907966
653	92.750000	93.250000	A2	90	80	1	-2	-2.507290
654	92.750000	93.250000	B2	90	80	1	-1	-2.578439
655	93.250000	93.750000	D2	90	80	1	-5	-3.730225
656	93.250000	93.750000	E2	90	80	1	-4	-3.907966
657	93.250000	93.750000	A2	90	80	1	-2	-2.507290
658	93.250000	93.750000	B2	90	80	1	-1	-2.578439
659	93.750000	94.250000	D2	90	80	1	-5	-3.730225
660	93.750000	94.250000	E2	90	80	1	-4	-3.907966
661	93.750000	94.250000	A2	90	80	1	-2	-2.507290
662	93.750000	94.250000	B2	90	80	1	-1	-2.578439
663	94.500000	95.000000	C2	90	80	1	-5	-3.181034
664	94.500000	95.000000	G2	90	80	1	-2	-2.554480
665	95.000000	95.250000	C2	90	80	1	-5	-3.155341
666	95.000000	95.250000	G2	90	80	1	-2	-2.554480
667	95.500000	95.750000	C2	90	80	1	-5	-3.155341
668	95.500000	95.750000	G2	90	80	1	-2	-2.554480
669	96.250000	96.750000	C2	90	80	1	-5	-3.155341
670	96.250000	96.750000	G2	90	80	1	-2	-2.554480
671	96.750000	97.000000	C2	90	80	1	-5	-3.155341
672	96.750000	97.000000	G2	90	80	1	-2	-2.554480
673	97.250000	97.500000	C2	90	80	1	-5	-3.155341
674	97.250000	97.500000	G2	90	80	1	-2	-2.554480
675	98.000000	98.500000	C2	90	80	1	-5	-3.155341
676	98.000000	98.500000	G2	90	80	1	-2	-2.554480
677	98.500000	98.750000	C2	90	80	1	-5	-3.155341
678	98.500000	98.750000	G2	90	80	1	-2	-2.554480
679	99.000000	99.250000	C2	90	80	1	-5	-3.155341
680	99.000000	99.250000	G2	90	80	1	-2	-2.554480
681	99.750000	100.000000	C2	90	80	1	-5	-3.155341
682	99.750000	100.000000	G2	90	80	1	-2	-2.554480
683	100.750000	101.000000	C2	90	80	1	-5	-3.155341
684	100.750000	101.000000	G2	90	80	1	-2	-2.554480
685	101.500000	101.750000	C2	90	80	1	-5	-3.155341
686	101.500000	101.750000	G2	90	80	1	-2	-2.554480
687	102.500000	102.750000	C2	90	80	1	-5	-3.155341
688	102.500000	102.750000	G2	90	80	1	-2	-2.554480
689	103.250000	103.500000	C2	90	80	1	-5	-3.155341
690	103.250000	103.500000	G2	90	80	1	-2	-2.554480
691	104.250000	104.500000	C2	90	80	1	-5	-3.155341
692	104.250000	104.500000	G2	90	80	1	-2	-2.554480
693	105.000000	105.500000	C2	90	80	1	-5	-3.155341
694	105.000000	105.500000	G2	90	80	1	-2	-2.554480
695	106.000000	106.500000	C2	90	80	1	-5	-3.155341
696	106.000000	106.500000	G2	90	80	1	-2	-2.554480
697	106.750000	107.250000	C2	90	80	1	-5	-3.155341
698	106.750000	107.250000	G2	90	80	1	-2	-2.554480
699	107.750000	108.250000	C2	90	80	1	-5	-3.155341
700	107.750000	108.250000	G2	90	80	1	-2	-2.554480
701	108.500000	109.000000	C2	45	80	1	-5	-3.155341
702	110.250000	110.750000	C2	45	80	1	-5	-4.242005
