//Version: PianoFingering_v170101
1	0.000000	0.150000	B4	90	80	0	1	-0.925785
2	0.000000	0.500000	E4	90	80	1	-5	-0.504576
3	0.000000	0.500000	G#4	90	80	1	-3	-3.351805
4	0.150000	0.300000	C#5	90	80	0	2	-3.246278
5	0.300000	0.450000	D5	90	80	0	3	-3.686981
6	0.450000	0.600000	E5	90	80	0	4	-2.883688
7	0.500000	1.250000	E4	90	80	1	-5	-3.859206
8	0.500000	1.250000	A#4	90	80	1	-2	-5.232676
9	0.600000	0.750000	C#5	90	80	0	2	-4.090178
10	0.750000	0.900000	B4	90	80	0	1	-3.360143
11	0.900000	1.050000	C#5	90	80	0	2	-3.246278
12	1.050000	1.200000	D5	90	80	0	3	-3.686981
13	1.200000	1.350000	E5	90	80	0	4	-2.883688
14	1.250000	1.750000	E4	90	80	1	-5	-5.017302
15	1.250000	1.750000	G#4	90	80	1	-3	-3.351805
16	1.350000	1.500000	C#5	90	80	0	2	-4.090178
17	1.500000	1.650000	B4	90	80	0	1	-3.360143
18	1.650000	1.800000	C#5	90	80	0	2	-3.246278
19	1.750000	2.500000	E4	90	80	1	-5	-3.859206
20	1.750000	2.500000	A#4	90	80	1	-2	-5.232676
21	1.800000	1.950000	D5	90	80	0	3	-3.686981
22	1.950000	2.100000	E5	90	80	0	4	-2.883688
23	2.100000	2.250000	C#5	90	80	0	2	-4.090178
24	2.250000	2.550000	B4	90	80	0	1	-3.360143
25	2.500000	3.000000	E4	90	80	1	-5	-5.017302
26	2.500000	3.000000	G#4	90	80	1	-3	-3.351805
27	2.550000	2.850000	D#6	90	80	0	5	-7.112706
28	2.550000	2.850000	E6	90	80	0	5	-7.617231
29	3.000000	3.300000	E5	126	80	0	1	-1.922714
30	3.000000	3.300000	E5	126	80	0	3	-5.268790
31	3.000000	3.750000	E4	90	80	1	-5	-3.859206
32	3.000000	3.750000	A#4	90	80	1	-2	-5.232676
33	3.300000	6.000000	E5	126	80	0	3	-4.378151
34	3.300000	3.750000	E5	126	80	0	4	-5.516614
35	3.750000	4.050000	D5	126	80	0	3	-2.238713
36	3.750000	4.250000	E4	90	80	1	-5	-5.017302
37	3.750000	4.250000	G#4	90	80	1	-3	-3.351805
38	4.050000	4.500000	B4	126	80	0	2	-3.674662
39	4.250000	4.750000	E3	90	80	1	-5	-6.793818
40	4.500000	4.800000	A4	126	80	0	1	-2.609267
41	4.800000	4.950000	B4	126	80	0	2	-2.867384
42	5.100000	5.400000	C#5	126	80	0	3	-3.409656
43	5.400000	5.700000	D5	126	80	0	4	-3.868143
44	5.500000	9.750000	E4	90	80	1	-1	-1.202832
45	5.500000	6.250000	E4	90	80	1	-1	-4.426668
46	5.700000	6.150000	B4	126	80	0	2	-3.359779
47	6.150000	6.450000	E5	126	80	0	4	-2.909306
48	6.250000	6.750000	D4	90	80	1	-2	-2.745489
49	6.450000	9.150000	F#5	126	80	0	5	-4.070264
50	6.450000	6.900000	F#5	126	80	0	5	-4.495609
51	6.750000	7.500000	B3	90	80	1	-3	-4.063676
52	6.900000	7.200000	D5	126	80	0	3	-4.396088
53	7.200000	7.650000	B4	126	80	0	2	-3.674662
54	7.500000	8.000000	A3	90	80	1	-4	-3.061136
55	7.650000	7.950000	A4	126	80	0	1	-2.609267
56	7.950000	8.100000	B4	126	80	0	2	-2.867384
57	8.000000	8.250000	B3	90	80	1	-3	-2.915060
58	8.250000	8.550000	C#5	126	80	0	3	-3.409656
59	8.250000	8.750000	C#4	90	80	1	-2	-3.407298
60	8.550000	8.850000	D5	126	80	0	4	-3.868143
61	8.750000	9.250000	D4	90	80	1	-1	-3.404249
62	8.850000	9.300000	B4	126	80	0	2	-3.359779
63	9.250000	10.000000	B3	90	80	1	-3	-4.276897
64	9.300000	11.550000	G5	126	80	0	5	-3.767315
65	9.300000	9.600000	G5	126	80	0	5	-4.495609
66	9.600000	10.050000	E5	126	80	0	3	-3.509161
67	10.050000	10.350000	D5	126	80	0	2	-2.287533
68	10.350000	10.800000	B4	126	80	0	1	-3.157580
69	10.500000	14.750000	F#4	90	80	1	-1	-4.707497
70	10.500000	11.250000	F#4	90	80	1	-1	-4.426668
71	10.800000	11.100000	C#5	126	80	0	2	-3.246278
72	11.100000	11.250000	D5	126	80	0	3	-3.686981
73	11.250000	11.550000	E5	126	80	0	4	-2.883688
74	11.250000	11.750000	D4	90	80	1	-2	-4.597368
75	11.550000	12.300000	F#5	126	80	0	5	-4.070264
76	11.550000	11.850000	F#5	126	80	0	5	-4.495609
77	11.750000	12.500000	B3	90	80	1	-4	-3.718276
78	11.850000	12.300000	D#5	126	80	0	3	-3.509161
79	12.300000	19.350000	E5	126	80	0	4	-3.868143
80	12.300000	12.600000	E5	126	80	0	4	-4.784491
81	12.500000	13.000000	A3	90	80	1	-5	-3.249332
82	12.750000	12.900000	D5	126	80	0	3	-2.238713
83	12.900000	13.200000	C#5	126	80	0	2	-3.151465
84	13.000000	13.250000	B3	90	80	1	-4	-3.907966
85	13.200000	13.500000	D5	126	80	0	3	-3.686981
86	13.250000	13.750000	C#4	90	80	1	-3	-3.762277
87	13.500000	13.950000	A4	126	80	0	1	-2.905888
88	13.750000	14.250000	D4	90	80	1	-2	-3.642491
89	14.250000	15.000000	B3	90	80	1	-4	-3.718276
90	15.000000	18.750000	G4	90	80	1	-1	-3.451917
91	15.000000	15.500000	G4	90	80	1	-1	-4.426668
92	15.500000	16.250000	E4	90	80	1	-2	-3.291596
93	16.250000	16.750000	D4	90	80	1	-3	-2.891080
94	16.750000	17.500000	B3	90	80	1	-5	-3.990113
95	16.950000	17.100000	B3	126	80	0	1	-7.004864
96	17.100000	17.250000	C#4	126	80	0	2	-3.246278
97	17.250000	17.400000	D4	126	80	0	3	-3.686981
98	17.400000	17.550000	E4	126	80	0	4	-2.883688
99	17.500000	18.000000	C#4	90	80	1	-4	-4.807638
100	17.550000	17.700000	C#4	126	80	0	2	-4.090178
101	17.700000	17.850000	F4	126	80	0	4	-3.927704
102	17.850000	18.000000	E4	126	80	0	3	-2.238713
103	18.000000	18.150000	D4	126	80	0	2	-2.287533
104	18.000000	18.250000	D4	90	80	1	-3	-4.267903
105	18.150000	18.300000	E4	126	80	0	3	-2.675961
106	18.250000	18.750000	E4	90	80	1	-2	-2.510186
107	18.300000	18.450000	C#4	126	80	0	2	-3.032881
108	18.450000	18.600000	B3	126	80	0	1	-3.360143
109	18.600000	18.750000	C#4	126	80	0	2	-3.246278
110	18.750000	18.900000	D4	126	80	0	3	-3.686981
111	18.750000	20.000000	F#4	90	80	1	-1	-3.101885
112	18.750000	19.250000	F#4	90	80	1	-1	-4.426668
113	18.900000	19.050000	E4	126	80	0	4	-2.883688
114	19.050000	19.200000	C#4	126	80	0	2	-4.090178
115	19.200000	19.350000	G4	126	80	0	4	-5.030376
116	19.250000	20.000000	D#4	90	80	1	-2	-3.291596
117	19.350000	19.500000	E4	126	80	0	2	-3.359779
118	19.500000	19.650000	D4	126	80	0	1	-2.609267
119	19.650000	19.800000	E4	126	80	0	2	-2.867384
120	19.800000	19.950000	C#4	126	80	0	1	-3.967913
121	19.950000	20.100000	B-4	99	80	0	4	-4.268071
122	20.000000	20.500000	E4	90	80	1	-1	-3.404249
123	20.000000	20.500000	E4	90	80	1	-1	-4.426668
124	20.100000	20.250000	A4	99	80	0	3	-3.302559
125	20.250000	20.400000	D-5	99	80	0	5	-3.549127
126	20.400000	20.550000	A-4	99	80	0	3	-3.854029
127	20.500000	20.750000	D4	90	80	1	-2	-2.745489
128	20.500000	22.250000	E4	90	80	1	-1	-2.578439
129	20.550000	20.700000	G-4	99	80	0	2	-2.287533
130	20.700000	20.850000	A-4	99	80	0	3	-2.675961
131	20.750000	21.250000	C#4	90	80	1	-2	-3.299403
132	20.850000	21.000000	G4	99	80	0	2	-2.803601
133	21.000000	21.150000	B4	99	80	0	4	-2.758588
134	21.150000	21.300000	F#4	99	80	0	2	-3.901124
135	21.250000	21.750000	D4	90	80	1	-1	-3.404249
136	21.300000	21.450000	E4	99	80	0	1	-3.360143
137	21.450000	21.600000	F#4	99	80	0	2	-3.246278
138	21.600000	21.750000	F4	99	80	0	1	-3.290753
139	21.750000	21.900000	A4	99	80	0	2	-2.525967
140	21.750000	22.500000	A3	90	80	1	-2	-3.456527
141	21.900000	22.050000	E4	99	80	0	1	-3.434905
142	22.050000	22.200000	D4	99	80	0	2	-4.891425
143	22.200000	22.350000	E4	99	80	0	3	-2.675961
144	22.350000	22.500000	E-4	99	80	0	2	-3.151465
145	22.500000	22.650000	A-4	99	80	0	5	-3.228870
146	22.500000	23.000000	E3	90	80	1	-5	-3.713619
147	22.500000	23.000000	B3	90	80	1	-2	-2.554480
148	22.650000	22.800000	D4	99	80	0	2	-4.646957
149	22.800000	22.950000	C4	99	80	0	1	-2.609267
150	23.000000	23.750000	E3	90	80	1	-5	-3.155341
151	23.000000	23.750000	B3	90	80	1	-2	-2.554480
152	23.250000	25.950000	G4	99	80	0	2	-3.928858
153	23.700000	24.000000	A4	99	80	0	3	-2.675961
154	23.750000	24.250000	E3	90	80	1	-5	-3.155341
155	23.750000	24.250000	B3	90	80	1	-2	-2.554480
156	24.000000	24.450000	C5	99	80	0	4	-4.820507
157	24.250000	25.000000	E3	90	80	1	-5	-3.155341
158	24.250000	25.000000	B3	90	80	1	-2	-2.554480
159	24.450000	24.750000	D5	99	80	0	5	-2.706622
160	24.750000	24.900000	C5	99	80	0	4	-2.814339
161	24.900000	25.200000	B4	99	80	0	3	-2.238713
162	25.000000	25.500000	E3	90	80	1	-5	-3.155341
163	25.000000	25.500000	B3	90	80	1	-2	-2.554480
164	25.200000	25.500000	A4	99	80	0	2	-2.287533
165	25.500000	25.950000	C5	99	80	0	4	-2.758588
166	25.500000	26.250000	E3	90	80	1	-5	-3.155341
167	25.500000	26.250000	B3	90	80	1	-2	-2.554480
168	25.950000	26.250000	G4	99	80	0	2	-3.266530
169	26.250000	28.950000	F4	99	80	0	1	-2.609267
170	26.250000	26.750000	E3	90	80	1	-5	-3.155341
171	26.250000	26.750000	B3	90	80	1	-2	-2.554480
172	26.700000	27.000000	A4	99	80	0	2	-2.525967
173	26.750000	27.500000	E3	90	80	1	-5	-3.155341
174	26.750000	27.500000	B3	90	80	1	-2	-2.554480
175	27.000000	27.450000	C5	99	80	0	4	-2.758588
176	27.450000	27.750000	D5	99	80	0	5	-2.706622
177	27.500000	28.000000	E3	90	80	1	-5	-3.155341
178	27.500000	28.000000	G#3	90	80	1	-3	-3.351805
179	27.750000	27.900000	C5	99	80	0	4	-2.814339
180	27.900000	28.200000	B4	99	80	0	3	-2.238713
181	28.000000	28.750000	E3	90	80	1	-5	-3.859206
182	28.000000	28.750000	A#3	90	80	1	-2	-5.232676
183	28.200000	28.500000	A4	99	80	0	2	-2.287533
184	28.500000	28.950000	C5	99	80	0	4	-2.758588
185	28.750000	29.250000	E3	90	80	1	-5	-5.017302
186	28.750000	29.250000	B3	90	80	1	-2	-2.554480
187	28.950000	31.200000	E4	99	80	0	1	-2.969918
188	29.250000	29.700000	G4	99	80	0	2	-2.525967
189	29.250000	30.000000	E3	90	80	1	-5	-3.155341
190	29.250000	30.000000	A#3	90	80	1	-2	-5.232676
191	29.700000	30.000000	A4	99	80	0	3	-2.675961
192	30.000000	30.450000	C5	99	80	0	5	-2.681011
193	30.000000	30.500000	E3	90	80	1	-5	-5.017302
194	30.000000	30.500000	G#3	90	80	1	-3	-3.351805
195	30.450000	30.750000	B4	99	80	0	4	-2.814339
196	30.500000	31.250000	E3	90	80	1	-5	-3.859206
197	30.500000	31.250000	A#3	90	80	1	-2	-5.232676
198	30.750000	30.900000	A4	99	80	0	3	-2.238713
199	30.900000	31.200000	G4	99	80	0	2	-2.287533
200	31.200000	31.950000	D4	99	80	0	1	-3.434905
201	31.250000	31.750000	E3	90	80	1	-5	-5.017302
202	31.250000	31.750000	B3	90	80	1	-2	-2.554480
203	31.500000	31.950000	A4	99	80	0	2	-3.928858
204	31.750000	32.500000	E3	90	80	1	-5	-3.155341
205	31.750000	32.500000	A#3	90	80	1	-2	-5.232676
206	31.950000	33.450000	G4	99	80	0	1	-2.609267
207	32.250000	32.400000	A4	99	80	0	2	-2.867384
208	32.400000	32.700000	B-4	99	80	0	3	-3.190537
209	32.500000	33.000000	E3	90	80	1	-5	-5.017302
210	32.500000	33.000000	C#4	90	80	1	-1	-5.043358
211	32.700000	33.000000	A4	99	80	0	2	-2.803601
212	33.000000	33.450000	D5	99	80	0	4	-2.909306
213	33.000000	33.750000	E-3	90	80	1	-5	-3.181034
214	33.000000	33.750000	C4	90	80	1	-1	-5.006981
215	33.450000	34.500000	C#5	126	80	0	3	-3.226506
216	33.750000	34.250000	D3	90	80	1	-5	-3.181034
217	33.750000	34.250000	B3	90	80	1	-1	-4.009362
218	34.200000	34.500000	G#4	126	80	0	1	-2.905888
219	34.200000	36.450000	C#5	126	80	0	2	-2.963617
220	34.250000	35.000000	D-3	90	80	1	-4	-4.497131
221	34.250000	35.000000	B-3	90	80	1	-1	-3.451917
222	35.000000	35.500000	C3	90	80	1	-5	-4.087479
223	35.000000	35.500000	A3	90	80	1	-1	-4.009362
224	35.500000	36.250000	B2	90	80	1	-5	-3.181034
225	35.500000	36.250000	A-3	90	80	1	-1	-5.043358
226	35.700000	35.850000	C#5	63	80	0	2	-4.554564
227	35.850000	36.000000	D5	63	80	0	3	-3.686981
228	36.000000	36.150000	D#5	63	80	0	4	-4.152325
229	36.150000	36.300000	E5	63	80	0	5	-3.684684
230	36.250000	36.750000	A2	90	80	1	-5	-4.598096
231	36.250000	36.750000	F3	90	80	1	-1	-4.009362
232	36.300000	36.450000	D5	63	80	0	4	-2.814339
233	36.450000	36.600000	F5	63	80	0	5	-3.402079
234	36.600000	36.750000	E5	63	80	0	4	-2.814339
235	36.750000	36.900000	D#5	63	80	0	3	-3.226506
236	36.750000	37.500000	A#2	90	80	1	-4	-4.339145
237	36.750000	37.500000	F#3	90	80	1	-1	-3.451917
238	36.900000	37.050000	E5	63	80	0	4	-3.868143
239	37.050000	37.200000	D5	63	80	0	3	-2.238713
240	37.200000	37.350000	C#5	63	80	0	2	-3.151465
241	37.350000	37.500000	D5	63	80	0	1	-4.072488
242	37.500000	37.650000	D#5	63	80	0	2	-3.900292
243	37.500000	38.000000	G2	126	80	1	-5	-4.598096
244	37.650000	37.800000	E#5	63	80	0	3	-3.265372
245	37.800000	37.950000	E5	63	80	0	2	-2.287533
246	37.950000	38.100000	F#5	63	80	0	4	-4.064995
247	38.000000	42.500000	G3	126	80	1	-1	-1.202832
248	38.000000	38.750000	G3	126	80	1	-1	-4.426668
249	38.100000	38.250000	E#5	63	80	0	3	-3.302559
250	38.250000	38.400000	E5	63	80	0	2	-2.287533
251	38.400000	38.550000	E#5	63	80	0	3	-2.675961
252	38.550000	38.700000	D#5	63	80	0	2	-3.032881
253	38.700000	38.850000	D5	63	80	0	1	-3.290753
254	38.750000	39.250000	F3	126	80	1	-2	-2.745489
255	38.850000	39.000000	C#5	63	80	0	2	-4.284147
256	39.000000	39.150000	B4	63	80	0	1	-3.360143
257	39.150000	39.300000	B#4	63	80	0	4	-5.307440
258	39.250000	40.000000	D3	126	80	1	-3	-4.063676
259	39.300000	39.450000	A#4	63	80	0	3	-3.510496
260	39.450000	39.600000	G#4	63	80	0	2	-2.287533
261	39.600000	39.750000	G4	63	80	0	1	-3.290753
262	39.750000	39.900000	F#4	63	80	0	3	-4.859211
263	39.900000	40.050000	G4	63	80	0	4	-3.868143
264	40.000000	40.500000	G2	126	80	1	-5	-3.785580
265	40.050000	40.200000	F4	63	80	0	3	-2.238713
266	40.500000	40.750000	D3	126	80	1	-3	-3.416097
267	40.650000	40.800000	A3	63	80	0	1	-4.393458
268	40.750000	41.250000	E3	126	80	1	-2	-2.510186
269	40.800000	40.950000	B3	63	80	0	2	-2.867384
270	40.950000	41.100000	C4	63	80	0	3	-2.675961
271	41.100000	41.250000	B-3	63	80	0	2	-3.032881
272	41.250000	41.400000	C#4	63	80	0	3	-3.012122
273	41.250000	41.750000	F3	126	80	1	-1	-2.578439
274	41.400000	41.550000	B3	63	80	0	1	-3.984578
275	41.550000	41.700000	D4	63	80	0	2	-2.525967
276	41.700000	41.850000	E-4	63	80	0	3	-3.190537
277	41.750000	42.500000	D3	126	80	1	-2	-3.291596
278	41.850000	42.000000	C4	63	80	0	1	-3.984578
279	42.000000	42.150000	E4	63	80	0	2	-2.525967
280	42.150000	42.300000	C#4	63	80	0	1	-3.967913
281	42.300000	42.450000	F4	63	80	0	2	-3.465862
282	42.450000	42.600000	F#4	63	80	0	3	-3.190537
283	42.500000	43.000000	G3	126	80	1	-1	-2.320150
284	42.600000	42.750000	D4	63	80	0	1	-3.996553
285	42.750000	42.900000	G4	63	80	0	2	-2.963617
286	42.900000	43.050000	E-4	63	80	0	1	-3.898407
287	43.000000	47.500000	A3	126	80	1	-2	-5.429322
288	43.000000	43.750000	A3	126	80	1	-2	-3.999177
289	43.050000	43.200000	G#4	63	80	0	2	-2.963617
290	43.200000	43.500000	A4	63	80	0	3	-3.686981
291	43.200000	43.500000	A4	63	80	0	3	-4.378151
292	43.500000	44.250000	A4	126	80	0	3	-4.378151
293	43.500000	43.950000	A4	126	80	0	4	-5.516614
294	43.750000	44.250000	F3	126	80	1	-4	-3.718276
295	43.950000	44.250000	G4	126	80	0	3	-2.238713
296	44.250000	44.550000	F#4	126	80	0	2	-3.151465
297	44.250000	45.000000	A4	126	80	0	4	-3.580467
298	44.250000	45.000000	D3	126	80	1	-1	-5.372527
299	44.550000	44.700000	E4	126	80	0	2	-3.266530
300	44.700000	45.000000	D4	126	80	0	1	-2.609267
301	45.000000	45.150000	E4	126	80	0	2	-2.867384
302	45.000000	46.200000	A4	126	80	0	4	-2.909306
303	45.000000	45.500000	F2	126	80	1	-5	-3.730225
304	45.300000	45.600000	F#4	126	80	0	3	-3.510496
305	45.500000	45.750000	D3	126	80	1	-1	-4.009362
306	45.600000	45.900000	G4	126	80	0	4	-3.868143
307	45.750000	46.250000	E3	126	80	1	-3	-4.611792
308	45.900000	46.200000	E4	126	80	0	2	-3.359779
309	46.250000	46.750000	F3	126	80	1	-2	-2.510186
310	46.350000	46.650000	A4	126	80	0	4	-2.909306
311	46.650000	47.400000	B4	126	80	0	5	-2.706622
312	46.650000	46.950000	B4	126	80	0	5	-4.495609
313	46.750000	47.500000	D3	126	80	1	-4	-3.718276
314	47.100000	47.400000	G4	126	80	0	4	-4.387405
315	47.400000	47.700000	F#4	126	80	0	3	-3.226506
316	47.400000	48.150000	B4	126	80	0	5	-3.340065
317	47.500000	51.250000	B3	126	80	1	-1	-3.451917
318	47.500000	48.000000	B3	126	80	1	-1	-4.426668
319	47.700000	47.850000	E4	126	80	0	2	-3.263552
320	47.850000	48.150000	D4	126	80	0	1	-2.609267
321	48.000000	48.750000	G3	126	80	1	-2	-3.291596
322	48.150000	48.300000	E4	126	80	0	2	-2.867384
323	48.150000	49.350000	B4	126	80	0	5	-3.528229
324	48.450000	48.750000	F#4	126	80	0	2	-4.555079
325	48.750000	49.050000	G4	126	80	0	3	-3.686981
326	48.750000	49.250000	F3	126	80	1	-3	-2.891080
327	49.050000	49.500000	E4	126	80	0	1	-3.281335
328	49.250000	50.000000	D3	126	80	1	-1	-6.083116
329	49.500000	49.800000	C5	126	80	0	5	-3.707830
330	49.500000	49.800000	C5	126	80	0	5	-4.495609
331	49.800000	49.950000	B4	126	80	0	4	-2.814339
332	49.800000	50.550000	C5	126	80	0	5	-2.706622
333	49.950000	50.250000	A4	126	80	0	4	-4.387405
334	50.000000	50.500000	E2	126	80	1	-5	-3.181034
335	50.250000	50.550000	G4	126	80	0	3	-2.238713
336	50.500000	50.750000	F3	126	80	1	-1	-6.179498
337	50.550000	50.850000	F#4	126	80	0	2	-3.151465
338	50.550000	51.300000	C5	126	80	0	5	-4.764150
339	50.750000	51.250000	G3	126	80	1	-3	-4.611792
340	50.850000	51.000000	E4	126	80	0	1	-2.845304
341	51.000000	51.300000	F#4	126	80	0	2	-3.246278
342	51.250000	51.750000	G#3	126	80	1	-2	-3.081523
343	51.250000	52.500000	C4	126	80	1	-1	-3.262923
344	51.300000	51.450000	G4	126	80	0	1	-4.072488
345	51.300000	51.750000	C5	126	80	0	3	-3.401091
346	51.450000	51.750000	A4	126	80	0	2	-3.674662
347	51.750000	52.050000	B4	126	80	0	3	-2.675961
348	51.750000	52.050000	B4	126	80	0	3	-4.378151
349	51.750000	52.500000	A3	126	80	1	-2	-3.291596
350	52.050000	52.500000	G#4	126	80	0	2	-3.032881
351	52.050000	52.500000	B4	126	80	0	4	-3.580467
352	52.500000	52.800000	A4	126	80	0	3	-2.238713
353	52.500000	52.800000	A4	126	80	0	3	-4.378151
354	52.800000	52.950000	G4	126	80	0	2	-2.287533
355	52.800000	53.400000	A4	126	80	0	3	-2.675961
356	52.950000	53.250000	F#4	126	80	0	2	-3.032881
357	53.250000	53.550000	G4	126	80	0	3	-3.686981
358	53.550000	54.000000	D4	126	80	0	1	-2.905888
359	53.550000	54.600000	A4	126	80	0	4	-4.054949
360	53.750000	55.000000	F#2	126	80	1	-5	-6.177855
361	54.000000	54.600000	E4	126	80	0	2	-3.266530
362	54.250000	54.500000	G2	126	80	1	-4	-5.624397
363	54.500000	55.000000	A2	126	80	1	-1	-4.652270
364	54.750000	55.050000	D4	126	80	0	1	-2.609267
365	54.750000	55.950000	A4	126	80	0	3	-3.751952
366	55.000000	55.500000	E#2	126	80	1	-2	-3.291596
367	55.000000	55.500000	B2	126	80	1	-1	-2.320150
368	55.050000	55.500000	G4	126	80	0	2	-2.287533
369	55.500000	56.100000	E4	126	80	0	1	-3.157580
370	55.500000	56.250000	E#2	126	80	1	-2	-3.456527
371	55.500000	56.250000	B2	126	80	1	-1	-2.320150
372	56.250000	56.550000	G5	126	80	0	4	-6.950685
373	56.250000	57.600000	A5	126	80	0	5	-2.706622
374	56.250000	56.750000	E#2	126	80	1	-2	-3.456527
375	56.250000	56.750000	B2	126	80	1	-1	-2.320150
376	56.550000	57.000000	D5	126	80	0	4	-7.155402
377	56.750000	57.500000	E#2	126	80	1	-2	-3.456527
378	56.750000	57.500000	B2	126	80	1	-1	-2.320150
379	57.000000	57.600000	E5	126	80	0	5	-2.706622
380	57.500000	58.000000	E#2	126	80	1	-2	-3.456527
381	57.500000	58.000000	B2	126	80	1	-1	-2.320150
382	57.750000	58.500000	G4	126	80	0	2	-4.028221
383	58.000000	58.750000	E#2	126	80	1	-2	-3.456527
384	58.000000	58.750000	B2	126	80	1	-1	-2.320150
385	58.500000	59.100000	D4	126	80	0	1	-3.434905
386	58.750000	59.250000	E#2	126	80	1	-4	-4.223116
387	58.750000	59.250000	B2	126	80	1	-2	-2.507290
388	59.250000	59.400000	E4	126	80	0	2	-2.867384
389	59.250000	60.000000	E#2	126	80	1	-5	-3.713619
390	59.250000	60.000000	B2	126	80	1	-5	-5.427640
391	59.400000	59.550000	F#4	126	80	0	3	-3.409656
392	59.550000	59.700000	G4	126	80	0	4	-3.868143
393	59.700000	59.850000	A4	126	80	0	5	-2.706622
394	59.850000	60.000000	F#4	126	80	0	3	-4.229469
395	60.000000	60.150000	E4	126	80	0	1	-3.984578
396	60.000000	60.500000	C#4	90	80	1	-2	-6.485069
397	60.000000	60.500000	G#4	90	80	1	-1	-4.047397
398	60.150000	60.300000	F#4	126	80	0	2	-3.246278
399	60.300000	60.450000	G4	126	80	0	3	-3.686981
400	60.450000	60.600000	A4	126	80	0	4	-2.883688
401	60.500000	61.250000	B#3	90	80	1	-4	-5.233707
402	60.500000	61.250000	A4	90	80	1	-1	-3.451917
403	60.600000	60.750000	F#4	126	80	0	2	-4.090178
404	60.750000	60.900000	E4	126	80	0	1	-3.360143
405	60.900000	61.050000	F#4	126	80	0	2	-3.246278
406	61.050000	61.200000	G4	126	80	0	3	-3.686981
407	61.200000	61.350000	A4	126	80	0	4	-2.883688
408	61.250000	61.750000	C#4	90	80	1	-5	-4.332318
409	61.250000	61.750000	G#4	90	80	1	-2	-2.554480
410	61.350000	61.500000	F#4	126	80	0	2	-4.090178
411	61.500000	61.650000	B-4	126	80	0	4	-2.758588
412	61.650000	61.800000	A4	126	80	0	3	-3.302559
413	61.750000	62.500000	B#3	90	80	1	-5	-4.626444
414	61.750000	62.500000	A4	90	80	1	-1	-4.009362
415	61.800000	61.950000	G4	126	80	0	2	-2.287533
416	61.950000	62.100000	A4	126	80	0	3	-2.675961
417	62.100000	62.250000	F#4	126	80	0	2	-3.032881
418	62.250000	62.400000	E4	126	80	0	1	-3.360143
419	62.400000	62.550000	F#4	126	80	0	2	-3.246278
420	62.500000	63.000000	B3	90	80	1	-5	-3.181034
421	62.500000	63.000000	A#4	90	80	1	-1	-5.964413
422	62.550000	62.700000	G4	126	80	0	3	-3.686981
423	62.700000	62.850000	A4	126	80	0	4	-2.883688
424	62.850000	63.000000	F#4	126	80	0	2	-4.090178
425	63.000000	63.150000	C5	126	80	0	5	-4.764150
426	63.000000	63.500000	B#3	90	80	1	-5	-4.087479
427	63.000000	63.500000	A4	90	80	1	-1	-4.009362
428	63.150000	63.300000	A4	126	80	0	3	-3.509161
429	63.300000	63.450000	G4	126	80	0	2	-2.287533
430	63.450000	63.600000	A4	126	80	0	3	-2.675961
431	63.600000	63.750000	F#4	126	80	0	2	-3.032881
432	63.750000	63.900000	E4	126	80	0	1	-3.360143
433	63.750000	64.250000	B#1	90	80	1	-5	-4.456078
434	63.750000	64.250000	A2	90	80	1	-1	-4.009362
435	63.900000	64.050000	D4	126	80	0	3	-4.737465
436	64.050000	64.200000	C4	126	80	0	2	-2.287533
437	64.200000	64.350000	D4	126	80	0	3	-2.675961
438	64.250000	65.000000	C#2	90	80	1	-4	-4.339145
439	64.250000	65.000000	A#2	90	80	1	-1	-3.451917
440	64.350000	64.500000	B3	126	80	0	2	-3.674662
441	64.500000	66.600000	A3	126	80	0	1	-2.609267
442	65.000000	65.500000	D2	90	80	1	-4	-5.233707
443	65.000000	65.500000	B2	90	80	1	-1	-3.451917
444	65.500000	66.250000	D#2	90	80	1	-4	-4.339145
445	65.500000	66.250000	B#2	90	80	1	-1	-4.387723
446	66.250000	66.750000	E2	90	80	1	-5	-3.730225
447	66.250000	66.750000	C#3	90	80	1	-2	-4.731534
448	66.750000	66.900000	A3	45	80	0	1	-4.507997
449	66.750000	67.500000	F2	90	80	1	-5	-4.626444
450	66.750000	67.500000	D3	90	80	1	-1	-4.009362
451	66.900000	67.050000	B3	45	80	0	2	-2.867384
452	67.050000	67.200000	C4	45	80	0	3	-2.675961
453	67.200000	67.350000	D4	45	80	0	4	-2.883688
454	67.350000	67.500000	B3	45	80	0	2	-3.359779
455	67.500000	67.650000	A3	45	80	0	1	-2.609267
456	67.500000	68.000000	F#2	90	80	1	-4	-4.339145
457	67.500000	68.000000	D#3	90	80	1	-1	-3.451917
458	67.650000	67.800000	B3	45	80	0	2	-2.867384
459	67.800000	67.950000	C4	45	80	0	3	-2.675961
460	67.950000	68.100000	D4	45	80	0	4	-2.883688
461	68.000000	68.750000	G2	90	80	1	-4	-5.233707
462	68.000000	68.750000	E3	90	80	1	-1	-3.451917
463	68.100000	68.250000	B3	45	80	0	2	-3.359779
464	68.250000	68.400000	A3	45	80	0	1	-2.609267
465	68.400000	68.550000	B3	45	80	0	2	-2.867384
466	68.550000	68.700000	C4	45	80	0	3	-2.675961
467	68.700000	68.850000	D4	45	80	0	4	-2.883688
468	68.750000	69.250000	A-2	90	80	1	-4	-4.339145
469	68.750000	69.250000	F3	90	80	1	-1	-4.387723
470	68.850000	69.000000	B3	45	80	0	2	-3.359779
471	69.000000	69.150000	G4	63	80	0	5	-3.767315
472	69.150000	69.300000	E4	63	80	0	3	-3.509161
473	69.250000	70.000000	A2	90	80	1	-4	-4.458307
474	69.250000	70.000000	F#3	90	80	1	-1	-4.244654
475	69.300000	69.450000	D4	63	80	0	2	-2.287533
476	69.450000	69.600000	C4	63	80	0	1	-2.609267
477	69.600000	69.750000	B3	63	80	0	3	-4.737465
478	69.750000	71.100000	A3	45	80	0	2	-2.287533
479	70.000000	70.500000	C#3	90	80	1	-3	-3.831713
480	70.000000	70.500000	A3	90	80	1	-1	-3.687814
481	70.500000	71.250000	C3	90	80	1	-5	-3.730225
482	70.500000	71.250000	A#3	90	80	1	-2	-4.731534
483	72.500000	73.250000	B3	126	80	1	-1	-3.404249
484	73.250000	74.250000	B3	126	80	1	-1	-4.426668
485	73.750000	74.250000	A3	126	80	1	-2	-2.745489
486	74.250000	74.750000	G#3	126	80	1	-3	-3.848567
487	74.250000	75.500000	B3	126	80	1	-1	-3.288065
488	74.750000	75.000000	F#3	126	80	1	-2	-4.444474
489	75.000000	75.500000	E3	126	80	1	-3	-4.407505
490	75.500000	75.750000	F#3	126	80	1	-2	-3.407298
491	75.500000	77.500000	B3	126	80	1	-1	-3.262923
492	75.750000	76.250000	G#3	126	80	1	-2	-3.299403
493	76.250000	76.750000	A3	126	80	1	-1	-3.404249
494	76.750000	77.500000	F#3	126	80	1	-3	-4.826899
495	77.500000	78.000000	B3	126	80	1	-2	-4.126498
496	78.000000	79.250000	C#4	126	80	1	-1	-3.101885
497	78.000000	78.750000	C#4	126	80	1	-1	-4.426668
498	78.750000	79.250000	A3	126	80	1	-2	-4.597368
499	79.250000	79.750000	G3	126	80	1	-3	-2.891080
500	79.250000	80.500000	C#4	126	80	1	-1	-4.411093
501	79.750000	80.000000	F#3	126	80	1	-3	-4.266477
502	80.000000	80.500000	E3	126	80	1	-4	-4.404178
503	80.500000	80.750000	F#3	126	80	1	-3	-3.762277
504	80.500000	82.500000	C#4	126	80	1	-1	-3.342645
505	80.750000	81.250000	G#3	126	80	1	-3	-3.831713
506	81.250000	81.750000	A3	126	80	1	-2	-3.642491
507	81.750000	82.500000	F#3	126	80	1	-3	-3.464153
508	82.500000	83.000000	D4	126	80	1	-1	-3.687814
509	82.500000	82.750000	D4	126	80	1	-1	-4.426668
510	82.750000	83.000000	C#4	126	80	1	-2	-3.720116
511	82.750000	84.000000	D4	126	80	1	-1	-3.404249
512	83.125000	83.625000	B3	126	80	1	-2	-3.291596
513	83.750000	84.250000	A3	126	80	1	-3	-2.891080
514	84.250000	84.750000	G#3	126	80	1	-4	-5.020222
515	84.250000	85.500000	D4	126	80	1	-1	-4.817923
516	84.750000	85.000000	F#3	126	80	1	-4	-4.339145
517	85.000000	85.500000	G#3	126	80	1	-3	-2.915060
518	85.500000	85.750000	A3	126	80	1	-2	-3.642491
519	85.500000	86.250000	D4	126	80	1	-1	-2.320150
520	85.750000	86.250000	B3	126	80	1	-2	-3.291596
521	86.250000	86.750000	C#4	126	80	1	-1	-3.101885
522	86.250000	86.750000	C#4	126	80	1	-1	-4.426668
523	86.750000	87.500000	A#3	126	80	1	-2	-3.291596
524	86.750000	87.500000	C#4	126	80	1	-1	-2.415329
525	87.500000	88.000000	B3	126	80	1	-2	-4.084076
526	87.500000	88.000000	B3	126	80	1	-1	-4.535716
527	88.000000	88.250000	A3	126	80	1	-2	-2.745489
528	88.000000	90.750000	B3	126	80	1	-1	-2.578439
529	88.250000	88.750000	G#3	126	80	1	-2	-3.299403
530	88.750000	89.250000	A3	126	80	1	-1	-3.404249
531	89.250000	90.000000	E3	126	80	1	-2	-3.456527
532	90.000000	91.000000	F#3	126	80	1	-1	-3.101885
533	91.250000	91.750000	E2	126	80	1	-5	-5.012184
534	91.250000	92.250000	B2	126	80	1	-2	-2.554480
535	91.750000	92.500000	A2	126	80	1	-3	-2.891080
536	92.500000	93.500000	F#2	126	80	1	-4	-4.210732
537	92.500000	93.500000	B2	126	80	1	-2	-2.871001
538	93.750000	94.250000	B3	126	80	1	-2	-6.630775
539	93.750000	98.500000	C#4	126	80	1	-1	-3.101885
540	94.250000	95.000000	F#3	126	80	1	-5	-3.242781
541	97.500000	98.000000	A3	90	80	1	-4	-4.523458
542	97.500000	98.000000	C#4	90	80	1	-2	-3.159098
543	98.000000	98.750000	A3	90	80	1	-4	-4.761119
544	98.000000	98.750000	D#4	90	80	1	-2	-5.758735
545	98.750000	99.250000	A3	90	80	1	-5	-5.017302
546	98.750000	99.250000	C#4	90	80	1	-3	-3.351805
547	99.250000	100.000000	A3	90	80	1	-5	-3.859206
548	99.250000	100.000000	D#4	90	80	1	-2	-5.232676
549	100.000000	100.500000	A3	90	80	1	-5	-5.017302
550	100.000000	100.500000	C#4	90	80	1	-3	-3.351805
551	100.500000	101.250000	A3	90	80	1	-5	-3.859206
552	100.500000	101.250000	D#4	90	80	1	-2	-5.232676
553	101.250000	101.750000	A3	90	80	1	-5	-5.017302
554	101.250000	101.750000	C#4	90	80	1	-3	-3.351805
555	101.750000	102.500000	F#3	90	80	1	-5	-3.785580
556	101.750000	102.500000	D#4	90	80	1	-2	-4.349399
557	102.500000	103.000000	A3	90	80	1	-5	-5.017302
558	102.500000	103.000000	C#4	90	80	1	-3	-3.351805
559	103.000000	103.750000	A3	90	80	1	-5	-3.859206
560	103.000000	103.750000	D#4	90	80	1	-2	-5.232676
561	103.750000	104.250000	A3	90	80	1	-5	-5.017302
562	103.750000	104.250000	C#4	90	80	1	-3	-3.351805
563	104.250000	105.000000	G#3	90	80	1	-5	-4.227379
564	104.250000	105.000000	D#4	90	80	1	-1	-3.477173
565	105.000000	105.500000	A3	90	80	1	-2	-5.875271
566	105.000000	105.500000	C#4	90	80	1	-1	-3.194227
567	105.500000	106.250000	F3	90	80	1	-4	-5.233707
568	105.500000	106.250000	D#4	90	80	1	-1	-4.244654
569	106.250000	106.750000	E3	90	80	1	-5	-4.598096
570	106.250000	106.750000	C#4	90	80	1	-2	-4.731534
571	106.750000	107.500000	F#3	90	80	1	-5	-3.155341
572	106.750000	107.500000	D#4	90	80	1	-1	-4.009362
573	107.500000	108.000000	G#3	90	80	1	-4	-3.752799
574	107.500000	108.000000	E#4	90	80	1	-1	-4.387723
575	108.000000	108.750000	A#3	90	80	1	-4	-4.339145
576	108.000000	108.750000	F##4	90	80	1	-1	-4.387723
577	108.750000	109.250000	G#3	90	80	1	-5	-4.582913
578	108.750000	109.250000	E#4	90	80	1	-1	-5.006981
579	109.250000	110.000000	F#3	90	80	1	-5	-4.582913
580	109.250000	110.000000	D#4	90	80	1	-1	-4.009362
581	110.000000	110.500000	E3	90	80	1	-5	-4.598096
582	110.000000	110.500000	C#4	90	80	1	-2	-4.731534
583	110.500000	111.250000	F#3	90	80	1	-5	-3.155341
584	110.500000	111.250000	D#4	90	80	1	-1	-4.009362
585	111.250000	111.750000	G#3	90	80	1	-4	-3.752799
586	111.250000	111.750000	E#4	90	80	1	-1	-4.387723
587	111.750000	112.500000	F#3	90	80	1	-5	-4.582913
588	111.750000	112.500000	D#4	90	80	1	-1	-4.009362
589	112.500000	113.000000	E3	90	80	1	-5	-4.598096
590	112.500000	113.000000	C#4	90	80	1	-2	-4.731534
591	113.000000	113.750000	F#3	90	80	1	-5	-3.155341
592	113.000000	113.750000	D#4	90	80	1	-1	-4.009362
593	113.750000	114.250000	C#3	90	80	1	-5	-3.842215
594	113.750000	114.250000	A#3	90	80	1	-1	-4.009362
595	114.250000	115.000000	D#3	90	80	1	-4	-3.752799
596	114.250000	115.000000	G#3	90	80	1	-2	-2.507290
597	115.000000	116.250000	E3	90	80	1	-4	-4.761119
598	115.000000	116.250000	C#4	90	80	1	-1	-4.244654
599	116.250000	117.250000	A1	126	80	1	-5	-5.805721
