//Version: PianoFingering_v170101
1	0.000000	0.150000	C6	63	80	0	5	-1.850019
2	0.000000	1.250000	C4	90	80	1	-2	-2.178510
3	0.000000	1.250000	E4	90	80	1	-1	-2.415329
4	0.150000	0.450000	G5	63	80	0	2	-3.071676
5	0.450000	0.750000	A5	63	80	0	3	-2.675961
6	0.750000	1.050000	G5	63	80	0	2	-2.287533
7	1.050000	1.200000	E5	63	80	0	1	-3.157580
8	1.200000	1.350000	D5	63	80	0	3	-4.737465
9	1.250000	2.000000	C4	90	80	1	-2	-3.291596
10	1.250000	2.000000	E4	90	80	1	-1	-2.415329
11	1.350000	1.650000	C5	63	80	0	2	-2.287533
12	1.650000	1.950000	D5	63	80	0	1	-5.369497
13	1.950000	2.250000	G5	63	80	0	2	-2.963617
14	2.000000	3.250000	C4	90	80	1	-3	-4.276897
15	2.000000	3.250000	D4	90	80	1	-2	-2.510186
16	2.000000	3.250000	F#4	90	80	1	-1	-3.194227
17	2.250000	2.400000	A5	63	80	0	3	-2.675961
18	2.400000	2.550000	C6	63	80	0	5	-2.681011
19	2.550000	2.850000	G5	63	80	0	2	-3.071676
20	2.850000	3.150000	A5	63	80	0	3	-2.675961
21	3.150000	3.450000	E5	63	80	0	1	-2.905888
22	3.250000	4.000000	C4	90	80	1	-3	-6.759922
23	3.250000	4.000000	D4	90	80	1	-2	-2.510186
24	3.250000	4.000000	F#4	90	80	1	-1	-3.194227
25	3.450000	3.600000	D5	63	80	0	3	-4.737465
26	3.600000	3.750000	C5	63	80	0	2	-2.287533
27	3.750000	4.050000	A4	63	80	0	1	-3.157580
28	4.000000	5.250000	C4	90	80	1	-4	-6.237620
29	4.000000	5.250000	E4	90	80	1	-2	-2.359478
30	4.000000	5.250000	G4	90	80	1	-1	-2.415329
31	4.050000	4.350000	C5	63	80	0	2	-2.525967
32	4.350000	4.650000	A4	63	80	0	1	-3.157580
33	4.650000	4.800000	A4	63	80	0	1	-4.507997
34	4.800000	4.950000	C6	126	80	0	5	-6.268865
35	4.950000	5.250000	G5	126	80	0	2	-3.071676
36	5.250000	5.550000	A5	126	80	0	3	-2.675961
37	5.250000	6.000000	C4	90	80	1	-4	-3.752799
38	5.250000	6.000000	E4	90	80	1	-2	-2.359478
39	5.250000	6.000000	G4	90	80	1	-1	-2.415329
40	5.550000	5.850000	G5	126	80	0	2	-2.287533
41	5.850000	6.000000	E5	126	80	0	1	-3.157580
42	6.000000	6.150000	D5	126	80	0	3	-4.737465
43	6.000000	7.250000	C#4	90	80	1	-3	-6.025293
44	6.000000	7.250000	E4	90	80	1	-2	-2.872099
45	6.000000	7.250000	G4	90	80	1	-1	-2.415329
46	6.150000	6.450000	C5	126	80	0	2	-2.287533
47	6.450000	6.750000	D5	126	80	0	1	-5.369497
48	6.750000	7.050000	G5	126	80	0	2	-2.963617
49	7.050000	7.200000	A5	126	80	0	3	-2.675961
50	7.200000	7.350000	C6	126	80	0	5	-2.681011
51	7.250000	8.000000	C#4	90	80	1	-3	-6.025293
52	7.250000	8.000000	E4	90	80	1	-2	-2.872099
53	7.250000	8.000000	G4	90	80	1	-1	-2.415329
54	7.350000	7.650000	G5	126	80	0	3	-3.854029
55	7.650000	7.950000	A5	126	80	0	4	-2.883688
56	7.950000	8.250000	E5	126	80	0	2	-3.266530
57	8.000000	8.750000	C4	90	80	1	-4	-3.752799
58	8.000000	8.750000	E4	90	80	1	-2	-2.359478
59	8.000000	8.750000	G4	90	80	1	-1	-2.415329
60	8.250000	8.400000	D5	126	80	0	1	-2.609267
61	8.400000	8.550000	C6	126	80	0	5	-4.284649
62	8.550000	8.850000	A5	126	80	0	3	-3.509161
63	8.750000	9.250000	D4	90	80	1	-4	-4.223116
64	8.750000	9.250000	F4	90	80	1	-2	-2.359478
65	8.750000	9.250000	B4	90	80	1	-1	-2.320150
66	8.850000	9.150000	C6	126	80	0	5	-2.681011
67	9.150000	9.450000	A5	126	80	0	4	-4.387405
68	9.250000	10.000000	E4	90	80	1	-4	-3.752799
69	9.250000	10.000000	G4	90	80	1	-2	-2.359478
70	9.250000	10.000000	C5	90	80	1	-1	-2.320150
71	9.450000	9.600000	A5	126	80	0	5	-5.360328
72	9.600000	10.050000	A4	90	80	0	1	-1.922714
73	9.600000	10.050000	C#5	90	80	0	2	-3.275273
74	9.600000	10.050000	E5	90	80	0	4	-3.580467
75	10.000000	10.750000	F#4	90	80	1	-3	-6.025293
76	10.000000	10.750000	A4	90	80	1	-2	-2.872099
77	10.000000	10.750000	D5	90	80	1	-1	-2.320150
78	10.050000	10.350000	A4	90	80	0	1	-2.857522
79	10.050000	10.350000	D5	90	80	0	2	-2.963617
80	10.050000	10.350000	E5	90	80	0	3	-2.675961
81	10.350000	10.800000	A4	90	80	0	1	-3.310457
82	10.350000	10.800000	C#5	90	80	0	2	-3.275273
83	10.350000	10.800000	E5	90	80	0	4	-3.580467
84	10.750000	11.250000	E4	90	80	1	-5	-3.181034
85	10.750000	11.250000	G4	90	80	1	-3	-3.170876
86	10.750000	11.250000	C5	90	80	1	-1	-2.717521
87	10.800000	11.250000	A4	90	80	0	1	-2.857522
88	10.800000	11.250000	C#5	90	80	0	2	-3.275273
89	10.800000	11.250000	E5	90	80	0	4	-3.580467
90	11.250000	11.550000	G#4	90	80	0	1	-3.577835
91	11.250000	11.550000	C#5	90	80	0	2	-2.963617
92	11.250000	11.550000	E5	90	80	0	4	-3.580467
93	11.250000	12.000000	D4	90	80	1	-5	-3.181034
94	11.250000	12.000000	F4	90	80	1	-3	-3.170876
95	11.250000	12.000000	B4	90	80	1	-1	-2.717521
96	11.550000	12.000000	A4	90	80	0	1	-2.857522
97	11.550000	12.000000	C#5	90	80	0	2	-3.275273
98	11.550000	12.000000	E5	90	80	0	4	-3.580467
99	12.000000	12.750000	C4	90	80	1	-5	-3.181034
100	12.000000	12.750000	E4	90	80	1	-3	-3.170876
101	12.000000	12.750000	G4	90	80	1	-2	-3.046717
102	12.450000	12.750000	F##4	90	80	0	1	-2.969918
103	12.450000	12.750000	D#5	90	80	0	4	-4.298356
104	12.450000	12.750000	E5	90	80	0	5	-3.684684
105	12.750000	13.200000	G#4	90	80	0	1	-3.862851
106	12.750000	13.200000	D5	90	80	0	3	-5.088322
107	12.750000	13.200000	E5	90	80	0	4	-2.883688
108	12.750000	13.250000	D4	90	80	1	-4	-4.045906
109	12.750000	13.250000	F4	90	80	1	-2	-2.359478
110	12.750000	13.250000	B-4	90	80	1	-1	-3.194227
111	13.200000	13.650000	A#4	90	80	0	1	-4.295977
112	13.200000	13.650000	C#5	90	80	0	2	-2.525967
113	13.200000	13.650000	E5	90	80	0	3	-3.265372
114	13.250000	14.000000	D#4	90	80	1	-4	-3.752799
115	13.250000	14.000000	F#4	90	80	1	-2	-2.359478
116	13.250000	14.000000	B4	90	80	1	-1	-3.262923
117	13.950000	14.400000	B4	90	80	0	1	-2.905888
118	13.950000	14.400000	E5	90	80	0	2	-2.963617
119	13.950000	14.400000	G#5	90	80	0	4	-3.522723
120	14.000000	14.750000	E4	90	80	1	-4	-3.752799
121	14.000000	14.750000	A4	90	80	1	-2	-2.507290
122	14.000000	14.750000	C#5	90	80	1	-1	-3.194227
123	14.750000	15.250000	F#4	90	80	1	-4	-3.752799
124	14.750000	15.250000	B4	90	80	1	-2	-2.871001
125	14.750000	15.250000	D#5	90	80	1	-1	-3.194227
126	14.850000	15.150000	C#5	90	80	0	1	-2.857522
127	14.850000	15.150000	E#5	90	80	0	2	-3.465862
128	14.850000	15.150000	A#5	90	80	0	4	-3.522723
129	15.150000	15.600000	D5	90	80	0	1	-3.549056
130	15.150000	15.600000	F#5	90	80	0	2	-3.275273
131	15.150000	15.600000	A#5	90	80	0	4	-2.758588
132	15.250000	16.000000	A4	90	80	1	-4	-6.237620
133	15.250000	16.000000	C#5	90	80	1	-2	-3.159098
134	15.250000	16.000000	E5	90	80	1	-1	-2.464298
135	15.600000	16.050000	C#5	90	80	0	1	-2.969918
136	15.600000	16.050000	G#5	90	80	0	3	-3.751952
137	15.600000	16.050000	A#5	90	80	0	4	-2.883688
138	16.000000	16.250000	E3	126	80	1	-5	-5.451251
139	16.050000	16.350000	C#5	90	80	0	1	-2.969918
140	16.050000	16.350000	F#5	90	80	0	2	-2.963617
141	16.050000	16.350000	A#5	90	80	0	4	-2.758588
142	16.250000	16.750000	A3	126	80	1	-2	-3.272976
143	16.350000	16.800000	C#5	90	80	0	1	-2.969918
144	16.350000	16.800000	F##5	90	80	0	3	-5.088322
145	16.350000	16.800000	A#5	90	80	0	5	-3.990232
146	16.750000	17.250000	B3	126	80	1	-1	-2.578439
147	16.800000	17.250000	B4	90	80	0	1	-3.885272
148	16.800000	17.250000	F##5	90	80	0	4	-4.268071
149	16.800000	17.250000	G#5	90	80	0	5	-4.385182
150	17.250000	17.750000	C#4	126	80	1	-3	-5.700951
151	17.550000	18.000000	F##4	90	80	0	1	-4.287540
152	17.550000	18.000000	A#4	90	80	0	2	-3.246278
153	17.550000	18.000000	D#5	90	80	0	4	-2.909306
154	17.750000	18.000000	E4	126	80	1	-2	-2.872099
155	18.000000	18.250000	F#4	126	80	1	-1	-3.101885
156	18.250000	18.750000	E4	126	80	1	-2	-4.084076
157	18.450000	18.750000	G4	90	80	0	1	-3.549056
158	18.450000	18.750000	C5	90	80	0	2	-2.963617
159	18.450000	18.750000	D5	90	80	0	3	-2.675961
160	18.750000	19.200000	C5	90	80	0	2	-2.287533
161	18.750000	19.200000	D5	90	80	0	3	-2.675961
162	18.750000	19.200000	G#5	90	80	0	5	-5.123457
163	18.750000	19.250000	C#4	126	80	1	-3	-3.464153
164	19.200000	20.400000	A3	126	80	0	2	-8.202096
165	19.250000	19.750000	A#3	126	80	1	-1	-6.083116
166	19.350000	19.650000	C#4	126	80	0	4	-3.522723
167	19.650000	19.950000	D#4	126	80	0	1	-5.889308
168	19.750000	20.000000	F#3	126	80	1	-3	-4.276897
169	19.950000	20.250000	F#4	126	80	0	3	-3.473158
170	20.000000	20.250000	E3	126	80	1	-5	-4.372251
171	20.250000	20.400000	G#4	126	80	0	4	-2.883688
172	20.250000	20.750000	A3	126	80	1	-3	-3.463793
173	20.400000	21.600000	A4	126	80	0	5	-3.684684
174	20.550000	20.850000	F4	126	80	0	3	-3.509161
175	20.750000	21.250000	B3	126	80	1	-2	-2.510186
176	20.850000	21.150000	E-4	126	80	0	2	-3.032881
177	21.150000	21.450000	C4	126	80	0	1	-3.360143
178	21.250000	21.750000	C#4	126	80	1	-1	-3.101885
179	21.450000	21.600000	B-3	126	80	0	3	-5.389440
180	21.600000	21.900000	A3	126	80	0	2	-2.803601
181	21.750000	22.000000	B3	126	80	1	-2	-4.084076
182	21.900000	22.800000	G3	126	80	0	1	-2.609267
183	22.000000	22.250000	F#3	126	80	1	-1	-6.910650
184	22.050000	22.350000	B3	126	80	0	2	-2.525967
185	22.250000	22.750000	C#3	126	80	1	-2	-3.456527
186	22.350000	22.800000	D4	126	80	0	3	-3.012122
187	22.750000	23.250000	F#3	126	80	1	-1	-2.320150
188	22.800000	24.000000	A3	126	80	0	1	-2.905888
189	22.950000	23.250000	C#4	126	80	0	2	-3.275273
190	23.250000	23.550000	D#4	126	80	0	1	-5.369497
191	23.250000	23.750000	C#3	126	80	1	-2	-3.456527
192	23.550000	23.850000	F#4	126	80	0	2	-2.525967
193	23.750000	24.000000	F#3	126	80	1	-1	-2.320150
194	23.850000	24.000000	G#4	126	80	0	3	-2.675961
195	24.000000	25.200000	A4	126	80	0	4	-3.868143
196	24.000000	24.250000	C#2	63	80	1	-5	-3.781310
197	24.150000	24.450000	F4	126	80	0	2	-3.359779
198	24.250000	24.750000	F#2	126	80	1	-2	-3.272976
199	24.450000	24.750000	E-4	126	80	0	1	-3.967913
200	24.750000	25.050000	F#4	126	80	0	2	-2.525967
201	24.750000	25.250000	G#2	126	80	1	-1	-2.578439
202	25.050000	25.200000	G#4	126	80	0	3	-2.675961
203	25.200000	26.400000	A4	126	80	0	1	-4.595018
204	25.250000	25.750000	A#2	126	80	1	-3	-4.611792
205	25.500000	25.650000	B4	126	80	0	2	-2.867384
206	25.650000	25.950000	D5	126	80	0	3	-3.012122
207	25.750000	26.000000	C#3	126	80	1	-2	-3.046717
208	25.950000	26.400000	F5	126	80	0	5	-2.681011
209	26.000000	26.250000	D#3	126	80	1	-1	-2.578439
210	26.250000	26.750000	C#3	126	80	1	-2	-2.745489
211	26.400000	26.850000	A4	126	80	0	1	-2.845304
212	26.700000	26.850000	B4	126	80	0	2	-2.867384
213	26.750000	27.250000	A#2	126	80	1	-3	-4.063676
214	26.850000	27.150000	F4	90	80	0	1	-3.434905
215	26.850000	27.150000	A4	90	80	0	2	-2.525967
216	26.850000	27.150000	D5	126	80	0	3	-4.897982
217	27.150000	27.300000	F5	126	80	0	4	-4.820507
218	27.250000	27.750000	F##2	126	80	1	-1	-4.439870
219	27.300000	27.450000	A-5	126	80	0	5	-4.070264
220	27.600000	28.050000	A4	126	80	0	1	-3.885272
221	27.750000	27.900000	B4	126	80	0	2	-2.867384
222	27.750000	28.000000	D#2	126	80	1	-2	-4.444474
223	27.900000	28.050000	D5	126	80	0	4	-2.758588
224	28.000000	28.250000	E2	126	80	1	-1	-3.404249
225	28.050000	28.200000	F5	126	80	0	1	-6.131546
226	28.200000	28.350000	A-5	126	80	0	2	-3.246278
227	28.250000	28.750000	B2	126	80	1	-3	-6.517685
228	28.350000	28.500000	B5	126	80	0	4	-3.580467
229	28.750000	29.250000	C#3	126	80	1	-2	-3.407298
230	28.800000	28.950000	C6	63	80	0	5	-2.706622
231	28.950000	29.250000	G5	63	80	0	2	-3.071676
232	29.250000	29.550000	A5	63	80	0	3	-2.675961
233	29.250000	29.750000	D#3	126	80	1	-1	-2.578439
234	29.550000	29.700000	G5	63	80	0	2	-2.287533
235	29.700000	30.000000	E5	63	80	0	1	-3.157580
236	29.750000	30.000000	C#3	126	80	1	-2	-2.745489
237	30.000000	30.150000	D5	63	80	0	3	-4.737465
238	30.000000	30.250000	G#2	126	80	1	-1	-6.371283
239	30.150000	30.450000	C5	63	80	0	2	-2.287533
240	30.250000	30.750000	D#2	126	80	1	-2	-3.456527
241	30.450000	30.750000	D5	63	80	0	1	-5.369497
242	30.750000	30.900000	G5	63	80	0	2	-2.963617
243	30.750000	31.250000	G#2	126	80	1	-1	-2.320150
244	30.900000	31.200000	A5	63	80	0	3	-2.675961
245	31.200000	31.350000	C6	63	80	0	5	-2.681011
246	31.250000	31.750000	D#2	126	80	1	-2	-3.456527
247	31.350000	31.650000	G5	63	80	0	2	-3.071676
248	31.650000	31.950000	A5	63	80	0	3	-2.675961
249	31.750000	32.000000	G#2	126	80	1	-1	-2.320150
250	31.950000	32.100000	E-5	63	80	0	2	-5.483387
251	32.100000	32.400000	D5	63	80	0	1	-3.290753
252	32.400000	32.550000	C5	63	80	0	3	-4.737465
253	32.550000	32.850000	A4	63	80	0	1	-3.281335
254	32.850000	33.150000	C5	63	80	0	2	-2.525967
255	33.150000	33.300000	A4	63	80	0	1	-3.157580
256	33.300000	33.600000	A4	63	80	0	1	-4.507997
257	33.600000	33.750000	C6	45	80	0	5	-6.268865
258	33.750000	34.050000	G5	45	80	0	2	-3.071676
259	34.000000	38.000000	F#2	126	80	1	-2	-2.745489
260	34.050000	34.350000	A5	45	80	0	3	-2.675961
261	34.350000	34.500000	G5	45	80	0	2	-2.287533
262	34.500000	34.800000	E5	45	80	0	1	-3.157580
263	34.800000	34.950000	D5	45	80	0	3	-4.737465
264	34.950000	35.250000	C5	45	80	0	2	-2.287533
265	35.250000	35.550000	D5	45	80	0	1	-5.369497
266	35.550000	35.700000	G5	45	80	0	2	-2.963617
267	35.700000	36.000000	A5	45	80	0	3	-2.675961
268	36.000000	36.150000	C6	45	80	0	5	-2.681011
269	36.150000	36.450000	G5	45	80	0	2	-3.071676
270	36.450000	36.750000	A5	45	80	0	3	-2.675961
271	36.750000	36.900000	E-5	45	80	0	2	-5.483387
272	36.900000	37.200000	D5	45	80	0	1	-3.290753
273	37.200000	37.350000	C6	45	80	0	5	-4.284649
274	37.350000	37.650000	A5	45	80	0	3	-3.509161
275	37.650000	37.950000	C6	45	80	0	5	-2.681011
276	37.950000	38.100000	A5	45	80	0	3	-3.509161
277	38.000000	40.000000	F2	126	80	1	-3	-3.281947
278	38.100000	38.400000	A5	45	80	0	4	-5.516614
279	38.250000	38.750000	A2	126	80	1	-2	-3.046717
280	38.400000	38.550000	B4	90	80	0	1	-3.549056
281	38.400000	38.550000	D5	90	80	0	2	-2.525967
282	38.400000	38.550000	E5	90	80	0	3	-2.675961
283	38.550000	38.700000	B4	90	80	0	1	-2.905888
284	38.550000	38.700000	D5	90	80	0	2	-2.525967
285	38.550000	38.700000	E5	90	80	0	3	-2.675961
286	38.700000	38.850000	B4	90	80	0	1	-2.905888
287	38.700000	38.850000	D5	90	80	0	2	-2.525967
288	38.700000	38.850000	E5	90	80	0	3	-2.675961
289	38.750000	39.250000	B2	126	80	1	-1	-2.578439
290	38.850000	39.000000	B4	90	80	0	1	-2.905888
291	38.850000	39.000000	D5	90	80	0	2	-2.525967
292	38.850000	39.000000	E5	90	80	0	3	-2.675961
293	39.000000	39.150000	B4	90	80	0	1	-2.905888
294	39.000000	39.150000	D5	90	80	0	2	-2.525967
295	39.000000	39.150000	E5	90	80	0	3	-2.675961
296	39.150000	39.300000	B4	90	80	0	1	-2.905888
297	39.150000	39.300000	D5	90	80	0	2	-2.525967
298	39.150000	39.300000	E5	90	80	0	3	-2.675961
299	39.250000	39.750000	D3	126	80	1	-3	-6.091799
300	39.300000	39.450000	B4	90	80	0	1	-2.905888
301	39.300000	39.450000	D5	90	80	0	2	-2.525967
302	39.300000	39.450000	E5	90	80	0	3	-2.675961
303	39.600000	39.750000	C5	90	80	0	1	-3.281335
304	39.600000	39.750000	D5	90	80	0	2	-2.867384
305	39.600000	39.750000	E-5	90	80	0	3	-3.190537
306	39.750000	39.900000	C5	90	80	0	1	-3.984578
307	39.750000	39.900000	D5	90	80	0	2	-2.867384
308	39.750000	39.900000	E-5	90	80	0	3	-3.190537
309	39.750000	40.000000	E3	126	80	1	-2	-2.510186
310	39.900000	40.050000	C5	90	80	0	1	-3.984578
311	39.900000	40.050000	D5	90	80	0	2	-2.867384
312	39.900000	40.050000	E-5	90	80	0	3	-3.190537
313	40.000000	42.000000	F3	126	80	1	-1	-2.578439
314	40.050000	40.200000	C5	90	80	0	1	-3.984578
315	40.050000	40.200000	D5	90	80	0	2	-2.867384
316	40.050000	40.200000	E-5	90	80	0	3	-3.190537
317	40.200000	40.350000	C5	90	80	0	1	-3.984578
318	40.200000	40.350000	D5	90	80	0	2	-2.867384
319	40.200000	40.350000	E-5	90	80	0	3	-3.190537
320	40.250000	40.750000	D-3	126	80	1	-3	-4.924354
321	40.350000	40.500000	C5	90	80	0	1	-3.984578
322	40.350000	40.500000	D5	90	80	0	2	-2.867384
323	40.350000	40.500000	E-5	90	80	0	3	-3.190537
324	40.500000	40.650000	C5	90	80	0	1	-3.984578
325	40.500000	40.650000	D5	90	80	0	2	-2.867384
326	40.500000	40.650000	E-5	90	80	0	3	-3.190537
327	40.750000	41.250000	C-3	126	80	1	-5	-4.372251
328	40.800000	40.950000	C5	90	80	0	1	-3.984578
329	40.800000	40.950000	D5	90	80	0	2	-2.867384
330	40.800000	40.950000	E-5	90	80	0	3	-3.190537
331	40.950000	41.100000	C5	90	80	0	1	-3.984578
332	40.950000	41.100000	D5	90	80	0	2	-2.867384
333	40.950000	41.100000	E-5	90	80	0	3	-3.190537
334	41.100000	41.250000	C5	90	80	0	1	-3.984578
335	41.100000	41.250000	D5	90	80	0	2	-2.867384
336	41.100000	41.250000	E-5	90	80	0	3	-3.190537
337	41.250000	41.400000	C5	90	80	0	1	-3.984578
338	41.250000	41.400000	D5	90	80	0	2	-2.867384
339	41.250000	41.400000	E-5	90	80	0	3	-3.190537
340	41.250000	41.750000	D3	126	80	1	-3	-3.170876
341	41.400000	41.550000	C5	90	80	0	1	-3.984578
342	41.400000	41.550000	D5	90	80	0	2	-2.867384
343	41.400000	41.550000	E-5	90	80	0	3	-3.190537
344	41.550000	41.700000	C5	90	80	0	1	-3.984578
345	41.550000	41.700000	D5	90	80	0	2	-2.867384
346	41.550000	41.700000	E-5	90	80	0	3	-3.190537
347	41.700000	41.850000	C5	90	80	0	2	-3.286699
348	41.700000	41.850000	D5	90	80	0	3	-2.675961
349	41.700000	41.850000	E-5	90	80	0	4	-4.152325
350	41.750000	42.000000	E3	126	80	1	-2	-2.510186
351	42.000000	42.150000	F#4	90	80	0	1	-2.969918
352	42.000000	42.150000	D5	90	80	0	4	-4.832705
353	42.000000	42.150000	E-5	90	80	0	5	-4.385182
354	42.000000	44.000000	F3	126	80	1	-1	-2.578439
355	42.150000	42.300000	F#4	90	80	0	1	-2.845304
356	42.150000	42.300000	D5	90	80	0	4	-4.832705
357	42.150000	42.300000	E-5	90	80	0	5	-4.385182
358	42.300000	42.450000	F#4	90	80	0	1	-2.845304
359	42.300000	42.450000	D5	90	80	0	4	-4.832705
360	42.300000	42.450000	E-5	90	80	0	5	-4.385182
361	42.450000	42.600000	F#4	90	80	0	1	-2.845304
362	42.450000	42.600000	D5	90	80	0	4	-4.832705
363	42.450000	42.600000	E-5	90	80	0	5	-4.385182
364	42.500000	42.750000	G3	126	80	1	-3	-4.611792
365	42.600000	42.750000	F#4	90	80	0	1	-2.845304
366	42.600000	42.750000	D5	90	80	0	4	-4.832705
367	42.600000	42.750000	E-5	90	80	0	5	-4.385182
368	42.750000	42.900000	F#4	90	80	0	1	-2.845304
369	42.750000	42.900000	D5	90	80	0	4	-4.832705
370	42.750000	42.900000	E-5	90	80	0	5	-4.385182
371	42.750000	43.250000	B-3	126	80	1	-2	-3.407298
372	42.900000	43.050000	F#4	90	80	0	1	-2.845304
373	42.900000	43.050000	D5	90	80	0	2	-6.099041
374	42.900000	43.050000	E-5	90	80	0	3	-3.190537
375	43.250000	44.000000	D-4	126	80	1	-1	-2.415329
376	43.350000	43.500000	B4	90	80	0	1	-3.996553
377	43.350000	43.500000	D5	90	80	0	2	-2.525967
378	43.350000	43.500000	E5	90	80	0	3	-2.675961
379	43.500000	43.650000	B4	90	80	0	1	-2.905888
380	43.500000	43.650000	D5	90	80	0	2	-2.525967
381	43.500000	43.650000	E5	90	80	0	3	-2.675961
382	43.800000	43.950000	B4	90	80	0	1	-2.905888
383	43.800000	43.950000	D5	90	80	0	2	-2.525967
384	43.800000	43.950000	E5	90	80	0	3	-2.675961
385	43.950000	44.100000	B4	90	80	0	1	-2.905888
386	43.950000	44.100000	D5	90	80	0	2	-2.525967
387	43.950000	44.100000	E5	90	80	0	3	-2.675961
388	44.000000	45.250000	F3	126	80	1	-5	-5.060396
389	44.100000	44.250000	B4	90	80	0	1	-2.905888
390	44.100000	44.250000	D5	90	80	0	2	-2.525967
391	44.100000	44.250000	E5	90	80	0	3	-2.675961
392	44.500000	44.750000	G3	126	80	1	-4	-3.907966
393	44.550000	44.700000	C5	90	80	0	1	-3.281335
394	44.550000	44.700000	D5	90	80	0	2	-2.867384
395	44.550000	44.700000	E-5	90	80	0	3	-3.190537
396	44.700000	44.850000	C5	90	80	0	1	-3.984578
397	44.700000	44.850000	D5	90	80	0	2	-2.867384
398	44.700000	44.850000	E-5	90	80	0	3	-3.190537
399	44.750000	45.250000	B-3	126	80	1	-3	-3.762277
400	45.000000	45.150000	C5	90	80	0	1	-3.984578
401	45.000000	45.150000	D5	90	80	0	2	-2.867384
402	45.000000	45.150000	E-5	90	80	0	3	-3.190537
403	45.250000	45.500000	D-4	126	80	1	-2	-3.046717
404	45.300000	45.450000	C5	90	80	0	1	-3.984578
405	45.300000	45.450000	D5	90	80	0	2	-2.867384
406	45.300000	45.450000	E-5	90	80	0	3	-3.190537
407	45.450000	45.600000	C5	90	80	0	1	-3.984578
408	45.450000	45.600000	D5	90	80	0	2	-2.867384
409	45.450000	45.600000	E-5	90	80	0	3	-3.190537
410	45.500000	45.750000	E4	126	80	1	-1	-2.464298
411	45.600000	45.750000	C5	90	80	0	1	-3.984578
412	45.600000	45.750000	D5	90	80	0	2	-2.867384
413	45.600000	45.750000	E-5	90	80	0	3	-3.190537
414	46.000000	46.750000	F3	126	80	1	-5	-3.181034
415	46.250000	46.500000	G3	126	80	1	-4	-3.907966
416	46.500000	46.750000	B-3	126	80	1	-2	-3.337019
417	46.750000	47.000000	D-4	126	80	1	-1	-2.415329
418	46.950000	47.100000	C5	90	80	0	1	-3.984578
419	46.950000	47.100000	D5	90	80	0	2	-2.867384
420	46.950000	47.100000	E-5	90	80	0	3	-3.190537
421	47.000000	47.250000	E4	126	80	1	-2	-7.054853
422	47.100000	47.250000	C5	90	80	0	1	-3.984578
423	47.100000	47.250000	D5	90	80	0	2	-2.867384
424	47.100000	47.250000	E-5	90	80	0	3	-3.190537
425	47.250000	47.400000	C5	90	80	0	1	-3.984578
426	47.250000	47.400000	D5	90	80	0	2	-2.867384
427	47.250000	47.400000	E-5	90	80	0	3	-3.190537
428	47.250000	47.500000	G4	126	80	1	-1	-2.415329
429	48.150000	48.300000	C#5	90	80	0	2	-2.287533
430	48.150000	48.300000	D5	90	80	0	3	-3.686981
431	48.300000	48.450000	C#5	90	80	0	2	-3.151465
432	48.300000	48.450000	D5	90	80	0	3	-3.686981
433	48.450000	48.600000	C#5	90	80	0	2	-3.151465
434	48.450000	48.600000	D5	90	80	0	3	-3.686981
435	48.500000	48.750000	C4	90	80	1	-2	-4.659581
436	48.500000	48.750000	D4	90	80	1	-1	-2.578439
437	48.600000	48.750000	C#5	90	80	0	2	-3.151465
438	48.600000	48.750000	D5	90	80	0	3	-3.686981
439	48.750000	48.900000	C#5	90	80	0	2	-3.151465
440	48.750000	48.900000	D5	90	80	0	3	-3.686981
441	48.900000	49.050000	C#5	90	80	0	2	-3.151465
442	48.900000	49.050000	D5	90	80	0	3	-3.686981
443	49.000000	49.250000	C4	90	80	1	-2	-2.745489
444	49.000000	49.250000	E-4	90	80	1	-1	-3.101885
445	49.200000	49.350000	G4	45	80	0	1	-3.310457
446	49.350000	49.650000	E4	45	80	0	4	-7.341475
447	49.650000	49.950000	C#4	45	80	0	3	-3.510496
448	49.750000	50.000000	C4	90	80	1	-2	-4.084076
449	49.750000	50.000000	E4	90	80	1	-1	-2.415329
450	49.950000	50.250000	A#3	45	80	0	2	-3.674662
451	50.250000	50.400000	F#3	45	80	0	1	-3.157580
452	50.500000	50.750000	C4	90	80	1	-3	-4.276897
453	50.500000	50.750000	D4	90	80	1	-2	-2.510186
454	50.500000	50.750000	F#4	90	80	1	-1	-3.194227
455	51.000000	51.250000	C4	90	80	1	-3	-6.759922
456	51.000000	51.250000	D4	90	80	1	-2	-2.510186
457	51.000000	51.250000	F4	90	80	1	-1	-2.415329
458	51.600000	51.750000	A3	63	80	0	2	-3.493146
459	51.750000	51.900000	E3	63	80	0	1	-3.434905
460	51.750000	52.000000	C4	90	80	1	-3	-3.831713
461	51.750000	52.000000	D4	90	80	1	-2	-2.510186
462	51.750000	52.000000	F#4	90	80	1	-1	-3.194227
463	51.900000	52.050000	E3	63	80	0	1	-4.507997
464	52.050000	52.200000	F#3	63	80	0	2	-3.246278
465	52.200000	52.350000	F#3	63	80	0	2	-4.554564
466	52.350000	52.500000	E3	63	80	0	1	-3.360143
467	52.500000	52.650000	E3	63	80	0	1	-4.507997
468	52.500000	52.750000	C4	90	80	1	-3	-6.759922
469	52.500000	52.750000	D4	90	80	1	-2	-2.510186
470	52.500000	52.750000	G4	90	80	1	-1	-2.320150
471	52.650000	52.800000	C#3	63	80	0	3	-5.389440
472	52.800000	52.950000	B2	63	80	0	2	-3.286699
473	52.950000	53.100000	A2	63	80	0	1	-2.609267
474	53.000000	53.250000	C4	90	80	1	-4	-3.752799
475	53.000000	53.250000	E-4	90	80	1	-2	-3.337019
476	53.000000	53.250000	G4	90	80	1	-1	-3.262923
477	53.100000	53.250000	A2	63	80	0	1	-4.507997
478	53.250000	53.400000	B2	63	80	0	2	-2.867384
479	53.400000	53.550000	B2	63	80	0	1	-4.802885
480	53.550000	53.700000	F3	63	80	0	3	-3.751952
481	53.700000	53.850000	F3	63	80	0	3	-4.378151
482	53.750000	54.000000	C4	90	80	1	-4	-3.752799
483	53.750000	54.000000	E4	90	80	1	-2	-2.359478
484	53.750000	54.000000	G4	90	80	1	-1	-2.415329
485	53.850000	54.000000	G3	63	80	0	4	-2.883688
486	54.000000	54.150000	A3	63	80	0	5	-2.706622
487	54.150000	54.300000	E3	63	80	0	2	-3.071676
488	54.300000	54.450000	E3	63	80	0	2	-4.554564
489	54.450000	54.600000	G3	63	80	0	4	-2.758588
490	54.500000	54.750000	C#4	90	80	1	-3	-6.025293
491	54.500000	54.750000	E4	90	80	1	-2	-2.872099
492	54.500000	54.750000	G4	90	80	1	-1	-2.415329
493	54.600000	54.750000	G3	63	80	0	4	-4.784491
494	54.750000	54.900000	C3	63	80	0	1	-2.857522
495	54.900000	55.050000	C3	63	80	0	2	-4.712397
496	55.000000	55.250000	C#4	90	80	1	-4	-6.237620
497	55.000000	55.250000	F4	90	80	1	-2	-2.871001
498	55.000000	55.250000	G4	90	80	1	-1	-2.578439
499	55.050000	55.200000	B2	63	80	0	1	-2.609267
500	55.200000	55.350000	A2	63	80	0	3	-4.737465
501	55.350000	55.500000	F#2	63	80	0	2	-3.032881
502	55.500000	55.650000	F#2	63	80	0	2	-4.554564
503	55.650000	55.800000	A2	63	80	0	3	-3.265372
504	55.750000	56.000000	C#4	90	80	1	-3	-6.025293
505	55.750000	56.000000	E4	90	80	1	-2	-2.872099
506	55.750000	56.000000	G4	90	80	1	-1	-2.415329
507	55.800000	55.950000	A2	63	80	0	2	-4.935872
508	56.400000	56.550000	B-2	63	80	0	3	-3.190537
509	56.500000	56.750000	C4	90	80	1	-4	-3.752799
510	56.500000	56.750000	E4	90	80	1	-2	-2.359478
511	56.500000	56.750000	G4	90	80	1	-1	-2.415329
512	56.550000	56.700000	E-3	63	80	0	5	-3.128600
513	56.700000	56.850000	E-3	63	80	0	1	-5.027158
514	56.850000	57.000000	F3	63	80	0	2	-3.493146
515	57.000000	57.150000	F3	63	80	0	2	-4.554564
516	57.000000	57.250000	D4	90	80	1	-4	-4.223116
517	57.000000	57.250000	F4	90	80	1	-2	-2.359478
518	57.000000	57.250000	B4	90	80	1	-1	-2.320150
519	57.150000	57.300000	G3	63	80	0	3	-2.675961
520	57.300000	57.450000	G3	63	80	0	2	-4.935872
521	57.450000	57.600000	B-3	63	80	0	3	-3.409656
522	57.750000	58.000000	E4	90	80	1	-4	-3.752799
523	57.750000	58.000000	G4	90	80	1	-2	-2.359478
524	57.750000	58.000000	C5	90	80	1	-1	-2.320150
525	58.050000	58.200000	E-4	90	80	0	1	-5.548003
526	58.050000	58.200000	G4	90	80	0	2	-3.465862
527	58.050000	58.200000	B-4	90	80	0	3	-3.409656
528	58.350000	58.500000	E4	90	80	0	1	-4.323321
529	58.350000	58.500000	G4	90	80	0	2	-2.525967
530	58.350000	58.500000	B-4	90	80	0	4	-4.064995
531	58.500000	58.750000	F#4	90	80	1	-3	-6.025293
532	58.500000	58.750000	A4	90	80	1	-2	-2.872099
533	58.500000	58.750000	D5	90	80	1	-1	-2.320150
534	59.000000	59.250000	E4	90	80	1	-5	-3.181034
535	59.000000	59.250000	G4	90	80	1	-3	-3.170876
536	59.000000	59.250000	C5	90	80	1	-1	-2.717521
537	59.000000	59.100000	D4	90	80	0	1	-3.549056
538	59.000000	59.100000	A4	90	80	0	3	-3.751952
539	59.000000	59.100000	B4	90	80	0	4	-2.883688
540	59.550000	59.700000	D#4	90	80	0	1	-3.577835
541	59.550000	59.700000	A4	90	80	0	3	-5.088322
542	59.550000	59.700000	B4	90	80	0	4	-2.883688
543	59.750000	60.000000	D4	90	80	1	-5	-3.181034
544	59.750000	60.000000	F4	90	80	1	-3	-3.170876
545	59.750000	60.000000	B4	90	80	1	-1	-2.717521
546	60.000000	60.150000	C6	126	80	0	5	-8.032197
547	60.150000	60.300000	G5	126	80	0	2	-3.071676
548	60.300000	60.450000	A5	126	80	0	3	-2.675961
549	60.450000	60.750000	E-5	126	80	0	2	-5.483387
550	60.500000	60.750000	E4	90	80	1	-4	-3.752799
551	60.500000	60.750000	G4	90	80	1	-2	-2.359478
552	60.500000	60.750000	C5	90	80	1	-1	-2.320150
553	60.750000	61.200000	D5	126	80	0	1	-3.290753
554	61.000000	61.250000	F4	90	80	1	-5	-3.242781
555	61.000000	61.250000	B-4	90	80	1	-3	-3.351805
556	61.000000	61.250000	D5	90	80	1	-1	-3.390615
557	61.200000	61.350000	C5	126	80	0	3	-4.737465
558	61.350000	61.500000	B-4	126	80	0	2	-3.032881
559	61.500000	61.650000	C5	126	80	0	1	-5.162135
560	61.650000	61.950000	F5	126	80	0	2	-2.963617
561	61.750000	62.000000	F#4	90	80	1	-4	-4.339145
562	61.750000	62.000000	B4	90	80	1	-2	-2.871001
563	61.750000	62.000000	D#5	90	80	1	-1	-3.194227
564	61.950000	62.400000	B-5	126	80	0	4	-3.522723
565	62.400000	62.550000	C6	126	80	0	5	-3.871087
566	62.500000	62.750000	G4	90	80	1	-5	-5.060396
567	62.500000	62.750000	C#5	90	80	1	-2	-5.232676
568	62.500000	62.750000	E5	90	80	1	-1	-2.464298
569	62.550000	62.700000	G5	126	80	0	2	-3.071676
570	62.700000	62.850000	A5	126	80	0	3	-2.675961
571	62.850000	63.150000	E-5	126	80	0	2	-5.483387
572	63.000000	63.250000	G#4	90	80	1	-5	-4.332318
573	63.000000	63.250000	D#5	90	80	1	-2	-2.554480
574	63.000000	63.250000	F#5	90	80	1	-1	-2.415329
575	63.150000	63.600000	D5	126	80	0	1	-3.290753
576	63.600000	63.750000	C5	126	80	0	3	-4.737465
577	63.750000	63.900000	A4	126	80	0	1	-3.281335
578	63.750000	64.000000	A4	90	80	1	-5	-4.087479
579	63.750000	64.000000	C#5	90	80	1	-3	-3.351805
580	63.750000	64.000000	E5	90	80	1	-1	-3.288065
581	63.900000	64.050000	G5	126	80	0	4	-4.869085
582	64.000000	64.250000	G4	126	80	1	-2	-6.601843
583	64.050000	64.350000	E-5	126	80	0	2	-3.901124
584	64.250000	64.750000	E-4	126	80	1	-4	-4.647576
585	64.350000	64.800000	D5	126	80	0	1	-3.290753
586	64.750000	65.250000	G4	126	80	1	-2	-2.871001
587	64.800000	64.950000	C6	90	80	0	4	-4.869085
588	64.800000	64.950000	C6	90	80	0	4	-4.784491
589	64.950000	65.250000	G5	90	80	0	1	-3.216633
590	64.950000	65.250000	G6	90	80	0	5	-2.242366
591	65.250000	65.550000	A5	90	80	0	1	-3.027253
592	65.250000	65.550000	A5	90	80	0	2	-4.712397
593	65.250000	65.750000	E-4	126	80	1	-4	-4.647576
594	65.550000	65.850000	G5	90	80	0	1	-2.609267
595	65.550000	65.850000	G6	90	80	0	5	-2.242366
596	65.750000	66.000000	G4	126	80	1	-2	-2.871001
597	65.850000	66.000000	E5	90	80	0	1	-4.340619
598	65.850000	66.000000	E6	90	80	0	5	-2.242366
599	66.000000	66.150000	D5	90	80	0	1	-3.460971
600	66.000000	66.150000	D6	90	80	0	5	-2.242366
601	66.000000	66.250000	F#4	126	80	1	-3	-3.848567
602	66.150000	66.450000	C5	90	80	0	1	-3.460971
603	66.150000	66.450000	C6	90	80	0	5	-2.242366
604	66.250000	66.750000	B-4	126	80	1	-1	-2.967507
605	66.450000	66.750000	D5	90	80	0	1	-3.027253
606	66.450000	66.750000	D6	90	80	0	5	-2.242366
607	66.750000	67.050000	G5	90	80	0	1	-3.425130
608	66.750000	67.050000	G6	90	80	0	5	-2.242366
609	66.750000	67.250000	F#4	126	80	1	-2	-3.291596
610	67.050000	67.200000	A5	90	80	0	1	-3.027253
611	67.050000	67.200000	A5	90	80	0	3	-5.268790
612	67.200000	67.350000	D5	90	80	0	1	-3.310457
613	67.200000	67.350000	D6	90	80	0	5	-2.242366
614	67.250000	67.750000	B-4	126	80	1	-1	-2.415329
615	67.350000	67.650000	C5	90	80	0	1	-3.460971
616	67.350000	67.650000	C6	90	80	0	5	-2.242366
617	67.650000	67.950000	D5	90	80	0	1	-3.027253
618	67.650000	67.950000	D6	90	80	0	5	-2.242366
619	67.750000	68.000000	F#4	126	80	1	-2	-3.291596
620	67.950000	68.250000	G5	90	80	0	1	-3.425130
621	67.950000	68.250000	G6	90	80	0	5	-2.242366
622	68.000000	68.250000	G4	126	80	1	-1	-3.404249
623	68.250000	68.400000	E-5	90	80	0	1	-5.436724
624	68.250000	68.400000	E-6	90	80	0	5	-2.242366
625	68.250000	68.750000	E-4	126	80	1	-2	-4.444474
626	68.400000	68.550000	C5	90	80	0	1	-4.990776
627	68.400000	68.550000	C6	90	80	0	5	-2.242366
628	68.550000	68.850000	A4	90	80	0	1	-4.340619
629	68.550000	68.850000	A5	90	80	0	5	-2.242366
630	68.750000	69.250000	C4	126	80	1	-3	-4.407505
631	68.850000	69.150000	D5	90	80	0	1	-3.425130
632	68.850000	69.150000	D6	90	80	0	5	-2.242366
633	69.150000	69.450000	C5	90	80	0	1	-3.460971
634	69.150000	69.450000	C6	90	80	0	5	-2.242366
635	69.250000	69.750000	E-4	126	80	1	-1	-4.207397
636	69.450000	69.600000	C5	90	80	0	1	-1.922714
637	69.450000	69.600000	C6	90	80	0	5	-2.242366
638	69.600000	69.750000	E4	90	80	0	1	-6.163296
639	69.600000	69.750000	C5	90	80	0	5	-3.707830
640	69.750000	70.050000	G4	90	80	0	2	-3.071676
641	69.750000	70.050000	E-5	90	80	0	5	-4.848026
642	69.750000	70.000000	C4	126	80	1	-2	-4.084076
643	70.000000	70.250000	A3	126	80	1	-4	-3.718276
644	70.050000	70.350000	E4	90	80	0	1	-3.885272
645	70.050000	70.350000	C5	90	80	0	5	-3.707830
646	70.250000	70.750000	C4	126	80	1	-2	-2.359478
647	70.350000	70.650000	G4	90	80	0	2	-3.071676
648	70.350000	70.650000	E-5	90	80	0	5	-4.848026
649	70.650000	70.800000	E4	90	80	0	1	-3.885272
650	70.650000	70.800000	C5	90	80	0	5	-3.707830
651	70.750000	71.250000	A3	126	80	1	-4	-3.718276
652	70.800000	70.950000	E5	90	80	0	1	-6.440580
653	70.800000	70.950000	C6	90	80	0	5	-3.707830
654	70.950000	71.250000	C#5	90	80	0	1	-4.221033
655	70.950000	71.250000	A5	90	80	0	5	-4.655217
656	71.250000	71.550000	E5	90	80	0	2	-3.071676
657	71.250000	71.550000	C6	90	80	0	5	-3.767315
658	71.250000	71.750000	C4	126	80	1	-2	-2.359478
659	71.550000	71.850000	C#5	90	80	0	1	-4.221033
660	71.550000	71.850000	A5	90	80	0	5	-4.655217
661	71.750000	72.000000	A3	126	80	1	-4	-3.718276
662	71.850000	72.000000	C#5	90	80	0	2	-3.763668
663	71.850000	72.000000	A5	90	80	0	5	-3.857051
664	72.000000	72.150000	E4	90	80	0	1	-4.498352
665	72.000000	72.150000	C5	90	80	0	5	-3.707830
666	72.000000	72.250000	G4	126	80	1	-1	-4.427076
667	72.150000	72.450000	G4	90	80	0	2	-3.071676
668	72.150000	72.450000	E-5	90	80	0	5	-4.848026
669	72.250000	72.750000	E-4	126	80	1	-2	-4.444474
670	72.450000	72.750000	B-4	90	80	0	2	-3.071676
671	72.450000	72.750000	F#5	90	80	0	5	-3.767315
672	72.750000	73.050000	G4	90	80	0	1	-3.885272
673	72.750000	73.050000	E-5	90	80	0	5	-4.305381
674	72.750000	73.250000	G4	126	80	1	-1	-3.262923
675	73.050000	73.200000	E4	90	80	0	1	-3.885272
676	73.050000	73.200000	C5	90	80	0	5	-3.707830
677	73.200000	73.350000	E5	90	80	0	1	-6.440580
678	73.200000	73.350000	A5	90	80	0	3	-3.401091
679	73.200000	73.350000	C6	90	80	0	5	-2.681011
680	73.250000	73.750000	E-4	126	80	1	-2	-4.444474
681	73.350000	73.650000	C#5	90	80	0	1	-4.221033
682	73.350000	73.650000	F#5	90	80	0	3	-3.401091
683	73.350000	73.650000	A5	90	80	0	5	-3.635747
684	73.650000	73.950000	A#4	90	80	0	1	-4.221033
685	73.650000	73.950000	D#5	90	80	0	2	-2.963617
686	73.650000	73.950000	F#5	90	80	0	4	-2.758588
687	73.750000	74.000000	F4	126	80	1	-1	-2.464298
688	73.950000	74.250000	C#5	90	80	0	2	-3.266530
689	73.950000	74.250000	E5	90	80	0	3	-3.265372
690	73.950000	74.250000	A5	90	80	0	5	-3.128600
691	74.000000	74.250000	F#4	126	80	1	-3	-5.495075
692	74.250000	74.400000	C#5	90	80	0	2	-3.763668
693	74.250000	74.400000	E5	90	80	0	3	-3.265372
694	74.250000	74.400000	A5	90	80	0	5	-3.128600
695	74.250000	74.750000	B-4	126	80	1	-2	-3.046717
696	74.400000	74.550000	E4	90	80	0	1	-4.498352
697	74.400000	74.550000	C5	90	80	0	5	-3.707830
698	74.550000	74.850000	G4	90	80	0	2	-3.071676
699	74.550000	74.850000	E-5	90	80	0	5	-4.848026
700	74.750000	75.250000	F#4	126	80	1	-4	-3.718276
701	74.850000	75.150000	B-4	90	80	0	2	-3.071676
702	74.850000	75.150000	F5	90	80	0	5	-3.857051
703	75.150000	75.450000	G4	90	80	0	1	-3.027253
704	75.150000	75.450000	E-5	90	80	0	4	-4.298356
705	75.250000	75.750000	G#4	126	80	1	-3	-2.915060
706	75.450000	75.600000	F4	90	80	0	1	-3.493957
707	75.450000	75.600000	D-5	90	80	0	4	-4.298356
708	75.600000	75.750000	E4	90	80	0	1	-3.493957
709	75.600000	75.750000	C5	90	80	0	5	-3.707830
710	75.750000	76.050000	G4	90	80	0	2	-3.071676
711	75.750000	76.050000	E-5	90	80	0	5	-4.848026
712	75.750000	76.000000	A#4	126	80	1	-2	-2.510186
713	76.000000	76.250000	B4	127	80	1	-1	-3.404249
714	76.050000	76.350000	B-4	90	80	0	2	-3.071676
715	76.050000	76.350000	F#5	90	80	0	5	-3.767315
716	76.250000	76.750000	G4	127	80	1	-2	-3.291596
717	76.350000	76.650000	D-5	90	80	0	2	-3.071676
718	76.350000	76.650000	A5	90	80	0	5	-3.857051
719	76.650000	76.800000	F4	90	80	0	1	-4.340619
720	76.650000	76.800000	D-5	90	80	0	4	-4.298356
721	76.750000	77.250000	E4	127	80	1	-4	-3.718276
722	76.800000	76.950000	E4	90	80	0	1	-3.493957
723	76.800000	76.950000	C5	90	80	0	5	-3.707830
724	76.950000	77.250000	G4	90	80	0	2	-3.071676
725	76.950000	77.250000	E-5	90	80	0	5	-4.848026
726	77.250000	77.550000	B-4	90	80	0	2	-3.071676
727	77.250000	77.550000	F5	90	80	0	5	-3.857051
728	77.250000	77.750000	C4	127	80	1	-1	-5.372527
729	77.550000	77.850000	C#5	90	80	0	2	-4.555079
730	77.550000	77.850000	A5	90	80	0	5	-3.857051
731	77.750000	78.000000	A3	127	80	1	-2	-3.291596
732	77.850000	78.000000	D#5	90	80	0	2	-4.412763
733	77.850000	78.000000	B5	90	80	0	5	-3.857051
734	78.000000	78.150000	E-4	90	80	0	1	-6.440580
735	78.000000	78.150000	A4	90	80	0	4	-5.537262
736	78.000000	78.750000	B3	127	80	1	-1	-2.578439
737	78.150000	78.450000	D4	90	80	0	1	-2.857522
738	78.150000	78.450000	C5	90	80	0	5	-4.284649
739	78.450000	78.750000	E-4	90	80	0	1	-3.521239
740	78.450000	78.750000	A4	90	80	0	3	-5.088322
741	78.750000	79.050000	E4	90	80	0	1	-2.905888
742	78.750000	79.050000	C5	90	80	0	5	-3.707830
743	78.750000	79.000000	D#4	127	80	1	-3	-6.091799
744	79.000000	79.250000	E4	127	80	1	-2	-3.642491
745	79.050000	79.200000	E4	90	80	0	1	-2.845304
746	79.050000	79.200000	C5	90	80	0	5	-3.707830
747	79.250000	79.500000	F#4	127	80	1	-1	-3.101885
748	79.500000	79.750000	G#4	127	80	1	-3	-4.611792
749	79.750000	80.000000	A#4	127	80	1	-2	-2.510186
750	80.000000	80.250000	B4	127	80	1	-1	-3.404249
751	80.250000	80.750000	G4	127	80	1	-2	-3.291596
752	80.750000	81.250000	E4	127	80	1	-4	-3.718276
753	81.250000	81.750000	C#4	127	80	1	-1	-6.154130
754	81.750000	82.000000	A3	127	80	1	-2	-4.597368
755	82.000000	84.000000	G3	127	80	1	-1	-4.644141
756	84.000000	84.250000	E3	99	80	1	-2	-3.291596
757	84.250000	84.750000	C#3	99	80	1	-3	-3.464153
758	84.750000	85.250000	B-2	99	80	1	-1	-6.083116
759	85.250000	85.750000	F#2	99	80	1	-2	-3.291596
760	85.750000	86.000000	D#2	99	80	1	-3	-4.063676
761	86.000000	86.250000	B#1	99	80	1	-4	-4.404178
762	87.250000	87.500000	C#2	99	80	1	-3	-2.906925
763	88.000000	88.250000	D#2	99	80	1	-2	-2.510186
764	89.250000	89.500000	D2	99	80	1	-3	-3.281947
765	90.000000	90.250000	C#2	99	80	1	-4	-5.020222
766	91.250000	91.500000	G#2	99	80	1	-1	-2.959487
767	93.250000	93.500000	F2	99	80	1	-2	-4.084076
768	93.500000	93.750000	F2	99	80	1	-1	-4.535716
769	93.750000	94.000000	D2	99	80	1	-2	-3.291596
770	94.000000	94.250000	D-2	99	80	1	-3	-3.848567
771	94.750000	95.000000	C-2	99	80	1	-4	-4.404178
772	95.250000	95.500000	B-1	99	80	1	-5	-5.527356
773	96.000000	96.250000	C4	99	80	1	-5	-8.265166
774	96.250000	96.500000	B-3	99	80	1	-1	-7.515526
775	96.500000	96.750000	B-3	99	80	1	-1	-4.426668
776	96.750000	97.000000	G3	99	80	1	-2	-4.084076
777	97.000000	97.250000	G3	99	80	1	-1	-4.535716
778	97.250000	97.500000	E3	99	80	1	-2	-3.291596
779	97.500000	97.750000	E3	99	80	1	-2	-3.999177
780	97.750000	98.000000	C3	99	80	1	-4	-3.718276
781	98.000000	98.250000	B2	99	80	1	-5	-3.249332
782	98.250000	98.500000	F3	99	80	1	-2	-2.554480
783	98.500000	98.750000	F3	99	80	1	-2	-3.999177
784	98.750000	99.000000	G3	99	80	1	-1	-2.578439
785	99.000000	99.250000	G3	99	80	1	-2	-4.675782
786	99.250000	99.500000	G#3	99	80	1	-1	-4.284379
787	99.500000	99.750000	G#3	99	80	1	-1	-4.426668
788	99.750000	100.000000	D#3	99	80	1	-3	-3.831713
789	100.206897	100.413793	C3	90	80	1	-4	-4.404178
790	100.206897	100.413793	E3	90	80	1	-2	-2.359478
791	100.206897	100.413793	G3	90	80	1	-1	-2.415329
792	100.413793	100.620690	D3	90	80	1	-4	-4.223116
793	100.413793	100.620690	F3	90	80	1	-2	-2.359478
794	100.413793	100.620690	A3	90	80	1	-1	-2.415329
795	100.620690	100.827586	E3	90	80	1	-4	-4.223116
796	100.620690	100.827586	G3	90	80	1	-2	-2.359478
797	100.620690	100.827586	B3	90	80	1	-1	-2.415329
798	100.827586	101.034483	F3	90	80	1	-4	-4.223116
799	100.827586	101.034483	A3	90	80	1	-2	-2.359478
800	100.827586	101.034483	C4	90	80	1	-1	-2.415329
801	101.034483	101.241379	G3	90	80	1	-4	-4.223116
802	101.034483	101.241379	B3	90	80	1	-2	-2.359478
803	101.034483	101.241379	D4	90	80	1	-1	-2.415329
804	101.241379	101.448276	A3	90	80	1	-4	-4.223116
805	101.241379	101.448276	C4	90	80	1	-2	-2.359478
806	101.241379	101.448276	E4	90	80	1	-1	-2.415329
807	101.448276	101.655172	B3	90	80	1	-4	-4.223116
808	101.448276	101.655172	D4	90	80	1	-2	-2.359478
809	101.448276	101.655172	F4	90	80	1	-1	-2.415329
810	101.862069	102.068966	D3	90	80	1	-5	-4.233080
811	101.862069	102.068966	F3	90	80	1	-3	-3.170876
812	101.862069	102.068966	A3	90	80	1	-2	-3.046717
813	102.068966	102.275862	E3	90	80	1	-4	-4.045906
814	102.068966	102.275862	G3	90	80	1	-2	-2.359478
815	102.068966	102.275862	B3	90	80	1	-1	-2.415329
816	102.275862	102.482759	F3	90	80	1	-4	-4.223116
817	102.275862	102.482759	A3	90	80	1	-2	-2.359478
818	102.275862	102.482759	C4	90	80	1	-1	-2.415329
819	102.482759	102.689655	G3	90	80	1	-4	-4.223116
820	102.482759	102.689655	B3	90	80	1	-2	-2.359478
821	102.482759	102.689655	D4	90	80	1	-1	-2.415329
822	102.689655	102.896552	A3	90	80	1	-4	-4.223116
823	102.689655	102.896552	C4	90	80	1	-2	-2.359478
824	102.689655	102.896552	E-4	90	80	1	-1	-3.101885
825	102.896552	103.103448	B3	90	80	1	-3	-5.389809
826	102.896552	103.103448	D4	90	80	1	-2	-3.046717
827	102.896552	103.103448	F4	90	80	1	-1	-2.415329
828	103.103448	103.310345	C4	90	80	1	-3	-3.831713
829	103.103448	103.310345	E-4	90	80	1	-2	-3.407298
830	103.103448	103.310345	F#4	90	80	1	-1	-2.415329
831	103.517241	103.724138	E3	90	80	1	-5	-5.012184
832	103.517241	103.724138	G3	90	80	1	-3	-3.170876
833	103.517241	103.724138	B3	90	80	1	-2	-3.046717
834	103.724138	103.931034	F3	90	80	1	-4	-4.045906
835	103.724138	103.931034	A3	90	80	1	-2	-2.359478
836	103.724138	103.931034	C4	90	80	1	-1	-2.415329
837	103.931034	104.137931	G3	90	80	1	-4	-4.223116
838	103.931034	104.137931	B3	90	80	1	-2	-2.359478
839	103.931034	104.137931	D4	90	80	1	-1	-2.415329
840	104.137931	104.344828	A3	90	80	1	-4	-4.223116
841	104.137931	104.344828	C4	90	80	1	-2	-2.359478
842	104.137931	104.344828	E-4	90	80	1	-1	-3.101885
843	104.344828	104.551724	B3	90	80	1	-3	-5.389809
844	104.344828	104.551724	D4	90	80	1	-2	-3.046717
845	104.344828	104.551724	F4	90	80	1	-1	-2.415329
846	104.551724	104.758621	C#4	90	80	1	-3	-4.924354
847	104.551724	104.758621	E4	90	80	1	-2	-2.872099
848	104.551724	104.758621	G4	90	80	1	-1	-2.415329
849	104.758621	104.965517	D4	90	80	1	-4	-4.223116
850	104.758621	104.965517	F#4	90	80	1	-2	-3.159098
851	104.758621	104.965517	A4	90	80	1	-1	-2.464298
852	105.172414	105.379310	F3	90	80	1	-5	-4.233080
853	105.172414	105.379310	A3	90	80	1	-3	-3.170876
854	105.172414	105.379310	C4	90	80	1	-2	-3.046717
855	105.379310	105.586207	G3	90	80	1	-4	-4.045906
856	105.379310	105.586207	B3	90	80	1	-2	-2.359478
857	105.379310	105.586207	D4	90	80	1	-1	-2.415329
858	105.586207	105.793103	A3	90	80	1	-4	-4.223116
859	105.586207	105.793103	C4	90	80	1	-2	-2.359478
860	105.586207	105.793103	E-4	90	80	1	-1	-3.101885
861	105.793103	106.000000	B3	90	80	1	-3	-5.389809
862	105.793103	106.000000	D4	90	80	1	-2	-3.046717
863	105.793103	106.000000	F4	90	80	1	-1	-2.415329
864	106.000000	106.206897	C#4	90	80	1	-3	-4.924354
865	106.000000	106.206897	E4	90	80	1	-2	-2.872099
866	106.000000	106.206897	G4	90	80	1	-1	-2.415329
867	106.206897	106.413793	D4	90	80	1	-4	-4.223116
868	106.206897	106.413793	F4	90	80	1	-2	-2.359478
869	106.206897	106.413793	A4	90	80	1	-1	-2.415329
870	106.413793	106.620690	E4	90	80	1	-4	-4.223116
871	106.413793	106.620690	G4	90	80	1	-2	-2.359478
872	106.413793	106.620690	B4	90	80	1	-1	-2.415329
873	106.620690	107.241379	F#4	90	80	1	-3	-4.924354
874	106.620690	107.241379	A4	90	80	1	-2	-2.872099
875	106.620690	107.241379	C5	90	80	1	-1	-2.415329
876	107.241379	107.655172	F#3	90	80	1	-5	-6.587391
877	107.241379	107.655172	C4	90	80	1	-2	-4.656382
878	107.241379	107.655172	D4	90	80	1	-1	-2.578439
879	107.655172	108.275862	G#3	90	80	1	-4	-6.237620
880	107.655172	108.275862	C4	90	80	1	-2	-2.871001
881	107.655172	108.275862	E4	90	80	1	-1	-2.415329
882	108.896552	109.310345	A3	90	80	1	-4	-3.752799
883	108.896552	109.310345	D4	90	80	1	-2	-2.507290
884	108.896552	109.310345	F4	90	80	1	-1	-2.415329
885	109.310345	109.931034	B3	90	80	1	-5	-3.242781
886	109.310345	109.931034	D4	90	80	1	-3	-3.170876
887	109.310345	109.931034	F#4	90	80	1	-2	-3.749711
888	110.551724	110.965517	F4	90	80	1	-3	-3.281947
889	110.551724	110.965517	A4	90	80	1	-2	-3.046717
890	110.551724	110.965517	C-5	90	80	1	-1	-2.578439
891	110.965517	111.586207	B-3	90	80	1	-5	-4.553252
892	110.965517	111.586207	D4	90	80	1	-3	-4.118108
893	110.965517	111.586207	A-4	90	80	1	-1	-4.411093
894	111.586207	112.206897	C4	90	80	1	-4	-5.233707
895	111.586207	112.206897	E4	90	80	1	-2	-2.359478
896	111.586207	112.206897	G4	90	80	1	-1	-2.415329
897	112.206897	112.620690	A3	90	80	1	-5	-3.181034
898	112.206897	112.620690	D4	90	80	1	-2	-3.272976
899	112.206897	112.620690	F#4	90	80	1	-1	-3.194227
900	112.620690	113.241379	C4	90	80	1	-4	-6.237620
901	112.620690	113.241379	E4	90	80	1	-2	-2.359478
902	112.620690	113.241379	G4	90	80	1	-1	-2.415329
903	113.241379	113.448276	B-2	99	80	1	-5	-5.753604
904	113.448276	113.655172	E3	99	80	1	-3	-5.278707
905	113.655172	113.862069	B-3	99	80	1	-2	-6.480701
906	113.862069	114.068966	A3	99	80	1	-1	-3.931111
907	114.068966	114.275862	G3	99	80	1	-2	-2.745489
908	114.275862	114.482759	F#3	99	80	1	-3	-3.848567
909	114.482759	114.689655	E3	99	80	1	-1	-4.439870
910	114.689655	114.896552	B-2	99	80	1	-5	-6.372304
911	114.896552	115.103448	E4	90	80	1	-5	-8.265166
912	114.896552	115.103448	C5	90	80	1	-1	-4.009362
913	115.103448	115.517241	C#4	90	80	1	-5	-4.582913
914	115.103448	115.517241	A4	90	80	1	-2	-4.203307
915	115.517241	115.931034	E4	90	80	1	-4	-4.045906
916	115.517241	115.931034	C5	90	80	1	-1	-3.451917
917	115.931034	116.344828	C#4	90	80	1	-5	-4.582913
918	115.931034	116.344828	A4	90	80	1	-1	-4.813538
919	116.344828	116.551724	C#4	90	80	1	-4	-4.339145
920	116.344828	116.551724	A4	90	80	1	-1	-3.887622
921	116.551724	116.758621	B-2	99	80	1	-5	-7.040401
922	116.758621	116.965517	E3	99	80	1	-3	-5.278707
923	116.965517	117.172414	B-3	99	80	1	-2	-6.480701
924	117.172414	117.379310	A3	99	80	1	-1	-3.931111
925	117.379310	117.586207	G3	99	80	1	-2	-2.745489
926	117.586207	117.793103	F#3	99	80	1	-3	-3.848567
927	117.793103	118.000000	E3	99	80	1	-1	-4.439870
928	118.000000	118.206897	B-2	99	80	1	-5	-6.372304
929	118.206897	118.413793	E4	90	80	1	-5	-8.265166
930	118.206897	118.413793	A4	90	80	1	-2	-3.272976
931	118.206897	118.413793	C5	90	80	1	-1	-2.415329
932	118.413793	118.827586	C4	90	80	1	-5	-2.314770
933	118.413793	118.827586	F#4	90	80	1	-2	-5.232676
934	118.413793	118.827586	A4	90	80	1	-1	-2.464298
935	118.827586	119.241379	A#3	90	80	1	-5	-4.582913
936	118.827586	119.241379	D#4	90	80	1	-2	-3.272976
937	118.827586	119.241379	F#4	90	80	1	-1	-2.415329
938	119.241379	119.655172	C4	90	80	1	-4	-6.237620
939	119.241379	119.655172	E4	90	80	1	-2	-2.359478
940	119.241379	119.655172	A4	90	80	1	-1	-2.320150
941	119.655172	119.862069	C4	90	80	1	-4	-4.458307
942	119.655172	119.862069	E4	90	80	1	-2	-2.359478
943	119.655172	119.862069	A4	90	80	1	-1	-2.320150
944	119.862069	120.068966	B-2	99	80	1	-5	-7.040401
945	120.068966	120.275862	E3	99	80	1	-2	-4.656382
946	120.275862	120.482759	F#3	99	80	1	-1	-3.101885
947	120.482759	120.689655	E3	99	80	1	-2	-4.084076
948	120.689655	120.896552	D3	99	80	1	-1	-4.644141
949	120.896552	121.103448	C#3	99	80	1	-2	-3.720116
950	121.103448	121.310345	B2	99	80	1	-3	-4.407505
951	121.310345	121.517241	A2	99	80	1	-4	-3.061136
952	121.517241	121.724138	B-2	99	80	1	-3	-2.906925
953	121.724138	121.931034	E3	99	80	1	-1	-4.001517
954	121.931034	122.137931	F#3	99	80	1	-2	-5.583884
955	122.137931	122.344828	E3	99	80	1	-3	-4.407505
956	122.344828	122.551724	D3	99	80	1	-1	-3.930078
957	122.551724	122.758621	C#3	99	80	1	-2	-3.720116
958	122.758621	122.965517	B2	99	80	1	-3	-4.407505
959	122.965517	123.172414	A2	99	80	1	-4	-3.061136
960	123.172414	123.379310	B-2	99	80	1	-3	-2.906925
961	123.379310	123.586207	A3	99	80	1	-1	-6.473904
962	123.586207	123.793103	G3	99	80	1	-2	-2.745489
963	123.793103	124.000000	F#3	99	80	1	-3	-3.848567
964	124.000000	124.206897	E-3	99	80	1	-1	-6.083116
965	124.206897	124.413793	C#3	99	80	1	-2	-2.745489
966	124.413793	124.620690	B-2	99	80	1	-3	-4.063676
967	124.620690	124.827586	G2	99	80	1	-4	-4.404178
968	124.827586	125.241379	F2	126	80	1	-5	-3.249332
969	125.241379	125.862069	F3	126	80	1	-1	-1.202832
970	125.862069	126.275862	C2	90	80	1	-5	-3.781310
971	125.862069	126.275862	G2	90	80	1	-3	-3.416097
972	126.275862	126.482759	C3	90	80	1	-2	-3.936874
973	126.275862	126.482759	G3	90	80	1	-1	-4.047397
