//Version: PianoFingering_v170101
1	0.000000	0.666667	E5	90	80	0	5	-1.850019
2	0.000000	1.000000	G3	90	80	1	-5	-0.504576
3	0.916667	1.166667	A4	90	80	0	2	-3.263552
4	0.916667	1.166667	E5	90	80	0	5	-3.528229
5	1.000000	1.500000	A3	90	80	1	-4	-3.907966
6	1.000000	1.500000	E4	90	80	1	-1	-2.959487
7	1.333333	1.500000	G4	90	80	0	1	-2.845304
8	1.333333	1.500000	E5	90	80	0	5	-3.707830
9	1.500000	2.000000	B3	90	80	1	-2	-3.456527
10	1.500000	2.000000	E4	90	80	1	-1	-2.320150
11	1.750000	2.000000	A4	90	80	0	2	-3.263552
12	1.750000	2.000000	E5	90	80	0	5	-3.528229
13	2.000000	2.500000	C#4	90	80	1	-2	-3.299403
14	2.000000	2.500000	E4	90	80	1	-1	-2.464298
15	2.166667	2.416667	B4	90	80	0	2	-3.071676
16	2.166667	2.416667	E5	90	80	0	4	-2.909306
17	2.416667	2.666667	D5	90	80	0	3	-2.238713
18	2.500000	3.000000	D#4	90	80	1	-2	-3.720116
19	2.500000	3.000000	E4	90	80	1	-1	-3.404249
20	2.833333	3.000000	C#5	90	80	0	2	-3.151465
21	2.833333	3.000000	E5	90	80	0	3	-3.265372
22	3.166667	3.333333	C#5	90	80	0	2	-3.032881
23	3.166667	3.333333	G5	90	80	0	5	-4.764150
24	3.500000	3.666667	C#5	90	80	0	2	-4.412763
25	3.500000	3.666667	E5	90	80	0	3	-3.265372
26	3.833333	4.000000	C#5	90	80	0	2	-3.032881
27	3.833333	4.000000	D5	90	80	0	3	-3.686981
28	4.000000	4.166667	B4	90	80	0	1	-3.281335
29	4.000000	4.500000	A3	90	80	1	-4	-3.752799
30	4.000000	4.500000	E4	90	80	1	-1	-2.959487
31	4.333333	4.500000	C5	90	80	0	2	-2.867384
32	4.333333	4.500000	E5	90	80	0	4	-2.758588
33	4.500000	5.000000	B3	90	80	1	-2	-3.456527
34	4.500000	5.000000	E4	90	80	1	-1	-2.320150
35	4.666667	4.833333	D#5	90	80	0	3	-3.226506
36	4.666667	4.833333	E5	90	80	0	4	-3.868143
37	5.000000	5.166667	C5	90	80	0	2	-3.359779
38	5.000000	5.166667	E5	90	80	0	4	-2.758588
39	5.000000	5.500000	C#4	90	80	1	-2	-3.299403
40	5.000000	5.500000	E4	90	80	1	-1	-2.464298
41	5.333333	5.500000	B4	90	80	0	2	-3.266530
42	5.333333	5.500000	E5	90	80	0	4	-2.909306
43	5.500000	5.666667	G4	90	80	0	1	-2.969918
44	5.500000	6.000000	D#4	90	80	1	-2	-3.720116
45	5.500000	6.000000	E4	90	80	1	-1	-3.404249
46	5.833333	6.000000	A4	90	80	0	2	-2.867384
47	5.833333	6.000000	D#5	90	80	0	5	-5.283726
48	6.166667	6.500000	D#5	90	80	0	5	-4.495609
49	6.250000	6.750000	A3	90	80	1	-4	-3.752799
50	6.250000	6.750000	E4	90	80	1	-1	-2.959487
51	6.666667	6.833333	A4	90	80	0	2	-4.646957
52	6.666667	6.833333	D#5	90	80	0	5	-5.283726
53	6.750000	7.250000	B3	90	80	1	-2	-3.456527
54	6.750000	7.250000	E4	90	80	1	-1	-2.320150
55	6.944444	7.055556	G4	90	80	0	2	-4.577242
56	6.944444	7.055556	B4	90	80	0	4	-2.758588
57	7.055556	7.166667	F#4	90	80	0	2	-3.901124
58	7.250000	7.750000	C#4	90	80	1	-2	-3.299403
59	7.250000	7.750000	E4	90	80	1	-1	-2.464298
60	7.333333	7.500000	E4	90	80	0	1	-3.360143
61	7.333333	7.500000	A4	90	80	0	2	-2.963617
62	7.666667	7.833333	F4	90	80	0	1	-3.157580
63	7.666667	7.833333	A4	90	80	0	2	-2.525967
64	7.750000	8.250000	D#4	90	80	1	-2	-3.720116
65	7.750000	8.250000	E4	90	80	1	-1	-3.404249
66	8.000000	8.166667	E4	90	80	0	1	-3.434905
67	8.000000	8.166667	A4	90	80	0	3	-3.401091
68	8.333333	8.500000	G#4	90	80	0	2	-3.151465
69	8.333333	8.500000	A4	90	80	0	3	-3.686981
70	8.500000	8.666667	E4	90	80	0	1	-2.905888
71	8.500000	9.000000	A3	90	80	1	-4	-3.752799
72	8.500000	9.000000	E4	90	80	1	-1	-2.959487
73	8.833333	9.000000	G4	90	80	0	2	-2.525967
74	8.833333	9.000000	A4	90	80	0	3	-2.675961
75	9.000000	9.500000	B3	90	80	1	-2	-3.456527
76	9.000000	9.500000	E4	90	80	1	-1	-2.320150
77	9.166667	9.333333	E4	90	80	0	1	-2.905888
78	9.166667	9.333333	A4	90	80	0	3	-3.401091
79	9.500000	9.666667	G4	90	80	0	2	-2.287533
80	9.500000	9.666667	A4	90	80	0	3	-2.675961
81	9.500000	10.000000	C#4	90	80	1	-2	-3.299403
82	9.500000	10.000000	E4	90	80	1	-1	-2.464298
83	9.833333	10.000000	D4	90	80	0	1	-3.310457
84	9.833333	10.000000	F4	90	80	0	3	-3.473158
85	10.000000	10.166667	B-3	90	80	0	1	-4.449629
86	10.000000	10.500000	D#4	90	80	1	-2	-3.720116
87	10.000000	10.500000	E4	90	80	1	-1	-3.404249
88	10.500000	11.166667	A3	99	80	0	3	-7.999550
89	10.750000	11.250000	A3	90	80	1	-4	-3.752799
90	10.750000	11.250000	E4	90	80	1	-1	-2.959487
91	11.166667	11.333333	G3	99	80	0	2	-2.287533
92	11.250000	11.750000	B3	90	80	1	-2	-3.456527
93	11.250000	11.750000	E4	90	80	1	-1	-2.320150
94	11.333333	11.500000	A3	99	80	0	3	-2.675961
95	11.500000	11.666667	B3	99	80	0	4	-2.883688
96	11.666667	12.666667	C4	99	80	0	5	-2.706622
97	11.750000	12.250000	C#4	90	80	1	-2	-3.299403
98	11.750000	12.250000	E4	90	80	1	-1	-2.464298
99	12.250000	12.750000	D#4	90	80	1	-2	-3.720116
100	12.250000	12.750000	E4	90	80	1	-1	-3.404249
101	12.666667	12.833333	B-3	99	80	0	4	-4.424487
102	12.833333	13.000000	A-3	99	80	0	3	-2.238713
103	13.000000	13.166667	G-3	99	80	0	2	-2.287533
104	13.000000	13.500000	A3	90	80	1	-4	-3.752799
105	13.000000	13.500000	E4	90	80	1	-1	-2.959487
106	13.166667	13.500000	F3	126	80	0	1	-3.290753
107	13.500000	16.000000	F3	126	80	0	1	-4.507997
108	13.500000	14.000000	B3	90	80	1	-2	-3.456527
109	13.500000	14.000000	E4	90	80	1	-1	-2.320150
110	14.000000	14.500000	C#4	90	80	1	-2	-3.299403
111	14.000000	14.500000	E4	90	80	1	-1	-2.464298
112	14.500000	15.000000	D#4	90	80	1	-2	-3.720116
113	14.500000	15.000000	E4	90	80	1	-1	-3.404249
114	15.250000	15.750000	A3	90	80	1	-4	-3.752799
115	15.250000	15.750000	E4	90	80	1	-1	-2.959487
116	15.750000	16.500000	B3	90	80	1	-2	-3.456527
117	15.750000	16.500000	E4	90	80	1	-1	-2.320150
118	16.166667	16.500000	C4	90	80	0	2	-3.928858
119	16.166667	16.500000	E4	90	80	0	3	-3.012122
120	16.166667	16.500000	G4	90	80	0	5	-2.681011
121	16.500000	16.833333	C4	90	80	0	1	-3.425130
122	16.500000	16.833333	G4	90	80	0	3	-3.751952
123	16.500000	16.833333	A4	90	80	0	4	-2.883688
124	16.500000	17.250000	C#4	90	80	1	-2	-3.299403
125	16.500000	17.250000	E4	90	80	1	-1	-2.464298
126	16.833333	17.166667	C4	90	80	0	1	-2.969918
127	16.833333	17.166667	D4	90	80	0	2	-2.867384
128	16.833333	17.166667	G4	90	80	0	4	-2.909306
129	17.166667	17.500000	C4	90	80	0	1	-2.857522
130	17.166667	17.500000	E4	90	80	0	2	-2.525967
131	17.166667	17.500000	G4	90	80	0	4	-2.758588
132	17.666667	18.000000	C4	90	80	0	1	-2.857522
133	17.666667	18.000000	E4	90	80	0	2	-2.525967
134	17.666667	18.000000	G4	90	80	0	4	-2.758588
135	18.000000	18.333333	C4	90	80	0	1	-2.857522
136	18.000000	18.333333	F4	90	80	0	2	-2.963617
137	18.000000	18.333333	G4	90	80	0	3	-2.675961
138	18.000000	18.500000	B3	90	80	1	-2	-3.456527
139	18.000000	18.500000	E4	90	80	1	-1	-2.320150
140	18.333333	18.666667	C4	90	80	0	1	-3.310457
141	18.333333	18.666667	D4	90	80	0	2	-2.867384
142	18.333333	18.666667	G4	90	80	0	4	-2.909306
143	18.500000	19.000000	C#4	90	80	1	-2	-3.299403
144	18.500000	19.000000	E4	90	80	1	-1	-2.464298
145	18.666667	19.000000	C4	90	80	0	1	-2.857522
146	18.666667	19.000000	E4	90	80	0	2	-2.525967
147	18.666667	19.000000	G4	90	80	0	4	-2.758588
148	19.000000	19.500000	D4	90	80	1	-2	-2.745489
149	19.000000	19.500000	E4	90	80	1	-1	-2.578439
150	19.166667	19.500000	C4	90	80	0	1	-2.857522
151	19.166667	19.500000	E4	90	80	0	2	-2.525967
152	19.166667	19.500000	G4	90	80	0	4	-2.758588
153	19.500000	19.833333	C4	90	80	0	1	-2.857522
154	19.500000	19.833333	F4	90	80	0	2	-2.963617
155	19.500000	19.833333	G4	90	80	0	3	-2.675961
156	19.833333	20.166667	C4	90	80	0	1	-3.310457
157	19.833333	20.166667	D4	90	80	0	2	-2.867384
158	19.833333	20.166667	G4	90	80	0	4	-2.909306
159	20.166667	20.500000	C4	90	80	0	1	-2.857522
160	20.166667	20.500000	E4	90	80	0	2	-2.525967
161	20.166667	20.500000	G4	90	80	0	4	-2.758588
162	20.250000	21.250000	B3	90	80	1	-4	-4.223116
163	20.250000	21.250000	D4	90	80	1	-2	-2.359478
164	20.250000	21.250000	F4	90	80	1	-1	-2.415329
165	20.666667	21.000000	C4	90	80	0	1	-2.857522
166	20.666667	21.000000	E4	90	80	0	2	-2.525967
167	20.666667	21.000000	G4	90	80	0	4	-2.758588
168	21.000000	21.333333	C4	90	80	0	1	-2.857522
169	21.000000	21.333333	E4	90	80	0	2	-2.525967
170	21.000000	21.333333	G4	90	80	0	4	-2.758588
171	21.250000	21.500000	B3	63	80	1	-5	-3.242781
172	21.333333	21.666667	C4	90	80	0	1	-2.857522
173	21.333333	21.666667	E4	90	80	0	2	-2.525967
174	21.333333	21.666667	G4	90	80	0	4	-2.758588
175	21.500000	21.750000	F4	63	80	1	-2	-2.554480
176	21.666667	22.000000	C4	90	80	0	1	-2.857522
177	21.666667	22.000000	E4	90	80	0	2	-2.525967
178	21.666667	22.000000	G4	90	80	0	4	-2.758588
179	21.750000	22.000000	B3	63	80	1	-5	-3.155341
180	22.000000	22.500000	B3	90	80	1	-5	-4.242005
181	22.000000	22.500000	F4	90	80	1	-2	-2.554480
182	22.166667	22.500000	C4	90	80	0	1	-2.857522
183	22.166667	22.500000	E4	90	80	0	2	-2.525967
184	22.166667	22.500000	G4	90	80	0	4	-2.758588
185	22.500000	22.833333	C4	90	80	0	1	-2.857522
186	22.500000	22.833333	E4	90	80	0	2	-2.525967
187	22.500000	22.833333	G4	90	80	0	4	-2.758588
188	22.500000	23.000000	B3	90	80	1	-5	-3.155341
189	22.500000	23.000000	F4	90	80	1	-2	-2.554480
190	22.833333	23.166667	C4	90	80	0	1	-2.857522
191	22.833333	23.166667	E4	90	80	0	2	-2.525967
192	22.833333	23.166667	G4	90	80	0	4	-2.758588
193	23.000000	23.500000	B3	90	80	1	-5	-3.155341
194	23.000000	23.500000	F4	90	80	1	-2	-2.554480
195	23.166667	23.500000	C4	90	80	0	1	-2.857522
196	23.166667	23.500000	E4	90	80	0	2	-2.525967
197	23.166667	23.500000	G4	90	80	0	3	-3.012122
198	23.500000	23.750000	F4	63	80	1	-2	-3.999177
199	23.750000	24.000000	B3	63	80	1	-5	-3.155341
200	23.833333	25.000000	C5	99	80	0	5	-3.128600
201	23.833333	24.166667	C5	99	80	0	4	-5.903128
202	24.000000	24.250000	F4	63	80	1	-2	-2.554480
203	24.166667	24.500000	B4	99	80	0	3	-2.238713
204	24.500000	24.666667	A#4	90	80	0	2	-3.151465
205	24.500000	24.666667	C5	90	80	0	3	-3.265372
206	24.500000	24.750000	E4	63	80	1	-3	-2.891080
207	24.666667	24.833333	A#4	99	80	0	2	-3.032881
208	24.833333	25.000000	A4	99	80	0	1	-3.290753
209	25.000000	25.166667	G#4	99	80	0	3	-4.859211
210	25.000000	25.250000	F4	63	80	1	-2	-2.510186
211	25.333333	26.666667	C4	99	80	0	1	-4.449629
212	25.333333	25.666667	C4	99	80	0	1	-4.507997
213	25.500000	25.750000	D4	63	80	1	-3	-4.063676
214	25.666667	26.000000	B3	99	80	0	3	-4.737465
215	26.000000	26.250000	E4	63	80	1	-2	-2.510186
216	26.250000	26.500000	B3	63	80	1	-4	-4.045906
217	26.333333	26.500000	G#3	99	80	0	2	-3.032881
218	26.500000	26.666667	A3	99	80	0	1	-4.072488
219	26.750000	27.000000	E4	63	80	1	-2	-2.507290
220	26.833333	27.000000	C#4	99	80	0	2	-3.275273
221	27.166667	27.333333	F#4	99	80	0	4	-2.909306
222	27.250000	27.500000	F4	63	80	1	-1	-2.578439
223	27.500000	27.666667	C#4	99	80	0	2	-3.266530
224	27.750000	28.000000	D4	63	80	1	-2	-3.291596
225	27.833333	28.000000	F#4	99	80	0	4	-2.909306
226	28.000000	28.166667	C#4	99	80	0	2	-3.266530
227	28.250000	28.500000	E4	63	80	1	-1	-2.578439
228	28.333333	28.500000	F#4	99	80	0	4	-2.909306
229	28.500000	28.750000	B3	63	80	1	-4	-4.223116
230	28.666667	28.833333	C#4	99	80	0	2	-3.266530
231	29.000000	29.166667	F#4	99	80	0	4	-2.909306
232	29.000000	29.250000	E4	63	80	1	-2	-2.507290
233	29.333333	29.500000	C#4	99	80	0	1	-3.216633
234	29.500000	29.666667	F#4	99	80	0	2	-2.963617
235	29.500000	29.750000	F4	63	80	1	-1	-2.578439
236	29.833333	30.500000	B#4	99	80	0	5	-4.764150
237	30.000000	30.250000	D4	63	80	1	-2	-3.291596
238	30.166667	30.500000	B4	99	80	0	4	-2.814339
239	30.500000	30.666667	A#4	99	80	0	3	-3.226506
240	30.500000	30.666667	B4	99	80	0	4	-3.868143
241	30.500000	30.750000	E4	63	80	1	-1	-2.578439
242	30.666667	30.833333	A#4	99	80	0	3	-3.226506
243	30.666667	31.166667	B4	99	80	0	4	-3.868143
244	30.750000	31.000000	B3	63	80	1	-2	-3.456527
245	30.833333	31.000000	G#4	99	80	0	3	-3.510496
246	31.000000	31.166667	A4	99	80	0	4	-3.868143
247	31.250000	31.500000	B3	63	80	1	-2	-3.999177
248	31.333333	32.000000	A3	99	80	0	1	-3.627794
249	31.666667	32.000000	G#3	99	80	0	3	-4.859211
250	31.750000	32.000000	E4	63	80	1	-1	-2.320150
251	32.000000	32.166667	G3	99	80	0	2	-2.803601
252	32.000000	32.166667	A3	99	80	0	3	-2.675961
253	32.166667	32.333333	G3	99	80	0	2	-2.287533
254	32.166667	32.500000	A3	99	80	0	3	-2.675961
255	32.250000	32.500000	B3	63	80	1	-2	-3.456527
256	32.333333	32.500000	E#3	99	80	0	2	-3.674662
257	32.500000	32.666667	F#3	99	80	0	3	-3.190537
258	32.750000	33.000000	E4	63	80	1	-1	-2.320150
259	32.833333	33.500000	D5	99	80	0	2	-14.873734
260	33.000000	33.250000	B3	63	80	1	-2	-3.456527
261	33.166667	33.500000	D#5	99	80	0	3	-3.190537
262	33.500000	33.666667	D#5	99	80	0	3	-4.378151
263	33.500000	33.666667	E5	99	80	0	4	-3.868143
264	33.500000	33.750000	E4	63	80	1	-1	-2.320150
265	33.666667	34.166667	D#5	99	80	0	3	-3.226506
266	33.666667	33.833333	E5	99	80	0	4	-3.868143
267	33.833333	34.333333	F5	99	80	0	5	-2.706622
268	34.000000	34.250000	B3	63	80	1	-2	-3.456527
269	34.166667	34.333333	D5	99	80	0	4	-4.387405
270	34.500000	34.750000	E4	63	80	1	-1	-2.320150
271	35.000000	35.416667	D4	99	80	0	1	-3.627794
272	35.000000	35.166667	F4	99	80	0	3	-3.473158
273	35.000000	35.250000	B3	63	80	1	-2	-3.456527
274	35.166667	35.333333	F4	99	80	0	3	-4.378151
275	35.250000	35.500000	E4	63	80	1	-1	-2.320150
276	35.333333	35.666667	D#4	99	80	0	2	-3.032881
277	35.500000	37.750000	C#4	126	80	1	-2	-3.299403
278	35.666667	36.666667	D4	99	80	0	1	-3.290753
279	35.666667	35.833333	E4	99	80	0	2	-2.867384
280	35.833333	36.166667	F4	99	80	0	3	-2.675961
281	36.000000	36.500000	D4	126	80	1	-1	-3.404249
282	36.166667	37.000000	G4	99	80	0	1	-5.198182
283	36.500000	37.000000	D#4	126	80	1	-3	-5.495075
284	37.000000	37.500000	E4	126	80	1	-2	-3.642491
285	37.500000	38.166667	A4	99	80	0	2	-2.867384
286	37.500000	37.750000	E#4	126	80	1	-1	-2.578439
287	37.750000	38.000000	C4	90	80	1	-3	-3.831713
288	37.750000	40.000000	C#4	99	80	1	-2	-3.081523
289	38.000000	38.500000	D4	99	80	1	-1	-3.404249
290	38.166667	38.250000	B-4	99	80	0	3	-3.190537
291	38.250000	38.333333	G#4	99	80	0	2	-2.287533
292	38.333333	38.416667	B-4	99	80	0	3	-2.675961
293	38.416667	38.500000	G#4	99	80	0	2	-2.287533
294	38.500000	38.666667	B-4	99	80	0	3	-2.675961
295	38.500000	39.000000	D#4	99	80	1	-2	-4.643648
296	39.000000	39.666667	A4	99	80	0	2	-2.803601
297	39.250000	39.750000	F4	99	80	1	-1	-2.464298
298	39.666667	39.750000	B-4	99	80	0	3	-3.190537
299	39.750000	39.833333	C-5	99	80	0	4	-3.868143
300	39.750000	40.000000	E4	99	80	1	-2	-2.745489
301	39.833333	39.916667	B-4	99	80	0	3	-3.226506
302	39.916667	40.000000	C-5	99	80	0	4	-3.868143
303	40.000000	40.166667	B-4	99	80	0	3	-3.226506
304	40.000000	40.500000	D4	90	80	1	-3	-2.891080
305	40.000000	40.500000	F#4	90	80	1	-2	-3.749711
306	40.000000	40.500000	A4	90	80	1	-1	-2.464298
307	40.166667	40.333333	A4	99	80	0	2	-2.803601
308	40.333333	40.500000	G4	99	80	0	1	-2.609267
309	40.500000	40.666667	A4	99	80	0	2	-2.867384
310	40.500000	41.000000	D4	90	80	1	-4	-3.752799
311	40.500000	41.000000	F#4	90	80	1	-2	-3.159098
312	40.500000	41.000000	A4	90	80	1	-1	-2.464298
313	40.666667	40.833333	G4	99	80	0	1	-2.609267
314	40.833333	41.166667	A4	99	80	0	2	-2.867384
315	41.000000	41.500000	D4	90	80	1	-4	-3.752799
316	41.000000	41.500000	F#4	90	80	1	-2	-3.159098
317	41.000000	41.500000	A4	90	80	1	-1	-2.464298
318	41.166667	41.333333	B-4	99	80	0	3	-3.190537
319	41.333333	41.500000	C5	99	80	0	1	-5.285870
320	41.500000	41.666667	D5	99	80	0	2	-2.867384
321	41.500000	42.000000	D4	90	80	1	-4	-3.752799
322	41.500000	42.000000	F#4	90	80	1	-2	-3.159098
323	41.500000	42.000000	A4	90	80	1	-1	-2.464298
324	41.666667	41.833333	E5	99	80	0	3	-2.675961
325	41.833333	42.000000	D5	99	80	0	2	-2.287533
326	42.000000	42.166667	E5	99	80	0	3	-2.675961
327	42.166667	42.333333	D5	99	80	0	2	-2.287533
328	42.250000	42.750000	D4	90	80	1	-4	-3.752799
329	42.250000	42.750000	F#4	90	80	1	-2	-3.159098
330	42.250000	42.750000	A4	90	80	1	-1	-2.464298
331	42.333333	42.666667	E5	99	80	0	3	-2.675961
332	42.750000	43.250000	D4	90	80	1	-4	-3.752799
333	42.750000	43.250000	F#4	90	80	1	-2	-3.159098
334	42.750000	43.250000	A4	90	80	1	-1	-2.464298
335	42.833333	43.000000	D5	99	80	0	2	-2.287533
336	43.000000	43.166667	G5	99	80	0	4	-2.909306
337	43.166667	43.500000	A5	99	80	0	5	-2.706622
338	43.250000	43.750000	D4	90	80	1	-4	-3.752799
339	43.250000	43.750000	F#4	90	80	1	-2	-3.159098
340	43.250000	43.750000	A4	90	80	1	-1	-2.464298
341	43.500000	44.166667	A5	99	80	0	2	-6.327066
342	43.750000	44.250000	D4	90	80	1	-4	-3.752799
343	43.750000	44.250000	F#4	90	80	1	-2	-3.159098
344	43.750000	44.250000	A4	90	80	1	-1	-2.464298
345	44.166667	44.250000	B-5	99	80	0	3	-3.190537
346	44.250000	44.333333	A5	99	80	0	2	-2.803601
347	44.333333	44.416667	B-5	99	80	0	3	-3.190537
348	44.416667	44.500000	A5	99	80	0	2	-2.803601
349	44.500000	44.666667	G5	99	80	0	1	-2.609267
350	44.500000	46.750000	A#3	126	80	1	-4	-5.653337
351	44.750000	45.250000	B3	126	80	1	-3	-4.267903
352	45.000000	45.666667	A4	99	80	0	2	-8.642198
353	45.250000	45.750000	B#3	126	80	1	-2	-2.510186
354	45.666667	45.750000	G4	99	80	0	1	-2.609267
355	45.750000	45.833333	A4	99	80	0	2	-2.867384
356	45.833333	45.916667	B-4	99	80	0	3	-3.190537
357	45.916667	46.000000	B4	99	80	0	4	-3.868143
358	46.000000	46.166667	C5	127	80	0	5	-2.706622
359	46.000000	46.500000	D4	126	80	1	-1	-2.578439
360	46.500000	46.833333	F3	90	80	0	1	-5.027158
361	46.500000	46.833333	C#4	90	80	0	4	-4.298356
362	46.500000	46.750000	C#4	126	80	1	-2	-3.720116
363	46.750000	48.250000	A#3	126	80	1	-3	-4.063676
364	46.833333	47.166667	F3	90	80	0	1	-3.549056
365	46.833333	47.166667	C#4	90	80	0	4	-4.298356
366	47.166667	47.666667	F3	90	80	0	1	-3.549056
367	47.166667	47.666667	C#4	90	80	0	5	-4.305381
368	47.250000	47.750000	B3	126	80	1	-2	-3.642491
369	47.750000	48.250000	B#3	126	80	1	-1	-2.578439
370	48.000000	48.333333	C#3	90	80	0	1	-1.922714
371	48.000000	48.333333	F3	90	80	0	2	-3.465862
372	48.250000	48.750000	A#3	126	80	1	-2	-3.299403
373	48.250000	48.750000	C#4	126	80	1	-1	-2.415329
374	48.333333	48.666667	C#3	90	80	0	1	-3.898407
375	48.333333	48.666667	F3	90	80	0	2	-3.465862
376	48.666667	49.166667	C#3	90	80	0	3	-7.141258
377	48.666667	49.166667	F3	90	80	0	5	-3.340065
378	49.000000	51.250000	G#4	126	80	1	-5	-5.919258
379	49.500000	49.833333	F2	90	80	0	1	-1.922714
380	49.500000	49.833333	C#3	90	80	0	5	-4.305381
381	49.500000	50.000000	A4	126	80	1	-4	-5.624397
382	49.833333	50.166667	E-2	90	80	0	1	-3.027253
383	49.833333	50.166667	B2	90	80	0	4	-4.832705
384	50.000000	50.500000	A#4	126	80	1	-3	-2.906925
385	50.166667	50.666667	F2	90	80	0	1	-3.216633
386	50.166667	50.666667	C#3	90	80	0	3	-5.042408
387	50.500000	51.000000	B4	126	80	1	-2	-3.642491
388	50.666667	51.333333	B2	90	80	0	1	-3.984578
389	50.666667	51.333333	E-3	90	80	0	2	-3.275273
390	51.000000	51.250000	C5	126	80	1	-1	-2.578439
391	51.250000	52.750000	G#3	126	80	1	-5	-5.753604
392	51.333333	51.666667	C#3	90	80	0	1	-2.609267
393	51.333333	51.666667	F3	90	80	0	2	-3.465862
394	51.666667	52.000000	D#3	90	80	0	1	-3.967913
395	51.666667	52.000000	G3	90	80	0	2	-3.465862
396	51.750000	52.250000	A3	126	80	1	-4	-5.624397
397	52.166667	52.500000	A3	90	80	0	1	-5.369497
398	52.166667	52.500000	C#4	90	80	0	2	-3.275273
399	52.166667	52.500000	E4	90	80	0	4	-3.580467
400	52.250000	52.750000	A#3	126	80	1	-3	-2.906925
401	52.500000	52.833333	A3	90	80	0	1	-2.857522
402	52.500000	52.833333	D4	90	80	0	2	-2.963617
403	52.500000	52.833333	E4	90	80	0	3	-2.675961
404	52.750000	54.250000	B3	126	80	1	-2	-3.642491
405	52.833333	53.166667	A3	90	80	0	1	-3.310457
406	52.833333	53.166667	E4	90	80	0	4	-4.054949
407	53.166667	53.500000	A3	90	80	0	1	-2.857522
408	53.166667	53.500000	C#4	90	80	0	2	-3.275273
409	53.166667	53.500000	E4	90	80	0	3	-3.265372
410	53.500000	55.000000	G3	90	80	1	-4	-3.718276
411	53.500000	55.000000	B3	90	80	1	-2	-2.359478
412	53.666667	54.000000	A4	90	80	0	1	-5.548003
413	53.666667	54.000000	C#5	90	80	0	2	-3.275273
414	53.666667	54.000000	E5	90	80	0	4	-3.580467
415	54.000000	54.333333	A4	90	80	0	1	-2.857522
416	54.000000	54.333333	D5	90	80	0	2	-2.963617
417	54.000000	54.333333	E5	90	80	0	3	-2.675961
418	54.333333	54.666667	A4	90	80	0	1	-3.310457
419	54.333333	54.666667	B4	90	80	0	2	-2.867384
420	54.333333	54.666667	E5	90	80	0	4	-2.909306
421	54.666667	55.000000	A4	90	80	0	1	-2.857522
422	54.666667	55.000000	C#5	90	80	0	3	-3.998423
423	54.666667	55.000000	E5	90	80	0	5	-3.635747
424	55.000000	55.750000	G3	126	80	1	-3	-4.063676
425	55.166667	55.500000	A3	90	80	0	1	-5.027158
426	55.166667	55.500000	C#4	90	80	0	2	-3.275273
427	55.166667	55.500000	E4	90	80	0	4	-3.580467
428	55.500000	55.833333	A3	90	80	0	1	-2.857522
429	55.500000	55.833333	C#4	90	80	0	2	-3.275273
430	55.500000	55.833333	E4	90	80	0	4	-3.580467
431	55.750000	56.250000	A-3	126	80	1	-2	-3.081523
432	55.833333	56.166667	A3	90	80	0	1	-2.857522
433	55.833333	56.166667	C#4	90	80	0	2	-3.275273
434	55.833333	56.166667	E4	90	80	0	4	-3.580467
435	56.166667	56.500000	A3	90	80	0	1	-2.857522
436	56.166667	56.500000	C#4	90	80	0	2	-3.275273
437	56.166667	56.500000	E4	90	80	0	3	-3.265372
438	56.250000	56.750000	G#3	126	80	1	-2	-3.999177
439	56.666667	57.000000	A4	90	80	0	1	-5.548003
440	56.666667	57.000000	C#5	90	80	0	2	-3.275273
441	56.666667	57.000000	E5	90	80	0	4	-3.580467
442	56.750000	57.250000	F#3	126	80	1	-3	-2.891080
443	57.000000	57.333333	A4	90	80	0	1	-2.857522
444	57.000000	57.333333	C#5	90	80	0	2	-3.275273
445	57.000000	57.333333	E5	90	80	0	4	-3.580467
446	57.250000	58.000000	F3	126	80	1	-4	-3.777019
447	57.250000	58.000000	C4	126	80	1	-1	-2.959487
448	57.333333	57.666667	A4	90	80	0	1	-2.857522
449	57.333333	57.666667	C#5	90	80	0	2	-3.275273
450	57.333333	57.666667	E5	90	80	0	4	-3.580467
451	57.666667	58.000000	A4	90	80	0	1	-2.857522
452	57.666667	58.000000	C#5	90	80	0	3	-3.998423
453	57.666667	58.000000	E5	90	80	0	5	-3.635747
454	58.000000	58.500000	A-3	126	80	1	-2	-4.444474
455	58.166667	58.500000	A3	90	80	0	1	-5.027158
456	58.166667	58.500000	C#4	90	80	0	2	-3.275273
457	58.166667	58.500000	E4	90	80	0	4	-3.580467
458	58.500000	58.833333	A3	90	80	0	1	-2.857522
459	58.500000	58.833333	C#4	90	80	0	2	-3.275273
460	58.500000	58.833333	E4	90	80	0	4	-3.580467
461	58.500000	59.000000	G#3	126	80	1	-2	-3.999177
462	58.833333	59.166667	A3	90	80	0	1	-2.857522
463	58.833333	59.166667	C#4	90	80	0	2	-3.275273
464	58.833333	59.166667	E4	90	80	0	4	-3.580467
465	59.000000	59.500000	F#3	126	80	1	-3	-2.891080
466	59.166667	59.500000	A3	90	80	0	1	-2.857522
467	59.166667	59.500000	C#4	90	80	0	2	-3.275273
468	59.166667	59.500000	E4	90	80	0	4	-3.580467
469	59.500000	60.250000	F3	126	80	1	-4	-3.777019
470	59.500000	60.250000	C4	126	80	1	-1	-2.959487
471	59.666667	60.000000	A3	90	80	0	1	-2.857522
472	59.666667	60.000000	C#4	90	80	0	2	-3.275273
473	59.666667	60.000000	E4	90	80	0	4	-3.580467
474	60.000000	60.333333	A3	90	80	0	1	-2.857522
475	60.000000	60.333333	C#4	90	80	0	2	-3.275273
476	60.000000	60.333333	E4	90	80	0	4	-3.580467
477	60.250000	60.750000	A-3	126	80	1	-2	-4.444474
478	60.333333	60.666667	A3	90	80	0	1	-2.857522
479	60.333333	60.666667	C#4	90	80	0	2	-3.275273
480	60.333333	60.666667	E4	90	80	0	4	-3.580467
481	60.666667	61.000000	A3	90	80	0	1	-2.857522
482	60.666667	61.000000	C#4	90	80	0	2	-3.275273
483	60.666667	61.000000	E4	90	80	0	4	-3.580467
484	60.750000	61.250000	G#3	126	80	1	-2	-3.999177
485	61.166667	61.500000	A3	90	80	0	1	-2.857522
486	61.166667	61.500000	C#4	90	80	0	2	-3.275273
487	61.166667	61.500000	E4	90	80	0	4	-3.580467
488	61.250000	61.750000	F#3	126	80	1	-3	-2.891080
489	61.500000	61.833333	A3	90	80	0	1	-2.857522
490	61.500000	61.833333	C#4	90	80	0	2	-3.275273
491	61.500000	61.833333	E4	90	80	0	4	-3.580467
492	61.750000	62.250000	F3	126	80	1	-4	-3.777019
493	61.750000	62.250000	C4	126	80	1	-1	-2.959487
494	61.833333	62.166667	A3	90	80	0	1	-2.857522
495	61.833333	62.166667	C#4	90	80	0	2	-3.275273
496	61.833333	62.166667	E4	90	80	0	4	-3.580467
497	62.166667	62.500000	A3	90	80	0	1	-2.857522
498	62.166667	62.500000	C#4	90	80	0	2	-3.275273
499	62.166667	62.500000	E4	90	80	0	4	-3.580467
500	62.500000	64.500000	C#3	126	80	1	-5	-4.582913
501	62.500000	63.000000	A3	126	80	1	-1	-4.813538
502	62.666667	63.000000	A3	90	80	0	1	-2.857522
503	62.666667	63.000000	C#4	90	80	0	2	-3.275273
504	62.666667	63.000000	E4	90	80	0	4	-3.580467
505	63.000000	63.333333	A3	90	80	0	1	-2.857522
506	63.000000	63.333333	C#4	90	80	0	2	-3.275273
507	63.000000	63.333333	E4	90	80	0	4	-3.580467
508	63.000000	63.500000	G#3	126	80	1	-2	-3.720116
509	63.333333	63.666667	A3	90	80	0	1	-2.857522
510	63.333333	63.666667	C#4	90	80	0	2	-3.275273
511	63.333333	63.666667	E4	90	80	0	4	-3.580467
512	63.500000	64.000000	F#3	126	80	1	-3	-2.891080
513	63.666667	64.000000	A3	90	80	0	1	-2.857522
514	63.666667	64.000000	C#4	90	80	0	2	-3.275273
515	63.666667	64.000000	E4	90	80	0	4	-3.580467
516	64.000000	64.500000	F3	126	80	1	-1	-3.371140
517	64.166667	64.500000	A3	90	80	0	1	-2.857522
518	64.166667	64.500000	C#4	90	80	0	2	-3.275273
519	64.166667	64.500000	E4	90	80	0	4	-3.580467
520	64.500000	64.833333	A3	90	80	0	1	-2.857522
521	64.500000	64.833333	C#4	90	80	0	2	-3.275273
522	64.500000	64.833333	E4	90	80	0	4	-3.580467
523	64.750000	65.250000	A-2	126	80	1	-4	-4.497131
524	64.750000	65.750000	C3	126	80	1	-2	-2.871001
525	64.833333	65.166667	A3	90	80	0	1	-2.857522
526	64.833333	65.166667	C#4	90	80	0	2	-3.275273
527	64.833333	65.166667	E4	90	80	0	4	-3.580467
528	65.166667	65.500000	A3	90	80	0	1	-2.857522
529	65.166667	65.500000	C#4	90	80	0	2	-3.275273
530	65.166667	65.500000	E4	90	80	0	4	-3.580467
531	65.250000	65.750000	G#2	126	80	1	-3	-5.110739
532	65.666667	66.000000	A3	90	80	0	1	-2.857522
533	65.666667	66.000000	C#4	90	80	0	2	-3.275273
534	65.666667	66.000000	E4	90	80	0	4	-3.580467
535	65.750000	66.250000	F2	126	80	1	-5	-4.372251
536	66.000000	66.333333	A3	90	80	0	1	-2.857522
537	66.000000	66.333333	C#4	90	80	0	2	-3.275273
538	66.000000	66.333333	E4	90	80	0	4	-3.580467
539	66.250000	66.750000	F2	126	80	1	-5	-4.242005
540	66.250000	66.750000	C3	126	80	1	-4	-4.864358
541	66.333333	66.666667	A3	90	80	0	1	-2.857522
542	66.333333	66.666667	C#4	90	80	0	2	-3.275273
543	66.333333	66.666667	E4	90	80	0	4	-3.580467
544	66.666667	67.000000	A3	90	80	0	1	-2.857522
545	66.666667	67.000000	C#4	90	80	0	2	-3.275273
546	66.666667	67.000000	E4	90	80	0	4	-3.580467
547	67.000000	69.000000	C#3	99	80	1	-3	-2.906925
548	67.000000	67.500000	A3	99	80	1	-1	-3.687814
549	67.166667	67.500000	A3	90	80	0	1	-2.857522
550	67.166667	67.500000	C#4	90	80	0	2	-3.275273
551	67.166667	67.500000	E4	90	80	0	4	-3.580467
552	67.500000	67.833333	A3	90	80	0	1	-2.857522
553	67.500000	67.833333	C#4	90	80	0	2	-3.275273
554	67.500000	67.833333	E4	90	80	0	4	-3.580467
555	67.500000	68.000000	G#3	99	80	1	-2	-3.720116
556	67.833333	68.166667	A3	90	80	0	1	-2.857522
557	67.833333	68.166667	C#4	90	80	0	2	-3.275273
558	67.833333	68.166667	E4	90	80	0	4	-3.580467
559	68.000000	68.500000	F#3	99	80	1	-3	-2.891080
560	68.166667	68.500000	A3	90	80	0	1	-2.857522
561	68.166667	68.500000	C#4	90	80	0	2	-3.275273
562	68.166667	68.500000	E4	90	80	0	4	-3.580467
563	68.500000	69.000000	F3	99	80	1	-4	-3.777019
564	68.666667	69.000000	A3	90	80	0	1	-2.857522
565	68.666667	69.000000	C#4	90	80	0	2	-3.275273
566	68.666667	69.000000	E4	90	80	0	4	-3.580467
567	69.000000	69.333333	A3	90	80	0	1	-2.857522
568	69.000000	69.333333	C#4	90	80	0	2	-3.275273
569	69.000000	69.333333	E4	90	80	0	4	-3.580467
570	69.250000	69.500000	A3	99	80	1	-3	-4.675518
571	69.333333	69.666667	A3	90	80	0	1	-2.857522
572	69.333333	69.666667	C#4	90	80	0	2	-3.275273
573	69.333333	69.666667	E4	90	80	0	4	-3.580467
574	69.500000	69.750000	B-3	99	80	1	-2	-3.081523
575	69.666667	70.000000	A3	90	80	0	1	-2.857522
576	69.666667	70.000000	C#4	90	80	0	2	-3.275273
577	69.666667	70.000000	E4	90	80	0	3	-3.265372
578	69.750000	70.000000	A3	99	80	1	-3	-3.281947
579	70.000000	70.250000	B-3	99	80	1	-2	-3.081523
580	70.250000	70.500000	A3	99	80	1	-3	-3.281947
581	70.500000	70.750000	B-3	99	80	1	-2	-3.081523
582	70.750000	71.000000	A3	99	80	1	-3	-3.281947
583	71.000000	71.250000	B-3	99	80	1	-2	-3.081523
584	71.250000	71.500000	A3	99	80	1	-3	-3.281947
585	71.500000	71.750000	B-3	99	80	1	-2	-3.081523
586	71.750000	72.000000	A3	99	80	1	-3	-3.281947
587	72.000000	72.250000	B-3	99	80	1	-2	-3.081523
588	72.250000	72.500000	A3	99	80	1	-3	-3.281947
589	72.500000	72.750000	B-3	99	80	1	-2	-3.081523
590	72.750000	73.000000	A3	99	80	1	-3	-3.281947
591	73.000000	73.250000	B-3	99	80	1	-2	-3.081523
592	73.250000	73.500000	A3	99	80	1	-3	-3.281947
593	73.500000	73.750000	B-3	99	80	1	-2	-3.081523
594	73.750000	74.000000	A3	99	80	1	-3	-3.281947
595	74.000000	74.250000	B-3	99	80	1	-2	-3.081523
596	74.250000	74.500000	A3	99	80	1	-3	-3.281947
597	74.500000	74.750000	B-3	99	80	1	-2	-3.081523
598	74.750000	75.000000	A3	99	80	1	-3	-3.281947
599	75.000000	75.250000	B-3	99	80	1	-2	-3.081523
600	75.250000	75.500000	A3	99	80	1	-3	-3.281947
601	75.500000	75.750000	B-3	99	80	1	-2	-3.081523
602	75.750000	76.000000	A3	99	80	1	-3	-3.281947
603	76.000000	76.250000	B-3	99	80	1	-2	-3.081523
604	76.250000	76.500000	A3	99	80	1	-3	-3.281947
605	76.500000	76.750000	B-3	99	80	1	-2	-3.081523
606	76.750000	77.000000	A3	99	80	1	-3	-3.281947
607	77.000000	77.250000	B-3	99	80	1	-2	-3.081523
608	77.250000	77.500000	A3	99	80	1	-3	-3.281947
609	77.500000	77.750000	B-3	99	80	1	-2	-3.081523
610	77.750000	78.000000	A3	99	80	1	-4	-6.312522
611	78.000000	78.250000	B-3	99	80	1	-3	-2.906925
612	78.500000	78.750000	C#4	99	80	1	-2	-3.046717
613	79.000000	79.250000	D4	99	80	1	-1	-3.404249
614	79.500000	79.750000	B3	99	80	1	-2	-3.291596
615	80.000000	80.250000	C#4	99	80	1	-1	-3.101885
616	80.250000	80.500000	G#3	99	80	1	-4	-4.223116
617	80.750000	81.000000	C#5	99	80	1	-2	-7.485186
618	81.250000	81.500000	D5	99	80	1	-1	-3.404249
619	81.750000	82.000000	B4	99	80	1	-2	-3.291596
620	82.250000	82.500000	C#5	99	80	1	-1	-3.101885
621	82.500000	82.750000	G#4	99	80	1	-2	-3.456527
622	83.000000	83.250000	G#3	99	80	1	-5	-4.896649
623	83.500000	83.750000	C#4	99	80	1	-2	-3.272976
624	84.000000	84.250000	G#3	99	80	1	-4	-4.045906
625	84.500000	84.750000	C#4	99	80	1	-2	-2.507290
626	84.750000	85.000000	G#3	99	80	1	-5	-3.713619
627	85.250000	85.500000	C#5	99	80	1	-1	-5.964413
628	85.750000	86.000000	G#4	99	80	1	-2	-3.456527
629	86.250000	86.500000	C#5	99	80	1	-1	-2.320150
630	86.750000	87.000000	G#4	99	80	1	-2	-3.456527
631	87.000000	87.250000	C#5	99	80	1	-1	-2.320150
632	87.500000	87.750000	G#3	99	80	1	-5	-3.781310
633	88.000000	88.250000	C#4	99	80	1	-1	-4.729663
634	88.500000	88.750000	G#3	99	80	1	-2	-3.456527
635	89.000000	89.250000	C#4	99	80	1	-1	-2.320150
636	89.250000	89.500000	G#3	99	80	1	-2	-3.456527
637	89.750000	90.000000	D#3	90	80	1	-5	-3.713619
638	89.750000	90.000000	C#4	90	80	1	-1	-3.610078
639	90.250000	90.500000	G#3	99	80	1	-2	-3.456527
640	90.750000	91.000000	D#3	90	80	1	-5	-3.713619
641	90.750000	91.000000	C#4	90	80	1	-1	-3.610078
642	91.250000	91.500000	G#3	99	80	1	-2	-3.456527
643	91.500000	91.750000	D#3	90	80	1	-5	-3.713619
644	91.500000	91.750000	C#4	90	80	1	-1	-3.610078
645	92.000000	92.250000	A#2	90	80	1	-5	-4.233080
646	92.000000	92.250000	G#3	90	80	1	-1	-3.610078
647	92.500000	92.750000	D#3	90	80	1	-3	-3.831713
648	92.500000	92.750000	C4	90	80	1	-1	-4.531747
649	93.000000	93.250000	A#2	90	80	1	-5	-4.510402
650	93.000000	93.250000	G#3	90	80	1	-1	-3.610078
651	93.500000	93.750000	D#3	90	80	1	-3	-3.831713
652	93.500000	93.750000	C4	90	80	1	-1	-4.531747
653	93.750000	94.000000	G#3	99	80	1	-2	-4.444474
654	94.250000	94.500000	A#2	90	80	1	-5	-5.361122
655	94.250000	94.500000	G#3	90	80	1	-1	-3.610078
656	94.750000	95.000000	D#3	90	80	1	-4	-4.223116
657	94.750000	95.000000	C#4	90	80	1	-1	-4.427076
658	95.250000	95.500000	A#2	90	80	1	-5	-4.233080
659	95.250000	95.500000	G#3	90	80	1	-1	-3.610078
660	95.750000	96.000000	D#3	90	80	1	-4	-4.223116
661	95.750000	96.000000	C#4	90	80	1	-1	-4.427076
662	96.000000	96.250000	G#3	99	80	1	-2	-3.456527
663	96.500000	96.750000	A#2	90	80	1	-5	-5.361122
664	96.500000	96.750000	G#3	90	80	1	-1	-3.610078
665	97.000000	97.250000	D#3	90	80	1	-4	-4.223116
666	97.000000	97.250000	C#4	90	80	1	-1	-4.427076
667	97.500000	97.750000	A#2	90	80	1	-5	-4.233080
668	97.500000	97.750000	G#3	90	80	1	-1	-3.610078
669	98.000000	98.250000	D#3	90	80	1	-4	-4.223116
670	98.000000	98.250000	C#4	90	80	1	-1	-4.427076
671	98.250000	98.500000	G#3	99	80	1	-2	-3.456527
672	98.750000	99.000000	D#3	90	80	1	-4	-4.045906
673	98.750000	99.000000	C4	90	80	1	-1	-4.387723
674	99.250000	99.500000	G#3	99	80	1	-2	-4.444474
675	99.750000	100.000000	D#3	90	80	1	-4	-4.045906
676	99.750000	100.000000	C4	90	80	1	-1	-4.387723
677	100.250000	100.500000	G#3	99	80	1	-2	-4.444474
678	100.500000	100.750000	D#3	90	80	1	-4	-4.045906
679	100.500000	100.750000	C4	90	80	1	-1	-4.387723
680	101.000000	101.250000	G#3	99	80	1	-2	-4.444474
681	101.500000	101.750000	C#4	99	80	1	-1	-2.320150
682	102.000000	102.250000	G#3	99	80	1	-2	-3.456527
683	102.500000	102.750000	C#4	99	80	1	-1	-2.320150
684	102.750000	103.000000	G#3	99	80	1	-2	-3.456527
685	103.250000	103.500000	C#4	99	80	1	-1	-2.320150
686	103.750000	104.000000	G#3	99	80	1	-2	-3.456527
687	104.250000	104.500000	C#4	99	80	1	-1	-2.320150
688	104.750000	105.000000	G#3	99	80	1	-2	-3.456527
689	105.000000	105.250000	C#4	63	80	1	-1	-2.320150
690	105.250000	105.750000	G#3	126	80	1	-2	-3.456527
691	105.750000	109.500000	C#4	126	80	1	-1	-2.320150
