//Version: PianoFingering_v170101
1	0.000000	0.900000	G#4	90	80	0	1	-0.925785
2	0.000000	0.900000	B4	90	80	0	2	-3.493146
3	0.000000	0.900000	E5	90	80	0	4	-2.909306
4	0.000000	0.250000	E3	90	80	1	-5	-0.504576
5	0.250000	0.500000	E4	90	80	1	-1	-1.202832
6	0.500000	0.750000	E4	90	80	1	-1	-4.426668
7	0.750000	1.000000	E3	90	80	1	-5	-2.314770
8	0.900000	1.800000	G#4	90	80	0	1	-3.577835
9	0.900000	1.800000	B4	90	80	0	2	-3.493146
10	0.900000	1.800000	E5	90	80	0	5	-3.228870
11	1.000000	1.250000	E4	90	80	1	-1	-1.202832
12	1.250000	1.500000	E4	90	80	1	-1	-4.426668
13	1.500000	1.750000	E3	90	80	1	-5	-2.314770
14	1.750000	2.000000	E4	90	80	1	-1	-1.202832
15	1.800000	2.400000	F#4	90	80	0	1	-3.521239
16	1.800000	2.400000	A4	90	80	0	2	-3.493146
17	1.800000	2.400000	D5	90	80	0	4	-2.909306
18	2.000000	2.250000	E3	90	80	1	-5	-2.314770
19	2.250000	2.500000	E4	90	80	1	-1	-1.202832
20	2.400000	3.300000	B4	90	80	0	2	-3.359779
21	2.400000	3.300000	D5	90	80	0	3	-3.012122
22	2.400000	3.300000	G5	90	80	0	5	-3.128600
23	2.500000	2.750000	E4	90	80	1	-1	-4.426668
24	2.750000	3.000000	E3	90	80	1	-5	-2.314770
25	3.000000	3.250000	E4	90	80	1	-1	-1.202832
26	3.250000	3.500000	E4	90	80	1	-1	-4.426668
27	3.500000	3.750000	E3	90	80	1	-5	-2.314770
28	3.750000	4.000000	E4	90	80	1	-1	-1.202832
29	4.000000	4.250000	E3	90	80	1	-5	-2.314770
30	4.250000	4.500000	E4	90	80	1	-1	-1.202832
31	4.500000	4.750000	E4	90	80	1	-1	-4.426668
32	4.750000	5.000000	E3	90	80	1	-5	-2.314770
33	4.800000	5.700000	D5	90	80	0	2	-3.071676
34	4.800000	5.700000	F5	90	80	0	3	-3.012122
35	4.800000	5.700000	B-5	90	80	0	5	-3.549127
36	5.000000	5.250000	E4	90	80	1	-1	-1.202832
37	5.250000	5.500000	E4	90	80	1	-1	-4.426668
38	5.500000	5.750000	E3	90	80	1	-5	-2.314770
39	5.700000	6.600000	B4	90	80	0	1	-3.885272
40	5.700000	6.600000	D5	90	80	0	2	-2.525967
41	5.700000	6.600000	G5	90	80	0	5	-3.228870
42	5.750000	6.000000	E4	90	80	1	-1	-1.202832
43	6.000000	6.250000	E3	90	80	1	-5	-2.314770
44	6.250000	6.500000	E4	90	80	1	-1	-1.202832
45	6.500000	6.750000	E4	90	80	1	-1	-4.426668
46	6.600000	7.200000	G4	90	80	0	1	-1.922714
47	6.600000	7.200000	B4	90	80	0	2	-2.525967
48	6.600000	7.200000	E-5	90	80	0	4	-3.522723
49	6.750000	7.000000	E3	90	80	1	-5	-2.314770
50	7.000000	7.250000	E4	90	80	1	-1	-1.202832
51	7.200000	8.100000	G4	90	80	0	1	-3.549056
52	7.200000	8.100000	C5	90	80	0	5	-4.932539
53	7.250000	7.500000	E4	90	80	1	-1	-4.426668
54	7.500000	7.750000	E3	90	80	1	-5	-2.314770
55	7.750000	8.000000	E4	90	80	1	-1	-1.202832
56	8.000000	8.250000	E3	90	80	1	-5	-2.314770
57	8.250000	8.500000	E4	90	80	1	-1	-1.202832
58	8.500000	8.750000	E4	90	80	1	-1	-4.426668
59	8.750000	9.000000	E3	90	80	1	-5	-2.314770
60	9.000000	9.250000	E4	90	80	1	-1	-1.202832
61	9.250000	9.500000	E4	90	80	1	-1	-4.426668
62	9.500000	9.750000	E3	90	80	1	-5	-2.314770
63	9.600000	10.500000	C3	90	80	0	1	-6.163296
64	9.600000	10.500000	E3	90	80	0	2	-2.525967
65	9.600000	10.500000	A-3	90	80	0	4	-3.522723
66	9.750000	10.000000	E4	90	80	1	-1	-1.202832
67	10.000000	10.250000	E3	90	80	1	-5	-2.314770
68	10.250000	10.500000	E4	90	80	1	-1	-1.202832
69	10.500000	11.400000	D-3	90	80	0	1	-2.857522
70	10.500000	11.400000	F3	90	80	0	2	-3.465862
71	10.500000	11.400000	B-3	90	80	0	4	-3.522723
72	10.500000	10.750000	E4	90	80	1	-1	-4.426668
73	10.750000	11.000000	E3	90	80	1	-5	-2.314770
74	11.000000	11.250000	E4	90	80	1	-1	-1.202832
75	11.250000	11.500000	E4	90	80	1	-1	-4.426668
76	11.400000	12.000000	D3	90	80	0	1	-3.549056
77	11.400000	12.000000	G3	90	80	0	2	-2.963617
78	11.400000	12.000000	B3	90	80	0	4	-2.758588
79	11.500000	11.750000	E3	90	80	1	-5	-2.314770
80	11.750000	12.000000	E4	90	80	1	-1	-1.202832
81	12.000000	12.900000	E#3	90	80	0	2	-3.266530
82	12.000000	12.900000	F3	90	80	0	2	-4.554564
83	12.000000	12.900000	C4	90	80	0	5	-3.528229
84	12.000000	12.250000	E3	90	80	1	-5	-2.314770
85	12.250000	12.500000	E4	90	80	1	-1	-1.202832
86	12.500000	12.750000	E4	90	80	1	-1	-4.426668
87	12.750000	13.000000	E3	90	80	1	-5	-2.314770
88	13.000000	13.250000	E4	90	80	1	-1	-1.202832
89	13.250000	13.500000	E4	90	80	1	-1	-4.426668
90	13.500000	13.750000	E3	90	80	1	-5	-2.314770
91	13.750000	14.000000	E4	90	80	1	-1	-1.202832
92	14.000000	14.250000	E3	90	80	1	-5	-2.314770
93	14.250000	14.500000	E4	90	80	1	-1	-1.202832
94	14.400000	15.300000	B2	90	80	0	1	-3.460971
95	14.400000	15.300000	D#3	90	80	0	3	-3.998423
96	14.500000	14.750000	E4	90	80	1	-1	-4.426668
97	14.750000	15.000000	E3	90	80	1	-5	-2.314770
98	15.000000	15.250000	E4	90	80	1	-1	-1.202832
99	15.250000	15.500000	E4	90	80	1	-1	-4.426668
100	15.300000	16.200000	A2	90	80	0	3	-6.581497
101	15.300000	16.200000	C3	90	80	0	5	-2.681011
102	15.500000	15.750000	E3	90	80	1	-2	-6.879129
103	16.000000	16.750000	D#3	90	80	1	-3	-3.848567
104	16.000000	16.750000	F##3	90	80	1	-1	-3.390615
105	16.200000	16.800000	D2	90	80	0	1	-3.027253
106	16.200000	16.800000	G2	90	80	0	2	-2.963617
107	16.750000	17.500000	B#2	90	80	1	-4	-3.752799
108	16.750000	17.500000	E3	90	80	1	-2	-2.359478
109	16.800000	17.700000	E2	126	80	0	1	-3.157580
110	17.500000	18.000000	D#3	90	80	1	-3	-3.848567
111	17.500000	18.000000	F##3	90	80	1	-1	-3.390615
112	18.000000	18.750000	C#3	90	80	1	-2	-5.099885
113	18.000000	18.750000	E3	90	80	1	-1	-2.464298
114	18.900000	19.200000	F#4	126	80	0	1	-15.391358
115	19.200000	19.500000	G#5	126	80	0	5	-5.684589
116	19.500000	19.800000	G#4	126	80	0	1	-1.922714
117	19.800000	20.100000	G#4	126	80	0	1	-4.507997
118	20.000000	20.750000	B#4	90	80	1	-2	-15.265620
119	20.000000	20.750000	E5	90	80	1	-1	-2.415329
120	20.100000	20.400000	G#5	126	80	0	5	-2.242366
121	20.400000	20.700000	G#4	126	80	0	1	-1.922714
122	20.700000	21.000000	G#4	126	80	0	1	-4.507997
123	20.750000	21.500000	A4	90	80	1	-4	-3.752799
124	20.750000	21.500000	C#5	90	80	1	-2	-3.159098
125	21.000000	21.300000	G#5	126	80	0	5	-2.242366
126	21.300000	21.600000	G#4	126	80	0	1	-1.922714
127	21.500000	22.000000	B#4	90	80	1	-3	-3.281947
128	21.500000	22.000000	E5	90	80	1	-1	-2.967507
129	21.600000	21.900000	G#5	126	80	0	5	-2.242366
130	21.900000	22.200000	G#4	126	80	0	1	-1.922714
131	22.000000	22.750000	F4	90	80	1	-5	-3.181034
132	22.000000	22.750000	B4	90	80	1	-1	-4.729663
133	22.200000	22.500000	G#4	126	80	0	1	-4.507997
134	22.500000	22.800000	G#5	126	80	0	5	-2.242366
135	22.800000	23.100000	G#4	126	80	0	1	-1.922714
136	23.100000	23.400000	G#4	126	80	0	1	-4.507997
137	23.400000	23.700000	G#5	126	80	0	5	-2.242366
138	23.700000	24.000000	G#4	126	80	0	1	-1.922714
139	24.000000	24.300000	G#5	126	80	0	5	-2.242366
140	24.000000	24.750000	D2	90	80	1	-5	-4.456078
141	24.000000	24.750000	F2	90	80	1	-3	-3.170876
142	24.000000	24.750000	B-2	90	80	1	-2	-3.749711
143	24.300000	24.600000	G#4	126	80	0	1	-1.922714
144	24.600000	24.900000	G#4	126	80	0	1	-4.507997
145	24.750000	25.500000	E2	90	80	1	-5	-5.017302
146	24.750000	25.500000	G2	90	80	1	-3	-3.170876
147	24.750000	25.500000	C3	90	80	1	-1	-2.717521
148	24.900000	25.200000	G#5	126	80	0	5	-2.242366
149	25.200000	25.500000	G#4	126	80	0	1	-1.922714
150	25.500000	25.800000	G#4	126	80	0	1	-4.507997
151	25.500000	26.000000	F#2	90	80	1	-3	-6.025293
152	25.500000	26.000000	A2	90	80	1	-2	-2.872099
153	25.500000	26.000000	D3	90	80	1	-1	-2.320150
154	25.800000	26.100000	G#5	126	80	0	5	-2.242366
155	26.000000	26.750000	G2	90	80	1	-4	-3.752799
156	26.000000	26.750000	B2	90	80	1	-2	-2.359478
157	26.000000	26.750000	E-3	90	80	1	-1	-3.194227
158	26.100000	26.400000	G#4	126	80	0	1	-1.922714
159	26.400000	26.700000	G#5	126	80	0	5	-2.242366
160	26.700000	27.000000	G#4	126	80	0	1	-1.922714
161	26.750000	27.500000	A2	90	80	1	-4	-6.237620
162	26.750000	27.500000	C3	90	80	1	-2	-2.359478
163	26.750000	27.500000	F3	90	80	1	-1	-2.320150
164	27.000000	27.300000	G#4	126	80	0	1	-4.507997
165	27.300000	27.600000	G#5	126	80	0	5	-2.242366
166	27.500000	28.000000	B2	90	80	1	-4	-3.752799
167	27.500000	28.000000	D3	90	80	1	-2	-2.359478
168	27.500000	28.000000	G3	90	80	1	-1	-2.320150
169	27.600000	27.900000	G#4	126	80	0	1	-1.922714
170	27.900000	28.200000	G#4	126	80	0	1	-4.507997
171	28.000000	28.750000	C#3	90	80	1	-3	-6.025293
172	28.000000	28.750000	E3	90	80	1	-2	-2.872099
173	28.000000	28.750000	A3	90	80	1	-1	-2.320150
174	28.200000	28.500000	G#5	126	80	0	5	-2.242366
175	28.500000	28.800000	G#4	126	80	0	1	-1.922714
176	28.750000	29.500000	D3	90	80	1	-4	-3.752799
177	28.750000	29.500000	F3	90	80	1	-2	-2.359478
178	28.750000	29.500000	B-3	90	80	1	-1	-3.194227
179	28.800000	29.100000	G#5	126	80	0	5	-2.242366
180	29.100000	29.400000	G#4	126	80	0	1	-1.922714
181	29.400000	29.700000	G#4	126	80	0	1	-4.507997
182	29.500000	30.000000	E3	90	80	1	-4	-6.237620
183	29.500000	30.000000	G3	90	80	1	-2	-2.359478
184	29.500000	30.000000	C4	90	80	1	-1	-2.320150
185	29.700000	30.000000	G#5	126	80	0	5	-2.242366
186	30.000000	30.300000	G#4	126	80	0	1	-1.922714
187	30.000000	30.750000	F#3	90	80	1	-3	-6.025293
188	30.000000	30.750000	A3	90	80	1	-2	-2.872099
189	30.000000	30.750000	D4	90	80	1	-1	-2.320150
190	30.300000	30.600000	G#4	126	80	0	1	-4.507997
191	30.600000	30.900000	G#5	126	80	0	5	-2.242366
192	30.900000	31.200000	G#4	126	80	0	1	-1.922714
193	31.200000	31.500000	G#5	126	80	0	5	-2.242366
194	31.500000	31.800000	G#4	126	80	0	1	-1.922714
195	31.800000	32.100000	G#4	126	80	0	1	-4.507997
196	32.000000	36.000000	B2	90	80	1	-5	-4.233080
197	32.000000	32.750000	F#3	90	80	1	-2	-4.281723
198	32.000000	32.750000	A3	90	80	1	-1	-2.464298
199	32.100000	32.400000	G#5	126	80	0	5	-2.242366
200	32.400000	32.700000	G#4	126	80	0	1	-1.922714
201	32.700000	33.000000	G#4	126	80	0	1	-4.507997
202	32.750000	33.500000	D#3	90	80	1	-2	-5.099885
203	32.750000	33.500000	F#3	90	80	1	-1	-2.415329
204	33.000000	33.300000	G#5	126	80	0	5	-2.242366
205	33.300000	33.600000	G#4	126	80	0	1	-1.922714
206	33.500000	34.000000	E#3	90	80	1	-2	-4.597368
207	33.500000	34.000000	G#3	90	80	1	-1	-3.101885
208	33.600000	33.900000	G#5	126	80	0	5	-2.242366
209	33.900000	34.200000	G#4	126	80	0	1	-1.922714
210	34.000000	34.750000	F#3	90	80	1	-2	-2.745489
211	34.000000	34.750000	A3	90	80	1	-1	-2.464298
212	34.200000	34.500000	G#4	126	80	0	1	-4.507997
213	34.500000	34.800000	G#5	126	80	0	5	-2.242366
214	34.750000	35.500000	D#3	90	80	1	-2	-5.099885
215	34.750000	35.500000	F#3	90	80	1	-1	-2.415329
216	34.800000	35.100000	G#4	126	80	0	1	-1.922714
217	35.100000	35.400000	G#4	126	80	0	1	-4.507997
218	35.400000	35.700000	G#5	126	80	0	5	-2.242366
219	35.500000	36.000000	E#3	90	80	1	-2	-4.597368
220	35.500000	36.000000	G#3	90	80	1	-1	-3.101885
221	35.700000	36.000000	G#4	126	80	0	1	-1.922714
222	36.000000	36.300000	G#5	126	80	0	5	-2.242366
223	36.000000	38.000000	B2	90	80	1	-5	-4.087479
224	36.000000	36.750000	F#3	90	80	1	-2	-4.281723
225	36.000000	36.750000	A3	90	80	1	-1	-2.464298
226	36.300000	36.600000	G#4	126	80	0	1	-1.922714
227	36.600000	36.900000	G#4	126	80	0	3	-5.268790
228	36.750000	37.500000	D#3	90	80	1	-2	-5.099885
229	36.750000	37.500000	F#3	90	80	1	-1	-2.415329
230	36.900000	37.200000	G#4	126	80	0	3	-4.378151
231	37.200000	37.500000	F#4	126	80	0	2	-2.287533
232	37.500000	37.800000	E4	126	80	0	1	-3.360143
233	37.500000	38.000000	E3	90	80	1	-2	-4.084076
234	37.500000	38.000000	G#3	90	80	1	-1	-3.194227
235	37.800000	38.100000	D#4	126	80	0	3	-4.859211
236	38.000000	38.750000	F#3	90	80	1	-2	-2.745489
237	38.000000	38.750000	A3	90	80	1	-1	-2.464298
238	38.100000	38.400000	C#4	126	80	0	2	-2.287533
239	38.400000	38.700000	C4	126	80	0	1	-3.290753
240	38.700000	39.000000	C4	126	80	0	3	-5.268790
241	38.750000	39.750000	F#3	90	80	1	-2	-3.299403
242	38.750000	39.750000	C4	90	80	1	-1	-4.366821
243	39.000000	39.300000	C4	126	80	0	3	-4.378151
244	39.300000	39.600000	C4	126	80	0	3	-4.378151
245	39.500000	40.000000	G3	90	80	1	-2	-3.456527
246	39.600000	39.900000	C4	126	80	0	3	-4.378151
247	39.900000	40.200000	C4	126	80	0	3	-4.378151
248	40.000000	42.000000	E3	90	80	1	-4	-3.718276
249	40.000000	40.750000	G#3	90	80	1	-2	-3.159098
250	40.000000	40.750000	B3	90	80	1	-1	-2.464298
251	40.200000	40.500000	C4	126	80	0	3	-4.378151
252	40.500000	40.800000	C4	126	80	0	3	-4.378151
253	40.750000	41.500000	B3	90	80	1	-2	-4.675782
254	40.750000	41.500000	D4	90	80	1	-1	-2.415329
255	40.800000	41.100000	F4	126	80	0	5	-3.128600
256	41.100000	41.400000	C4	126	80	0	3	-3.854029
257	41.400000	41.700000	C4	126	80	0	3	-4.378151
258	41.500000	42.000000	A#3	90	80	1	-2	-4.444474
259	41.500000	42.000000	C#4	90	80	1	-1	-2.415329
260	41.700000	42.000000	C4	126	80	0	3	-4.378151
261	42.000000	42.300000	C4	126	80	0	3	-4.378151
262	42.000000	44.000000	E3	90	80	1	-5	-4.087479
263	42.000000	42.750000	C#4	90	80	1	-2	-4.731534
264	42.000000	42.750000	E4	90	80	1	-1	-2.464298
265	42.300000	42.600000	C4	126	80	0	3	-4.378151
266	42.600000	42.900000	C4	126	80	0	3	-4.378151
267	42.750000	43.500000	B3	90	80	1	-2	-3.456527
268	42.750000	43.500000	D4	90	80	1	-1	-2.415329
269	42.900000	43.200000	C4	126	80	0	3	-4.378151
270	43.200000	43.500000	D4	126	80	0	4	-2.883688
271	43.500000	43.800000	C4	126	80	0	3	-2.238713
272	43.500000	44.000000	A#3	90	80	1	-2	-4.444474
273	43.500000	44.000000	C#4	90	80	1	-1	-2.415329
274	43.800000	44.100000	C4	126	80	0	3	-4.378151
275	44.000000	46.000000	E3	90	80	1	-5	-4.087479
276	44.000000	44.750000	G#3	90	80	1	-3	-3.351805
277	44.000000	44.750000	B3	90	80	1	-2	-2.872099
278	44.100000	44.400000	C4	126	80	0	3	-4.378151
279	44.400000	44.700000	C4	126	80	0	3	-4.378151
280	44.700000	45.000000	C4	126	80	0	3	-4.378151
281	44.750000	45.500000	B3	90	80	1	-2	-3.999177
282	44.750000	45.500000	D4	90	80	1	-1	-2.415329
283	45.000000	45.300000	C4	126	80	0	2	-4.935872
284	45.300000	45.600000	C4	126	80	0	1	-4.802885
285	45.500000	46.000000	A3	90	80	1	-2	-3.456527
286	45.500000	46.000000	C4	90	80	1	-1	-2.415329
287	45.600000	45.900000	F4	126	80	0	2	-2.963617
288	45.900000	46.200000	G4	126	80	0	3	-2.675961
289	46.000000	46.750000	C#4	90	80	1	-2	-4.643648
290	46.000000	46.750000	E4	90	80	1	-1	-2.464298
291	46.200000	46.500000	A-4	126	80	0	4	-4.152325
292	46.500000	46.800000	G4	126	80	0	3	-3.302559
293	46.750000	47.500000	D#4	90	80	1	-2	-3.720116
294	46.750000	47.500000	F#4	90	80	1	-1	-2.415329
295	46.800000	47.100000	F4	126	80	0	2	-2.287533
296	47.100000	47.400000	D4	126	80	0	1	-3.157580
297	47.400000	48.000000	F4	126	80	0	2	-2.525967
298	47.750000	48.000000	G#4	90	80	1	-2	-5.429322
299	47.750000	48.000000	B4	90	80	1	-1	-2.464298
300	48.300000	48.600000	F4	126	80	0	2	-4.554564
301	48.600000	48.900000	F4	126	80	0	2	-4.554564
302	48.750000	49.000000	C#4	90	80	1	-4	-4.497131
303	48.900000	49.200000	G4	126	80	0	3	-2.675961
304	49.000000	49.250000	D#4	90	80	1	-3	-2.915060
305	49.200000	49.500000	F4	126	80	0	2	-2.287533
306	49.250000	49.500000	E4	90	80	1	-2	-3.642491
307	49.500000	49.800000	F4	126	80	0	2	-4.554564
308	49.500000	49.750000	D#4	90	80	1	-3	-3.848567
309	49.750000	50.000000	C#4	90	80	1	-1	-3.930078
310	49.800000	50.100000	F4	126	80	0	2	-4.554564
311	50.000000	50.250000	B#3	90	80	1	-2	-4.597368
312	50.100000	50.400000	F4	126	80	0	2	-4.554564
313	50.250000	50.750000	C#4	90	80	1	-1	-4.284379
314	50.700000	51.000000	F4	126	80	0	2	-4.554564
315	50.750000	51.000000	G#3	90	80	1	-3	-3.831713
316	51.000000	51.300000	F4	126	80	0	2	-4.554564
317	51.000000	51.250000	A#3	90	80	1	-2	-2.510186
318	51.250000	51.500000	B#3	90	80	1	-1	-2.464298
319	51.300000	51.600000	C5	126	80	0	5	-3.528229
320	51.500000	51.750000	A#3	90	80	1	-2	-3.299403
321	51.600000	51.900000	F4	126	80	0	2	-3.263552
322	51.750000	52.000000	G#3	90	80	1	-3	-2.891080
323	51.900000	52.200000	F4	126	80	0	2	-4.554564
324	52.200000	52.500000	F4	126	80	0	2	-4.554564
325	52.250000	52.750000	G#3	90	80	1	-2	-5.273207
326	52.500000	52.800000	F4	126	80	0	2	-4.554564
327	52.750000	53.000000	D#3	90	80	1	-5	-3.713619
328	53.000000	53.250000	E#3	90	80	1	-4	-4.523458
329	53.100000	53.400000	F4	126	80	0	2	-4.554564
330	53.250000	53.500000	F#3	90	80	1	-3	-2.906925
331	53.400000	53.700000	F4	126	80	0	2	-4.554564
332	53.500000	53.750000	E#3	90	80	1	-1	-3.371140
333	53.700000	54.000000	G4	126	80	0	3	-2.675961
334	53.750000	54.000000	D#3	90	80	1	-2	-3.299403
335	54.000000	54.300000	F4	126	80	0	2	-2.287533
336	54.000000	54.250000	C#3	90	80	1	-3	-2.891080
337	54.250000	54.750000	D#3	90	80	1	-2	-2.510186
338	54.300000	54.600000	F4	126	80	0	1	-4.802885
339	54.750000	55.000000	A#2	90	80	1	-5	-3.713619
340	54.900000	55.200000	F4	126	80	0	1	-4.507997
341	55.000000	55.250000	B#2	90	80	1	-4	-4.523458
342	55.200000	55.500000	C5	126	80	0	2	-3.928858
343	55.250000	55.500000	C#3	90	80	1	-3	-2.906925
344	55.500000	55.800000	D5	126	80	0	3	-2.675961
345	55.500000	55.750000	B#2	90	80	1	-1	-3.371140
346	55.750000	56.000000	A#2	90	80	1	-2	-3.299403
347	55.800000	56.100000	E-5	126	80	0	4	-4.152325
348	56.000000	56.250000	F##2	90	80	1	-3	-4.407505
349	56.100000	56.400000	D5	126	80	0	3	-3.302559
350	56.250000	56.750000	A#2	90	80	1	-2	-3.407298
351	56.400000	56.700000	C5	126	80	0	2	-2.287533
352	56.700000	57.000000	A4	126	80	0	1	-3.157580
353	57.000000	57.600000	C5	126	80	0	2	-2.525967
354	57.600000	57.900000	G5	126	80	0	3	-6.082358
355	57.900000	58.200000	A5	126	80	0	4	-2.883688
356	58.000000	58.250000	B2	90	80	1	-1	-3.404249
357	58.200000	58.500000	B-5	126	80	0	5	-4.385182
358	58.250000	58.500000	C#3	90	80	1	-3	-5.700951
359	58.500000	58.800000	A5	126	80	0	4	-4.300502
360	58.500000	58.750000	D3	90	80	1	-2	-3.642491
361	58.750000	59.000000	C#3	90	80	1	-3	-3.848567
362	58.800000	59.100000	G5	126	80	0	3	-2.238713
363	59.000000	59.250000	B2	90	80	1	-1	-4.439870
364	59.100000	59.400000	F#5	126	80	0	2	-3.151465
365	59.250000	59.500000	A2	90	80	1	-2	-2.745489
366	59.400000	60.000000	G5	126	80	0	3	-3.686981
367	59.500000	59.750000	G#2	90	80	1	-3	-3.848567
368	59.750000	60.000000	A#2	90	80	1	-2	-2.510186
369	60.000000	60.300000	D5	126	80	0	1	-2.905888
370	60.000000	60.250000	B2	90	80	1	-1	-3.404249
371	60.250000	60.500000	C#3	90	80	1	-3	-5.700951
372	60.300000	60.600000	E5	126	80	0	2	-2.867384
373	60.500000	60.750000	D3	90	80	1	-2	-3.642491
374	60.600000	60.900000	F5	126	80	0	3	-2.675961
375	60.750000	61.000000	C#3	90	80	1	-3	-3.848567
376	60.900000	61.200000	E5	126	80	0	2	-2.287533
377	61.000000	61.250000	B2	90	80	1	-1	-4.439870
378	61.200000	61.500000	D5	126	80	0	1	-2.609267
379	61.250000	61.500000	A2	90	80	1	-2	-2.745489
380	61.500000	61.800000	C#5	126	80	0	3	-4.859211
381	61.500000	61.750000	G#2	90	80	1	-3	-3.848567
382	61.750000	62.000000	A#2	90	80	1	-2	-2.510186
383	61.800000	62.400000	D5	126	80	0	4	-3.868143
384	62.000000	62.250000	B2	90	80	1	-1	-3.404249
385	62.250000	62.500000	C#3	90	80	1	-3	-5.700951
386	62.400000	62.700000	A4	126	80	0	2	-3.266530
387	62.500000	62.750000	D3	90	80	1	-2	-3.642491
388	62.700000	63.000000	B4	126	80	0	3	-2.675961
389	62.750000	63.000000	C#3	90	80	1	-3	-3.848567
390	63.000000	63.300000	C5	126	80	0	4	-2.883688
391	63.000000	63.250000	B2	90	80	1	-1	-4.439870
392	63.250000	63.500000	A2	90	80	1	-2	-2.745489
393	63.300000	63.600000	B4	126	80	0	3	-2.238713
394	63.500000	63.750000	G#2	90	80	1	-3	-3.848567
395	63.600000	63.900000	A4	126	80	0	2	-2.287533
396	63.750000	64.000000	A#2	90	80	1	-2	-2.510186
397	63.900000	64.200000	G4	126	80	0	1	-2.609267
398	64.000000	64.250000	B2	90	80	1	-1	-3.404249
399	64.200000	64.800000	A4	126	80	0	2	-2.867384
400	64.250000	64.500000	C#3	90	80	1	-3	-5.700951
401	64.500000	64.750000	D3	90	80	1	-2	-3.642491
402	64.750000	65.000000	C#3	90	80	1	-3	-3.848567
403	64.800000	65.100000	E4	126	80	0	1	-3.434905
404	65.000000	65.250000	B2	90	80	1	-1	-4.439870
405	65.100000	65.400000	F#4	126	80	0	2	-3.246278
406	65.250000	65.500000	A2	90	80	1	-2	-2.745489
407	65.400000	65.700000	G4	126	80	0	3	-3.686981
408	65.500000	65.750000	G#2	90	80	1	-3	-3.848567
409	65.700000	66.000000	F#4	126	80	0	2	-3.151465
410	65.750000	66.000000	A#2	90	80	1	-2	-2.510186
411	66.000000	66.300000	E4	126	80	0	1	-3.360143
412	66.000000	66.250000	B2	90	80	1	-1	-3.404249
413	66.250000	66.500000	C#3	90	80	1	-3	-5.700951
414	66.300000	66.600000	C#4	126	80	0	3	-5.389440
415	66.500000	66.750000	D3	90	80	1	-2	-3.642491
416	66.600000	67.200000	E4	126	80	0	5	-3.635747
417	66.750000	67.000000	C#3	90	80	1	-3	-3.848567
418	67.000000	67.250000	B2	90	80	1	-1	-4.439870
419	67.200000	67.500000	B3	126	80	0	2	-3.071676
420	67.250000	67.500000	A2	90	80	1	-2	-2.745489
421	67.500000	67.800000	C#4	126	80	0	3	-3.409656
422	67.500000	67.750000	G#2	90	80	1	-3	-3.848567
423	67.750000	68.000000	A#2	90	80	1	-2	-2.510186
424	67.800000	68.100000	D4	126	80	0	4	-3.868143
425	68.000000	68.250000	B2	90	80	1	-1	-3.404249
426	68.100000	68.400000	C#4	126	80	0	3	-3.226506
427	68.250000	68.500000	C#3	90	80	1	-2	-5.583884
428	68.400000	68.700000	B3	126	80	0	2	-3.286699
429	68.500000	68.750000	D3	90	80	1	-1	-3.404249
430	68.700000	69.000000	A3	126	80	0	1	-2.609267
431	68.750000	69.000000	C#3	90	80	1	-2	-3.720116
432	69.000000	69.300000	G#3	126	80	0	2	-4.284147
433	69.000000	69.250000	B2	90	80	1	-3	-4.407505
434	69.250000	69.500000	A2	90	80	1	-1	-3.930078
435	69.300000	69.600000	A#3	126	80	0	3	-2.675961
436	69.500000	69.750000	G#2	90	80	1	-2	-3.720116
437	69.600000	69.900000	B3	126	80	0	1	-4.595018
438	69.750000	70.000000	F#2	90	80	1	-3	-2.891080
439	69.900000	70.200000	C#4	126	80	0	2	-3.246278
440	70.000000	70.500000	F2	99	80	1	-1	-3.371140
441	70.200000	70.500000	D4	126	80	0	3	-3.686981
442	70.500000	70.800000	C#4	126	80	0	2	-3.151465
443	70.800000	71.100000	B3	126	80	0	1	-3.360143
444	71.100000	71.400000	A3	126	80	0	3	-4.737465
445	71.400000	71.700000	G#3	126	80	0	2	-3.151465
446	71.700000	72.000000	A#3	126	80	0	3	-2.675961
447	72.000000	72.300000	B3	126	80	0	1	-4.595018
448	72.000000	72.900000	E4	126	80	0	3	-3.401091
449	72.250000	72.500000	F2	99	80	1	-4	-5.794657
450	72.300000	72.600000	C#4	126	80	0	2	-3.032881
451	72.500000	72.750000	G2	99	80	1	-3	-2.915060
452	72.600000	72.900000	D4	126	80	0	3	-3.686981
453	72.750000	73.000000	A-2	99	80	1	-2	-3.081523
454	72.900000	73.200000	C#4	126	80	0	2	-3.151465
455	72.900000	73.800000	F4	126	80	0	4	-3.927704
456	73.000000	73.250000	G2	99	80	1	-3	-3.281947
457	73.200000	73.500000	B3	126	80	0	1	-2.857522
458	73.250000	73.500000	F2	99	80	1	-4	-3.061136
459	73.500000	73.800000	A3	126	80	0	3	-4.737465
460	73.500000	73.750000	A2	99	80	1	-2	-2.359478
461	73.750000	74.000000	B2	99	80	1	-1	-2.578439
462	73.800000	74.100000	G#3	126	80	0	2	-3.151465
463	73.800000	76.800000	F4	126	80	0	5	-4.457166
464	74.000000	74.250000	B#1	99	80	1	-4	-4.921584
465	74.100000	74.400000	A#3	126	80	0	2	-3.763668
466	74.250000	74.500000	C#2	99	80	1	-3	-2.906925
467	74.400000	74.700000	B3	126	80	0	1	-4.072488
468	74.500000	74.750000	D#2	99	80	1	-2	-2.510186
469	74.700000	75.000000	C#4	126	80	0	2	-3.246278
470	74.750000	75.000000	E2	99	80	1	-1	-3.404249
471	75.000000	75.300000	D4	126	80	0	3	-3.686981
472	75.000000	75.250000	D#2	99	80	1	-2	-3.720116
473	75.250000	75.500000	C#2	99	80	1	-3	-2.891080
474	75.300000	75.600000	C#4	126	80	0	2	-3.151465
475	75.500000	75.750000	F2	99	80	1	-2	-4.126498
476	75.600000	75.900000	B3	126	80	0	1	-3.360143
477	75.750000	76.000000	G2	99	80	1	-1	-2.578439
478	75.900000	76.200000	A3	126	80	0	3	-4.737465
479	76.000000	80.000000	D#2	99	80	1	-2	-4.444474
480	76.000000	76.750000	A2	99	80	1	-1	-4.366821
481	76.200000	76.500000	G#3	126	80	0	2	-3.151465
482	76.500000	76.800000	A#3	126	80	0	3	-2.675961
483	76.750000	77.500000	B2	99	80	1	-3	-4.611792
484	76.800000	77.100000	B3	126	80	0	1	-4.595018
485	76.800000	80.100000	G4	126	80	0	5	-3.707830
486	77.100000	77.400000	C#4	126	80	0	2	-4.412763
487	77.400000	77.700000	D4	126	80	0	3	-3.686981
488	77.500000	78.000000	C3	99	80	1	-2	-2.510186
489	77.700000	78.000000	C#4	126	80	0	2	-3.151465
490	78.000000	78.300000	B3	126	80	0	1	-3.360143
491	78.000000	78.750000	D3	99	80	1	-1	-2.578439
492	78.300000	78.600000	A3	126	80	0	3	-4.737465
493	78.600000	78.900000	G#3	126	80	0	2	-3.151465
494	78.750000	79.500000	C3	99	80	1	-2	-2.745489
495	78.900000	79.200000	A#3	126	80	0	3	-2.675961
496	79.200000	79.500000	B3	126	80	0	1	-4.595018
497	79.500000	79.800000	C#4	126	80	0	2	-3.246278
498	79.500000	80.000000	B2	99	80	1	-1	-4.644141
499	79.800000	80.100000	D4	126	80	0	3	-3.686981
500	80.000000	84.000000	D#2	99	80	1	-4	-4.339145
501	80.000000	80.750000	A2	99	80	1	-2	-4.383116
502	80.100000	80.400000	C#4	126	80	0	2	-3.151465
503	80.100000	81.600000	F4	126	80	0	4	-3.927704
504	80.400000	80.700000	B3	126	80	0	1	-2.857522
505	80.700000	81.000000	A3	126	80	0	3	-4.737465
506	81.000000	81.300000	G#3	126	80	0	2	-3.151465
507	81.300000	81.600000	A#3	126	80	0	3	-2.675961
508	81.600000	81.800000	B3	126	80	0	1	-4.595018
509	81.600000	82.500000	E4	126	80	0	3	-3.401091
510	81.800000	82.000000	C#4	126	80	0	2	-3.032881
511	82.000000	82.750000	D3	99	80	1	-1	-2.320150
512	82.000000	82.200000	D4	126	80	0	3	-3.686981
513	82.200000	82.650000	C#4	126	80	0	2	-3.151465
514	82.200000	83.100000	F4	126	80	0	4	-3.927704
515	82.650000	82.950000	B3	126	80	0	1	-2.857522
516	82.750000	83.500000	C3	99	80	1	-2	-2.745489
517	82.950000	83.250000	A3	126	80	0	3	-4.737465
518	83.250000	83.550000	G#3	127	80	0	2	-3.151465
519	83.250000	83.550000	G4	127	80	0	5	-7.159378
520	83.500000	84.000000	B2	99	80	1	-3	-2.891080
521	84.300000	84.600000	A3	127	80	0	1	-3.027253
522	84.600000	84.900000	B3	127	80	0	2	-2.867384
523	84.750000	85.000000	F#2	99	80	1	-5	-5.242578
524	84.900000	85.200000	C4	127	80	0	3	-2.675961
525	85.000000	85.250000	G2	99	80	1	-4	-5.624397
526	85.200000	85.500000	B3	127	80	0	2	-2.287533
527	85.250000	85.500000	A2	99	80	1	-3	-2.915060
528	85.500000	85.800000	A3	127	80	0	1	-2.609267
529	85.500000	85.750000	B-2	99	80	1	-2	-3.081523
530	85.750000	86.000000	C3	99	80	1	-1	-2.464298
531	85.800000	86.100000	C#4	127	80	0	2	-3.275273
532	86.000000	86.250000	B2	99	80	1	-2	-2.745489
533	86.100000	86.400000	D#4	127	80	0	3	-2.675961
534	86.400000	86.700000	E4	127	80	0	1	-4.595018
535	86.700000	87.000000	F4	127	80	0	2	-2.867384
536	86.750000	87.000000	G#2	99	80	1	-3	-3.464153
537	87.000000	87.300000	G4	127	80	0	3	-2.675961
538	87.000000	87.250000	A2	99	80	1	-2	-3.642491
539	87.250000	87.500000	B2	99	80	1	-1	-2.578439
540	87.300000	87.600000	A-4	127	80	0	4	-4.152325
541	87.500000	87.750000	C3	99	80	1	-2	-5.429322
542	87.600000	87.900000	G4	127	80	0	3	-3.302559
543	87.750000	88.000000	D3	99	80	1	-1	-2.578439
544	87.900000	88.200000	F4	127	80	0	2	-2.287533
545	88.000000	88.250000	C#3	99	80	1	-2	-3.720116
546	88.200000	88.500000	A4	127	80	0	3	-3.012122
547	88.500000	88.800000	B4	127	80	0	1	-5.198182
548	88.750000	89.000000	A#2	99	80	1	-4	-3.718276
549	88.800000	89.100000	B#4	127	80	0	2	-2.867384
550	89.000000	89.250000	B2	99	80	1	-3	-4.267903
551	89.100000	89.400000	C#5	127	80	0	3	-3.190537
552	89.250000	89.500000	C3	99	80	1	-2	-2.510186
553	89.400000	89.700000	D#5	127	80	0	4	-2.883688
554	89.500000	89.750000	D3	99	80	1	-1	-2.578439
555	89.700000	90.000000	E5	127	80	0	5	-3.684684
556	89.750000	90.000000	D#3	99	80	1	-2	-4.643648
557	90.000000	90.300000	D#5	127	80	0	4	-3.640665
558	90.300000	90.600000	C#5	127	80	0	3	-2.238713
559	90.600000	90.900000	F5	127	80	0	5	-3.340065
560	90.750000	91.500000	C3	90	80	1	-4	-5.038436
561	90.750000	91.500000	G#3	90	80	1	-1	-4.009808
562	90.900000	91.200000	G5	127	80	0	1	-7.108616
563	91.200000	91.500000	A5	126	80	0	2	-2.867384
564	91.500000	91.800000	B-5	126	80	0	3	-3.190537
565	91.500000	92.000000	D3	90	80	1	-4	-6.237620
566	91.500000	92.000000	A#3	90	80	1	-1	-4.009808
567	91.800000	92.100000	C6	126	80	0	4	-4.111873
568	92.000000	92.750000	B2	90	80	1	-5	-4.598096
569	92.000000	92.750000	E3	99	80	1	-3	-3.463793
570	92.000000	92.750000	B3	90	80	1	-1	-3.342645
571	92.100000	92.400000	D6	126	80	0	5	-2.706622
572	92.400000	92.700000	C6	126	80	0	4	-2.814339
573	92.700000	93.000000	B-5	126	80	0	3	-3.510496
574	92.750000	93.250000	B2	90	80	1	-5	-2.314770
575	92.750000	93.250000	B3	90	80	1	-1	-1.202832
576	93.000000	93.300000	A5	126	80	0	2	-2.803601
577	93.300000	93.600000	G5	126	80	0	1	-2.609267
578	93.500000	94.000000	A2	90	80	1	-5	-3.842215
579	93.500000	94.000000	A3	90	80	1	-1	-1.202832
580	93.600000	93.900000	F5	126	80	0	3	-4.737465
581	93.900000	94.200000	E5	126	80	0	2	-2.287533
582	94.000000	94.750000	D3	99	80	1	-5	-3.242781
583	94.000000	94.750000	F3	90	80	1	-3	-3.170876
584	94.000000	94.750000	B-3	90	80	1	-2	-3.749711
585	94.000000	94.750000	D4	99	80	1	-1	-3.262923
586	94.200000	94.500000	D5	126	80	0	1	-2.609267
587	94.500000	94.800000	C#5	126	80	0	2	-4.284147
588	94.750000	95.500000	G3	90	80	1	-4	-3.752799
589	94.750000	95.500000	B3	90	80	1	-2	-2.359478
590	94.800000	95.100000	D5	126	80	0	1	-4.072488
591	95.100000	95.400000	E5	126	80	0	2	-2.867384
592	95.400000	95.700000	F5	126	80	0	3	-2.675961
593	95.500000	96.000000	B3	90	80	1	-2	-3.999177
594	95.500000	96.000000	E-4	90	80	1	-1	-3.194227
595	95.700000	96.000000	G5	126	80	0	4	-2.883688
596	96.000000	96.300000	A4	126	80	0	1	-3.549056
597	96.000000	96.300000	A5	126	80	0	5	-2.242366
598	96.000000	96.750000	G2	90	80	1	-5	-6.196562
599	96.000000	96.750000	G3	90	80	1	-2	-5.035265
600	96.000000	96.750000	C4	99	80	1	-1	-2.320150
601	96.300000	96.600000	B-4	126	80	0	1	-4.221033
602	96.600000	96.900000	C5	126	80	0	3	-5.327229
603	96.750000	97.500000	E2	90	80	1	-5	-5.860818
604	96.750000	97.500000	E3	90	80	1	-1	-1.202832
605	96.900000	97.200000	D5	126	80	0	4	-2.883688
606	97.200000	97.500000	C5	126	80	0	3	-2.238713
607	97.500000	97.800000	B-4	126	80	0	2	-3.032881
608	97.500000	98.000000	C2	90	80	1	-5	-4.233080
609	97.500000	98.000000	C3	90	80	1	-1	-1.202832
610	97.800000	98.100000	A4	126	80	0	1	-3.290753
611	98.000000	98.750000	G1	90	80	1	-5	-3.781310
612	98.000000	98.750000	G2	90	80	1	-1	-1.202832
613	98.100000	98.400000	G4	126	80	0	4	-5.839612
614	98.400000	98.700000	F4	126	80	0	3	-2.238713
615	98.700000	99.000000	E4	126	80	0	2	-2.287533
616	99.000000	99.300000	D4	126	80	0	1	-2.609267
617	99.300000	99.600000	C#4	126	80	0	2	-4.284147
618	99.600000	99.900000	D4	126	80	0	1	-4.072488
619	99.900000	100.200000	E4	126	80	0	2	-2.867384
620	100.000000	100.750000	F1	90	80	1	-5	-3.842215
621	100.000000	100.750000	F2	90	80	1	-1	-1.202832
622	100.200000	100.500000	F4	126	80	0	3	-2.675961
623	100.500000	100.800000	G4	126	80	0	4	-2.883688
624	100.750000	101.500000	G1	90	80	1	-5	-3.181034
625	100.750000	101.500000	G2	90	80	1	-1	-1.202832
626	100.800000	101.100000	A4	126	80	0	1	-5.889308
627	101.100000	101.400000	B4	126	80	0	2	-2.867384
628	101.400000	101.700000	C5	126	80	0	3	-2.675961
629	101.500000	102.000000	A1	90	80	1	-5	-3.181034
630	101.500000	102.000000	A2	90	80	1	-1	-1.202832
631	101.700000	102.000000	D5	126	80	0	4	-2.883688
632	102.000000	102.300000	D#5	126	80	0	5	-4.385182
633	102.000000	102.750000	B-1	90	80	1	-5	-4.582913
634	102.000000	102.750000	B-2	90	80	1	-1	-1.202832
635	103.200000	103.500000	A4	126	80	0	2	-4.646957
636	103.500000	103.800000	B4	126	80	0	3	-2.675961
637	103.800000	104.100000	C5	126	80	0	1	-5.198182
638	104.000000	104.750000	B1	90	80	1	-5	-4.598096
639	104.000000	104.750000	B2	90	80	1	-1	-1.202832
640	104.100000	104.400000	D5	126	80	0	2	-2.867384
641	104.400000	104.700000	D#5	126	80	0	3	-3.190537
642	104.750000	105.500000	G#1	90	80	1	-5	-4.510402
643	104.750000	105.500000	G#2	90	80	1	-1	-1.202832
644	105.500000	106.000000	E1	90	80	1	-5	-5.345987
645	105.500000	106.000000	E2	90	80	1	-1	-1.202832
646	105.600000	105.900000	A4	126	80	0	1	-4.323321
647	105.900000	106.200000	B4	126	80	0	2	-2.867384
648	106.000000	106.750000	C1	90	80	1	-5	-4.233080
649	106.000000	106.750000	C2	90	80	1	-1	-1.202832
650	106.200000	106.500000	C5	126	80	0	3	-2.675961
651	106.500000	106.800000	D5	126	80	0	4	-2.883688
652	106.800000	107.100000	D#5	126	80	0	5	-4.385182
653	108.000000	108.600000	G#4	90	80	0	1	-3.425130
654	108.000000	108.600000	C#5	90	80	0	2	-2.963617
655	108.000000	108.600000	E5	90	80	0	4	-3.580467
656	108.000000	108.750000	E-3	90	80	1	-1	-8.685477
657	108.000000	108.750000	C4	90	80	1	-1	-8.017765
658	108.600000	109.200000	G#4	90	80	0	1	-3.577835
659	108.600000	109.200000	B4	90	80	0	2	-3.493146
660	108.600000	109.200000	E5	90	80	0	4	-2.909306
661	108.750000	109.500000	C#3	90	80	1	-5	-4.582913
662	108.750000	109.500000	A3	90	80	1	-2	-4.203307
663	109.200000	109.800000	C#5	126	80	0	3	-3.510496
664	109.500000	110.000000	E-3	90	80	1	-4	-6.312522
665	109.500000	110.000000	C4	90	80	1	-1	-4.387723
666	109.800000	110.400000	F#4	90	80	0	1	-3.310457
667	109.800000	110.400000	A4	90	80	0	2	-3.493146
668	109.800000	110.400000	D5	90	80	0	4	-2.909306
669	110.000000	110.750000	C#3	90	80	1	-5	-4.582913
670	110.000000	110.750000	A3	90	80	1	-1	-4.813538
671	110.400000	111.300000	B4	90	80	0	2	-3.359779
672	110.400000	111.300000	D5	90	80	0	3	-3.012122
673	110.400000	111.300000	G5	90	80	0	5	-3.128600
674	112.000000	114.000000	C2	99	80	1	-5	-5.860818
675	112.000000	112.750000	A-2	99	80	1	-2	-4.281723
676	112.750000	113.500000	E-2	99	80	1	-4	-4.045906
677	112.800000	113.700000	B-4	90	80	0	1	-3.521239
678	112.800000	113.700000	D5	90	80	0	2	-3.465862
679	112.800000	113.700000	F5	90	80	0	3	-3.012122
680	112.800000	113.700000	B-5	90	80	0	5	-3.549127
681	113.500000	114.000000	A-2	99	80	1	-2	-2.507290
682	113.700000	114.600000	G4	90	80	0	1	-4.990776
683	113.700000	114.600000	B4	90	80	0	2	-2.525967
684	113.700000	114.600000	D5	90	80	0	3	-3.012122
685	113.700000	114.600000	G5	90	80	0	5	-3.128600
686	114.000000	114.750000	D2	90	80	1	-5	-5.017302
687	114.000000	114.750000	B-2	90	80	1	-3	-5.375180
688	114.600000	115.200000	G4	90	80	0	1	-1.922714
689	114.600000	115.200000	B4	90	80	0	3	-3.473158
690	114.600000	115.200000	E-5	90	80	0	5	-3.549127
691	115.200000	116.100000	E4	90	80	0	1	-3.885272
692	115.200000	116.100000	G4	90	80	0	2	-2.525967
693	115.200000	116.100000	C5	90	80	0	5	-3.228870
694	115.500000	116.000000	F3	126	80	1	-1	-3.687814
695	116.000000	116.750000	E-3	126	80	1	-2	-3.299403
696	116.750000	117.500000	D3	126	80	1	-1	-3.931111
697	117.500000	118.000000	C#3	126	80	1	-2	-3.720116
698	117.600000	118.500000	C3	90	80	0	1	-6.163296
699	117.600000	118.500000	E3	90	80	0	2	-2.525967
700	117.600000	118.500000	A-3	90	80	0	4	-3.522723
701	118.000000	118.750000	B2	90	80	1	-4	-5.038436
702	118.000000	118.750000	B-3	90	80	1	-1	-6.431375
703	118.500000	119.400000	D3	90	80	0	1	-3.845468
704	118.500000	119.400000	F3	90	80	0	2	-2.525967
705	118.500000	119.400000	B-3	90	80	0	4	-3.522723
706	118.750000	119.500000	A2	90	80	1	-5	-4.645128
707	118.750000	119.500000	A3	90	80	1	-1	-1.202832
708	119.400000	120.000000	E3	90	80	0	1	-3.845468
709	119.400000	120.000000	G3	90	80	0	2	-2.525967
710	119.400000	120.000000	C4	90	80	0	4	-2.909306
711	119.500000	120.000000	G2	90	80	1	-5	-3.842215
712	119.500000	120.000000	G3	90	80	1	-1	-1.202832
713	120.000000	120.900000	F3	90	80	0	1	-2.857522
714	120.000000	120.900000	A-3	90	80	0	2	-3.246278
715	120.000000	120.900000	D-4	90	80	0	5	-3.228870
716	120.000000	120.750000	F2	90	80	1	-5	-3.842215
717	120.000000	120.750000	F3	90	80	1	-1	-1.202832
718	120.750000	121.500000	E-2	90	80	1	-5	-4.510402
719	120.750000	121.500000	E-3	90	80	1	-1	-1.202832
720	121.500000	122.000000	D2	90	80	1	-5	-4.645128
721	121.500000	122.000000	D3	90	80	1	-1	-1.202832
722	122.000000	122.750000	C#2	90	80	1	-5	-4.553252
723	122.000000	122.750000	C#3	90	80	1	-1	-1.202832
724	122.400000	123.300000	F#4	90	80	0	2	-7.534385
725	122.400000	123.300000	A4	90	80	0	3	-3.265372
726	122.400000	123.300000	D5	90	80	0	5	-3.128600
727	123.300000	124.200000	E-4	90	80	0	1	-4.221033
728	123.300000	124.200000	F#4	90	80	0	3	-3.473158
729	123.300000	124.200000	B4	90	80	0	5	-3.340065
730	124.000000	124.750000	D#2	90	80	1	-5	-3.181034
731	124.000000	124.750000	D#3	90	80	1	-1	-1.202832
732	124.200000	124.800000	A3	90	80	0	1	-3.460971
733	124.200000	124.800000	C#4	90	80	0	2	-3.275273
734	124.200000	124.800000	G4	90	80	0	5	-4.764150
735	124.750000	125.500000	E-2	90	80	1	-5	-2.314770
736	124.750000	125.500000	E-3	90	80	1	-1	-1.202832
737	124.800000	125.700000	G#3	90	80	0	1	-4.221033
738	124.800000	125.700000	D4	90	80	0	2	-5.302163
739	124.800000	125.700000	E4	90	80	0	3	-2.675961
740	125.500000	126.000000	F#2	90	80	1	-5	-3.730225
741	125.500000	126.000000	F#3	90	80	1	-1	-1.202832
742	127.200000	128.100000	B-4	90	80	0	3	-8.307950
743	127.200000	128.100000	E-5	90	80	0	3	-6.432918
744	127.200000	128.100000	G5	90	80	0	5	-3.340065
745	128.000000	128.250000	A#1	126	80	1	-5	-5.860818
746	128.100000	129.000000	G4	90	80	0	1	-1.922714
747	128.100000	129.000000	C5	90	80	0	2	-2.963617
748	128.100000	129.000000	E5	90	80	0	4	-2.758588
749	128.250000	128.500000	A#2	126	80	1	-1	-1.202832
750	128.500000	128.750000	A#2	126	80	1	-1	-4.426668
751	128.750000	129.000000	B-1	126	80	1	-5	-2.314770
752	129.000000	129.600000	B-4	90	80	0	1	-4.295977
753	129.000000	129.600000	E-5	90	80	0	3	-3.401091
754	129.000000	129.600000	G5	90	80	0	5	-3.340065
755	129.000000	129.250000	B-2	126	80	1	-1	-1.202832
756	129.250000	129.500000	B-2	126	80	1	-1	-4.426668
757	129.500000	129.750000	C#2	126	80	1	-5	-3.730225
758	129.600000	130.500000	G4	90	80	0	1	-1.922714
759	129.600000	130.500000	C5	90	80	0	2	-2.963617
760	129.600000	130.500000	E5	90	80	0	4	-2.758588
761	129.750000	130.000000	C#3	126	80	1	-1	-1.202832
762	130.000000	130.250000	D#2	126	80	1	-5	-3.181034
763	130.250000	130.500000	D#3	126	80	1	-1	-1.202832
764	130.500000	130.750000	D#3	126	80	1	-1	-4.426668
765	130.750000	131.000000	E#2	126	80	1	-5	-4.087479
766	131.000000	131.250000	E#3	126	80	1	-1	-1.202832
767	131.250000	131.500000	E#3	126	80	1	-1	-4.426668
768	131.500000	131.750000	F##2	126	80	1	-5	-3.181034
769	131.750000	132.000000	F##3	126	80	1	-1	-1.202832
770	132.000000	132.900000	G4	90	80	0	1	-2.969918
771	132.000000	132.900000	C5	90	80	0	3	-3.401091
772	132.000000	132.900000	E-5	90	80	0	5	-3.990232
773	132.000000	132.250000	G#2	126	80	1	-5	-4.582913
774	132.250000	132.500000	G#3	126	80	1	-1	-1.202832
775	132.500000	132.750000	G#3	126	80	1	-1	-4.426668
776	132.750000	133.000000	A#2	126	80	1	-5	-3.181034
777	132.900000	133.800000	E-4	90	80	0	1	-1.922714
778	132.900000	133.800000	A4	90	80	0	3	-5.088322
779	132.900000	133.800000	C5	90	80	0	5	-2.681011
780	133.000000	133.250000	A#3	126	80	1	-1	-1.202832
781	133.250000	133.500000	A#3	126	80	1	-1	-4.426668
782	133.500000	133.750000	B-2	126	80	1	-5	-2.314770
783	133.750000	134.000000	B-3	126	80	1	-2	-5.035265
784	133.800000	134.400000	G4	90	80	0	2	-3.071676
785	133.800000	134.400000	C5	90	80	0	4	-2.909306
786	133.800000	134.400000	E-5	90	80	0	5	-4.070264
787	134.000000	134.250000	C4	126	80	1	-1	-2.464298
788	134.250000	134.500000	C4	126	80	1	-2	-4.675782
789	134.400000	135.300000	E-4	90	80	0	1	-1.922714
790	134.400000	135.300000	G-4	90	80	0	3	-3.473158
791	134.400000	135.300000	C-5	90	80	0	5	-3.340065
792	134.500000	134.750000	C4	126	80	1	-2	-3.999177
793	134.750000	135.000000	C4	126	80	1	-2	-3.999177
794	135.000000	135.250000	C4	126	80	1	-2	-3.999177
795	135.250000	135.500000	C4	126	80	1	-2	-3.999177
796	135.500000	135.750000	C4	126	80	1	-2	-3.999177
797	135.750000	136.000000	C4	126	80	1	-2	-3.999177
798	136.000000	136.250000	C4	126	80	1	-2	-3.999177
799	136.250000	136.500000	C4	126	80	1	-2	-3.999177
800	136.500000	136.750000	C4	126	80	1	-2	-3.999177
801	136.750000	137.000000	C4	126	80	1	-2	-3.999177
802	136.800000	137.700000	F3	90	80	0	1	-4.498352
803	136.800000	137.700000	B-3	90	80	0	3	-3.998423
804	137.000000	137.250000	C4	126	80	1	-2	-3.999177
805	137.250000	137.500000	C4	126	80	1	-2	-3.999177
806	137.500000	137.750000	C4	126	80	1	-2	-3.999177
807	137.700000	138.600000	A-3	90	80	0	2	-2.287533
808	137.700000	138.600000	D-4	90	80	0	4	-2.909306
809	137.750000	138.000000	C4	126	80	1	-2	-3.999177
810	138.000000	138.250000	C4	126	80	1	-2	-3.999177
811	138.250000	138.500000	C4	126	80	1	-2	-3.999177
812	138.500000	138.750000	C4	126	80	1	-2	-3.999177
813	138.600000	139.200000	B-3	90	80	0	2	-3.359779
814	138.600000	139.200000	E-4	90	80	0	4	-2.909306
815	138.750000	139.000000	C4	126	80	1	-2	-3.999177
816	139.000000	139.250000	C4	126	80	1	-2	-3.999177
817	139.200000	140.100000	A3	90	80	0	1	-3.845468
818	139.200000	140.100000	C4	90	80	0	2	-2.525967
819	139.200000	140.100000	F4	90	80	0	4	-2.909306
820	139.250000	139.500000	C4	126	80	1	-2	-3.999177
821	139.500000	139.750000	C4	126	80	1	-2	-3.999177
822	139.750000	140.000000	C4	126	80	1	-2	-3.999177
823	140.000000	140.250000	C4	126	80	1	-2	-3.999177
824	140.100000	141.000000	B-3	90	80	0	1	-3.577835
825	140.100000	141.000000	D4	90	80	0	2	-3.465862
826	140.100000	141.000000	G4	90	80	0	4	-2.909306
827	140.250000	140.500000	C4	126	80	1	-2	-3.999177
828	140.500000	140.750000	C4	126	80	1	-2	-3.999177
829	140.750000	141.000000	C4	126	80	1	-2	-3.999177
830	141.000000	141.600000	C#4	90	80	0	1	-4.295977
831	141.000000	141.600000	E-4	90	80	0	2	-2.867384
832	141.000000	141.600000	A4	90	80	0	4	-5.030376
833	141.000000	141.250000	C4	126	80	1	-2	-3.999177
834	141.250000	141.500000	C4	126	80	1	-2	-3.999177
835	141.500000	141.750000	C4	126	80	1	-2	-3.999177
836	141.600000	142.500000	D4	90	80	0	1	-2.857522
837	141.600000	142.500000	F4	90	80	0	2	-2.525967
838	141.600000	142.500000	B-4	90	80	0	4	-3.522723
839	141.750000	142.000000	C4	126	80	1	-2	-3.999177
840	142.000000	142.250000	C4	126	80	1	-2	-3.999177
841	142.250000	142.500000	C4	126	80	1	-2	-3.999177
842	142.500000	143.400000	E-4	90	80	0	1	-2.857522
843	142.500000	143.400000	G4	90	80	0	2	-3.465862
844	142.500000	143.400000	C5	90	80	0	4	-2.909306
845	142.500000	142.750000	C4	126	80	1	-2	-3.999177
846	142.750000	143.000000	C4	126	80	1	-2	-3.999177
847	143.000000	143.250000	C4	126	80	1	-2	-3.999177
848	143.250000	143.500000	C4	126	80	1	-2	-3.999177
849	143.400000	144.000000	F#4	90	80	0	1	-4.295977
850	143.400000	144.000000	A4	90	80	0	2	-3.493146
851	143.400000	144.000000	D5	90	80	0	4	-2.909306
852	143.500000	143.750000	C4	126	80	1	-2	-3.999177
853	143.750000	144.000000	C4	126	80	1	-2	-3.999177
854	144.000000	144.900000	G#4	90	80	0	1	-4.295977
855	144.000000	144.900000	B-4	90	80	0	2	-2.867384
856	144.000000	144.900000	E-5	90	80	0	4	-2.909306
857	144.000000	144.250000	C4	126	80	1	-2	-3.999177
858	144.250000	144.500000	C4	126	80	1	-2	-3.999177
859	144.500000	144.750000	C4	126	80	1	-2	-3.999177
860	144.750000	145.000000	C4	126	80	1	-2	-3.999177
861	145.000000	145.250000	C4	126	80	1	-2	-3.999177
862	145.250000	145.500000	C4	126	80	1	-2	-3.999177
863	145.500000	145.750000	C4	126	80	1	-2	-3.999177
864	145.750000	146.000000	C4	126	80	1	-2	-3.999177
865	146.000000	146.250000	C4	126	80	1	-2	-3.999177
866	146.250000	146.500000	C4	126	80	1	-2	-3.999177
867	146.400000	147.300000	F#4	90	80	0	1	-2.969918
868	146.400000	147.300000	A4	90	80	0	2	-3.493146
869	146.400000	147.300000	D5	90	80	0	4	-2.909306
870	146.500000	146.750000	C4	126	80	1	-2	-3.999177
871	146.750000	147.000000	C4	126	80	1	-2	-3.999177
872	147.000000	147.250000	C4	126	80	1	-2	-3.999177
873	147.250000	147.500000	C4	126	80	1	-2	-3.999177
874	147.300000	148.200000	G#4	90	80	0	1	-4.295977
875	147.300000	148.200000	B-4	90	80	0	2	-2.867384
876	147.300000	148.200000	E-5	90	80	0	4	-2.909306
877	147.500000	147.750000	C4	126	80	1	-2	-3.999177
878	147.750000	148.000000	C4	126	80	1	-1	-4.535716
879	148.000000	148.250000	C3	126	80	1	-5	-2.314770
880	148.200000	148.800000	A4	90	80	0	1	-3.845468
881	148.200000	148.800000	C5	90	80	0	2	-2.525967
882	148.200000	148.800000	F5	90	80	0	4	-2.909306
883	148.250000	148.500000	C4	126	80	1	-1	-1.202832
884	148.500000	148.750000	C4	126	80	1	-1	-4.426668
885	148.750000	149.000000	C3	126	80	1	-5	-2.314770
886	149.000000	149.250000	C4	126	80	1	-1	-1.202832
887	149.250000	149.500000	C4	126	80	1	-1	-4.426668
888	149.500000	149.750000	C3	126	80	1	-5	-2.314770
889	149.750000	150.000000	C4	126	80	1	-1	-1.202832
890	150.000000	150.250000	C3	126	80	1	-5	-2.314770
891	150.250000	150.500000	C4	126	80	1	-1	-1.202832
892	150.500000	150.750000	C4	126	80	1	-1	-4.426668
893	150.750000	151.000000	C3	126	80	1	-5	-2.314770
894	151.000000	151.250000	C4	126	80	1	-1	-1.202832
895	151.200000	152.100000	B-4	90	80	0	1	-3.577835
896	151.200000	152.100000	D5	90	80	0	2	-3.465862
897	151.200000	152.100000	G5	90	80	0	5	-3.228870
898	151.250000	151.500000	C4	126	80	1	-1	-4.426668
899	151.500000	151.750000	C3	126	80	1	-5	-2.314770
900	151.750000	152.000000	C4	126	80	1	-1	-1.202832
901	152.000000	152.250000	C3	126	80	1	-5	-2.314770
902	152.100000	153.000000	G#4	90	80	0	1	-4.221033
903	152.100000	153.000000	B-4	90	80	0	2	-2.867384
904	152.100000	153.000000	E-5	90	80	0	4	-2.909306
905	152.250000	152.500000	C4	126	80	1	-1	-1.202832
906	152.500000	152.750000	C4	126	80	1	-1	-4.426668
907	152.750000	153.000000	C3	126	80	1	-5	-2.314770
908	153.000000	153.600000	A4	90	80	0	1	-3.845468
909	153.000000	153.600000	C5	90	80	0	2	-2.525967
910	153.000000	153.600000	F5	90	80	0	4	-2.909306
911	153.000000	153.250000	C4	126	80	1	-1	-1.202832
912	153.250000	153.500000	C4	126	80	1	-1	-4.426668
913	153.500000	153.750000	C3	126	80	1	-5	-2.314770
914	153.750000	154.000000	C4	126	80	1	-1	-1.202832
915	154.000000	154.250000	C3	126	80	1	-5	-2.314770
916	154.250000	154.500000	C4	126	80	1	-1	-1.202832
917	154.500000	154.750000	C4	126	80	1	-1	-4.426668
918	154.750000	155.000000	C3	126	80	1	-5	-2.314770
919	155.000000	155.250000	C4	126	80	1	-1	-1.202832
920	155.250000	155.500000	C4	126	80	1	-1	-4.426668
921	155.500000	155.750000	C3	126	80	1	-5	-2.314770
922	155.750000	156.000000	C4	126	80	1	-1	-1.202832
923	156.000000	156.900000	E-5	90	80	0	2	-4.090178
924	156.000000	156.900000	F##5	90	80	0	3	-4.453766
925	156.000000	156.900000	B#5	90	80	0	5	-3.128600
926	156.000000	156.250000	C3	126	80	1	-5	-2.314770
927	156.250000	156.500000	C4	126	80	1	-1	-1.202832
928	156.500000	156.750000	C4	126	80	1	-1	-4.426668
929	156.750000	157.000000	C3	126	80	1	-5	-2.314770
930	156.900000	157.800000	C#5	90	80	0	1	-4.221033
931	156.900000	157.800000	E-5	90	80	0	2	-2.867384
932	156.900000	157.800000	A5	90	80	0	5	-4.764150
933	157.000000	157.250000	C4	126	80	1	-1	-1.202832
934	157.250000	157.500000	C4	126	80	1	-1	-4.426668
935	157.500000	157.750000	C3	126	80	1	-5	-2.314770
936	157.750000	158.000000	C4	126	80	1	-1	-1.202832
937	157.800000	158.400000	A4	90	80	0	1	-1.922714
938	157.800000	158.400000	D#5	90	80	0	3	-5.112123
939	157.800000	158.400000	F#5	90	80	0	5	-2.681011
940	158.400000	159.300000	G#4	90	80	0	1	-3.027253
941	158.400000	159.300000	C#5	90	80	0	3	-3.401091
942	158.400000	159.300000	E-5	90	80	0	4	-2.883688
943	159.300000	160.200000	F#4	90	80	0	1	-2.969918
944	159.300000	160.200000	B-4	90	80	0	3	-3.473158
945	159.300000	160.200000	D5	90	80	0	5	-3.340065
946	160.000000	160.750000	G#3	90	80	1	-3	-4.924354
947	160.000000	160.750000	B-3	90	80	1	-2	-2.510186
948	160.000000	160.750000	E-4	90	80	1	-1	-2.320150
949	160.200000	160.800000	E-4	90	80	0	1	-4.221033
950	160.200000	160.800000	A4	90	80	0	3	-5.088322
951	160.200000	160.800000	C5	90	80	0	5	-2.681011
952	160.750000	161.500000	G#3	90	80	1	-3	-4.266477
953	160.750000	161.500000	B-3	90	80	1	-2	-2.510186
954	160.750000	161.500000	E-4	90	80	1	-1	-2.320150
955	160.800000	161.700000	D#4	90	80	0	1	-3.521239
956	160.800000	161.700000	G#4	90	80	0	2	-2.963617
957	160.800000	161.700000	B-4	90	80	0	3	-2.675961
958	161.500000	162.000000	F#3	90	80	1	-5	-3.730225
959	161.500000	162.000000	A3	90	80	1	-4	-4.523458
960	161.500000	162.000000	D4	90	80	1	-2	-2.507290
961	162.000000	162.750000	B-3	90	80	1	-4	-4.647576
962	162.000000	162.750000	D4	90	80	1	-2	-2.871001
963	162.000000	162.750000	G4	90	80	1	-1	-2.320150
964	162.750000	163.500000	B-3	90	80	1	-4	-4.497131
965	162.750000	163.500000	D4	90	80	1	-2	-2.871001
966	162.750000	163.500000	G4	90	80	1	-1	-2.320150
967	163.500000	164.000000	C#4	90	80	1	-3	-6.025293
968	163.500000	164.000000	E-4	90	80	1	-2	-2.510186
969	163.500000	164.000000	A4	90	80	1	-1	-4.366821
970	164.000000	164.750000	G#3	90	80	1	-4	-5.698181
971	164.000000	164.750000	B-3	90	80	1	-3	-2.915060
972	164.000000	164.750000	E-4	90	80	1	-1	-2.717521
973	164.750000	165.500000	G#3	90	80	1	-3	-4.266477
974	164.750000	165.500000	B-3	90	80	1	-2	-2.510186
975	164.750000	165.500000	E-4	90	80	1	-1	-2.320150
976	165.500000	166.000000	F#3	90	80	1	-4	-4.458307
977	165.500000	166.000000	A3	90	80	1	-2	-3.571868
978	165.500000	166.000000	D4	90	80	1	-1	-2.320150
979	166.000000	166.750000	D#3	90	80	1	-4	-5.653337
980	166.000000	166.750000	F#3	90	80	1	-2	-2.359478
981	166.000000	166.750000	B-3	90	80	1	-1	-2.415329
982	166.750000	167.500000	D#3	90	80	1	-4	-3.752799
983	166.750000	167.500000	F#3	90	80	1	-2	-2.359478
984	166.750000	167.500000	B-3	90	80	1	-1	-2.415329
985	167.500000	168.000000	C#3	90	80	1	-4	-4.458307
986	167.500000	168.000000	E-3	90	80	1	-3	-2.915060
987	167.500000	168.000000	A3	90	80	1	-1	-4.001517
988	168.000000	168.750000	B-2	90	80	1	-5	-4.582913
989	168.000000	168.750000	D#3	90	80	1	-2	-3.272976
990	168.000000	168.750000	G#3	90	80	1	-1	-2.320150
991	168.750000	169.500000	B-2	90	80	1	-5	-3.181034
992	168.750000	169.500000	D#3	90	80	1	-2	-3.272976
993	168.750000	169.500000	G#3	90	80	1	-1	-2.320150
994	169.500000	170.000000	A#2	90	80	1	-5	-3.181034
995	169.500000	170.000000	C#3	90	80	1	-4	-4.139458
996	169.500000	170.000000	F#3	90	80	1	-2	-2.507290
997	170.000000	170.750000	E-3	90	80	1	-4	-3.718276
998	170.000000	170.750000	G3	90	80	1	-2	-2.871001
999	170.000000	170.750000	C4	90	80	1	-1	-2.320150
1000	170.750000	171.500000	E-3	90	80	1	-4	-4.497131
1001	170.750000	171.500000	G3	90	80	1	-2	-2.871001
1002	170.750000	171.500000	C4	90	80	1	-1	-2.320150
1003	171.500000	172.000000	F#3	90	80	1	-3	-6.025293
1004	171.500000	172.000000	A3	90	80	1	-2	-2.872099
1005	171.500000	172.000000	D4	90	80	1	-1	-2.320150
1006	172.000000	172.500000	B#2	90	80	1	-5	-3.842215
1007	172.000000	172.500000	D#3	90	80	1	-3	-4.350585
1008	172.000000	172.500000	G#3	90	80	1	-1	-2.717521
1009	172.500000	173.000000	B#2	90	80	1	-4	-5.233707
1010	172.500000	173.000000	D#3	90	80	1	-2	-3.337019
1011	172.500000	173.000000	G#3	90	80	1	-1	-2.320150
1012	173.000000	173.500000	E-3	63	80	1	-2	-3.456527
1013	173.500000	174.000000	A#2	90	80	1	-4	-4.045906
1014	173.500000	174.000000	C#3	90	80	1	-2	-2.359478
1015	173.500000	174.000000	F3	90	80	1	-1	-3.262923
1016	174.000000	174.750000	B#2	90	80	1	-3	-3.831713
1017	174.000000	174.750000	D#3	90	80	1	-2	-3.407298
1018	174.000000	174.750000	G#3	90	80	1	-1	-2.320150
1019	174.750000	175.500000	B#2	90	80	1	-4	-5.233707
1020	174.750000	175.500000	D#3	90	80	1	-2	-3.337019
1021	174.750000	175.500000	G#3	90	80	1	-1	-2.320150
1022	175.500000	176.000000	G##2	90	80	1	-5	-4.598096
1023	175.500000	176.000000	B#2	90	80	1	-3	-3.170876
1024	175.500000	176.000000	E#3	90	80	1	-1	-2.717521
1025	176.000000	176.750000	B#2	90	80	1	-3	-3.831713
1026	176.000000	176.750000	D#3	90	80	1	-2	-3.407298
1027	176.000000	176.750000	G3	90	80	1	-1	-3.262923
1028	176.750000	177.500000	B#2	90	80	1	-4	-3.752799
1029	176.750000	177.500000	D#3	90	80	1	-2	-3.337019
1030	176.750000	177.500000	G3	90	80	1	-1	-3.262923
1031	177.500000	178.000000	A#2	90	80	1	-4	-4.497131
1032	177.500000	178.000000	C#3	90	80	1	-2	-2.359478
1033	177.500000	178.000000	F#3	90	80	1	-1	-2.320150
1034	177.600000	178.200000	A4	90	80	0	2	-2.803601
1035	177.600000	178.200000	C5	90	80	0	3	-3.012122
1036	177.600000	178.200000	F5	90	80	0	5	-3.128600
1037	178.000000	178.750000	A2	90	80	1	-5	-4.087479
1038	178.000000	178.750000	C3	90	80	1	-3	-3.170876
1039	178.000000	178.750000	F3	90	80	1	-1	-2.717521
1040	178.200000	178.800000	A4	90	80	0	1	-2.845304
1041	178.200000	178.800000	C5	90	80	0	2	-2.525967
1042	178.200000	178.800000	F5	90	80	0	4	-2.909306
1043	178.750000	179.500000	B-2	90	80	1	-4	-4.339145
1044	178.750000	179.500000	D3	90	80	1	-2	-2.871001
1045	178.750000	179.500000	G3	90	80	1	-1	-2.320150
1046	179.100000	179.400000	B-4	90	80	0	1	-3.577835
1047	179.100000	179.400000	E-5	90	80	0	2	-2.963617
1048	179.400000	180.000000	B4	99	80	0	1	-4.134704
1049	179.500000	180.000000	C3	90	80	1	-4	-3.752799
1050	179.500000	180.000000	E-3	90	80	1	-2	-3.337019
1051	179.500000	180.000000	A3	90	80	1	-1	-4.366821
1052	180.000000	180.900000	C5	90	80	0	2	-2.867384
1053	180.000000	180.900000	E-5	90	80	0	3	-3.409656
1054	180.000000	180.900000	A-5	90	80	0	5	-3.128600
1055	180.000000	182.000000	F#2	127	80	1	-5	-4.510402
1056	180.900000	181.800000	C5	90	80	0	1	-3.738292
1057	180.900000	181.800000	E-5	90	80	0	2	-3.246278
1058	180.900000	181.800000	A-5	90	80	0	4	-2.909306
1059	181.800000	182.400000	F5	90	80	0	2	-4.043146
1060	181.800000	182.400000	F#5	90	80	0	3	-3.190537
1061	181.800000	182.400000	B-5	90	80	0	5	-2.681011
1062	182.000000	184.000000	D3	127	80	1	-4	-6.683330
1063	182.400000	183.000000	E-5	90	80	0	1	-3.425130
1064	182.400000	183.000000	G5	90	80	0	2	-3.465862
1065	182.400000	183.000000	C6	90	80	0	5	-3.228870
1066	183.000000	183.900000	E-5	90	80	0	1	-3.521239
1067	183.000000	183.900000	G5	90	80	0	2	-3.465862
1068	183.000000	183.900000	C6	90	80	0	4	-2.909306
1069	183.900000	184.200000	A-5	90	80	0	2	-3.901124
1070	183.900000	184.200000	E-6	90	80	0	5	-3.528229
1071	184.000000	186.000000	F3	127	80	1	-2	-2.359478
1072	184.200000	184.800000	A5	99	80	0	3	-6.003674
1073	184.800000	185.400000	D5	90	80	0	1	-3.310457
1074	184.800000	185.400000	F5	90	80	0	2	-2.525967
1075	184.800000	185.400000	B-5	90	80	0	4	-3.522723
1076	185.400000	186.000000	D5	90	80	0	1	-3.549056
1077	185.400000	186.000000	F5	90	80	0	3	-3.473158
1078	185.400000	186.000000	B-5	90	80	0	5	-3.549127
1079	186.000000	186.600000	D5	99	80	0	2	-4.577242
1080	186.000000	188.000000	A3	127	80	1	-1	-2.415329
1081	186.600000	187.200000	G#4	90	80	0	1	-6.076999
1082	186.600000	187.200000	C5	90	80	0	2	-3.465862
1083	186.600000	187.200000	G5	90	80	0	5	-3.528229
1084	187.200000	188.100000	A4	90	80	0	1	-3.027253
1085	187.200000	188.100000	E-5	90	80	0	2	-5.017340
1086	187.200000	188.100000	F5	90	80	0	4	-3.580467
1087	188.000000	190.000000	E-2	127	80	1	-5	-6.587391
1088	188.100000	189.000000	A4	90	80	0	1	-2.969918
1089	188.100000	189.000000	E-5	90	80	0	2	-5.017340
1090	188.100000	189.000000	F5	90	80	0	4	-3.580467
1091	189.000000	189.600000	B-4	90	80	0	1	-3.577835
1092	189.000000	189.600000	D5	90	80	0	2	-3.465862
1093	189.000000	189.600000	A-5	90	80	0	5	-5.283726
1094	189.600000	190.500000	G4	90	80	0	1	-4.287540
1095	189.600000	190.500000	E-5	90	80	0	4	-4.298356
1096	190.000000	192.000000	E-2	127	80	1	-5	-4.242005
1097	190.500000	191.400000	F4	90	80	0	1	-3.493957
1098	190.500000	191.400000	G4	90	80	0	2	-2.867384
1099	190.500000	191.400000	E-5	90	80	0	5	-4.848026
1100	191.400000	192.000000	G4	90	80	0	1	-3.738292
1101	191.400000	192.000000	A4	90	80	0	2	-2.867384
1102	191.400000	192.000000	C5	90	80	0	4	-2.758588
1103	192.000000	192.300000	B-4	63	80	0	3	-3.510496
1104	192.000000	194.000000	E-2	127	80	1	-5	-4.242005
1105	192.300000	192.600000	B-4	63	80	0	3	-4.378151
1106	192.600000	192.900000	B-4	63	80	0	3	-4.378151
1107	192.900000	193.200000	B-4	63	80	0	3	-4.378151
1108	193.200000	193.500000	B-4	63	80	0	3	-4.378151
1109	193.500000	193.800000	B-4	63	80	0	3	-4.378151
1110	193.800000	194.100000	B-4	63	80	0	3	-4.378151
1111	194.100000	194.400000	B-4	63	80	0	3	-4.378151
1112	194.400000	194.700000	E-5	63	80	0	5	-3.128600
1113	194.700000	195.000000	B-4	63	80	0	3	-3.854029
1114	195.000000	195.300000	B-4	63	80	0	3	-4.378151
1115	195.300000	195.600000	B-4	63	80	0	3	-4.378151
1116	195.600000	195.900000	B-4	63	80	0	3	-4.378151
1117	195.900000	196.200000	B-4	63	80	0	3	-4.378151
1118	196.200000	196.500000	B-4	63	80	0	3	-4.378151
1119	196.500000	196.800000	B-4	63	80	0	3	-4.378151
1120	196.800000	197.100000	B-4	63	80	0	3	-4.378151
1121	197.100000	197.400000	B-4	63	80	0	3	-4.378151
1122	197.400000	197.700000	B-4	63	80	0	3	-4.378151
1123	197.700000	198.000000	B-4	63	80	0	3	-4.378151
1124	198.000000	198.300000	B-4	63	80	0	3	-4.378151
1125	198.300000	198.600000	B-4	63	80	0	3	-4.378151
1126	198.600000	198.900000	B-4	63	80	0	3	-4.378151
1127	198.900000	199.200000	B-4	63	80	0	3	-4.378151
1128	199.200000	199.500000	D5	63	80	0	5	-3.340065
1129	199.500000	199.800000	B-4	63	80	0	3	-4.491606
1130	199.800000	200.100000	B-4	63	80	0	3	-4.378151
1131	200.100000	200.400000	B-4	63	80	0	3	-4.378151
1132	200.400000	200.700000	B-4	63	80	0	3	-4.378151
1133	200.700000	201.000000	B-4	63	80	0	3	-4.378151
1134	201.000000	201.300000	B-4	63	80	0	3	-4.378151
1135	201.300000	201.600000	B-4	63	80	0	3	-4.378151
1136	201.600000	201.900000	B-4	63	80	0	3	-4.378151
1137	201.900000	202.200000	B-4	63	80	0	3	-4.378151
1138	202.200000	202.500000	B-4	63	80	0	3	-4.378151
1139	202.500000	202.800000	B-4	63	80	0	3	-4.378151
1140	202.800000	203.100000	B-4	63	80	0	3	-4.378151
1141	203.100000	203.400000	B-4	63	80	0	3	-4.378151
1142	203.400000	203.700000	B-4	63	80	0	3	-4.378151
1143	203.700000	204.000000	B-4	63	80	0	3	-4.378151
1144	204.000000	204.300000	C5	63	80	0	5	-3.635747
1145	204.300000	204.600000	B-4	63	80	0	4	-4.424487
1146	204.600000	204.900000	B-4	63	80	0	5	-5.360328
1147	204.900000	205.200000	B-4	63	80	0	5	-4.495609
1148	205.200000	205.500000	B-4	63	80	0	5	-4.495609
1149	205.500000	205.800000	B-4	63	80	0	5	-4.495609
1150	205.800000	206.100000	B-4	63	80	0	5	-4.495609
1151	206.100000	206.400000	B-4	63	80	0	5	-4.495609
1152	206.700000	207.000000	B3	63	80	0	1	-3.885272
1153	207.000000	207.300000	B3	63	80	0	3	-5.268790
1154	207.600000	207.900000	B3	63	80	0	3	-4.378151
1155	207.900000	208.200000	B3	63	80	0	3	-4.378151
1156	208.500000	208.800000	B3	63	80	0	3	-4.378151
1157	209.100000	209.400000	B3	63	80	0	3	-4.378151
1158	209.400000	209.700000	B3	63	80	0	3	-4.378151
1159	210.000000	210.300000	B3	63	80	0	3	-4.378151
1160	210.300000	210.600000	B3	63	80	0	3	-4.378151
1161	210.900000	211.200000	B3	63	80	0	3	-4.378151
1162	211.500000	211.800000	B-3	63	80	0	2	-3.151465
1163	211.800000	212.100000	B-3	63	80	0	3	-5.337046
1164	212.400000	212.700000	B-3	63	80	0	3	-4.378151
1165	212.700000	213.000000	B-3	63	80	0	3	-4.378151
1166	213.300000	213.600000	B-3	63	80	0	3	-4.378151
1167	213.900000	214.200000	B-3	63	80	0	3	-4.378151
1168	214.200000	214.500000	B-3	63	80	0	3	-4.378151
1169	214.800000	215.100000	B-3	63	80	0	3	-4.378151
1170	215.100000	215.400000	B-3	63	80	0	3	-4.378151
1171	215.700000	216.000000	B-3	63	80	0	3	-4.378151
1172	216.300000	216.600000	B-3	63	80	0	3	-4.378151
1173	216.600000	216.900000	B-3	63	80	0	4	-5.516614
1174	216.900000	217.800000	C#3	90	80	0	1	-2.969918
1175	216.900000	217.800000	F#3	90	80	0	3	-3.401091
1176	217.200000	217.500000	B-3	63	80	0	5	-2.681011
1177	217.500000	217.800000	B-3	63	80	0	5	-4.495609
1178	217.800000	218.400000	F#3	90	80	0	3	-3.509161
1179	217.800000	218.400000	A#3	90	80	0	5	-2.681011
1180	218.100000	218.400000	B-3	63	80	0	5	-4.495609
1181	218.700000	219.000000	B-3	63	80	0	5	-4.495609
1182	219.000000	219.300000	B-3	63	80	0	5	-4.495609
1183	219.300000	220.200000	C#3	90	80	0	1	-2.845304
1184	219.300000	220.200000	G#3	90	80	0	4	-4.054949
1185	219.600000	219.900000	B-3	63	80	0	5	-2.706622
1186	219.900000	220.200000	B-3	63	80	0	5	-4.495609
1187	220.200000	220.800000	F3	90	80	0	3	-4.396088
1188	220.200000	220.800000	A#3	90	80	0	5	-3.549127
1189	220.500000	220.800000	B-3	63	80	0	5	-4.495609
1190	221.100000	221.400000	B-3	63	80	0	5	-4.495609
1191	221.400000	221.700000	B-3	63	80	0	5	-4.495609
1192	221.700000	222.600000	C#3	90	80	0	1	-2.845304
1193	221.700000	222.600000	F#3	90	80	0	3	-3.401091
1194	222.000000	222.300000	B-3	63	80	0	5	-2.681011
1195	222.300000	222.600000	B-3	63	80	0	5	-4.495609
1196	222.600000	223.200000	F#3	90	80	0	3	-3.509161
1197	222.600000	223.200000	A#3	90	80	0	5	-2.681011
1198	222.900000	223.200000	B-3	63	80	0	5	-4.495609
1199	223.500000	223.800000	B-3	63	80	0	5	-4.495609
1200	223.800000	224.100000	B-3	63	80	0	5	-4.495609
1201	224.100000	225.000000	C#3	90	80	0	1	-2.845304
1202	224.100000	225.000000	F#3	90	80	0	2	-2.963617
1203	224.400000	224.700000	B-3	63	80	0	3	-3.012122
1204	224.700000	225.000000	B-3	63	80	0	3	-4.378151
1205	225.000000	225.600000	F#3	90	80	0	1	-3.281335
1206	225.000000	225.600000	A#3	90	80	0	2	-2.525967
1207	225.300000	225.600000	B-3	63	80	0	1	-4.802885
1208	228.000000	228.300000	B-3	90	80	0	1	-4.507997
1209	228.000000	228.300000	B-4	90	80	0	1	-6.856287
1210	228.000000	228.300000	B-5	127	80	0	5	-2.242366
1211	228.300000	228.600000	B-3	90	80	0	1	-6.163296
1212	228.300000	228.600000	B-4	90	80	0	1	-6.856287
1213	228.300000	228.600000	B-5	127	80	0	5	-2.242366
1214	228.600000	228.900000	B-3	90	80	0	1	-6.163296
1215	228.600000	228.900000	B-4	90	80	0	1	-6.856287
1216	228.600000	228.900000	B-5	127	80	0	5	-2.242366
1217	228.900000	229.200000	D4	127	80	0	1	-5.695314
1218	228.900000	229.200000	D5	90	80	0	1	-6.856287
1219	228.900000	229.200000	D6	90	80	0	5	-2.242366
1220	229.200000	229.500000	B-3	90	80	0	1	-8.167035
1221	229.200000	229.500000	B-4	90	80	0	1	-6.856287
1222	229.200000	229.500000	B-5	127	80	0	5	-2.242366
1223	229.500000	229.800000	B-3	90	80	0	1	-6.163296
1224	229.500000	229.800000	B-4	90	80	0	1	-6.856287
1225	229.500000	229.800000	B-5	127	80	0	5	-2.242366
1226	229.800000	230.100000	B-3	90	80	0	1	-6.163296
1227	229.800000	230.100000	B-4	90	80	0	1	-6.856287
1228	229.800000	230.100000	B-5	127	80	0	5	-2.242366
1229	230.100000	230.400000	B-3	90	80	0	1	-6.163296
1230	230.100000	230.400000	B-4	90	80	0	1	-6.856287
1231	230.100000	230.400000	B-5	127	80	0	5	-2.242366
