//Version: PianoFingering_v170101
1	0.000000	0.500000	B2	126	80	1	-5	-0.504576
2	0.500000	1.000000	C3	126	80	1	-4	-3.907966
3	0.800000	1.200000	B3	90	80	0	1	-0.925785
4	1.000000	1.500000	D3	126	80	1	-3	-2.915060
5	1.200000	1.600000	C4	90	80	0	2	-2.867384
6	1.500000	2.000000	E3	126	80	1	-2	-2.510186
7	1.600000	2.000000	D4	90	80	0	3	-2.675961
8	2.000000	2.400000	E4	90	80	0	4	-2.883688
9	2.000000	3.500000	F3	126	80	1	-1	-2.578439
10	2.400000	3.600000	F4	90	80	0	5	-2.706622
11	3.500000	4.000000	E3	126	80	1	-2	-2.745489
12	3.600000	4.000000	E4	90	80	0	4	-2.814339
13	4.000000	4.400000	D4	90	80	0	3	-2.238713
14	4.000000	4.500000	D3	126	80	1	-1	-4.644141
15	4.400000	4.800000	C4	90	80	0	2	-2.287533
16	4.500000	5.000000	C3	126	80	1	-2	-2.745489
17	4.800000	5.200000	B3	90	80	0	1	-2.609267
18	5.000000	5.500000	B2	126	80	1	-3	-2.891080
19	5.600000	6.000000	C4	90	80	0	2	-2.867384
20	6.000000	6.400000	D4	90	80	0	3	-2.675961
21	6.000000	6.500000	C3	126	80	1	-2	-2.510186
22	6.400000	6.800000	C4	90	80	0	2	-2.287533
23	6.500000	7.000000	D3	126	80	1	-1	-2.578439
24	6.800000	7.200000	B3	90	80	0	1	-2.609267
25	7.000000	7.500000	C3	126	80	1	-2	-2.745489
26	7.500000	8.000000	B2	126	80	1	-3	-2.891080
27	8.000000	8.400000	B3	90	80	0	1	-4.507997
28	8.400000	8.800000	C4	90	80	0	2	-2.867384
29	8.800000	9.200000	D4	90	80	0	3	-2.675961
30	9.000000	9.500000	B2	126	80	1	-3	-4.764209
31	9.200000	9.600000	E4	90	80	0	4	-2.883688
32	9.600000	10.800000	F4	90	80	0	5	-2.706622
33	10.800000	11.200000	E4	90	80	0	4	-2.814339
34	11.000000	11.500000	B2	126	80	1	-3	-4.764209
35	11.200000	11.600000	D4	90	80	0	3	-2.238713
36	11.500000	12.000000	C3	126	80	1	-2	-2.510186
37	11.600000	12.000000	C4	90	80	0	2	-2.287533
38	12.000000	12.400000	B3	90	80	0	1	-2.609267
39	12.000000	12.500000	D3	126	80	1	-1	-2.578439
40	12.500000	13.000000	E3	126	80	1	-3	-4.611792
41	12.800000	13.200000	C4	90	80	0	2	-2.867384
42	13.000000	14.500000	F3	126	80	1	-2	-2.510186
43	13.200000	13.600000	D4	90	80	0	3	-2.675961
44	13.600000	14.000000	C4	90	80	0	2	-2.287533
45	14.000000	14.400000	B3	90	80	0	1	-2.609267
46	14.500000	15.000000	E3	126	80	1	-1	-4.644141
47	15.000000	15.500000	D3	126	80	1	-2	-2.745489
48	15.200000	15.600000	B3	127	80	0	1	-4.507997
49	15.500000	16.000000	C3	126	80	1	-3	-2.891080
50	16.000000	16.500000	B2	126	80	1	-4	-3.061136
51	16.800000	17.200000	C4	127	80	0	2	-2.867384
52	17.000000	17.500000	C3	126	80	1	-3	-2.915060
53	17.200000	17.600000	D4	127	80	0	3	-2.675961
54	17.500000	18.000000	D3	126	80	1	-2	-2.510186
55	17.600000	18.800000	E4	127	80	0	4	-2.883688
56	18.000000	18.500000	C3	126	80	1	-3	-2.891080
57	18.500000	19.000000	B2	126	80	1	-4	-3.061136
58	18.800000	19.200000	D4	127	80	0	3	-2.238713
59	19.200000	19.600000	C4	127	80	0	2	-2.287533
60	19.600000	20.000000	D4	127	80	0	3	-2.675961
61	20.000000	20.800000	E4	127	80	0	4	-2.883688
62	20.800000	21.200000	D4	127	80	0	3	-2.238713
63	21.200000	21.600000	C4	127	80	0	2	-2.287533
64	21.600000	22.000000	B3	127	80	0	1	-2.609267
65	22.000000	22.500000	C3	126	80	1	-3	-2.915060
66	22.400000	22.800000	C4	127	80	0	2	-2.867384
67	22.500000	23.000000	D3	126	80	1	-2	-2.510186
68	22.800000	23.200000	D4	127	80	0	3	-2.675961
69	23.000000	24.000000	E3	126	80	1	-1	-2.578439
70	23.200000	24.000000	E4	127	80	0	4	-2.883688
71	24.000000	24.500000	E3	126	80	1	-1	-4.426668
72	24.266667	24.533333	E4	127	80	0	4	-4.784491
73	24.500000	25.000000	D3	126	80	1	-2	-2.745489
74	24.533333	24.800000	D4	127	80	0	3	-2.238713
75	24.800000	25.200000	C4	127	80	0	2	-2.287533
76	25.000000	25.500000	C3	126	80	1	-3	-2.891080
77	25.200000	25.600000	D4	127	80	0	3	-2.675961
78	25.500000	26.000000	D3	126	80	1	-2	-2.510186
79	25.600000	26.000000	E4	127	80	0	4	-2.883688
80	26.000000	26.400000	F4	127	80	0	5	-2.706622
81	26.000000	27.000000	E3	126	80	1	-1	-2.578439
82	27.000000	27.500000	D3	126	80	1	-2	-2.745489
83	27.200000	27.600000	F4	127	80	0	5	-4.495609
84	27.500000	28.000000	C3	126	80	1	-3	-2.891080
85	28.000000	28.500000	B2	126	80	1	-4	-3.061136
86	28.800000	29.200000	F4	127	80	0	5	-4.495609
87	29.000000	29.500000	C3	126	80	1	-3	-2.915060
88	29.200000	29.600000	E4	127	80	0	4	-2.814339
89	29.500000	30.000000	D3	126	80	1	-2	-2.510186
90	29.600000	30.000000	D4	127	80	0	3	-2.238713
91	30.000000	30.400000	E4	127	80	0	4	-2.883688
92	30.000000	31.500000	E3	126	80	1	-1	-2.578439
93	30.400000	31.600000	F4	127	80	0	5	-2.706622
94	31.500000	32.000000	D3	126	80	1	-2	-2.745489
95	31.600000	32.000000	E4	127	80	0	4	-2.814339
96	32.000000	32.400000	D4	127	80	0	3	-2.238713
97	32.000000	32.500000	C3	126	80	1	-3	-2.891080
98	32.400000	32.800000	C4	127	80	0	2	-2.287533
99	32.500000	33.000000	D3	126	80	1	-2	-2.510186
100	32.800000	34.000000	D4	127	80	0	3	-2.675961
101	33.000000	33.500000	E3	126	80	1	-1	-2.578439
102	33.500000	34.000000	F3	126	80	1	-2	-5.429322
103	34.000000	34.400000	E4	127	80	0	4	-2.883688
104	34.400000	34.800000	D4	127	80	0	3	-2.238713
105	34.800000	35.200000	C4	127	80	0	2	-2.287533
106	35.000000	35.500000	F3	126	80	1	-1	-4.535716
107	35.200000	35.600000	B3	127	80	0	1	-2.609267
108	35.500000	36.000000	E3	126	80	1	-2	-2.745489
109	36.000000	36.400000	C4	127	80	0	2	-2.867384
110	36.000000	36.500000	D3	126	80	1	-3	-2.891080
111	36.400000	36.800000	B3	127	80	0	1	-2.609267
112	36.500000	37.000000	E3	126	80	1	-2	-2.510186
113	37.000000	38.500000	F3	126	80	1	-1	-2.578439
114	37.600000	38.000000	C4	127	80	0	2	-2.867384
115	38.000000	38.400000	D4	127	80	0	3	-2.675961
116	38.400000	39.600000	E4	127	80	0	4	-2.883688
117	38.500000	39.000000	E3	126	80	1	-2	-2.745489
118	39.000000	39.500000	D3	126	80	1	-3	-2.891080
119	39.500000	40.000000	C3	126	80	1	-4	-3.061136
120	39.600000	40.000000	D4	127	80	0	3	-2.238713
121	40.000000	40.400000	C4	127	80	0	2	-2.287533
122	40.000000	41.000000	D3	126	80	1	-3	-2.915060
123	40.400000	40.800000	D4	127	80	0	3	-2.675961
124	40.800000	41.600000	E4	127	80	0	4	-2.883688
125	41.000000	41.500000	D3	126	80	1	-3	-4.764209
126	41.500000	42.000000	E3	126	80	1	-2	-2.510186
127	41.600000	42.000000	D4	127	80	0	3	-2.238713
128	42.000000	42.400000	C4	127	80	0	2	-2.287533
129	42.000000	42.500000	D3	126	80	1	-3	-2.891080
130	42.400000	42.800000	B3	127	80	0	1	-2.609267
131	42.500000	43.000000	C3	126	80	1	-1	-3.930078
132	43.000000	43.500000	B2	126	80	1	-2	-2.745489
133	43.200000	43.600000	C4	127	80	0	2	-2.867384
134	43.600000	44.000000	D4	127	80	0	3	-2.675961
135	44.000000	44.800000	E4	127	80	0	4	-2.883688
136	44.000000	44.500000	C3	126	80	1	-1	-2.578439
137	44.500000	45.000000	B2	126	80	1	-2	-2.745489
138	45.066667	45.333333	E4	127	80	0	4	-4.784491
139	45.333333	45.600000	D4	127	80	0	3	-2.238713
140	45.600000	46.000000	C4	127	80	0	2	-2.287533
141	46.000000	46.400000	D4	127	80	0	3	-2.675961
142	46.000000	46.500000	B2	126	80	1	-2	-3.999177
143	46.400000	46.800000	E4	127	80	0	4	-2.883688
144	46.800000	47.200000	F4	127	80	0	5	-2.706622
145	48.000000	48.400000	F4	127	80	0	5	-4.495609
146	48.000000	48.500000	C3	126	80	1	-1	-2.578439
147	48.500000	49.000000	D3	126	80	1	-3	-4.611792
148	49.000000	50.000000	E3	126	80	1	-2	-2.510186
149	49.600000	50.000000	F4	127	80	0	5	-4.495609
150	50.000000	50.400000	E4	127	80	0	4	-2.814339
151	50.000000	50.500000	E3	126	80	1	-2	-3.999177
152	50.400000	50.800000	D4	127	80	0	3	-2.238713
153	50.500000	51.000000	D3	126	80	1	-3	-2.891080
154	50.800000	51.200000	E4	127	80	0	4	-2.883688
155	51.000000	51.500000	C3	126	80	1	-4	-3.061136
156	51.200000	52.400000	F4	127	80	0	5	-2.706622
157	51.500000	52.000000	D3	126	80	1	-3	-2.915060
158	52.000000	53.000000	E3	126	80	1	-2	-2.510186
159	52.400000	52.800000	E4	127	80	0	4	-2.814339
160	52.800000	53.200000	D4	127	80	0	3	-2.238713
161	53.000000	53.500000	D3	126	80	1	-3	-2.891080
162	53.200000	53.600000	C4	127	80	0	2	-2.287533
163	53.500000	54.000000	C3	126	80	1	-4	-3.061136
164	53.600000	54.800000	D4	127	80	0	3	-2.675961
165	54.000000	54.500000	B2	126	80	1	-5	-3.249332
166	54.800000	55.200000	E4	127	80	0	4	-2.883688
167	55.000000	55.500000	C3	126	80	1	-4	-3.907966
168	55.200000	55.600000	D4	127	80	0	3	-2.238713
169	55.500000	56.000000	D3	126	80	1	-3	-2.915060
170	55.600000	56.000000	C4	127	80	0	2	-2.287533
171	56.000000	56.400000	B3	127	80	0	1	-2.609267
172	56.000000	57.500000	E3	126	80	1	-2	-2.510186
173	56.800000	57.200000	C4	127	80	0	2	-2.867384
174	57.200000	57.600000	B3	127	80	0	1	-2.609267
175	57.500000	58.000000	D3	126	80	1	-3	-2.891080
176	58.000000	58.500000	C3	126	80	1	-4	-3.061136
177	58.500000	59.000000	D3	126	80	1	-3	-2.915060
178	59.000000	59.500000	E3	126	80	1	-2	-2.510186
179	59.500000	60.000000	F3	126	80	1	-1	-2.578439
180	61.000000	61.500000	F3	126	80	1	-1	-4.426668
181	61.500000	62.000000	E3	126	80	1	-2	-2.745489
182	62.000000	62.500000	D3	126	80	1	-3	-2.891080
183	62.500000	63.000000	E3	126	80	1	-2	-2.510186
184	63.000000	64.500000	F3	126	80	1	-1	-2.578439
185	64.500000	65.000000	E3	126	80	1	-2	-2.745489
186	65.000000	65.500000	D3	126	80	1	-3	-2.891080
187	65.500000	66.000000	C3	126	80	1	-4	-3.061136
188	66.000000	67.000000	D3	126	80	1	-3	-2.915060
189	67.000000	67.500000	D3	126	80	1	-3	-4.764209
190	67.500000	68.000000	E3	126	80	1	-2	-2.510186
191	68.000000	68.500000	D3	126	80	1	-3	-2.891080
192	68.500000	69.000000	C3	126	80	1	-1	-3.930078
193	69.000000	69.500000	B2	126	80	1	-2	-2.745489
194	70.000000	70.500000	C3	126	80	1	-1	-2.578439
195	70.500000	71.000000	B2	126	80	1	-2	-2.745489
196	72.000000	72.500000	B2	126	80	1	-2	-3.999177
