//Version: PianoFingering_v170101
1	0.000000	2.500000	D4	90	80	1	-2	-2.178510
2	0.576923	1.153846	D5	90	80	0	4	-2.360818
3	1.153846	1.730769	C5	90	80	0	3	-2.238713
4	1.730769	2.307692	B4	90	80	0	2	-2.287533
5	2.307692	4.038462	A4	90	80	0	1	-2.609267
6	2.500000	3.000000	G4	90	80	1	-1	-2.320150
7	3.000000	5.500000	D4	90	80	1	-2	-3.456527
8	4.038462	4.615385	B4	90	80	0	2	-2.867384
9	4.615385	5.192308	C5	90	80	0	3	-2.675961
10	5.192308	5.769231	G4	90	80	0	1	-2.905888
11	5.500000	6.000000	C4	90	80	1	-3	-2.891080
12	5.769231	7.500000	A4	90	80	0	2	-2.867384
13	6.000000	7.500000	D4	90	80	1	-2	-2.510186
14	7.500000	8.076923	G4	90	80	0	1	-2.609267
15	7.500000	8.000000	D4	90	80	1	-2	-3.999177
16	8.000000	8.500000	E4	90	80	1	-1	-2.578439
17	8.076923	8.653846	A4	90	80	0	2	-2.867384
18	8.500000	9.000000	F4	90	80	1	-3	-4.611792
19	8.653846	9.230769	B4	90	80	0	3	-2.675961
20	9.000000	9.500000	G4	90	80	1	-2	-2.510186
21	9.230769	9.807692	C5	90	80	0	4	-2.883688
22	9.500000	10.000000	D4	90	80	1	-4	-4.045906
23	9.807692	10.384615	D5	90	80	0	5	-2.706622
24	10.000000	10.500000	E4	90	80	1	-3	-2.915060
25	10.384615	13.269231	B4	90	80	0	3	-3.509161
26	10.500000	11.000000	F4	90	80	1	-2	-2.510186
27	11.000000	11.500000	G4	90	80	1	-1	-2.578439
28	11.500000	12.000000	E4	90	80	1	-2	-3.291596
29	12.000000	12.500000	G4	90	80	1	-1	-2.415329
30	12.500000	13.000000	C4	90	80	1	-4	-3.752799
31	13.000000	13.500000	D4	90	80	1	-3	-2.915060
32	13.269231	13.846154	C5	90	80	0	4	-2.883688
33	13.500000	14.000000	E4	90	80	1	-2	-2.510186
34	13.846154	15.576923	A4	90	80	0	2	-3.359779
35	14.000000	16.000000	F4	90	80	1	-1	-2.578439
36	15.576923	16.153846	D5	90	80	0	4	-2.909306
37	16.000000	16.500000	D4	90	80	1	-2	-3.291596
38	16.153846	16.730769	A4	90	80	0	2	-3.266530
39	16.500000	17.000000	E4	90	80	1	-1	-2.578439
40	16.730769	17.307692	B4	90	80	0	3	-2.675961
41	17.000000	17.500000	C4	90	80	1	-2	-3.291596
42	17.307692	17.884615	G4	90	80	0	1	-3.281335
43	17.500000	18.000000	F4	90	80	1	-1	-2.320150
44	17.884615	18.461538	A4	90	80	0	2	-2.867384
45	18.000000	18.500000	D4	90	80	1	-2	-3.291596
46	18.461538	19.038462	B4	90	80	0	3	-2.675961
47	18.500000	19.000000	C4	90	80	1	-3	-2.891080
48	19.000000	20.000000	E4	90	80	1	-2	-3.046717
49	19.038462	19.615385	C5	90	80	0	4	-2.883688
50	19.615385	20.192308	A4	96	80	0	2	-3.359779
51	20.000000	21.000000	G4	90	80	1	-1	-2.415329
52	21.000000	22.500000	D4	90	80	1	-3	-3.831713
53	21.346154	21.923077	C5	90	80	0	4	-2.758588
54	21.923077	23.076923	B4	90	80	0	3	-2.238713
55	22.500000	23.000000	C4	90	80	1	-4	-3.061136
56	23.000000	23.500000	E4	90	80	1	-2	-2.359478
57	23.076923	24.230769	G4	90	80	0	1	-3.281335
58	23.500000	24.000000	G4	90	80	1	-1	-2.415329
59	24.000000	25.500000	D4	90	80	1	-3	-3.831713
60	25.384615	26.538462	A4	90	80	0	2	-2.867384
61	25.500000	26.000000	C4	90	80	1	-4	-3.061136
62	26.000000	26.500000	E4	90	80	1	-2	-2.359478
63	26.500000	27.000000	G4	90	80	1	-1	-2.415329
64	26.538462	27.115385	C5	90	80	0	4	-2.758588
65	27.000000	28.500000	D4	90	80	1	-3	-3.831713
66	28.269231	28.846154	D5	90	80	0	5	-2.706622
67	28.500000	29.000000	C4	90	80	1	-4	-3.061136
68	28.846154	30.000000	A4	90	80	0	2	-3.071676
69	29.000000	29.500000	E4	90	80	1	-2	-2.359478
70	29.500000	30.000000	G4	90	80	1	-1	-2.415329
71	30.000000	30.576923	C5	90	80	0	3	-3.012122
72	30.000000	31.500000	D4	90	80	1	-3	-3.831713
73	31.500000	32.000000	C4	90	80	1	-4	-3.061136
74	31.730769	32.307692	G4	90	80	0	1	-2.905888
75	32.000000	32.500000	E4	90	80	1	-2	-2.359478
76	32.307692	32.884615	A4	90	80	0	2	-2.867384
77	32.500000	33.500000	G4	90	80	1	-1	-2.415329
78	32.884615	33.461538	D5	90	80	0	4	-2.909306
79	33.461538	34.038462	C5	90	80	0	3	-2.238713
80	33.500000	34.000000	F4	90	80	1	-2	-2.745489
81	34.000000	34.500000	E4	90	80	1	-3	-2.891080
82	34.500000	35.500000	G4	90	80	1	-2	-3.046717
83	35.192308	35.769231	G4	90	80	0	1	-2.905888
84	35.500000	36.000000	F4	90	80	1	-3	-2.891080
85	35.769231	36.346154	A4	90	80	0	2	-2.867384
86	36.000000	36.500000	E4	90	80	1	-1	-3.930078
87	36.346154	36.923077	D5	90	80	0	4	-2.909306
88	36.500000	37.000000	C4	90	80	1	-2	-3.291596
89	36.923077	37.500000	C5	90	80	0	3	-2.238713
90	37.000000	38.000000	F4	90	80	1	-1	-2.320150
91	37.500000	38.076923	B4	90	80	0	2	-2.287533
92	38.000000	39.000000	E4	90	80	1	-2	-2.745489
93	38.076923	38.653846	A4	90	80	0	1	-2.609267
94	38.653846	39.230769	B4	90	80	0	2	-2.867384
95	39.000000	42.000000	D4	90	80	1	-3	-2.891080
96	39.000000	42.000000	F#4	90	80	1	-2	-3.749711
97	39.230769	39.807692	C5	90	80	0	3	-2.675961
98	39.807692	40.384615	G4	90	80	0	1	-2.905888
99	40.384615	40.961538	A4	90	80	0	2	-2.867384
100	40.961538	41.538462	D5	90	80	0	5	-3.228870
101	41.538462	42.115385	C5	90	80	0	4	-2.814339
102	42.115385	42.692308	B4	90	80	0	3	-2.238713
103	42.692308	43.846154	A4	90	80	0	2	-2.287533
104	43.846154	45.000000	G4	90	80	0	1	-2.609267
105	45.000000	48.461538	A4	90	80	0	2	-2.867384
