//Version: PianoFingering_v170101
1	0.000000	0.416667	B4	99	80	0	3	-1.701607
2	0.000000	1.000000	D4	90	80	1	-2	-2.178510
3	0.416667	0.833333	A4	99	80	0	2	-2.287533
4	0.833333	1.250000	B4	99	80	0	3	-2.675961
5	1.000000	1.500000	G3	90	80	1	-5	-3.155341
6	1.250000	1.666667	A4	99	80	0	2	-2.287533
7	1.500000	2.000000	C#4	90	80	1	-2	-5.232676
8	2.000000	2.500000	B3	90	80	1	-3	-4.407505
9	2.500000	2.916667	B4	99	80	0	3	-2.675961
10	2.500000	3.000000	A3	90	80	1	-4	-3.061136
11	2.916667	3.333333	C5	99	80	0	4	-2.883688
12	3.000000	4.000000	D4	90	80	1	-2	-2.507290
13	3.333333	3.750000	B4	99	80	0	3	-2.238713
14	3.750000	4.166667	A4	99	80	0	2	-2.287533
15	4.000000	4.500000	G3	90	80	1	-5	-3.155341
16	4.500000	5.000000	C#4	90	80	1	-2	-5.232676
17	5.000000	5.416667	B4	99	80	0	3	-2.675961
18	5.000000	5.500000	B3	90	80	1	-3	-4.407505
19	5.416667	5.833333	C5	99	80	0	4	-2.883688
20	5.500000	6.000000	A3	90	80	1	-4	-3.061136
21	5.833333	6.250000	D5	99	80	0	5	-2.706622
22	6.000000	7.000000	D4	90	80	1	-2	-2.507290
23	6.250000	6.666667	A4	99	80	0	2	-3.071676
24	6.666667	7.083333	B4	99	80	0	3	-2.675961
25	7.000000	7.500000	G3	90	80	1	-5	-3.155341
26	7.083333	7.500000	C5	99	80	0	4	-2.883688
27	7.500000	7.916667	B4	99	80	0	3	-2.238713
28	7.500000	8.000000	C#4	90	80	1	-2	-5.232676
29	7.916667	8.333333	A4	99	80	0	2	-2.287533
30	8.000000	8.500000	B3	90	80	1	-3	-4.407505
31	8.333333	8.750000	B4	99	80	0	3	-2.675961
32	8.500000	9.000000	A3	90	80	1	-4	-3.061136
33	8.750000	9.166667	A4	99	80	0	2	-2.287533
34	9.000000	10.000000	D4	90	80	1	-2	-2.507290
35	10.000000	10.833333	D5	126	80	0	4	-2.909306
36	10.000000	10.500000	G3	90	80	1	-5	-3.155341
37	10.500000	11.000000	A3	90	80	1	-4	-3.907966
38	10.833333	11.250000	E5	126	80	0	5	-2.706622
39	11.000000	11.500000	B3	90	80	1	-3	-2.915060
40	11.250000	11.666667	D5	126	80	0	4	-2.814339
41	11.500000	12.000000	C#4	90	80	1	-2	-3.407298
42	11.666667	12.500000	E5	126	80	0	5	-2.706622
43	12.000000	12.500000	D4	90	80	1	-1	-3.404249
44	12.500000	12.916667	A4	126	80	0	2	-3.263552
45	12.500000	13.500000	C#4	90	80	1	-2	-3.720116
46	12.916667	13.750000	E5	126	80	0	5	-3.528229
47	13.500000	14.500000	D4	90	80	1	-1	-3.404249
48	13.750000	14.583333	D5	126	80	0	4	-2.814339
49	14.500000	15.000000	A3	90	80	1	-2	-3.456527
50	14.583333	15.000000	E5	126	80	0	5	-2.706622
51	15.000000	15.416667	B4	63	80	0	2	-3.071676
52	15.000000	16.000000	D4	90	80	1	-1	-2.320150
53	15.416667	15.833333	A4	63	80	0	1	-2.609267
54	15.833333	16.250000	B4	63	80	0	2	-2.867384
55	16.000000	16.500000	C#4	90	80	1	-2	-3.720116
56	16.250000	16.666667	A4	63	80	0	1	-2.609267
57	16.500000	17.000000	D4	90	80	1	-1	-3.404249
58	17.000000	18.000000	A3	90	80	1	-2	-3.456527
59	17.500000	17.916667	B4	63	80	0	2	-2.867384
60	17.916667	18.333333	C5	63	80	0	3	-2.675961
61	18.000000	19.500000	D4	90	80	1	-1	-2.320150
62	18.333333	18.750000	B4	63	80	0	2	-2.287533
63	18.750000	19.166667	A4	63	80	0	1	-2.609267
64	19.500000	20.000000	C#4	90	80	1	-2	-3.720116
65	20.000000	20.833333	B4	99	80	0	2	-2.867384
66	20.000000	20.500000	B3	90	80	1	-3	-4.407505
67	20.500000	21.000000	C#4	90	80	1	-2	-3.407298
68	20.833333	21.250000	C5	99	80	0	3	-2.675961
69	21.000000	22.500000	D4	90	80	1	-1	-3.404249
70	21.250000	21.666667	D5	99	80	0	4	-2.883688
71	21.666667	22.500000	A4	99	80	0	1	-3.216633
72	22.500000	23.333333	B4	99	80	0	2	-2.867384
73	23.000000	23.500000	C#4	90	80	1	-2	-3.720116
74	23.333333	23.750000	C5	99	80	0	3	-2.675961
75	23.500000	24.000000	A3	90	80	1	-4	-4.761119
76	23.750000	24.166667	D5	99	80	0	4	-2.883688
77	24.000000	24.500000	G3	90	80	1	-5	-3.249332
78	24.166667	25.000000	E5	99	80	0	5	-2.706622
79	24.500000	25.500000	D4	90	80	1	-2	-2.554480
80	25.000000	25.416667	D5	99	80	0	4	-2.814339
81	25.416667	25.833333	C5	99	80	0	3	-2.238713
82	25.500000	26.500000	G3	90	80	1	-5	-3.155341
83	25.833333	26.250000	B4	99	80	0	2	-2.287533
84	26.250000	26.666667	A4	99	80	0	1	-2.609267
85	26.500000	27.000000	C#4	90	80	1	-2	-5.232676
86	26.666667	27.083333	E5	99	80	0	4	-4.054949
87	27.000000	27.500000	D4	90	80	1	-1	-3.404249
88	27.083333	27.500000	A4	99	80	0	1	-2.857522
89	27.500000	27.916667	B4	99	80	0	2	-2.867384
90	27.500000	28.500000	G3	90	80	1	-5	-3.242781
91	27.916667	28.333333	C5	99	80	0	3	-2.675961
92	28.333333	28.750000	D5	99	80	0	4	-2.883688
93	28.500000	29.500000	C#4	90	80	1	-2	-5.232676
94	28.750000	29.166667	A4	99	80	0	2	-3.266530
95	29.500000	30.000000	G3	90	80	1	-5	-5.017302
96	30.000000	30.416667	B4	99	80	0	3	-2.675961
97	30.416667	30.833333	A4	99	80	0	2	-2.287533
98	30.500000	31.000000	D4	90	80	1	-2	-2.554480
99	30.833333	31.250000	B4	99	80	0	3	-2.675961
100	31.000000	31.500000	G3	90	80	1	-5	-3.155341
101	31.250000	31.666667	A4	99	80	0	2	-2.287533
102	31.500000	32.500000	D4	90	80	1	-1	-3.477173
103	32.500000	32.916667	B4	99	80	0	3	-2.675961
104	32.500000	33.000000	C#4	90	80	1	-2	-3.720116
105	32.916667	33.333333	C5	99	80	0	4	-2.883688
106	33.000000	35.000000	D4	90	80	1	-1	-3.404249
107	33.333333	33.750000	B4	99	80	0	3	-2.238713
108	33.750000	34.166667	D5	99	80	0	5	-2.681011
109	34.166667	34.583333	C5	99	80	0	4	-2.814339
110	34.583333	35.000000	B4	99	80	0	3	-2.238713
111	35.000000	37.500000	A4	99	80	0	2	-2.287533
112	35.000000	35.500000	C#4	90	80	1	-2	-3.720116
113	35.500000	36.000000	G3	90	80	1	-5	-5.017302
114	36.000000	38.000000	D4	90	80	1	-2	-2.554480
115	38.000000	38.500000	C#4	90	80	1	-3	-3.848567
116	38.500000	39.000000	A3	90	80	1	-5	-3.859206
117	39.000000	40.500000	D4	90	80	1	-2	-3.272976
118	40.500000	42.000000	C#4	90	80	1	-3	-3.848567
119	42.000000	45.000000	D4	90	80	1	-2	-3.642491
