//Version: PianoFingering_v170101
1	0.000000	0.681818	A4	105	80	0	3	-1.701607
2	0.000000	0.500000	A3	96	80	1	-2	-2.178510
3	0.500000	1.000000	A3	96	80	1	-2	-3.999177
4	0.681818	1.363636	A4	105	80	0	3	-4.378151
5	1.000000	1.500000	A3	96	80	1	-2	-3.999177
6	1.363636	2.045455	A4	105	80	0	3	-4.378151
7	1.500000	2.000000	A3	96	80	1	-2	-3.999177
8	2.000000	2.250000	A3	90	80	1	-1	-4.535716
9	2.045455	2.727273	A4	105	80	0	3	-4.378151
10	2.250000	2.500000	G3	90	80	1	-2	-2.745489
11	2.500000	2.750000	F3	90	80	1	-3	-2.891080
12	2.727273	3.068182	A4	99	80	0	3	-4.378151
13	2.750000	3.000000	G3	90	80	1	-2	-2.510186
14	3.000000	3.500000	F3	96	80	1	-3	-2.891080
15	3.068182	3.409091	G4	99	80	0	2	-2.287533
16	3.409091	3.750000	F4	99	80	0	1	-2.609267
17	3.500000	3.750000	F3	90	80	1	-3	-4.764209
18	3.750000	4.090909	G4	99	80	0	2	-2.867384
19	3.750000	4.000000	G3	90	80	1	-2	-2.510186
20	4.000000	4.250000	A3	90	80	1	-1	-2.578439
21	4.090909	4.772727	F4	105	80	0	1	-2.609267
22	4.250000	4.500000	B-3	90	80	1	-2	-4.643648
23	4.500000	5.000000	A3	96	80	1	-3	-3.281947
24	4.772727	5.113636	F4	99	80	0	1	-4.507997
25	5.000000	5.250000	A3	90	80	1	-3	-4.764209
26	5.113636	5.454545	G4	99	80	0	2	-2.867384
27	5.250000	5.500000	G3	90	80	1	-4	-3.061136
28	5.454545	5.795455	A4	99	80	0	3	-2.675961
29	5.500000	5.750000	A3	90	80	1	-3	-2.915060
30	5.750000	6.000000	B-3	90	80	1	-2	-3.081523
31	5.795455	6.136364	B-4	99	80	0	4	-4.152325
32	6.000000	6.500000	C4	96	80	1	-1	-2.464298
33	6.136364	6.818182	A4	105	80	0	3	-3.302559
34	6.500000	7.000000	C4	96	80	1	-2	-4.675782
35	6.818182	7.159091	A4	99	80	0	3	-4.378151
36	7.159091	7.500000	G4	99	80	0	2	-2.287533
37	7.500000	8.181818	A4	105	80	0	3	-2.675961
38	7.500000	8.000000	C4	96	80	1	-2	-3.999177
39	8.000000	8.500000	C4	96	80	1	-2	-3.999177
40	8.181818	8.522727	A4	99	80	0	2	-4.935872
41	8.500000	9.000000	C4	96	80	1	-2	-3.999177
42	8.522727	8.863636	G4	99	80	0	1	-2.609267
43	8.863636	9.204545	A4	99	80	0	2	-2.867384
44	9.000000	9.500000	C4	96	80	1	-2	-3.999177
45	9.204545	9.545455	B-4	99	80	0	3	-3.190537
46	9.500000	10.000000	C4	96	80	1	-2	-3.999177
47	9.545455	10.227273	C5	105	80	0	5	-3.635747
48	10.000000	10.500000	C4	96	80	1	-2	-3.999177
49	10.227273	10.909091	C5	105	80	0	5	-4.495609
50	10.500000	10.750000	C4	90	80	1	-1	-4.535716
51	10.750000	11.000000	B-3	90	80	1	-2	-3.299403
52	10.909091	11.590909	C5	105	80	0	5	-4.495609
53	11.000000	11.250000	A3	90	80	1	-3	-3.281947
54	11.250000	11.500000	B-3	90	80	1	-2	-3.081523
55	11.500000	11.750000	A3	90	80	1	-3	-3.281947
56	11.590909	12.272727	C5	105	80	0	5	-4.495609
57	11.750000	12.000000	G3	90	80	1	-4	-3.061136
58	12.000000	12.500000	A3	96	80	1	-3	-2.915060
59	12.272727	12.954545	C5	105	80	0	5	-4.495609
60	12.500000	12.750000	A3	90	80	1	-3	-4.764209
61	12.750000	13.000000	B-3	90	80	1	-2	-3.081523
62	12.954545	13.636364	C5	105	80	0	5	-4.495609
63	13.000000	13.250000	A3	90	80	1	-3	-3.281947
64	13.250000	13.500000	G3	90	80	1	-4	-3.061136
65	13.500000	14.000000	F3	96	80	1	-5	-3.249332
66	14.000000	14.250000	F3	90	80	1	-5	-4.242005
67	14.250000	14.500000	G3	90	80	1	-4	-3.907966
68	14.318182	15.000000	C5	105	80	0	5	-4.495609
69	14.500000	14.750000	A3	90	80	1	-3	-2.915060
70	14.750000	15.000000	B-3	90	80	1	-2	-3.081523
71	15.000000	15.681818	C5	105	80	0	5	-4.495609
72	15.000000	15.250000	A3	90	80	1	-1	-3.931111
73	15.250000	15.500000	G3	90	80	1	-2	-2.745489
74	15.500000	16.000000	F3	96	80	1	-3	-2.891080
75	15.681818	16.022727	C5	99	80	0	5	-4.495609
76	16.000000	16.250000	F3	90	80	1	-3	-4.764209
77	16.022727	16.363636	B-4	99	80	0	3	-4.229469
78	16.250000	16.500000	G3	90	80	1	-2	-2.510186
79	16.363636	16.704545	A4	99	80	0	2	-2.803601
80	16.500000	16.750000	A3	90	80	1	-1	-2.578439
81	16.704545	17.045455	B-4	99	80	0	3	-3.190537
82	16.750000	17.000000	G3	90	80	1	-2	-2.745489
83	17.000000	17.500000	F3	96	80	1	-3	-2.891080
84	17.045455	17.386364	A4	99	80	0	2	-2.803601
85	17.386364	17.727273	G4	99	80	0	1	-2.609267
86	17.500000	18.000000	F3	96	80	1	-2	-5.273207
87	17.727273	18.409091	A4	105	80	0	2	-2.867384
88	18.000000	18.500000	F3	96	80	1	-2	-3.999177
89	18.409091	18.750000	A4	99	80	0	3	-5.337046
90	18.500000	19.000000	F3	96	80	1	-2	-3.999177
91	18.750000	19.090909	B-4	99	80	0	4	-4.152325
92	19.000000	19.500000	F3	96	80	1	-2	-3.999177
93	19.090909	19.431818	A4	99	80	0	3	-3.302559
94	19.431818	19.772727	G4	99	80	0	2	-2.287533
95	19.500000	20.000000	F3	96	80	1	-2	-3.999177
96	19.772727	20.454545	F4	105	80	0	1	-2.609267
97	20.454545	20.795455	F4	99	80	0	1	-4.507997
98	20.795455	21.136364	G4	99	80	0	2	-2.867384
99	21.136364	21.477273	A4	99	80	0	3	-2.675961
100	21.477273	21.818182	B-4	99	80	0	4	-4.152325
101	21.818182	22.159091	A4	99	80	0	3	-3.302559
102	22.159091	22.500000	G4	99	80	0	2	-2.287533
103	22.500000	23.181818	F4	105	80	0	1	-2.609267
104	23.181818	23.522727	F4	99	80	0	1	-4.507997
105	23.522727	23.863636	G4	99	80	0	2	-2.867384
106	23.863636	24.204545	A4	99	80	0	3	-2.675961
107	24.204545	24.545455	G4	99	80	0	2	-2.287533
108	24.545455	25.227273	F4	127	80	0	1	-2.609267
109	25.227273	25.909091	F4	127	80	0	1	-4.507997
110	25.909091	26.590909	F4	127	80	0	1	-4.507997
111	26.590909	27.272727	F4	127	80	0	1	-4.507997
112	27.954545	28.636364	F4	127	80	0	1	-4.507997
113	29.318182	30.000000	F4	127	80	0	1	-4.507997
