//Version: PianoFingering_v170101
1	0.000000	0.500000	A3	90	80	1	-1	-2.235665
2	0.500000	1.000000	E3	90	80	1	-2	-3.456527
3	1.000000	1.500000	G3	90	80	1	-1	-2.415329
4	1.363636	1.590909	A4	90	80	0	3	-1.701607
5	1.500000	2.000000	D3	90	80	1	-3	-3.831713
6	1.590909	1.818182	E4	90	80	0	1	-2.905888
7	1.818182	2.045455	G4	90	80	0	2	-2.525967
8	2.000000	2.500000	E3	90	80	1	-2	-2.510186
9	2.045455	2.272727	D4	90	80	0	1	-3.434905
10	2.272727	2.500000	E4	90	80	0	2	-2.867384
11	2.500000	2.727273	G4	90	80	0	4	-2.758588
12	2.500000	3.000000	A3	90	80	1	-1	-2.320150
13	2.727273	3.409091	A4	127	80	0	5	-2.706622
14	3.000000	3.500000	D3	90	80	1	-4	-3.752799
15	3.409091	3.636364	E4	127	80	0	2	-3.071676
16	3.500000	4.000000	G3	90	80	1	-2	-2.507290
17	3.636364	3.863636	G4	127	80	0	4	-2.758588
18	3.863636	4.090909	D4	127	80	0	2	-3.266530
19	4.000000	4.500000	A3	90	80	1	-1	-2.578439
20	4.090909	4.318182	E4	127	80	0	3	-2.675961
21	4.318182	4.545455	G4	127	80	0	5	-2.681011
22	4.500000	5.000000	E3	90	80	1	-2	-3.456527
23	4.545455	4.772727	E4	127	80	0	3	-3.509161
24	5.000000	5.227273	E4	127	80	0	3	-4.378151
25	5.000000	5.500000	G3	90	80	1	-1	-2.415329
26	5.227273	5.454545	G4	127	80	0	5	-2.681011
27	5.454545	5.681818	E4	127	80	0	3	-3.509161
28	5.500000	6.000000	D3	90	80	1	-3	-3.831713
29	5.681818	5.909091	D4	127	80	0	2	-2.287533
30	5.909091	6.136364	E4	127	80	0	3	-2.675961
31	6.000000	6.500000	E3	90	80	1	-2	-2.510186
32	6.500000	7.000000	A3	90	80	1	-1	-2.320150
33	6.818182	7.045455	A4	127	80	0	5	-3.128600
34	7.000000	7.500000	D3	90	80	1	-4	-3.752799
35	7.045455	7.272727	E4	127	80	0	2	-3.071676
36	7.272727	7.500000	G4	127	80	0	3	-3.012122
37	7.500000	7.727273	D4	127	80	0	1	-2.905888
38	7.500000	8.000000	G3	90	80	1	-2	-2.507290
39	7.727273	7.954545	E4	127	80	0	2	-2.867384
40	7.954545	8.181818	G4	127	80	0	4	-2.758588
41	8.000000	8.500000	A3	90	80	1	-1	-2.578439
42	8.181818	9.090909	A4	127	80	0	5	-2.706622
43	8.500000	9.000000	E3	90	80	1	-2	-3.456527
44	9.000000	9.500000	G3	90	80	1	-1	-2.415329
45	9.090909	9.318182	E4	127	80	0	2	-3.071676
46	9.318182	9.545455	G4	127	80	0	3	-3.012122
47	9.500000	10.000000	D3	90	80	1	-3	-3.831713
48	9.545455	10.454545	A4	127	80	0	4	-2.883688
49	10.000000	10.500000	E3	90	80	1	-2	-2.510186
50	10.454545	10.681818	G4	127	80	0	3	-2.238713
51	10.500000	11.000000	A3	90	80	1	-1	-2.320150
52	10.681818	10.909091	D4	127	80	0	1	-2.905888
53	10.909091	11.136364	E4	127	80	0	2	-2.867384
54	11.000000	11.500000	D3	90	80	1	-4	-3.752799
55	11.363636	11.590909	E4	127	80	0	2	-4.554564
56	11.500000	12.000000	G3	90	80	1	-2	-2.507290
57	11.590909	11.818182	A4	127	80	0	4	-2.909306
58	11.818182	12.500000	F#4	127	80	0	3	-3.510496
59	12.000000	12.500000	A3	90	80	1	-1	-2.578439
60	12.500000	12.727273	E4	127	80	0	2	-3.286699
61	12.500000	13.000000	E3	90	80	1	-2	-3.456527
62	12.727273	12.954545	F4	126	80	0	3	-2.675961
63	12.954545	13.181818	E4	126	80	0	2	-2.287533
64	13.000000	13.500000	G3	90	80	1	-1	-2.415329
65	13.181818	13.409091	F4	126	80	0	3	-2.675961
66	13.409091	13.636364	G4	126	80	0	4	-2.883688
67	13.500000	14.000000	D3	90	80	1	-3	-3.831713
68	13.636364	14.090909	F4	126	80	0	3	-2.238713
69	14.000000	14.500000	E3	90	80	1	-2	-2.510186
70	14.090909	14.545455	E4	126	80	0	2	-2.287533
71	14.500000	15.000000	A3	90	80	1	-1	-2.320150
72	15.000000	16.136364	F4	127	80	0	3	-2.675961
73	15.000000	15.500000	D3	90	80	1	-4	-3.752799
74	15.500000	16.000000	G3	90	80	1	-2	-2.507290
75	16.000000	16.500000	A3	90	80	1	-1	-2.578439
76	16.136364	16.363636	E4	126	80	0	2	-2.287533
77	16.363636	16.590909	F4	126	80	0	3	-2.675961
78	16.500000	17.000000	E3	90	80	1	-2	-3.456527
79	16.590909	16.818182	E4	126	80	0	2	-2.287533
80	16.818182	17.045455	F4	126	80	0	3	-2.675961
81	17.000000	17.500000	G3	90	80	1	-1	-2.415329
82	17.045455	17.272727	G4	126	80	0	4	-2.883688
83	17.272727	17.727273	A4	126	80	0	5	-2.706622
84	17.500000	18.000000	D3	90	80	1	-3	-3.831713
85	17.727273	17.954545	E4	126	80	0	2	-3.071676
86	17.954545	18.181818	F4	126	80	0	3	-2.675961
87	18.000000	18.500000	E3	90	80	1	-2	-2.510186
88	18.181818	18.636364	G4	126	80	0	4	-2.883688
89	18.500000	19.000000	A3	90	80	1	-1	-2.320150
90	18.636364	18.863636	D4	126	80	0	1	-3.216633
91	18.863636	19.090909	E4	126	80	0	2	-2.867384
92	19.000000	19.500000	D3	90	80	1	-4	-3.752799
93	19.090909	19.318182	F4	126	80	0	3	-2.675961
94	19.318182	19.545455	E4	126	80	0	2	-2.287533
95	19.500000	20.000000	G3	90	80	1	-2	-2.507290
96	19.545455	19.772727	F4	126	80	0	3	-2.675961
97	19.772727	20.000000	G4	126	80	0	4	-2.883688
98	20.000000	20.227273	A4	126	80	0	5	-2.706622
99	20.000000	20.500000	A3	90	80	1	-1	-2.578439
100	20.227273	20.454545	E4	126	80	0	2	-3.071676
101	20.454545	20.681818	G4	126	80	0	3	-3.012122
102	20.500000	21.000000	E3	90	80	1	-2	-3.456527
103	20.681818	20.909091	D4	126	80	0	1	-2.905888
104	20.909091	21.136364	E4	126	80	0	2	-2.867384
105	21.000000	21.500000	G3	90	80	1	-1	-2.415329
106	21.136364	21.363636	G4	126	80	0	4	-2.758588
107	21.363636	22.045455	A4	127	80	0	5	-2.706622
108	21.500000	22.000000	D3	90	80	1	-3	-3.831713
109	22.000000	22.500000	E3	90	80	1	-2	-2.510186
110	22.045455	22.272727	E4	126	80	0	2	-3.071676
111	22.272727	22.500000	G4	126	80	0	3	-3.012122
112	22.500000	22.727273	D4	126	80	0	1	-2.905888
113	22.500000	23.000000	A3	90	80	1	-1	-2.320150
114	22.727273	22.954545	E4	126	80	0	2	-2.867384
115	22.954545	23.181818	G4	126	80	0	3	-3.012122
116	23.000000	23.500000	D3	90	80	1	-4	-3.752799
117	23.181818	23.863636	A4	127	80	0	4	-2.883688
118	23.500000	24.000000	G3	90	80	1	-2	-2.507290
119	23.863636	24.090909	D4	126	80	0	1	-2.857522
120	24.000000	24.500000	A3	90	80	1	-1	-2.578439
121	24.090909	24.318182	E4	126	80	0	2	-2.867384
122	24.318182	24.545455	G4	126	80	0	3	-3.012122
123	24.500000	25.000000	E3	90	80	1	-3	-3.831713
124	24.545455	25.000000	A4	127	80	0	4	-2.883688
125	25.000000	25.227273	D4	126	80	0	1	-2.857522
126	25.227273	25.454545	E4	126	80	0	2	-2.867384
127	25.454545	25.681818	G4	126	80	0	3	-3.012122
128	25.500000	26.000000	E3	90	80	1	-3	-4.764209
129	25.681818	26.136364	A4	127	80	0	4	-2.883688
130	26.000000	29.500000	F3	90	80	1	-2	-2.510186
131	26.136364	26.363636	D4	126	80	0	1	-2.857522
132	26.363636	26.590909	E4	126	80	0	2	-2.867384
133	26.590909	26.818182	G4	126	80	0	3	-3.012122
134	26.818182	27.272727	A4	127	80	0	4	-2.883688
135	27.272727	27.500000	D4	126	80	0	1	-2.857522
136	27.500000	27.727273	E4	126	80	0	2	-2.867384
137	27.727273	27.954545	G4	126	80	0	3	-3.012122
138	27.954545	28.409091	A4	127	80	0	4	-2.883688
139	28.409091	28.636364	D4	126	80	0	1	-2.857522
140	28.636364	28.863636	E4	126	80	0	2	-2.867384
141	28.863636	29.090909	G4	126	80	0	4	-2.758588
142	29.090909	30.909091	A4	127	80	0	5	-2.706622
143	29.500000	30.000000	E3	90	80	1	-3	-2.891080
144	30.000000	30.500000	F3	90	80	1	-2	-2.510186
145	30.500000	31.000000	E3	90	80	1	-3	-2.891080
146	31.000000	31.500000	F3	90	80	1	-2	-2.510186
147	31.500000	32.000000	G3	90	80	1	-1	-2.578439
148	32.000000	33.500000	F3	109	80	1	-2	-2.745489
149	33.500000	34.000000	E3	90	80	1	-3	-2.891080
150	34.000000	34.500000	F3	90	80	1	-2	-2.510186
151	34.500000	35.000000	E3	90	80	1	-3	-2.891080
152	35.000000	35.500000	F3	90	80	1	-2	-2.510186
153	35.500000	36.000000	G3	90	80	1	-1	-2.578439
154	36.000000	37.500000	F3	90	80	1	-2	-2.745489
155	37.500000	38.000000	E3	90	80	1	-3	-2.891080
156	38.000000	38.500000	F3	90	80	1	-2	-2.510186
157	38.500000	39.000000	G3	90	80	1	-1	-2.578439
158	39.000000	40.000000	A3	90	80	1	-2	-5.429322
159	40.000000	40.500000	E3	90	80	1	-4	-4.045906
160	40.500000	41.000000	F3	90	80	1	-3	-2.915060
161	41.000000	42.000000	G3	90	80	1	-2	-2.510186
162	42.000000	42.500000	D3	90	80	1	-5	-3.713619
163	42.500000	43.000000	E3	90	80	1	-4	-3.907966
164	43.000000	43.500000	F3	90	80	1	-3	-2.915060
165	43.500000	44.000000	G3	90	80	1	-2	-2.510186
166	46.000000	46.500000	A3	90	80	1	-1	-2.578439
167	46.500000	47.000000	E3	90	80	1	-2	-3.456527
168	47.000000	47.500000	G3	90	80	1	-1	-2.415329
169	47.500000	48.000000	D3	90	80	1	-4	-4.223116
170	48.000000	48.500000	E3	90	80	1	-3	-2.915060
171	48.500000	49.000000	G3	90	80	1	-2	-3.046717
172	49.000000	50.500000	A3	109	80	1	-1	-2.578439
173	50.500000	51.000000	E3	90	80	1	-2	-3.456527
174	51.000000	51.500000	G3	90	80	1	-1	-2.415329
175	51.500000	52.000000	D3	90	80	1	-4	-4.223116
176	52.000000	52.500000	E3	90	80	1	-3	-2.915060
177	52.500000	53.000000	G3	90	80	1	-2	-3.046717
178	53.000000	54.000000	A3	109	80	1	-1	-2.578439
179	54.000000	54.500000	D3	90	80	1	-5	-3.242781
180	54.500000	55.000000	E3	90	80	1	-4	-3.907966
181	55.000000	55.500000	G3	90	80	1	-2	-2.359478
182	55.500000	56.500000	A3	109	80	1	-1	-2.578439
183	56.500000	57.000000	D3	90	80	1	-5	-3.242781
184	57.000000	57.500000	E3	90	80	1	-4	-3.907966
185	57.500000	58.000000	G3	90	80	1	-2	-2.359478
186	58.000000	58.500000	A3	90	80	1	-1	-2.578439
187	58.500000	59.000000	D3	90	80	1	-5	-3.242781
188	59.000000	59.500000	E3	90	80	1	-4	-3.907966
189	59.500000	60.000000	G3	90	80	1	-2	-2.359478
190	60.000000	60.500000	A3	90	80	1	-1	-2.578439
191	60.500000	61.000000	D3	90	80	1	-5	-3.242781
192	61.000000	61.500000	E3	90	80	1	-4	-3.907966
193	61.500000	62.000000	G3	90	80	1	-2	-2.359478
194	62.000000	62.500000	A3	90	80	1	-1	-2.578439
195	62.500000	63.000000	D3	90	80	1	-5	-3.242781
196	63.000000	63.500000	E3	90	80	1	-4	-3.907966
197	63.500000	64.000000	G3	90	80	1	-2	-2.359478
198	64.000000	68.000000	A3	90	80	1	-1	-2.578439
