//Version: PianoFingering_v170101
1	0.000000	0.300000	A4	63	80	0	1	-0.925785
2	0.000000	0.250000	A3	90	80	1	-5	-0.504576
3	0.250000	0.500000	B3	90	80	1	-4	-3.907966
4	0.300000	0.600000	B4	63	80	0	2	-2.867384
5	0.500000	0.750000	C4	90	80	1	-3	-2.915060
6	0.600000	0.900000	C5	63	80	0	3	-2.675961
7	0.750000	1.000000	D#4	90	80	1	-2	-3.407298
8	0.900000	1.200000	D#5	63	80	0	4	-4.476680
9	1.000000	1.500000	E4	96	80	1	-1	-3.404249
10	1.200000	1.500000	E5	63	80	0	5	-3.684684
11	1.500000	1.800000	D5	63	80	0	4	-2.814339
12	1.500000	2.000000	D4	96	80	1	-2	-2.745489
13	1.800000	2.400000	C5	69	80	0	3	-2.238713
14	2.000000	2.500000	C4	96	80	1	-3	-2.891080
15	2.400000	3.000000	B4	69	80	0	2	-2.287533
16	2.500000	2.750000	B3	90	80	1	-4	-3.061136
17	2.750000	3.000000	A3	90	80	1	-5	-3.249332
18	3.000000	3.600000	A4	69	80	0	1	-2.609267
19	3.000000	3.250000	B3	90	80	1	-4	-3.907966
20	3.250000	3.500000	C4	90	80	1	-3	-2.915060
21	3.500000	4.000000	A3	96	80	1	-5	-3.990113
22	3.600000	3.900000	D5	63	80	0	4	-4.278061
23	3.900000	4.200000	C5	63	80	0	3	-2.238713
24	4.000000	4.250000	D4	96	80	1	-2	-3.272976
25	4.200000	4.500000	D5	63	80	0	4	-2.883688
26	4.250000	4.500000	C4	90	80	1	-3	-2.891080
27	4.500000	4.800000	E5	63	80	0	5	-2.706622
28	4.500000	4.750000	D4	90	80	1	-2	-2.510186
29	4.750000	5.000000	E4	90	80	1	-1	-2.578439
30	4.800000	5.400000	C5	69	80	0	3	-3.509161
31	5.000000	5.500000	C4	96	80	1	-3	-4.276897
32	5.400000	5.700000	B4	63	80	0	2	-2.287533
33	5.500000	5.750000	B3	90	80	1	-4	-3.061136
34	5.700000	6.000000	A4	63	80	0	1	-2.609267
35	5.750000	6.000000	C4	90	80	1	-3	-2.915060
36	6.000000	6.300000	B4	63	80	0	2	-2.867384
37	6.000000	6.250000	D#4	90	80	1	-2	-3.407298
38	6.250000	6.500000	E4	90	80	1	-1	-3.404249
39	6.300000	6.600000	C5	63	80	0	3	-2.675961
40	6.500000	6.750000	D4	90	80	1	-2	-2.745489
41	6.600000	7.200000	A4	69	80	0	1	-3.281335
42	7.000000	7.500000	C4	96	80	1	-3	-2.891080
43	7.500000	8.000000	B3	96	80	1	-4	-3.061136
44	7.800000	8.100000	A4	63	80	0	1	-4.507997
45	8.000000	8.500000	A3	96	80	1	-5	-3.249332
46	8.100000	8.400000	B4	63	80	0	2	-2.867384
47	8.400000	8.700000	C5	63	80	0	3	-2.675961
48	8.500000	8.750000	D4	90	80	1	-2	-3.272976
49	8.700000	9.000000	D#5	63	80	0	4	-4.476680
50	8.750000	9.000000	C4	90	80	1	-3	-2.891080
51	9.000000	9.600000	E5	69	80	0	5	-3.684684
52	9.000000	9.250000	D4	90	80	1	-2	-2.510186
53	9.250000	9.500000	E4	90	80	1	-1	-2.578439
54	9.500000	10.000000	C4	96	80	1	-2	-3.291596
55	9.600000	10.200000	D5	69	80	0	4	-2.814339
56	10.000000	10.250000	B3	90	80	1	-3	-2.891080
57	10.200000	10.800000	C5	69	80	0	3	-2.238713
58	10.250000	10.500000	A3	90	80	1	-4	-3.061136
59	10.500000	10.750000	B3	90	80	1	-3	-2.915060
60	10.750000	11.000000	C4	90	80	1	-2	-2.510186
61	10.800000	11.100000	B4	63	80	0	2	-2.287533
62	11.000000	11.500000	A3	96	80	1	-4	-3.718276
63	11.100000	11.400000	A4	63	80	0	1	-2.609267
64	11.400000	11.700000	B4	63	80	0	2	-2.867384
65	11.500000	12.500000	E4	90	80	1	-1	-2.959487
66	11.700000	12.000000	C5	63	80	0	3	-2.675961
67	12.000000	12.600000	A4	69	80	0	1	-3.281335
68	12.500000	13.000000	C4	96	80	1	-3	-4.276897
69	12.600000	12.900000	D5	63	80	0	3	-3.401091
70	12.900000	13.200000	C5	63	80	0	2	-2.287533
71	13.000000	13.500000	B3	90	80	1	-4	-3.061136
72	13.200000	13.500000	D5	63	80	0	3	-2.675961
73	13.500000	13.800000	E5	63	80	0	4	-2.883688
74	13.500000	13.750000	C4	90	80	1	-3	-2.915060
75	13.750000	14.000000	D#4	90	80	1	-2	-3.407298
76	13.800000	14.400000	C5	69	80	0	2	-3.359779
77	14.000000	14.500000	E4	96	80	1	-1	-3.404249
78	14.400000	15.000000	B4	63	80	0	1	-2.609267
79	14.500000	15.500000	D#4	90	80	1	-2	-3.720116
80	15.000000	15.300000	C5	63	80	0	2	-2.867384
81	15.300000	15.600000	D#5	63	80	0	3	-3.409656
82	15.500000	16.000000	C4	96	80	1	-3	-4.407505
83	15.600000	16.200000	E5	69	80	0	4	-3.868143
84	16.000000	16.500000	B3	90	80	1	-4	-3.061136
85	16.200000	17.400000	D#5	63	80	0	3	-3.226506
86	16.500000	16.750000	C4	90	80	1	-3	-2.915060
87	16.750000	17.000000	D#4	90	80	1	-2	-3.407298
88	17.000000	17.500000	E4	96	80	1	-1	-3.404249
89	17.400000	18.000000	C5	69	80	0	2	-3.286699
90	18.000000	18.600000	B4	63	80	0	1	-2.609267
91	18.000000	18.250000	E4	90	80	1	-1	-4.426668
92	18.250000	18.500000	D4	90	80	1	-2	-2.745489
93	18.500000	18.750000	C4	90	80	1	-3	-2.891080
94	18.600000	18.900000	C5	63	80	0	2	-2.867384
95	18.750000	19.000000	B3	90	80	1	-4	-3.061136
96	18.900000	19.200000	D#5	63	80	0	3	-3.409656
97	19.000000	19.500000	A3	96	80	1	-5	-3.249332
98	19.200000	19.800000	E5	69	80	0	4	-3.868143
99	19.500000	20.000000	B3	96	80	1	-4	-3.907966
100	19.800000	20.400000	B4	63	80	0	1	-3.216633
101	20.000000	20.500000	C4	96	80	1	-3	-2.915060
102	20.400000	20.700000	C5	63	80	0	2	-2.867384
103	20.500000	22.000000	D#4	90	80	1	-2	-3.407298
104	20.700000	21.000000	D#5	63	80	0	4	-4.064995
105	21.000000	21.600000	E5	69	80	0	5	-3.684684
106	21.600000	21.900000	E5	63	80	0	5	-4.495609
107	21.900000	22.200000	D5	63	80	0	4	-2.814339
108	22.000000	22.250000	C4	90	80	1	-3	-4.407505
109	22.200000	22.500000	C5	63	80	0	3	-2.238713
110	22.250000	22.500000	D#4	90	80	1	-2	-3.407298
111	22.500000	22.800000	B4	63	80	0	2	-2.287533
112	22.500000	23.000000	E4	90	80	1	-1	-3.404249
113	22.800000	23.100000	A4	63	80	0	1	-2.609267
114	23.000000	23.250000	D#4	90	80	1	-2	-3.720116
115	23.100000	23.400000	B4	63	80	0	2	-2.867384
116	23.250000	23.500000	C4	90	80	1	-3	-4.407505
117	23.400000	24.000000	C5	69	80	0	3	-2.675961
118	23.500000	24.000000	D#4	90	80	1	-2	-3.407298
119	24.000000	24.600000	D#5	69	80	0	4	-4.476680
120	24.000000	24.500000	B3	96	80	1	-4	-4.761119
121	24.500000	25.000000	E4	96	80	1	-2	-2.507290
122	24.600000	25.200000	E5	69	80	0	5	-3.684684
123	25.000000	25.500000	A3	96	80	1	-5	-3.155341
124	25.200000	25.500000	B4	63	80	0	2	-3.071676
125	25.500000	25.800000	C5	63	80	0	3	-2.675961
126	25.800000	26.400000	D5	63	80	0	4	-2.883688
127	26.400000	26.700000	C5	63	80	0	3	-2.238713
128	26.700000	27.000000	B4	63	80	0	2	-2.287533
129	28.800000	29.100000	B4	63	80	0	2	-4.554564
130	29.100000	29.400000	C5	63	80	0	3	-2.675961
131	29.400000	30.000000	D5	63	80	0	4	-2.883688
132	30.000000	30.300000	C5	63	80	0	3	-2.238713
133	30.300000	30.600000	B4	63	80	0	2	-2.287533
134	30.600000	31.200000	A4	63	80	0	1	-2.609267
