//Version: PianoFingering_v170101
1	0.000000	0.250000	G3	63	80	1	-3	-2.360819
2	0.250000	0.500000	B-3	63	80	1	-2	-3.407298
3	0.500000	0.750000	G3	63	80	1	-3	-4.407505
4	0.750000	1.750000	C#4	63	80	1	-1	-4.411093
5	1.750000	2.000000	A3	63	80	1	-2	-4.597368
6	2.000000	2.250000	G3	63	80	1	-3	-2.891080
7	2.250000	2.750000	B-3	63	80	1	-2	-3.407298
8	2.750000	3.000000	C#4	63	80	1	-1	-2.415329
9	3.000000	3.250000	A3	63	80	1	-2	-4.597368
10	3.250000	3.500000	G3	63	80	1	-3	-2.891080
11	3.500000	3.750000	B-3	63	80	1	-2	-3.407298
12	3.750000	4.000000	D4	63	80	1	-1	-3.262923
13	4.000000	4.250000	C#4	63	80	1	-2	-3.720116
14	4.250000	4.500000	A3	63	80	1	-4	-4.761119
15	4.500000	5.500000	C#4	63	80	1	-2	-3.159098
16	5.500000	5.750000	A3	63	80	1	-3	-5.615128
17	5.750000	6.000000	G3	63	80	1	-4	-3.061136
18	6.000000	6.500000	B-3	63	80	1	-2	-3.337019
19	6.500000	6.750000	C#4	63	80	1	-1	-2.415329
20	6.750000	7.000000	A3	63	80	1	-2	-4.597368
21	7.000000	7.250000	G3	63	80	1	-3	-2.891080
22	7.250000	7.500000	B-3	63	80	1	-2	-3.407298
23	7.500000	8.250000	C#4	63	80	1	-1	-2.415329
24	7.826087	8.260870	G4	90	80	0	1	-0.925785
25	8.250000	8.750000	B-3	63	80	1	-2	-3.291596
26	8.260870	8.695652	B-4	63	80	0	2	-3.246278
27	8.695652	9.130435	G4	63	80	0	1	-3.360143
28	8.750000	9.000000	C#4	63	80	1	-1	-2.415329
29	9.000000	10.500000	A3	63	80	1	-2	-4.597368
30	9.130435	10.869565	C#5	63	80	0	4	-4.926369
31	10.869565	11.304348	A4	63	80	0	2	-4.058569
32	11.304348	11.739130	G4	63	80	0	1	-2.609267
33	11.739130	12.173913	B-4	63	80	0	2	-3.246278
34	12.173913	13.043478	C#5	63	80	0	4	-2.758588
35	12.500000	12.750000	D4	99	80	1	-1	-2.320150
36	12.750000	13.000000	C#4	99	80	1	-2	-3.720116
37	13.000000	13.250000	D4	99	80	1	-1	-3.404249
38	13.043478	13.478261	A4	63	80	0	2	-4.058569
39	13.250000	14.250000	E4	99	80	1	-3	-4.611792
40	13.478261	13.913043	G4	63	80	0	1	-2.609267
41	13.913043	14.347826	B-4	63	80	0	2	-3.246278
42	14.250000	14.500000	F4	99	80	1	-2	-2.510186
43	14.347826	14.782609	D5	63	80	0	4	-3.927704
44	14.500000	14.750000	E4	99	80	1	-3	-2.891080
45	14.750000	15.000000	D4	99	80	1	-1	-3.930078
46	14.782609	15.217391	C#5	63	80	0	3	-3.226506
47	15.000000	15.250000	C#4	99	80	1	-2	-3.720116
48	15.217391	15.652174	G4	63	80	0	1	-4.323321
49	15.250000	15.500000	B-3	99	80	1	-4	-3.718276
50	15.500000	15.750000	C#4	99	80	1	-2	-2.359478
51	15.652174	18.260870	A4	63	80	0	2	-2.867384
52	15.750000	16.000000	D4	99	80	1	-1	-3.404249
53	16.000000	16.250000	E4	99	80	1	-3	-4.611792
54	16.250000	16.500000	F4	99	80	1	-2	-2.510186
55	16.500000	16.750000	E4	99	80	1	-3	-2.891080
56	16.750000	17.000000	D4	99	80	1	-1	-3.930078
57	17.000000	17.250000	C#4	99	80	1	-2	-3.720116
58	17.250000	17.500000	B-3	99	80	1	-4	-3.718276
59	17.500000	17.750000	F4	99	80	1	-1	-3.887622
60	17.750000	18.000000	E4	99	80	1	-2	-2.745489
61	18.000000	18.250000	D4	99	80	1	-1	-4.644141
62	18.250000	18.500000	C#4	99	80	1	-2	-3.720116
63	18.260870	18.695652	D5	99	80	0	4	-2.909306
64	18.500000	19.250000	B-3	99	80	1	-4	-3.718276
65	18.695652	19.130435	C#5	99	80	0	3	-3.226506
66	19.130435	19.565217	D5	99	80	0	1	-4.595018
67	19.250000	19.500000	F4	99	80	1	-1	-3.887622
68	19.500000	19.750000	E4	99	80	1	-2	-2.745489
69	19.565217	21.304348	E5	99	80	0	2	-2.867384
70	19.750000	20.000000	D4	99	80	1	-1	-4.644141
71	20.000000	20.250000	B-3	99	80	1	-2	-4.444474
72	20.250000	21.250000	C4	99	80	1	-1	-2.464298
73	21.304348	21.739130	F5	99	80	0	3	-2.675961
74	21.739130	22.173913	E5	99	80	0	2	-2.287533
75	22.173913	22.608696	D5	99	80	0	1	-2.609267
76	22.250000	22.500000	G3	99	80	1	-2	-3.456527
77	22.500000	22.750000	B-3	99	80	1	-1	-3.101885
78	22.608696	23.043478	C#5	99	80	0	2	-4.284147
79	22.750000	23.000000	G3	99	80	1	-2	-4.084076
80	23.000000	24.000000	C#4	99	80	1	-1	-5.267467
81	23.043478	23.478261	B-4	99	80	0	1	-3.157580
82	23.478261	23.913043	C#5	99	80	0	2	-2.525967
83	23.913043	24.347826	D5	99	80	0	3	-3.686981
84	24.000000	24.250000	A3	99	80	1	-2	-4.597368
85	24.250000	24.500000	G3	99	80	1	-3	-2.891080
86	24.347826	24.782609	E5	99	80	0	4	-2.883688
87	24.500000	24.750000	B-3	99	80	1	-2	-3.407298
88	24.750000	25.250000	C#4	99	80	1	-1	-2.415329
89	24.782609	26.521739	F5	99	80	0	5	-2.706622
90	25.250000	25.750000	A3	99	80	1	-2	-4.597368
91	25.750000	26.000000	G3	99	80	1	-3	-2.891080
92	26.000000	27.250000	C#4	99	80	1	-1	-4.411093
93	26.521739	26.956522	E5	99	80	0	4	-2.814339
94	26.956522	27.391304	D5	99	80	0	3	-2.238713
95	27.250000	27.500000	G3	99	80	1	-5	-6.473863
96	27.391304	27.826087	C#5	99	80	0	2	-3.151465
97	27.500000	29.000000	D4	99	80	1	-2	-2.554480
98	27.826087	28.260870	B-4	99	80	0	1	-3.157580
99	28.260870	28.695652	F5	99	80	0	5	-4.655217
100	28.695652	29.130435	E5	99	80	0	4	-2.814339
101	29.130435	29.565217	D5	99	80	0	3	-2.238713
102	29.565217	30.000000	C#5	99	80	0	2	-3.151465
103	30.000000	30.434783	B-4	99	80	0	1	-3.157580
104	30.434783	30.869565	F5	99	80	0	5	-4.655217
105	30.869565	31.304348	E5	99	80	0	4	-2.814339
106	31.304348	31.739130	D5	99	80	0	3	-2.238713
107	31.739130	32.173913	C#5	99	80	0	2	-3.151465
108	32.173913	32.608696	B-4	99	80	0	1	-3.157580
109	32.608696	33.478261	C#5	99	80	0	2	-2.525967
110	33.478261	33.913043	D5	99	80	0	3	-3.686981
111	33.913043	36.086957	E5	99	80	0	4	-2.883688
112	36.521739	36.956522	G4	63	80	0	1	-2.969918
113	36.956522	37.391304	B-4	63	80	0	2	-3.246278
114	37.391304	37.826087	G4	63	80	0	1	-3.360143
115	37.826087	39.565217	C#5	63	80	0	4	-4.926369
116	39.565217	40.000000	A4	63	80	0	2	-4.058569
117	40.000000	40.434783	G4	63	80	0	1	-2.609267
118	40.434783	40.869565	B-4	63	80	0	2	-3.246278
119	40.869565	41.739130	C#5	63	80	0	4	-2.758588
120	41.739130	42.608696	A4	63	80	0	2	-4.058569
121	42.608696	43.043478	G4	63	80	0	1	-2.609267
122	43.043478	43.478261	B-4	63	80	0	2	-3.246278
123	43.478261	44.347826	C#5	63	80	0	4	-2.758588
124	44.782609	45.217391	A4	63	80	0	2	-4.058569
125	45.217391	45.652174	G4	63	80	0	1	-2.609267
126	45.652174	46.086957	B-4	63	80	0	2	-3.246278
127	46.086957	46.521739	G4	63	80	0	1	-3.360143
128	46.521739	46.956522	B-4	63	80	0	2	-3.246278
129	46.956522	49.565217	A4	63	80	0	1	-3.290753
