//Version: PianoFingering_v170101
1	0.000000	0.238095	G4	126	80	0	1	-0.925785
2	0.000000	0.250000	B3	90	80	1	-2	-2.178510
3	0.238095	0.476190	B-4	126	80	0	2	-3.246278
4	0.250000	0.500000	D4	90	80	1	-1	-2.415329
5	0.476190	0.714286	G4	126	80	0	1	-3.360143
6	0.500000	0.750000	B3	90	80	1	-2	-3.291596
7	0.714286	0.952381	B-4	126	80	0	2	-3.246278
8	0.750000	1.000000	D4	90	80	1	-1	-2.415329
9	0.952381	1.190476	G4	126	80	0	1	-3.360143
10	1.000000	1.250000	B3	90	80	1	-2	-3.291596
11	1.190476	1.428571	B-4	126	80	0	2	-3.246278
12	1.250000	1.500000	D4	90	80	1	-1	-2.415329
13	1.428571	1.666667	G4	126	80	0	1	-3.360143
14	1.500000	1.750000	B3	90	80	1	-3	-4.276897
15	1.666667	1.904762	A4	126	80	0	2	-2.867384
16	1.750000	2.000000	C#4	90	80	1	-2	-3.407298
17	1.904762	2.380952	B-4	126	80	0	3	-3.190537
18	2.000000	2.500000	D4	90	80	1	-1	-3.404249
19	2.380952	2.619048	A4	126	80	0	2	-2.803601
20	2.500000	2.750000	C#4	90	80	1	-2	-3.720116
21	2.619048	2.857143	G4	126	80	0	1	-2.609267
22	2.750000	3.000000	B3	90	80	1	-3	-4.407505
23	2.857143	3.333333	A4	126	80	0	2	-2.867384
24	3.000000	3.500000	C#4	90	80	1	-2	-3.407298
25	3.333333	3.571429	B-4	126	80	0	3	-3.190537
26	3.500000	3.750000	D4	90	80	1	-1	-3.404249
27	3.571429	3.809524	A4	126	80	0	2	-2.803601
28	3.750000	4.000000	C#4	90	80	1	-2	-3.720116
29	3.809524	4.047619	G4	126	80	0	1	-2.609267
30	4.000000	4.250000	B3	90	80	1	-3	-4.407505
31	4.047619	4.285714	A4	126	80	0	2	-2.867384
32	4.250000	4.500000	C#4	90	80	1	-2	-3.407298
33	4.285714	4.523810	B-4	126	80	0	3	-3.190537
34	4.500000	4.750000	D4	90	80	1	-1	-3.404249
35	4.523810	4.761905	G4	126	80	0	2	-3.286699
36	4.750000	5.000000	B3	90	80	1	-2	-3.291596
37	4.761905	5.238095	A4	126	80	0	3	-2.675961
38	5.000000	5.500000	C#4	90	80	1	-1	-3.101885
39	5.238095	5.714286	A4	126	80	0	3	-4.378151
40	5.500000	6.000000	C#4	90	80	1	-1	-4.426668
41	5.714286	5.952381	G4	126	80	0	2	-2.287533
42	5.952381	6.190476	B-4	126	80	0	3	-3.409656
43	6.000000	6.250000	B3	90	80	1	-2	-4.084076
44	6.190476	6.428571	G4	126	80	0	1	-3.984578
45	6.250000	6.500000	D4	90	80	1	-1	-2.415329
46	6.428571	6.666667	B-4	126	80	0	2	-3.246278
47	6.500000	6.750000	B3	90	80	1	-2	-3.291596
48	6.666667	6.904762	G4	126	80	0	1	-3.360143
49	6.750000	7.000000	D4	90	80	1	-1	-2.415329
50	6.904762	7.142857	B-4	126	80	0	2	-3.246278
51	7.000000	7.250000	B3	90	80	1	-2	-3.291596
52	7.142857	7.380952	G4	126	80	0	1	-3.360143
53	7.250000	7.500000	D4	90	80	1	-1	-2.415329
54	7.380952	7.619048	A4	126	80	0	2	-2.867384
55	7.500000	7.750000	B3	90	80	1	-3	-4.276897
56	7.619048	8.095238	B-4	126	80	0	3	-3.190537
57	7.750000	8.000000	C#4	90	80	1	-2	-3.407298
58	8.000000	8.500000	D4	90	80	1	-1	-3.404249
59	8.095238	8.333333	G4	126	80	0	2	-3.286699
60	8.333333	8.571429	B-4	126	80	0	3	-3.409656
61	8.500000	8.750000	B3	90	80	1	-2	-3.291596
62	8.571429	9.047619	A4	126	80	0	2	-2.803601
63	8.750000	9.000000	D4	90	80	1	-1	-2.415329
64	9.000000	9.500000	C#4	90	80	1	-2	-3.720116
65	9.047619	9.285714	G4	126	80	0	1	-2.609267
66	9.285714	9.523810	A4	126	80	0	2	-2.867384
67	9.500000	9.750000	B3	90	80	1	-3	-4.407505
68	9.523810	9.761905	B-4	126	80	0	3	-3.190537
69	9.750000	10.000000	C#4	90	80	1	-2	-3.407298
70	9.761905	10.000000	G4	126	80	0	1	-3.984578
71	10.000000	10.238095	A4	126	80	0	2	-2.867384
72	10.000000	10.250000	D4	90	80	1	-1	-3.404249
73	10.238095	10.476190	B-4	126	80	0	3	-3.190537
74	10.250000	10.500000	B3	90	80	1	-3	-4.276897
75	10.476190	10.952381	G4	126	80	0	2	-3.286699
76	10.500000	10.750000	C#4	90	80	1	-2	-3.407298
77	10.750000	11.000000	D4	90	80	1	-1	-3.404249
78	10.952381	11.190476	G4	126	80	0	2	-4.554564
79	11.000000	11.500000	B3	90	80	1	-2	-3.291596
80	11.500000	11.750000	B3	90	80	1	-1	-4.535716
81	11.666667	11.904762	A4	126	80	0	3	-2.675961
82	11.904762	12.142857	F#4	126	80	0	2	-3.032881
83	12.000000	12.250000	B-2	90	80	1	-4	-5.698181
84	12.142857	12.380952	A4	126	80	0	3	-3.265372
85	12.250000	12.500000	D-3	90	80	1	-2	-2.359478
86	12.380952	12.619048	F#4	126	80	0	2	-3.032881
87	12.500000	12.750000	B-2	90	80	1	-4	-3.718276
88	12.619048	12.857143	A4	126	80	0	3	-3.265372
89	12.750000	13.000000	D-3	90	80	1	-2	-2.359478
90	12.857143	13.095238	F#4	126	80	0	2	-3.032881
91	13.095238	13.333333	G#4	126	80	0	3	-2.675961
92	13.250000	13.500000	D-3	90	80	1	-1	-4.535716
93	13.333333	13.809524	A4	126	80	0	4	-3.868143
94	13.500000	13.750000	B-2	90	80	1	-2	-3.291596
95	13.750000	14.000000	C3	90	80	1	-1	-2.464298
96	13.809524	14.047619	G#4	126	80	0	3	-3.226506
97	14.000000	14.500000	D-3	90	80	1	-2	-4.643648
98	14.047619	14.285714	A4	126	80	0	4	-3.868143
99	14.285714	14.523810	B4	126	80	0	5	-2.706622
100	14.500000	14.750000	C3	90	80	1	-3	-3.281947
101	14.523810	14.761905	A4	126	80	0	4	-2.814339
102	14.750000	15.000000	D-3	90	80	1	-2	-3.081523
103	14.761905	15.000000	G#4	126	80	0	3	-3.226506
104	15.000000	15.238095	F#4	126	80	0	2	-2.287533
105	15.000000	15.250000	E-3	90	80	1	-1	-2.578439
106	15.238095	15.476190	E#4	126	80	0	1	-3.290753
107	15.250000	15.500000	D-3	90	80	1	-2	-2.745489
108	15.476190	15.714286	F4	126	80	0	2	-4.712397
109	15.500000	15.750000	C3	90	80	1	-1	-3.931111
110	15.714286	15.952381	G#4	126	80	0	3	-3.409656
111	15.750000	16.000000	B-2	90	80	1	-2	-3.299403
112	15.952381	16.190476	A4	126	80	0	4	-3.868143
113	16.000000	16.250000	A2	90	80	1	-3	-3.281947
114	16.190476	16.666667	G#4	126	80	0	3	-3.226506
115	16.250000	16.500000	B-2	90	80	1	-2	-3.081523
116	16.500000	16.750000	C3	90	80	1	-1	-2.464298
117	16.666667	16.904762	F#4	126	80	0	2	-2.287533
118	16.750000	17.000000	D-3	90	80	1	-2	-4.643648
119	16.904762	17.142857	G#4	126	80	0	3	-2.675961
120	17.000000	17.500000	C3	90	80	1	-1	-3.931111
121	17.142857	17.619048	A4	126	80	0	4	-3.868143
122	17.500000	17.750000	B-2	90	80	1	-2	-3.299403
123	17.619048	17.857143	B4	126	80	0	5	-2.706622
124	17.750000	18.000000	C3	90	80	1	-1	-2.464298
125	17.857143	18.095238	A4	126	80	0	4	-2.814339
126	18.000000	18.500000	D-3	90	80	1	-2	-4.643648
127	18.095238	18.333333	G#4	126	80	0	3	-3.226506
128	18.333333	18.571429	F#4	126	80	0	2	-2.287533
129	18.500000	18.750000	E-3	90	80	1	-1	-2.578439
130	18.571429	18.809524	E#4	126	80	0	1	-3.290753
131	18.750000	19.000000	D-3	90	80	1	-2	-2.745489
132	18.809524	19.047619	F#4	126	80	0	2	-3.900292
133	19.000000	19.250000	C3	90	80	1	-1	-3.931111
134	19.047619	19.523810	G#4	126	80	0	3	-2.675961
135	19.250000	19.500000	B-2	90	80	1	-2	-3.299403
136	19.500000	19.750000	A2	90	80	1	-3	-3.281947
137	19.523810	19.761905	G#4	126	80	0	3	-4.378151
138	19.750000	20.000000	B-2	90	80	1	-2	-3.081523
139	20.000000	20.500000	C3	90	80	1	-1	-2.464298
140	20.476190	20.714286	B4	126	80	0	5	-3.635747
141	20.500000	20.750000	E-3	90	80	1	-2	-5.583884
142	20.714286	20.952381	A4	126	80	0	4	-2.814339
143	20.750000	21.000000	D-3	90	80	1	-3	-2.891080
144	20.952381	21.190476	G#4	126	80	0	3	-3.226506
145	21.000000	21.250000	C3	90	80	1	-1	-3.371140
146	21.190476	21.428571	F#4	126	80	0	2	-2.287533
147	21.250000	21.500000	B-2	90	80	1	-2	-3.299403
148	21.428571	21.666667	E#4	126	80	0	1	-3.290753
149	21.500000	21.750000	A2	90	80	1	-3	-3.281947
150	21.666667	21.904762	F#4	126	80	0	2	-3.900292
151	21.750000	22.000000	B-2	90	80	1	-2	-3.081523
152	21.904762	22.142857	G#4	126	80	0	1	-5.369497
153	22.000000	22.500000	C3	90	80	1	-1	-2.464298
154	22.380952	22.619048	B5	126	80	0	5	-6.546164
155	22.500000	22.750000	E-4	90	80	1	-1	-8.685477
156	22.619048	22.857143	A5	126	80	0	4	-2.814339
157	22.750000	23.000000	D-4	90	80	1	-2	-2.745489
158	22.857143	23.095238	G#5	126	80	0	3	-3.226506
159	23.000000	23.250000	C4	90	80	1	-1	-3.931111
160	23.095238	23.333333	F#5	126	80	0	2	-2.287533
161	23.250000	23.500000	B-3	90	80	1	-2	-3.299403
162	23.333333	23.571429	E#5	126	80	0	1	-3.290753
163	23.500000	23.750000	A3	90	80	1	-3	-3.281947
164	23.571429	23.809524	F#5	126	80	0	2	-3.900292
165	23.750000	24.000000	B-3	90	80	1	-2	-3.081523
166	23.809524	24.285714	G#5	126	80	0	3	-2.675961
167	24.000000	24.500000	C4	90	80	1	-1	-2.464298
168	24.285714	24.523810	G5	126	80	0	1	-5.198182
169	24.500000	24.750000	A4	90	80	1	-1	-7.627055
170	24.523810	24.761905	A5	126	80	0	2	-2.867384
171	24.750000	25.000000	B-4	90	80	1	-2	-4.643648
172	24.761905	25.238095	B-5	126	80	0	3	-3.190537
173	25.000000	25.250000	C5	90	80	1	-1	-2.464298
174	25.238095	25.476190	A5	126	80	0	2	-2.803601
175	25.476190	25.714286	B-5	126	80	0	3	-3.190537
176	25.500000	25.750000	B3	90	80	1	-5	-3.842215
177	25.714286	25.952381	C6	126	80	0	5	-3.635747
178	25.750000	26.000000	C#4	90	80	1	-3	-4.350585
179	25.952381	26.190476	B-5	126	80	0	4	-4.424487
180	26.000000	26.500000	D4	90	80	1	-2	-3.642491
181	26.190476	26.428571	A5	126	80	0	3	-3.302559
182	26.428571	26.666667	G5	126	80	0	2	-2.287533
183	26.500000	26.750000	C#4	90	80	1	-3	-3.848567
184	26.750000	27.000000	D4	90	80	1	-2	-3.642491
185	26.904762	27.142857	A5	126	80	0	3	-2.675961
186	27.000000	27.250000	E4	90	80	1	-1	-2.578439
187	27.142857	27.380952	F#5	126	80	0	2	-3.032881
188	27.250000	27.500000	D4	90	80	1	-2	-2.745489
189	27.380952	27.619048	A5	126	80	0	3	-3.265372
190	27.500000	27.750000	C#4	90	80	1	-3	-3.848567
191	27.619048	27.857143	F#5	126	80	0	2	-3.032881
192	27.750000	28.000000	B3	90	80	1	-1	-4.439870
193	27.857143	28.095238	A5	126	80	0	3	-3.265372
194	28.000000	28.250000	A#3	90	80	1	-2	-3.720116
195	28.095238	28.333333	F#5	126	80	0	2	-3.032881
196	28.250000	28.500000	C#4	90	80	1	-1	-2.415329
197	28.333333	28.571429	A5	126	80	0	3	-3.265372
198	28.500000	28.750000	A#3	90	80	1	-2	-3.291596
199	28.750000	29.000000	C#4	90	80	1	-1	-2.415329
200	28.809524	29.047619	A5	126	80	0	3	-4.378151
201	29.047619	29.285714	G5	126	80	0	2	-2.287533
202	29.250000	29.500000	C#4	90	80	1	-1	-4.426668
203	29.285714	29.523810	A5	126	80	0	3	-2.675961
204	29.500000	29.750000	A#3	90	80	1	-2	-3.291596
205	29.523810	30.000000	B-5	126	80	0	4	-4.152325
206	29.750000	30.000000	C#4	90	80	1	-1	-2.415329
207	30.000000	30.238095	A5	126	80	0	3	-3.302559
208	30.000000	30.250000	A#3	90	80	1	-2	-3.291596
209	30.238095	30.476190	G5	126	80	0	2	-2.287533
210	30.250000	30.500000	C#4	90	80	1	-1	-2.415329
211	30.476190	30.714286	F#5	126	80	0	1	-4.846711
212	30.500000	30.750000	B3	90	80	1	-3	-5.325522
213	30.714286	30.952381	A5	126	80	0	2	-3.493146
214	30.750000	31.000000	C#4	90	80	1	-2	-3.407298
215	30.952381	31.190476	B-5	126	80	0	3	-3.190537
216	31.000000	31.500000	D4	90	80	1	-1	-3.404249
217	31.190476	31.428571	G5	126	80	0	2	-3.286699
218	31.500000	31.750000	C#4	90	80	1	-2	-3.720116
219	31.666667	31.904762	A5	126	80	0	3	-2.675961
220	31.750000	32.000000	B3	90	80	1	-3	-4.407505
221	31.904762	32.142857	G5	126	80	0	2	-2.287533
222	32.000000	32.250000	A#3	90	80	1	-4	-5.020222
223	32.142857	32.380952	B-5	126	80	0	4	-4.064995
224	32.250000	32.500000	C#4	90	80	1	-2	-2.359478
225	32.380952	32.619048	A5	126	80	0	3	-3.302559
226	32.500000	32.750000	D4	90	80	1	-1	-3.404249
227	32.619048	32.857143	F#5	126	80	0	2	-3.032881
228	32.750000	33.000000	B3	90	80	1	-2	-3.291596
229	32.857143	33.095238	G5	126	80	0	1	-4.072488
230	33.000000	33.250000	A#3	90	80	1	-3	-3.848567
231	33.095238	33.333333	B-5	126	80	0	3	-4.456068
232	33.250000	33.500000	C#4	90	80	1	-1	-2.967507
233	33.333333	33.809524	A5	126	80	0	2	-2.803601
234	33.500000	33.750000	B3	90	80	1	-2	-4.084076
235	33.750000	34.000000	D4	90	80	1	-1	-2.415329
236	33.809524	34.047619	C6	126	80	0	4	-2.758588
237	34.047619	34.285714	B-5	126	80	0	3	-3.510496
238	34.250000	34.500000	A#3	90	80	1	-3	-4.924354
239	34.285714	34.523810	A5	126	80	0	2	-2.803601
240	34.500000	34.750000	B3	90	80	1	-2	-3.642491
241	34.523810	34.761905	G5	126	80	0	1	-2.609267
242	34.750000	35.000000	D4	90	80	1	-1	-2.415329
243	34.761905	35.000000	F#5	126	80	0	2	-4.284147
244	35.000000	35.238095	G5	126	80	0	3	-3.686981
245	35.000000	35.500000	C#4	90	80	1	-2	-3.720116
246	35.238095	35.476190	A5	126	80	0	4	-2.883688
247	35.500000	36.000000	C#4	90	80	1	-2	-3.999177
248	35.714286	35.952381	C5	126	80	0	1	-2.969918
249	35.952381	36.190476	B-4	126	80	0	3	-5.389440
250	36.190476	36.428571	A4	126	80	0	2	-2.803601
251	36.428571	36.666667	G4	126	80	0	1	-2.609267
252	36.500000	36.750000	E4	90	80	1	-1	-2.464298
253	36.666667	36.904762	F#4	126	80	0	2	-4.284147
254	36.750000	37.000000	D4	90	80	1	-2	-2.745489
255	36.904762	37.142857	G4	126	80	0	3	-3.686981
256	37.000000	37.250000	C#4	90	80	1	-3	-3.848567
257	37.142857	38.095238	A4	126	80	0	4	-2.883688
258	37.250000	37.500000	B3	90	80	1	-1	-4.439870
259	37.500000	37.750000	A#3	90	80	1	-2	-3.720116
260	37.750000	38.000000	B3	90	80	1	-1	-3.404249
261	38.000000	38.500000	C#4	90	80	1	-2	-5.583884
262	38.500000	39.000000	E4	90	80	1	-1	-2.464298
263	38.500000	38.750000	E4	90	80	1	-1	-4.426668
264	38.750000	39.000000	D4	90	80	1	-2	-2.745489
265	39.000000	40.000000	C#4	90	80	1	-3	-3.848567
266	39.000000	40.000000	E4	90	80	1	-2	-2.872099
