//Version: PianoFingering_v170101
1	0.000000	0.250000	F2	90	80	1	-5	-0.504576
2	0.000000	0.250000	A2	90	80	1	-3	-3.170876
3	0.000000	0.250000	C3	90	80	1	-2	-3.046717
4	0.250000	0.500000	G2	90	80	1	-4	-4.045906
5	0.250000	0.500000	B2	90	80	1	-2	-2.359478
6	0.250000	0.500000	D3	90	80	1	-1	-2.415329
7	0.500000	0.750000	F2	90	80	1	-4	-4.458307
8	0.500000	0.750000	A2	90	80	1	-2	-2.359478
9	0.500000	0.750000	C3	90	80	1	-1	-2.415329
10	0.750000	1.250000	G2	90	80	1	-4	-4.223116
11	0.750000	1.250000	B2	90	80	1	-2	-2.359478
12	0.750000	1.250000	D3	90	80	1	-1	-2.415329
13	1.500000	1.750000	F2	90	80	1	-4	-4.458307
14	1.500000	1.750000	A2	90	80	1	-2	-2.359478
15	1.500000	1.750000	C3	90	80	1	-1	-2.415329
16	1.750000	2.000000	G2	90	80	1	-4	-4.223116
17	1.750000	2.000000	B2	90	80	1	-2	-2.359478
18	1.750000	2.000000	D3	90	80	1	-1	-2.415329
19	2.000000	2.250000	F2	90	80	1	-4	-4.458307
20	2.000000	2.250000	A2	90	80	1	-2	-2.359478
21	2.000000	2.250000	C3	90	80	1	-1	-2.415329
22	2.250000	2.750000	G2	90	80	1	-4	-4.223116
23	2.250000	2.750000	B2	90	80	1	-2	-2.359478
24	2.250000	2.750000	D3	90	80	1	-1	-2.415329
25	3.000000	3.250000	F2	90	80	1	-4	-4.458307
26	3.000000	3.250000	A2	90	80	1	-2	-2.359478
27	3.000000	3.250000	C3	90	80	1	-1	-2.415329
28	3.250000	3.500000	G2	90	80	1	-4	-4.223116
29	3.250000	3.500000	B2	90	80	1	-2	-2.359478
30	3.250000	3.500000	D3	90	80	1	-1	-2.415329
31	3.500000	3.750000	F2	90	80	1	-4	-4.458307
32	3.500000	3.750000	A2	90	80	1	-2	-2.359478
33	3.500000	3.750000	C3	90	80	1	-1	-2.415329
34	3.750000	4.250000	G2	90	80	1	-4	-4.223116
35	3.750000	4.250000	B2	90	80	1	-2	-2.359478
36	3.750000	4.250000	D3	90	80	1	-1	-2.415329
37	4.285714	5.357143	C5	99	80	0	5	-1.850019
38	4.500000	4.750000	A2	90	80	1	-4	-4.223116
39	4.500000	4.750000	C3	90	80	1	-2	-2.359478
40	4.500000	4.750000	E3	90	80	1	-1	-2.415329
41	4.750000	5.000000	G2	90	80	1	-4	-4.458307
42	4.750000	5.000000	B2	90	80	1	-2	-2.359478
43	4.750000	5.000000	D3	90	80	1	-1	-2.415329
44	5.000000	5.250000	A2	90	80	1	-4	-4.223116
45	5.000000	5.250000	C3	90	80	1	-2	-2.359478
46	5.000000	5.250000	E3	90	80	1	-1	-2.415329
47	5.250000	5.750000	G2	90	80	1	-4	-4.458307
48	5.250000	5.750000	B2	90	80	1	-2	-2.359478
49	5.250000	5.750000	D3	90	80	1	-1	-2.415329
50	5.357143	6.428571	G4	99	80	0	2	-3.071676
51	6.000000	6.250000	F2	90	80	1	-4	-4.458307
52	6.000000	6.250000	A2	90	80	1	-2	-2.359478
53	6.000000	6.250000	C3	90	80	1	-1	-2.415329
54	6.250000	6.500000	G2	90	80	1	-4	-4.223116
55	6.250000	6.500000	B2	90	80	1	-2	-2.359478
56	6.250000	6.500000	D3	90	80	1	-1	-2.415329
57	6.428571	7.500000	F4	99	80	0	1	-2.609267
58	6.500000	6.750000	F2	90	80	1	-4	-4.458307
59	6.500000	6.750000	A2	90	80	1	-2	-2.359478
60	6.500000	6.750000	C3	90	80	1	-1	-2.415329
61	6.750000	7.250000	G2	90	80	1	-4	-4.223116
62	6.750000	7.250000	B2	90	80	1	-2	-2.359478
63	6.750000	7.250000	D3	90	80	1	-1	-2.415329
64	7.500000	11.785714	G4	99	80	0	2	-2.867384
65	7.500000	7.750000	F2	90	80	1	-4	-4.458307
66	7.500000	7.750000	A2	90	80	1	-2	-2.359478
67	7.500000	7.750000	C3	90	80	1	-1	-2.415329
68	7.750000	8.000000	G2	90	80	1	-4	-4.223116
69	7.750000	8.000000	B2	90	80	1	-2	-2.359478
70	7.750000	8.000000	D3	90	80	1	-1	-2.415329
71	8.000000	8.250000	F2	90	80	1	-4	-4.458307
72	8.000000	8.250000	A2	90	80	1	-2	-2.359478
73	8.000000	8.250000	C3	90	80	1	-1	-2.415329
74	8.250000	8.750000	G2	90	80	1	-4	-4.223116
75	8.250000	8.750000	B2	90	80	1	-2	-2.359478
76	8.250000	8.750000	D3	90	80	1	-1	-2.415329
77	9.000000	9.250000	A2	90	80	1	-4	-4.223116
78	9.000000	9.250000	C3	90	80	1	-2	-2.359478
79	9.000000	9.250000	E3	90	80	1	-1	-2.415329
80	9.250000	9.500000	G2	90	80	1	-4	-4.458307
81	9.250000	9.500000	B2	90	80	1	-2	-2.359478
82	9.250000	9.500000	D3	90	80	1	-1	-2.415329
83	9.500000	9.750000	C3	90	80	1	-2	-2.745489
84	9.500000	9.750000	E3	90	80	1	-1	-2.415329
85	9.750000	10.250000	G2	90	80	1	-4	-4.458307
86	9.750000	10.250000	B2	90	80	1	-2	-2.359478
87	9.750000	10.250000	D3	90	80	1	-1	-2.415329
88	10.500000	10.750000	F2	90	80	1	-4	-4.458307
89	10.500000	10.750000	A2	90	80	1	-2	-2.359478
90	10.500000	10.750000	C3	90	80	1	-1	-2.415329
91	10.750000	11.000000	G2	90	80	1	-4	-4.223116
92	10.750000	11.000000	B2	90	80	1	-2	-2.359478
93	10.750000	11.000000	D3	90	80	1	-1	-2.415329
94	11.000000	11.250000	F2	90	80	1	-4	-4.458307
95	11.000000	11.250000	A2	90	80	1	-2	-2.359478
96	11.000000	11.250000	C3	90	80	1	-1	-2.415329
97	11.250000	11.750000	G2	90	80	1	-4	-4.223116
98	11.250000	11.750000	B2	90	80	1	-2	-2.359478
99	11.250000	11.750000	D3	90	80	1	-1	-2.415329
100	12.000000	12.250000	F2	90	80	1	-4	-4.458307
101	12.000000	12.250000	A2	90	80	1	-2	-2.359478
102	12.000000	12.250000	C3	90	80	1	-1	-2.415329
103	12.250000	12.500000	G2	90	80	1	-4	-4.223116
104	12.250000	12.500000	B2	90	80	1	-2	-2.359478
105	12.250000	12.500000	D3	90	80	1	-1	-2.415329
106	12.500000	12.750000	F2	90	80	1	-4	-4.458307
107	12.500000	12.750000	A2	90	80	1	-2	-2.359478
108	12.500000	12.750000	C3	90	80	1	-1	-2.415329
109	12.750000	13.250000	G2	90	80	1	-4	-4.223116
110	12.750000	13.250000	B2	90	80	1	-2	-2.359478
111	12.750000	13.250000	D3	90	80	1	-1	-2.415329
112	12.857143	13.928571	C5	99	80	0	3	-4.897982
113	13.500000	13.750000	A2	90	80	1	-4	-4.223116
114	13.500000	13.750000	C3	90	80	1	-2	-2.359478
115	13.500000	13.750000	E3	90	80	1	-1	-2.415329
116	13.750000	14.000000	G2	90	80	1	-4	-4.458307
117	13.750000	14.000000	B2	90	80	1	-2	-2.359478
118	13.750000	14.000000	D3	90	80	1	-1	-2.415329
119	13.928571	15.000000	F5	99	80	0	5	-3.128600
120	14.000000	14.250000	A2	90	80	1	-4	-4.223116
121	14.000000	14.250000	C3	90	80	1	-2	-2.359478
122	14.000000	14.250000	E3	90	80	1	-1	-2.415329
123	14.250000	14.750000	G2	90	80	1	-4	-4.458307
124	14.250000	14.750000	B2	90	80	1	-2	-2.359478
125	14.250000	14.750000	D3	90	80	1	-1	-2.415329
126	15.000000	16.071429	E5	99	80	0	4	-2.814339
127	15.000000	15.250000	F2	90	80	1	-4	-4.458307
128	15.000000	15.250000	A2	90	80	1	-2	-2.359478
129	15.000000	15.250000	C3	90	80	1	-1	-2.415329
130	15.250000	15.500000	G2	90	80	1	-4	-4.223116
131	15.250000	15.500000	B2	90	80	1	-2	-2.359478
132	15.250000	15.500000	D3	90	80	1	-1	-2.415329
133	15.500000	15.750000	A2	90	80	1	-4	-4.223116
134	15.500000	15.750000	C3	90	80	1	-2	-2.359478
135	15.500000	15.750000	E3	90	80	1	-1	-2.415329
136	15.750000	16.500000	B2	90	80	1	-4	-4.223116
137	15.750000	16.500000	D3	90	80	1	-2	-2.359478
138	15.750000	16.500000	F3	90	80	1	-1	-2.415329
139	16.071429	20.357143	D5	99	80	0	3	-2.238713
140	16.500000	16.750000	C3	90	80	1	-4	-4.223116
141	16.500000	16.750000	E3	90	80	1	-2	-2.359478
142	16.500000	16.750000	G3	90	80	1	-1	-2.415329
143	16.750000	17.000000	B2	90	80	1	-4	-4.458307
144	16.750000	17.000000	D3	90	80	1	-2	-2.359478
145	16.750000	17.000000	F3	90	80	1	-1	-2.415329
146	17.000000	17.250000	A2	90	80	1	-4	-4.458307
147	17.000000	17.250000	C3	90	80	1	-2	-2.359478
148	17.000000	17.250000	E3	90	80	1	-1	-2.415329
149	17.250000	17.750000	G2	90	80	1	-4	-4.458307
150	17.250000	17.750000	B2	90	80	1	-2	-2.359478
151	17.250000	17.750000	D3	90	80	1	-1	-2.415329
152	18.000000	18.250000	F2	90	80	1	-4	-4.458307
153	18.000000	18.250000	A2	90	80	1	-2	-2.359478
154	18.000000	18.250000	C3	90	80	1	-1	-2.415329
155	18.250000	18.500000	G2	90	80	1	-4	-4.223116
156	18.250000	18.500000	B2	90	80	1	-2	-2.359478
157	18.250000	18.500000	D3	90	80	1	-1	-2.415329
158	18.500000	18.750000	F2	90	80	1	-4	-4.458307
159	18.500000	18.750000	A2	90	80	1	-2	-2.359478
160	18.500000	18.750000	C3	90	80	1	-1	-2.415329
161	18.750000	19.250000	G2	90	80	1	-4	-4.223116
162	18.750000	19.250000	B2	90	80	1	-2	-2.359478
163	18.750000	19.250000	D3	90	80	1	-1	-2.415329
164	19.500000	19.750000	A2	90	80	1	-4	-4.223116
165	19.500000	19.750000	C3	90	80	1	-2	-2.359478
166	19.500000	19.750000	E3	90	80	1	-1	-2.415329
167	19.750000	20.000000	G2	90	80	1	-4	-4.458307
168	19.750000	20.000000	B2	90	80	1	-2	-2.359478
169	19.750000	20.000000	D3	90	80	1	-1	-2.415329
170	20.000000	20.250000	A2	90	80	1	-4	-4.223116
171	20.000000	20.250000	C3	90	80	1	-2	-2.359478
172	20.000000	20.250000	E3	90	80	1	-1	-2.415329
173	20.250000	20.750000	G2	90	80	1	-4	-4.458307
174	20.250000	20.750000	B2	90	80	1	-2	-2.359478
175	20.250000	20.750000	D3	90	80	1	-1	-2.415329
176	21.000000	21.250000	F2	90	80	1	-4	-4.458307
177	21.000000	21.250000	A2	90	80	1	-2	-2.359478
178	21.000000	21.250000	C3	90	80	1	-1	-2.415329
179	21.250000	21.500000	G2	90	80	1	-4	-4.223116
180	21.250000	21.500000	B2	90	80	1	-2	-2.359478
181	21.250000	21.500000	D3	90	80	1	-1	-2.415329
182	21.428571	22.500000	F5	99	80	0	5	-2.681011
183	21.500000	21.750000	A2	90	80	1	-4	-4.223116
184	21.500000	21.750000	C3	90	80	1	-2	-2.359478
185	21.500000	21.750000	E3	90	80	1	-1	-2.415329
186	21.750000	22.500000	B2	90	80	1	-4	-4.223116
187	21.750000	22.500000	D3	90	80	1	-2	-2.359478
188	21.750000	22.500000	F3	90	80	1	-1	-2.415329
189	22.500000	23.571429	D5	99	80	0	3	-3.509161
190	22.500000	22.750000	C3	90	80	1	-4	-4.223116
191	22.500000	22.750000	E3	90	80	1	-2	-2.359478
192	22.500000	22.750000	G3	90	80	1	-1	-2.415329
193	22.750000	23.000000	B2	90	80	1	-4	-4.458307
194	22.750000	23.000000	D3	90	80	1	-2	-2.359478
195	22.750000	23.000000	F3	90	80	1	-1	-2.415329
196	23.000000	23.250000	A2	90	80	1	-4	-4.458307
197	23.000000	23.250000	C3	90	80	1	-2	-2.359478
198	23.000000	23.250000	E3	90	80	1	-1	-2.415329
199	23.250000	23.750000	G2	90	80	1	-4	-4.458307
200	23.250000	23.750000	B2	90	80	1	-2	-2.359478
201	23.250000	23.750000	D3	90	80	1	-1	-2.415329
202	23.571429	24.642857	G5	99	80	0	5	-3.128600
203	24.000000	24.250000	F2	90	80	1	-4	-4.458307
204	24.000000	24.250000	A2	90	80	1	-2	-2.359478
205	24.000000	24.250000	C3	90	80	1	-1	-2.415329
206	24.250000	24.500000	G2	90	80	1	-4	-4.223116
207	24.250000	24.500000	B2	90	80	1	-2	-2.359478
208	24.250000	24.500000	D3	90	80	1	-1	-2.415329
209	24.500000	24.750000	F2	90	80	1	-4	-4.458307
210	24.500000	24.750000	A2	90	80	1	-2	-2.359478
211	24.500000	24.750000	C3	90	80	1	-1	-2.415329
212	24.642857	28.928571	F5	99	80	0	4	-2.814339
213	24.750000	25.250000	G2	90	80	1	-4	-4.223116
214	24.750000	25.250000	B2	90	80	1	-2	-2.359478
215	24.750000	25.250000	D3	90	80	1	-1	-2.415329
216	25.500000	25.750000	A2	90	80	1	-4	-4.223116
217	25.500000	25.750000	C3	90	80	1	-2	-2.359478
218	25.500000	25.750000	E3	90	80	1	-1	-2.415329
219	25.750000	26.000000	G2	90	80	1	-4	-4.458307
220	25.750000	26.000000	B2	90	80	1	-2	-2.359478
221	25.750000	26.000000	D3	90	80	1	-1	-2.415329
222	26.000000	26.250000	A2	90	80	1	-4	-4.223116
223	26.000000	26.250000	C3	90	80	1	-2	-2.359478
224	26.000000	26.250000	E3	90	80	1	-1	-2.415329
225	26.250000	26.750000	G2	90	80	1	-4	-4.458307
226	26.250000	26.750000	B2	90	80	1	-2	-2.359478
227	26.250000	26.750000	D3	90	80	1	-1	-2.415329
228	27.000000	27.250000	F3	90	80	1	-4	-6.413364
229	27.000000	27.250000	A3	90	80	1	-2	-2.359478
230	27.000000	27.250000	C4	90	80	1	-1	-2.415329
231	27.250000	27.500000	G3	90	80	1	-4	-4.223116
232	27.250000	27.500000	B3	90	80	1	-2	-2.359478
233	27.250000	27.500000	D4	90	80	1	-1	-2.415329
234	27.500000	27.750000	F3	90	80	1	-4	-4.458307
235	27.500000	27.750000	A3	90	80	1	-2	-2.359478
236	27.500000	27.750000	C4	90	80	1	-1	-2.415329
237	27.750000	28.250000	G3	90	80	1	-4	-4.223116
238	27.750000	28.250000	B3	90	80	1	-2	-2.359478
239	27.750000	28.250000	D4	90	80	1	-1	-2.415329
240	30.000000	31.071429	G4	99	80	0	1	-3.549056
241	30.000000	30.750000	C3	99	80	1	-5	-3.842215
242	30.750000	31.500000	G2	99	80	1	-2	-7.543808
243	31.071429	32.142857	F4	99	80	0	2	-4.891425
244	31.500000	32.250000	F2	99	80	1	-3	-2.891080
245	32.142857	33.214286	B-4	99	80	0	4	-3.522723
246	32.250000	35.250000	G2	99	80	1	-2	-2.510186
247	33.214286	38.571429	G4	99	80	0	2	-4.043146
248	36.000000	36.750000	C3	99	80	1	-1	-2.320150
249	36.750000	37.500000	D3	99	80	1	-3	-4.611792
250	37.500000	38.250000	G3	99	80	1	-1	-2.717521
251	38.250000	41.250000	D3	99	80	1	-2	-3.456527
252	40.714286	41.071429	F4	90	80	0	1	-2.609267
253	40.714286	41.071429	A4	90	80	0	2	-2.525967
254	40.714286	41.071429	C5	90	80	0	3	-3.012122
255	41.071429	41.428571	G4	90	80	0	1	-2.905888
256	41.071429	41.428571	B4	90	80	0	2	-2.525967
257	41.071429	41.428571	D5	90	80	0	4	-2.758588
258	41.428571	41.785714	F4	90	80	0	1	-2.969918
259	41.428571	41.785714	A4	90	80	0	2	-2.525967
260	41.428571	41.785714	C5	90	80	0	3	-3.012122
261	41.785714	42.500000	G4	90	80	0	1	-2.905888
262	41.785714	42.500000	B4	90	80	0	2	-2.525967
263	41.785714	42.500000	D5	90	80	0	4	-2.758588
264	42.000000	42.750000	C3	81	80	1	-3	-2.891080
265	42.750000	43.500000	F3	81	80	1	-1	-2.717521
266	42.857143	43.214286	F4	90	80	0	1	-2.969918
267	42.857143	43.214286	A4	90	80	0	2	-2.525967
268	42.857143	43.214286	C5	90	80	0	3	-3.012122
269	43.214286	43.571429	G4	90	80	0	1	-2.905888
270	43.214286	43.571429	B4	90	80	0	2	-2.525967
271	43.214286	43.571429	D5	90	80	0	4	-2.758588
272	43.500000	44.250000	C3	81	80	1	-2	-3.456527
273	43.571429	43.928571	F4	90	80	0	1	-2.969918
274	43.571429	43.928571	A4	90	80	0	2	-2.525967
275	43.571429	43.928571	C5	90	80	0	3	-3.012122
276	43.928571	44.642857	G4	90	80	0	1	-2.905888
277	43.928571	44.642857	B4	90	80	0	2	-2.525967
278	43.928571	44.642857	D5	90	80	0	3	-3.012122
279	44.250000	47.750000	E-3	81	80	1	-1	-3.101885
280	45.000000	45.357143	A4	90	80	0	1	-2.905888
281	45.000000	45.357143	C5	90	80	0	2	-2.525967
282	45.000000	45.357143	E5	90	80	0	4	-2.758588
283	45.357143	45.714286	G4	90	80	0	1	-2.969918
284	45.357143	45.714286	B4	90	80	0	2	-2.525967
285	45.357143	45.714286	D5	90	80	0	3	-3.012122
286	45.714286	46.071429	A4	90	80	0	1	-2.905888
287	45.714286	46.071429	C5	90	80	0	2	-2.525967
288	45.714286	46.071429	E5	90	80	0	4	-2.758588
289	46.071429	46.785714	G4	90	80	0	1	-2.969918
290	46.071429	46.785714	B4	90	80	0	2	-2.525967
291	46.071429	46.785714	D5	90	80	0	4	-2.758588
292	47.142857	47.500000	F4	90	80	0	1	-2.969918
293	47.142857	47.500000	A4	90	80	0	2	-2.525967
294	47.142857	47.500000	C5	90	80	0	3	-3.012122
295	47.500000	47.857143	G4	90	80	0	1	-2.905888
296	47.500000	47.857143	B4	90	80	0	2	-2.525967
297	47.500000	47.857143	D5	90	80	0	3	-3.012122
298	47.857143	48.214286	A4	90	80	0	1	-2.905888
299	47.857143	48.214286	C5	90	80	0	2	-2.525967
300	47.857143	48.214286	E5	90	80	0	3	-3.012122
301	48.000000	48.750000	F2	81	80	1	-5	-4.087479
302	48.214286	49.285714	B4	90	80	0	1	-2.905888
303	48.214286	49.285714	D5	90	80	0	2	-2.525967
304	48.214286	49.285714	F5	90	80	0	3	-3.012122
305	48.750000	49.500000	B-2	81	80	1	-3	-3.351805
306	49.285714	49.642857	C5	90	80	0	1	-2.905888
307	49.285714	49.642857	E5	90	80	0	2	-2.525967
308	49.285714	49.642857	G5	90	80	0	4	-2.758588
309	49.500000	50.250000	A2	81	80	1	-4	-3.777019
310	49.642857	50.000000	B4	90	80	0	1	-2.969918
311	49.642857	50.000000	D5	90	80	0	2	-2.525967
312	49.642857	50.000000	F5	90	80	0	4	-2.758588
313	50.000000	50.357143	A4	90	80	0	1	-2.969918
314	50.000000	50.357143	C5	90	80	0	2	-2.525967
315	50.000000	50.357143	E5	90	80	0	4	-2.758588
316	50.250000	52.250000	G2	81	80	1	-5	-3.249332
317	50.357143	51.071429	G4	90	80	0	1	-2.969918
318	50.357143	51.071429	B4	90	80	0	2	-2.525967
319	50.357143	51.071429	D5	90	80	0	3	-3.012122
320	51.428571	51.785714	A4	90	80	0	1	-2.905888
321	51.428571	51.785714	C5	90	80	0	2	-2.525967
322	51.428571	51.785714	E5	90	80	0	4	-2.758588
323	51.785714	52.142857	G4	90	80	0	1	-2.969918
324	51.785714	52.142857	B4	90	80	0	2	-2.525967
325	51.785714	52.142857	D5	90	80	0	3	-3.012122
326	52.142857	52.500000	A4	90	80	0	1	-2.905888
327	52.142857	52.500000	C5	90	80	0	2	-2.525967
328	52.142857	52.500000	E5	90	80	0	4	-2.758588
329	52.500000	53.214286	G4	90	80	0	1	-2.969918
330	52.500000	53.214286	B4	90	80	0	2	-2.525967
331	52.500000	53.214286	D5	90	80	0	4	-2.758588
332	52.500000	52.750000	F3	90	80	1	-4	-6.683330
333	52.500000	52.750000	A3	90	80	1	-2	-2.359478
334	52.500000	52.750000	C4	90	80	1	-1	-2.415329
335	52.750000	53.000000	G3	90	80	1	-4	-4.223116
336	52.750000	53.000000	B3	90	80	1	-2	-2.359478
337	52.750000	53.000000	D4	90	80	1	-1	-2.415329
338	53.000000	53.250000	A3	90	80	1	-4	-4.223116
339	53.000000	53.250000	C4	90	80	1	-2	-2.359478
340	53.000000	53.250000	E4	90	80	1	-1	-2.415329
341	53.250000	53.750000	G3	90	80	1	-4	-4.458307
342	53.250000	53.750000	B3	90	80	1	-2	-2.359478
343	53.250000	53.750000	D4	90	80	1	-1	-2.415329
344	53.571429	53.928571	F4	90	80	0	1	-2.969918
345	53.571429	53.928571	A4	90	80	0	2	-2.525967
346	53.571429	53.928571	C5	90	80	0	3	-3.012122
347	53.928571	54.285714	G4	90	80	0	1	-2.905888
348	53.928571	54.285714	B4	90	80	0	2	-2.525967
349	53.928571	54.285714	D5	90	80	0	4	-2.758588
350	54.000000	54.250000	B2	90	80	1	-5	-4.233080
351	54.000000	54.250000	D3	90	80	1	-3	-3.170876
352	54.000000	54.250000	F3	90	80	1	-2	-3.046717
353	54.250000	54.500000	C3	90	80	1	-4	-4.045906
354	54.250000	54.500000	E3	90	80	1	-2	-2.359478
355	54.250000	54.500000	G3	90	80	1	-1	-2.415329
356	54.285714	54.642857	F4	90	80	0	1	-2.969918
357	54.285714	54.642857	A4	90	80	0	2	-2.525967
358	54.285714	54.642857	C5	90	80	0	3	-3.012122
359	54.500000	54.750000	D3	90	80	1	-4	-4.223116
360	54.500000	54.750000	F3	90	80	1	-2	-2.359478
361	54.500000	54.750000	A3	90	80	1	-1	-2.415329
362	54.642857	55.357143	G4	90	80	0	1	-2.905888
363	54.642857	55.357143	B4	90	80	0	2	-2.525967
364	54.642857	55.357143	D5	90	80	0	3	-3.012122
365	54.750000	55.250000	E3	90	80	1	-4	-4.223116
366	54.750000	55.250000	G3	90	80	1	-2	-2.359478
367	54.750000	55.250000	B3	90	80	1	-1	-2.415329
368	55.500000	56.000000	F3	90	80	1	-4	-4.223116
369	55.500000	56.000000	A3	90	80	1	-2	-2.359478
370	55.500000	56.000000	C4	90	80	1	-1	-2.415329
371	55.714286	56.071429	A4	90	80	0	1	-2.905888
372	55.714286	56.071429	C5	90	80	0	2	-2.525967
373	55.714286	56.071429	E5	90	80	0	3	-3.012122
374	56.071429	56.428571	B4	90	80	0	1	-2.905888
375	56.071429	56.428571	D5	90	80	0	2	-2.525967
376	56.071429	56.428571	F5	90	80	0	3	-3.012122
377	56.250000	58.500000	G3	90	80	1	-4	-4.223116
378	56.250000	58.500000	B3	90	80	1	-2	-2.359478
379	56.250000	58.500000	D4	90	80	1	-1	-2.415329
380	56.428571	56.785714	C5	90	80	0	1	-2.905888
381	56.428571	56.785714	E5	90	80	0	2	-2.525967
382	56.428571	56.785714	G5	90	80	0	3	-3.012122
383	56.785714	57.857143	D5	90	80	0	1	-2.905888
384	56.785714	57.857143	F5	90	80	0	2	-2.525967
385	56.785714	57.857143	A5	90	80	0	4	-2.758588
386	57.857143	58.214286	C5	90	80	0	1	-2.969918
387	57.857143	58.214286	E5	90	80	0	2	-2.525967
388	57.857143	58.214286	G5	90	80	0	4	-2.758588
389	58.214286	58.571429	B4	90	80	0	1	-2.969918
390	58.214286	58.571429	D5	90	80	0	2	-2.525967
391	58.214286	58.571429	F5	90	80	0	4	-2.758588
392	58.571429	58.928571	A4	90	80	0	1	-2.969918
393	58.571429	58.928571	C5	90	80	0	2	-2.525967
394	58.571429	58.928571	E5	90	80	0	4	-2.758588
395	58.928571	59.642857	G4	90	80	0	1	-2.969918
396	58.928571	59.642857	B4	90	80	0	2	-2.525967
397	58.928571	59.642857	D5	90	80	0	3	-3.012122
398	60.000000	60.357143	A4	90	80	0	1	-2.905888
399	60.000000	60.357143	C5	90	80	0	2	-2.525967
400	60.000000	60.357143	E5	90	80	0	4	-2.758588
401	60.357143	60.714286	G4	90	80	0	1	-2.969918
402	60.357143	60.714286	B4	90	80	0	2	-2.525967
403	60.357143	60.714286	D5	90	80	0	3	-3.012122
404	60.714286	61.071429	A4	90	80	0	1	-2.905888
405	60.714286	61.071429	C5	90	80	0	2	-2.525967
406	60.714286	61.071429	E5	90	80	0	4	-2.758588
407	61.071429	61.785714	G4	90	80	0	1	-2.969918
408	61.071429	61.785714	B4	90	80	0	2	-2.525967
409	61.071429	61.785714	D5	90	80	0	3	-3.012122
410	62.142857	62.500000	A4	90	80	0	1	-2.905888
411	62.142857	62.500000	C5	90	80	0	2	-2.525967
412	62.142857	62.500000	E5	90	80	0	4	-2.758588
413	62.500000	62.857143	G4	90	80	0	1	-2.969918
414	62.500000	62.857143	B4	90	80	0	2	-2.525967
415	62.500000	62.857143	D5	90	80	0	4	-2.758588
416	62.857143	63.214286	A4	90	80	0	2	-3.266530
417	62.857143	63.214286	C5	90	80	0	3	-3.012122
418	62.857143	63.214286	E5	90	80	0	5	-2.681011
419	63.214286	63.571429	F4	90	80	0	1	-3.027253
420	63.214286	63.571429	A4	90	80	0	2	-2.525967
421	63.214286	63.571429	C5	90	80	0	4	-2.758588
422	63.571429	63.928571	E4	90	80	0	1	-2.969918
423	63.571429	63.928571	G4	90	80	0	2	-2.525967
424	63.571429	63.928571	B4	90	80	0	3	-3.012122
425	63.928571	64.285714	F4	90	80	0	1	-2.905888
426	63.928571	64.285714	A4	90	80	0	2	-2.525967
427	63.928571	64.285714	C5	90	80	0	3	-3.012122
428	64.285714	64.642857	G4	90	80	0	1	-2.905888
429	64.285714	64.642857	B4	90	80	0	2	-2.525967
430	64.285714	64.642857	D5	90	80	0	4	-2.758588
431	64.642857	65.000000	F4	90	80	0	1	-2.969918
432	64.642857	65.000000	A4	90	80	0	2	-2.525967
433	64.642857	65.000000	C5	90	80	0	4	-2.758588
434	65.000000	65.357143	E4	90	80	0	1	-2.969918
435	65.000000	65.357143	G4	90	80	0	2	-2.525967
436	65.000000	65.357143	B4	90	80	0	3	-3.012122
437	65.357143	66.071429	F4	90	80	0	1	-2.905888
438	65.357143	66.071429	A4	90	80	0	2	-2.525967
439	65.357143	66.071429	C5	90	80	0	3	-3.012122
440	66.428571	66.785714	G4	90	80	0	1	-2.905888
441	66.428571	66.785714	B4	90	80	0	2	-2.525967
442	66.428571	66.785714	D5	90	80	0	4	-2.758588
443	66.785714	67.142857	F4	90	80	0	1	-2.969918
444	66.785714	67.142857	A4	90	80	0	2	-2.525967
445	66.785714	67.142857	C5	90	80	0	4	-2.758588
446	67.142857	67.500000	G4	90	80	0	2	-3.266530
447	67.142857	67.500000	B4	90	80	0	3	-3.012122
448	67.142857	67.500000	D5	90	80	0	5	-2.681011
449	67.500000	68.214286	E4	90	80	0	1	-3.027253
450	67.500000	68.214286	G4	90	80	0	2	-2.525967
451	67.500000	68.214286	B4	90	80	0	3	-3.012122
452	68.571429	68.928571	F4	90	80	0	1	-2.905888
453	68.571429	68.928571	A4	90	80	0	2	-2.525967
454	68.571429	68.928571	C5	90	80	0	4	-2.758588
455	68.928571	69.285714	E4	90	80	0	1	-2.969918
456	68.928571	69.285714	G4	90	80	0	2	-2.525967
457	68.928571	69.285714	B4	90	80	0	4	-2.758588
458	69.285714	69.642857	D4	90	80	0	1	-2.969918
459	69.285714	69.642857	F4	90	80	0	2	-2.525967
460	69.285714	69.642857	A4	90	80	0	4	-2.758588
461	69.642857	70.000000	C4	90	80	0	1	-2.969918
462	69.642857	70.000000	E4	90	80	0	2	-2.525967
463	69.642857	70.000000	G4	90	80	0	4	-2.758588
464	70.000000	70.357143	B3	90	80	0	1	-2.969918
465	70.000000	70.357143	D4	90	80	0	2	-2.525967
466	70.000000	70.357143	F4	90	80	0	3	-3.012122
467	70.357143	70.714286	C4	90	80	0	1	-2.905888
468	70.357143	70.714286	E4	90	80	0	2	-2.525967
469	70.357143	70.714286	G4	90	80	0	3	-3.012122
470	70.714286	71.071429	D4	90	80	0	1	-2.905888
471	70.714286	71.071429	F4	90	80	0	2	-2.525967
472	70.714286	71.071429	A4	90	80	0	3	-3.012122
473	71.071429	71.428571	E4	90	80	0	1	-2.905888
474	71.071429	71.428571	G4	90	80	0	2	-2.525967
475	71.071429	71.428571	B4	90	80	0	3	-3.012122
476	71.428571	71.785714	F4	90	80	0	1	-2.905888
477	71.428571	71.785714	A4	90	80	0	2	-2.525967
478	71.428571	71.785714	C5	90	80	0	3	-3.012122
479	71.785714	72.500000	G4	90	80	0	1	-2.905888
480	71.785714	72.500000	B4	90	80	0	2	-2.525967
481	71.785714	72.500000	D5	90	80	0	4	-2.758588
482	72.857143	73.214286	F4	90	80	0	1	-2.969918
483	72.857143	73.214286	A4	90	80	0	2	-2.525967
484	72.857143	73.214286	C5	90	80	0	3	-3.012122
485	73.214286	73.571429	G4	90	80	0	1	-2.905888
486	73.214286	73.571429	B4	90	80	0	2	-2.525967
487	73.214286	73.571429	D5	90	80	0	3	-3.012122
488	73.571429	73.928571	A4	90	80	0	1	-2.905888
489	73.571429	73.928571	C5	90	80	0	2	-2.525967
490	73.571429	73.928571	E5	90	80	0	4	-2.758588
491	73.928571	74.642857	G4	90	80	0	1	-2.969918
492	73.928571	74.642857	B4	90	80	0	2	-2.525967
493	73.928571	74.642857	D5	90	80	0	3	-3.012122
494	75.000000	75.357143	A4	90	80	0	1	-2.905888
495	75.000000	75.357143	C5	90	80	0	2	-2.525967
496	75.000000	75.357143	E5	90	80	0	4	-2.758588
497	75.357143	75.714286	G4	90	80	0	1	-2.969918
498	75.357143	75.714286	B4	90	80	0	2	-2.525967
499	75.357143	75.714286	D5	90	80	0	4	-2.758588
500	75.714286	76.071429	F4	90	80	0	1	-2.969918
501	75.714286	76.071429	A4	90	80	0	2	-2.525967
502	75.714286	76.071429	C5	90	80	0	3	-3.012122
503	76.071429	76.785714	G4	90	80	0	1	-2.905888
504	76.071429	76.785714	B4	90	80	0	2	-2.525967
505	76.071429	76.785714	D5	90	80	0	3	-3.012122
506	77.142857	77.857143	C5	90	80	0	2	-2.287533
507	77.142857	77.857143	E5	90	80	0	3	-3.012122
508	77.142857	77.857143	G5	90	80	0	5	-2.681011
509	78.214286	78.928571	G4	90	80	0	1	-1.922714
510	78.214286	78.928571	B4	90	80	0	3	-3.473158
511	78.214286	78.928571	D5	90	80	0	5	-2.681011
512	79.285714	80.000000	D4	90	80	0	1	-1.922714
513	79.285714	80.000000	F4	90	80	0	2	-2.525967
514	79.285714	80.000000	A4	90	80	0	4	-2.758588
515	80.357143	83.571429	G4	63	80	0	3	-2.238713
