//Version: PianoFingering_v170101
1	0.000000	1.500000	D3	90	80	1	-2	-2.178510
2	0.000000	1.500000	F3	90	80	1	-1	-2.415329
3	0.909091	1.818182	A4	90	80	0	1	-0.925785
4	0.909091	1.818182	C5	90	80	0	2	-2.525967
5	1.500000	2.000000	E3	90	80	1	-2	-2.745489
6	1.500000	2.000000	G3	90	80	1	-1	-2.415329
7	1.818182	2.272727	A4	90	80	0	1	-3.157580
8	1.818182	2.272727	C5	90	80	0	2	-2.525967
9	2.000000	3.500000	F3	90	80	1	-2	-2.745489
10	2.000000	3.500000	A3	90	80	1	-1	-2.415329
11	2.272727	2.727273	G4	90	80	0	1	-3.434905
12	2.272727	2.727273	B-4	90	80	0	2	-3.246278
13	2.727273	3.181818	F4	90	80	0	1	-4.134704
14	2.727273	3.181818	A4	90	80	0	3	-3.473158
15	3.181818	3.636364	G4	90	80	0	2	-2.287533
16	3.181818	3.636364	B-4	90	80	0	3	-3.409656
17	3.500000	4.000000	E3	90	80	1	-2	-3.456527
18	3.500000	4.000000	G3	90	80	1	-1	-2.415329
19	3.636364	4.090909	A4	90	80	0	2	-2.803601
20	3.636364	4.090909	C5	90	80	0	4	-2.758588
21	4.000000	4.500000	D3	90	80	1	-2	-3.456527
22	4.000000	4.500000	F3	90	80	1	-1	-2.415329
23	4.090909	4.545455	G4	90	80	0	2	-3.266530
24	4.090909	4.545455	B-4	90	80	0	3	-3.409656
25	4.500000	5.000000	E3	90	80	1	-2	-2.745489
26	4.500000	5.000000	G3	90	80	1	-1	-2.415329
27	4.545455	5.000000	A4	90	80	0	2	-2.803601
28	4.545455	5.000000	C5	90	80	0	4	-2.758588
29	5.000000	5.500000	D3	90	80	1	-2	-3.456527
30	5.000000	5.500000	F3	90	80	1	-1	-2.415329
31	5.454545	5.909091	F4	90	80	0	1	-2.857522
32	5.454545	5.909091	A4	90	80	0	2	-2.525967
33	5.909091	6.363636	G4	90	80	0	1	-2.609267
34	5.909091	6.363636	B-4	90	80	0	2	-3.246278
35	6.000000	6.500000	F3	90	80	1	-2	-4.675782
36	6.000000	6.500000	A3	90	80	1	-1	-2.415329
37	6.363636	6.818182	A4	90	80	0	1	-3.290753
38	6.363636	6.818182	C5	90	80	0	2	-2.525967
39	6.500000	7.000000	E3	90	80	1	-2	-3.456527
40	6.500000	7.000000	G3	90	80	1	-1	-2.415329
41	7.000000	7.500000	D3	90	80	1	-2	-3.456527
42	7.000000	7.500000	F3	90	80	1	-1	-2.415329
43	7.272727	8.636364	A4	90	80	0	1	-3.157580
44	7.272727	8.636364	C5	90	80	0	2	-2.525967
45	8.000000	8.500000	D3	90	80	1	-2	-3.291596
46	8.000000	8.500000	F3	90	80	1	-1	-2.415329
47	8.500000	9.000000	E3	90	80	1	-2	-2.745489
48	8.500000	9.000000	G3	90	80	1	-1	-2.415329
49	8.636364	9.090909	G4	90	80	0	1	-3.434905
50	8.636364	9.090909	B-4	90	80	0	2	-3.246278
51	9.000000	10.500000	F3	90	80	1	-2	-2.745489
52	9.000000	10.500000	A3	90	80	1	-1	-2.415329
53	9.090909	9.545455	F4	90	80	0	1	-4.134704
54	9.090909	9.545455	A4	90	80	0	2	-2.525967
55	9.545455	10.000000	A4	90	80	0	2	-4.554564
56	9.545455	10.000000	C5	90	80	0	4	-2.758588
57	10.000000	10.454545	G4	90	80	0	2	-3.266530
58	10.000000	10.454545	B-4	90	80	0	4	-4.064995
59	10.454545	10.909091	F4	90	80	0	2	-4.058569
60	10.454545	10.909091	A4	90	80	0	4	-2.758588
61	10.500000	11.000000	D3	90	80	1	-4	-3.752799
62	10.500000	11.000000	F3	90	80	1	-2	-2.359478
63	10.909091	12.272727	G4	127	80	0	3	-2.238713
64	11.000000	11.500000	E3	90	80	1	-3	-2.891080
65	11.000000	11.500000	G3	90	80	1	-1	-2.967507
66	11.500000	12.000000	F3	90	80	1	-2	-2.745489
67	11.500000	12.000000	A3	90	80	1	-1	-2.415329
68	12.000000	13.500000	G3	90	80	1	-2	-2.745489
69	12.727273	13.181818	F4	90	80	0	2	-2.287533
70	12.727273	13.181818	A4	90	80	0	3	-3.012122
71	13.181818	13.636364	G4	90	80	0	2	-2.287533
72	13.181818	13.636364	B-4	90	80	0	4	-4.064995
73	13.636364	14.090909	F4	90	80	0	2	-4.058569
74	13.636364	14.090909	A4	90	80	0	4	-2.758588
75	14.000000	14.500000	F3	90	80	1	-3	-2.891080
76	14.000000	14.500000	A3	90	80	1	-1	-2.967507
77	14.090909	14.545455	G4	127	80	0	3	-2.238713
78	14.500000	15.000000	E3	90	80	1	-2	-3.456527
79	14.500000	15.000000	G3	90	80	1	-1	-2.415329
80	14.545455	15.000000	F4	90	80	0	2	-2.287533
81	14.545455	15.000000	A4	90	80	0	3	-3.012122
82	15.000000	15.454545	G4	90	80	0	2	-2.287533
83	15.000000	15.454545	B-4	90	80	0	3	-3.409656
84	15.000000	15.500000	F3	90	80	1	-2	-2.745489
85	15.000000	15.500000	A3	90	80	1	-1	-2.415329
86	15.454545	15.909091	F4	90	80	0	1	-3.996553
87	15.454545	15.909091	A4	90	80	0	2	-2.525967
88	16.000000	16.500000	F3	90	80	1	-2	-3.291596
89	16.000000	16.500000	A3	90	80	1	-1	-2.415329
90	16.363636	16.818182	F4	90	80	0	1	-3.157580
91	16.363636	16.818182	A4	90	80	0	2	-2.525967
92	16.500000	17.000000	E3	90	80	1	-2	-3.456527
93	16.500000	17.000000	G3	90	80	1	-1	-2.415329
94	16.818182	17.272727	G4	90	80	0	1	-2.609267
95	16.818182	17.272727	B-4	90	80	0	2	-3.246278
96	17.000000	17.500000	F3	90	80	1	-2	-2.745489
97	17.000000	17.500000	A3	90	80	1	-1	-2.415329
98	17.272727	17.727273	F4	90	80	0	1	-4.134704
99	17.272727	17.727273	A4	90	80	0	3	-3.473158
100	17.500000	18.000000	G3	90	80	1	-2	-2.745489
101	17.727273	18.181818	G4	127	80	0	2	-2.287533
102	18.000000	18.500000	F3	90	80	1	-3	-2.891080
103	18.000000	18.500000	A3	90	80	1	-1	-2.967507
104	18.181818	18.636364	F4	90	80	0	1	-2.609267
105	18.181818	18.636364	A4	90	80	0	2	-2.525967
106	18.500000	19.000000	E3	90	80	1	-2	-3.456527
107	18.500000	19.000000	G3	90	80	1	-1	-2.415329
108	18.636364	19.090909	G4	90	80	0	1	-2.609267
109	18.636364	19.090909	B-4	90	80	0	2	-3.246278
110	19.000000	19.500000	F3	90	80	1	-2	-2.745489
111	19.000000	19.500000	A3	90	80	1	-1	-2.415329
112	19.090909	19.545455	A4	90	80	0	1	-3.290753
113	19.090909	19.545455	C5	90	80	0	2	-2.525967
114	20.000000	20.454545	A4	90	80	0	1	-3.157580
115	20.000000	20.454545	C5	90	80	0	2	-2.525967
116	20.000000	21.000000	A3	90	80	1	-1	-4.426668
117	20.000000	20.500000	A3	90	80	1	-1	-4.426668
118	20.454545	20.909091	G4	90	80	0	1	-3.434905
119	20.454545	20.909091	B-4	90	80	0	2	-3.246278
120	20.500000	21.000000	G3	90	80	1	-2	-2.745489
121	20.909091	21.818182	F4	127	80	0	1	-4.134704
122	21.000000	21.500000	F3	90	80	1	-3	-2.891080
123	21.000000	21.500000	A3	90	80	1	-1	-2.967507
124	21.500000	22.000000	E3	90	80	1	-2	-3.456527
125	21.500000	22.000000	G3	90	80	1	-1	-2.415329
126	22.000000	22.500000	D3	90	80	1	-2	-3.456527
127	22.000000	22.500000	F3	90	80	1	-1	-2.415329
128	22.272727	22.727273	G4	90	80	0	2	-2.867384
129	22.272727	22.727273	B-4	90	80	0	3	-3.409656
130	22.500000	23.000000	E3	90	80	1	-2	-2.745489
131	22.500000	23.000000	G3	90	80	1	-1	-2.415329
132	22.727273	23.181818	A4	90	80	0	2	-2.803601
133	22.727273	23.181818	C5	90	80	0	3	-3.012122
134	23.000000	24.000000	F3	90	80	1	-2	-2.745489
135	23.181818	23.636364	G4	90	80	0	1	-2.905888
136	23.181818	23.636364	B-4	90	80	0	2	-3.246278
137	23.636364	24.090909	F4	127	80	0	1	-4.134704
138	24.500000	25.000000	E3	90	80	1	-3	-2.891080
139	24.500000	25.000000	G3	90	80	1	-1	-2.967507
140	24.545455	25.454545	G4	127	80	0	2	-2.867384
141	25.000000	25.500000	D3	90	80	1	-2	-3.456527
142	25.000000	25.500000	F3	90	80	1	-1	-2.415329
143	25.454545	30.000000	A4	127	80	0	3	-2.675961
144	25.500000	26.000000	E3	90	80	1	-2	-2.745489
145	25.500000	26.000000	G3	90	80	1	-1	-2.415329
146	26.000000	26.500000	F3	90	80	1	-2	-2.745489
147	27.000000	28.000000	A3	90	80	1	-1	-2.415329
148	27.000000	27.500000	A3	90	80	1	-1	-4.426668
149	27.500000	28.000000	G3	90	80	1	-2	-2.745489
150	28.000000	30.000000	D3	90	80	1	-4	-4.045906
151	28.000000	30.000000	F#3	90	80	1	-2	-3.159098
152	28.000000	30.000000	A3	90	80	1	-1	-2.464298
153	30.000000	32.000000	D3	90	80	1	-4	-3.752799
154	30.000000	32.000000	F3	90	80	1	-2	-2.359478
155	30.000000	32.000000	A3	90	80	1	-1	-2.415329
156	31.363636	31.818182	F4	90	80	0	1	-3.281335
157	31.363636	31.818182	A4	90	80	0	2	-2.525967
158	31.818182	32.272727	E4	90	80	0	1	-3.434905
159	31.818182	32.272727	G4	90	80	0	2	-2.525967
160	32.000000	33.000000	A3	90	80	1	-1	-4.426668
161	32.272727	32.727273	D4	90	80	0	1	-3.434905
162	32.272727	32.727273	F4	90	80	0	2	-2.525967
163	32.727273	33.636364	F4	90	80	0	2	-4.554564
164	32.727273	33.636364	A4	90	80	0	3	-3.012122
165	33.636364	34.090909	E4	90	80	0	1	-2.905888
166	33.636364	34.090909	G4	90	80	0	2	-2.525967
167	34.000000	35.000000	F3	90	80	1	-2	-3.291596
168	34.000000	35.000000	A3	90	80	1	-1	-2.415329
169	34.090909	34.545455	D4	90	80	0	1	-3.434905
170	34.090909	34.545455	F4	90	80	0	2	-2.525967
171	35.000000	35.454545	F4	90	80	0	2	-4.554564
172	35.000000	35.454545	A4	90	80	0	3	-3.012122
173	35.000000	35.500000	G3	90	80	1	-2	-2.745489
174	35.000000	35.500000	B-3	90	80	1	-1	-3.101885
175	35.454545	35.909091	E4	90	80	0	1	-2.905888
176	35.454545	35.909091	G4	90	80	0	2	-2.525967
177	35.500000	36.000000	A3	90	80	1	-2	-4.597368
178	35.500000	36.000000	C4	90	80	1	-1	-2.415329
179	35.909091	36.363636	D4	90	80	0	1	-3.434905
180	35.909091	36.363636	F4	90	80	0	2	-2.525967
181	36.363636	36.818182	G4	127	80	0	3	-2.675961
182	36.500000	37.000000	F3	90	80	1	-4	-3.752799
183	36.500000	37.000000	A3	90	80	1	-2	-2.359478
184	37.000000	37.500000	G3	90	80	1	-3	-2.891080
185	37.000000	37.500000	B-3	90	80	1	-2	-3.407298
186	37.500000	38.000000	A3	90	80	1	-3	-3.281947
187	37.500000	38.000000	C4	90	80	1	-1	-2.967507
188	37.727273	38.181818	G4	127	80	0	3	-4.378151
189	38.000000	39.000000	F3	90	80	1	-4	-3.752799
190	38.000000	39.000000	A3	90	80	1	-2	-2.359478
191	39.000000	39.500000	G3	90	80	1	-3	-2.891080
192	39.000000	39.500000	B-3	90	80	1	-2	-3.407298
193	39.090909	39.545455	D4	90	80	0	1	-2.905888
194	39.090909	39.545455	F4	90	80	0	2	-2.525967
195	39.500000	40.000000	A3	90	80	1	-3	-3.281947
196	39.500000	40.000000	C4	90	80	1	-1	-2.967507
197	39.545455	40.000000	E4	90	80	0	1	-2.609267
198	39.545455	40.000000	G4	90	80	0	2	-2.525967
199	40.000000	40.500000	G3	126	80	1	-3	-3.831713
200	40.454545	40.909091	F4	90	80	0	1	-2.609267
201	40.454545	40.909091	A4	90	80	0	3	-3.473158
202	40.909091	41.363636	G4	90	80	0	2	-2.287533
203	40.909091	41.363636	B-4	90	80	0	3	-3.409656
204	41.363636	41.818182	A4	90	80	0	2	-2.803601
205	41.363636	41.818182	C5	90	80	0	4	-2.758588
206	41.500000	42.000000	G3	126	80	1	-3	-4.764209
207	41.818182	42.727273	F4	90	80	0	1	-2.857522
208	41.818182	42.727273	A4	90	80	0	3	-3.473158
209	42.727273	43.181818	G4	90	80	0	2	-2.287533
210	42.727273	43.181818	B-4	90	80	0	3	-3.409656
211	43.000000	43.500000	A3	90	80	1	-2	-2.510186
212	43.000000	43.500000	C4	90	80	1	-1	-2.415329
213	43.181818	43.636364	A4	90	80	0	2	-2.803601
214	43.181818	43.636364	C5	90	80	0	4	-2.758588
215	43.500000	44.000000	G3	90	80	1	-2	-3.456527
216	43.500000	44.000000	B-3	90	80	1	-1	-3.101885
217	43.636364	44.090909	G4	127	80	0	2	-3.266530
218	44.500000	45.000000	F3	90	80	1	-2	-4.597368
219	44.500000	45.000000	A3	90	80	1	-1	-2.415329
220	45.000000	45.454545	F4	90	80	0	1	-2.609267
221	45.000000	45.454545	A4	90	80	0	2	-2.525967
222	45.000000	45.500000	E3	90	80	1	-2	-3.456527
223	45.000000	45.500000	G3	90	80	1	-1	-2.415329
224	45.454545	45.909091	G4	90	80	0	1	-2.609267
225	45.454545	45.909091	B-4	90	80	0	2	-3.246278
226	45.500000	46.000000	D3	90	80	1	-2	-3.456527
227	45.500000	46.000000	F3	90	80	1	-1	-2.415329
228	45.909091	46.363636	A4	90	80	0	1	-3.290753
229	45.909091	46.363636	C5	90	80	0	2	-2.525967
230	46.363636	46.818182	G4	90	80	0	1	-3.434905
231	46.363636	46.818182	B-4	90	80	0	2	-3.246278
232	46.500000	47.000000	F3	90	80	1	-2	-4.675782
233	46.500000	47.000000	A3	90	80	1	-1	-2.415329
234	46.818182	47.272727	F4	90	80	0	1	-4.134704
235	46.818182	47.272727	A4	90	80	0	3	-3.473158
236	47.000000	47.500000	E3	90	80	1	-2	-3.456527
237	47.000000	47.500000	G3	90	80	1	-1	-2.415329
238	47.272727	47.727273	G4	127	80	0	2	-2.287533
239	47.500000	48.000000	D3	90	80	1	-4	-4.223116
240	47.500000	48.000000	F3	90	80	1	-2	-2.359478
241	48.000000	48.500000	G3	126	80	1	-1	-2.578439
242	48.181818	48.636364	F4	127	80	0	1	-2.609267
243	48.636364	49.090909	G4	127	80	0	2	-2.867384
244	49.090909	53.636364	A4	127	80	0	3	-2.675961
245	49.500000	50.000000	F3	90	80	1	-2	-2.745489
246	49.500000	50.000000	A3	90	80	1	-1	-2.415329
247	50.000000	50.500000	E3	90	80	1	-2	-3.456527
248	50.000000	50.500000	G3	90	80	1	-1	-2.415329
249	50.500000	51.000000	D3	90	80	1	-2	-3.456527
250	50.500000	51.000000	F3	90	80	1	-1	-2.415329
251	51.000000	51.500000	E3	90	80	1	-2	-2.745489
252	51.000000	51.500000	G3	90	80	1	-1	-2.415329
253	51.500000	52.000000	F3	90	80	1	-2	-2.745489
254	51.500000	52.000000	A3	90	80	1	-1	-2.415329
255	52.000000	52.500000	G3	126	80	1	-2	-2.745489
256	53.000000	54.000000	A3	126	80	1	-1	-2.578439
257	53.000000	53.500000	A3	126	80	1	-1	-4.426668
258	53.500000	54.000000	G3	126	80	1	-2	-2.745489
259	54.000000	59.000000	D3	90	80	1	-5	-3.713619
260	54.000000	59.000000	F#3	90	80	1	-4	-4.565377
261	54.000000	59.000000	A3	90	80	1	-3	-4.235223
262	55.909091	56.363636	G4	90	80	0	2	-2.287533
263	55.909091	56.363636	B-4	90	80	0	3	-3.409656
264	56.363636	56.818182	F4	90	80	0	1	-3.996553
265	56.363636	56.818182	A4	90	80	0	2	-2.525967
266	56.818182	57.272727	G4	90	80	0	1	-2.609267
267	56.818182	57.272727	B-4	90	80	0	2	-3.246278
268	57.272727	57.727273	F4	90	80	0	1	-4.134704
269	57.272727	57.727273	A4	90	80	0	3	-3.473158
270	57.727273	58.181818	G4	90	80	0	2	-2.287533
271	57.727273	58.181818	B-4	90	80	0	3	-3.409656
272	58.181818	58.636364	A4	90	80	0	2	-2.803601
273	58.181818	58.636364	C5	90	80	0	4	-2.758588
274	59.090909	59.545455	F4	90	80	0	1	-2.857522
275	59.090909	59.545455	A4	90	80	0	2	-2.525967
276	59.545455	60.000000	G4	90	80	0	1	-2.609267
277	59.545455	60.000000	B-4	90	80	0	2	-3.246278
278	60.000000	60.454545	F4	90	80	0	1	-4.134704
279	60.000000	60.454545	A4	90	80	0	2	-2.525967
280	60.000000	60.500000	C4	90	80	1	-2	-3.046717
281	60.000000	60.500000	E4	90	80	1	-1	-2.415329
282	60.454545	60.909091	G4	90	80	0	1	-2.609267
283	60.454545	60.909091	B-4	90	80	0	2	-3.246278
284	60.500000	61.000000	B3	90	80	1	-2	-3.456527
285	60.500000	61.000000	D4	90	80	1	-1	-2.415329
286	60.909091	61.363636	F4	90	80	0	1	-4.134704
287	60.909091	61.363636	A4	90	80	0	3	-3.473158
288	61.000000	61.500000	C4	90	80	1	-2	-2.745489
289	61.000000	61.500000	E4	90	80	1	-1	-2.415329
290	61.363636	61.818182	G4	90	80	0	2	-2.287533
291	61.363636	61.818182	B-4	90	80	0	3	-3.409656
292	61.500000	62.000000	B3	90	80	1	-2	-3.456527
293	61.500000	62.000000	D4	90	80	1	-1	-2.415329
294	61.818182	62.272727	A4	90	80	0	2	-2.803601
295	61.818182	62.272727	C5	90	80	0	4	-2.758588
296	62.000000	62.500000	C4	90	80	1	-2	-2.745489
297	62.000000	62.500000	E4	90	80	1	-1	-2.415329
298	62.500000	63.000000	B3	90	80	1	-2	-3.456527
299	62.500000	63.000000	D4	90	80	1	-1	-2.415329
300	62.727273	63.181818	F4	90	80	0	1	-2.857522
301	62.727273	63.181818	A4	90	80	0	2	-2.525967
302	63.000000	63.500000	C4	90	80	1	-2	-2.745489
303	63.000000	63.500000	E4	90	80	1	-1	-2.415329
304	63.181818	63.636364	G4	90	80	0	1	-2.609267
305	63.181818	63.636364	B-4	90	80	0	2	-3.246278
306	63.500000	64.000000	B3	90	80	1	-2	-3.456527
307	63.500000	64.000000	D4	90	80	1	-1	-2.415329
308	64.000000	64.500000	A3	90	80	1	-2	-3.456527
309	64.000000	64.500000	C4	90	80	1	-1	-2.415329
310	64.090909	64.545455	G4	90	80	0	1	-3.360143
311	64.090909	64.545455	B-4	90	80	0	2	-3.246278
312	64.500000	65.000000	B3	90	80	1	-2	-2.745489
313	64.500000	65.000000	D4	90	80	1	-1	-2.415329
314	64.545455	65.000000	F4	90	80	0	1	-4.134704
315	64.545455	65.000000	A4	90	80	0	2	-2.525967
316	65.000000	65.454545	G4	90	80	0	1	-2.609267
317	65.000000	65.454545	B-4	90	80	0	2	-3.246278
318	65.000000	65.500000	C4	90	80	1	-2	-2.745489
319	65.000000	65.500000	E4	90	80	1	-1	-2.415329
320	65.454545	65.909091	A4	90	80	0	1	-3.290753
321	65.454545	65.909091	C5	90	80	0	2	-2.525967
322	65.500000	66.000000	B3	90	80	1	-2	-3.456527
323	65.500000	66.000000	D4	90	80	1	-1	-2.415329
324	65.909091	66.363636	G4	90	80	0	1	-3.434905
325	65.909091	66.363636	B-4	90	80	0	2	-3.246278
326	66.363636	66.818182	F4	90	80	0	1	-4.134704
327	66.363636	66.818182	A4	90	80	0	3	-3.473158
328	66.500000	67.000000	A3	90	80	1	-2	-3.456527
329	66.500000	67.000000	C4	90	80	1	-1	-2.415329
330	66.818182	67.272727	G4	90	80	0	2	-2.287533
331	66.818182	67.272727	B-4	90	80	0	3	-3.409656
332	67.000000	67.500000	B3	90	80	1	-2	-2.745489
333	67.000000	67.500000	D4	90	80	1	-1	-2.415329
334	67.272727	67.727273	A4	90	80	0	2	-2.803601
335	67.272727	67.727273	C5	90	80	0	4	-2.758588
336	67.500000	68.000000	A3	90	80	1	-2	-3.456527
337	67.500000	68.000000	C4	90	80	1	-1	-2.415329
338	68.000000	68.500000	G3	90	80	1	-2	-3.456527
339	68.000000	68.500000	B3	90	80	1	-1	-2.415329
340	68.500000	69.000000	A3	90	80	1	-2	-2.745489
341	68.500000	69.000000	C4	90	80	1	-1	-2.415329
342	69.000000	69.500000	B3	90	80	1	-2	-2.745489
343	69.000000	69.500000	D4	90	80	1	-1	-2.415329
344	69.090909	70.909091	F4	127	80	0	1	-2.857522
345	69.500000	70.000000	A3	90	80	1	-2	-3.456527
346	69.500000	70.000000	C4	90	80	1	-1	-2.415329
347	70.000000	70.500000	G3	90	80	1	-2	-3.456527
348	70.000000	70.500000	B3	90	80	1	-1	-2.415329
349	70.909091	71.818182	G4	127	80	0	2	-2.867384
350	71.000000	71.500000	G3	90	80	1	-2	-3.291596
351	71.000000	71.500000	B3	90	80	1	-1	-2.415329
352	71.500000	72.000000	F3	90	80	1	-2	-3.456527
353	71.500000	72.000000	A3	90	80	1	-1	-2.415329
354	71.818182	72.272727	C5	127	80	0	4	-2.909306
355	72.272727	72.727273	G4	127	80	0	2	-3.266530
356	72.500000	73.000000	F3	90	80	1	-2	-3.291596
357	72.500000	73.000000	A3	90	80	1	-1	-2.415329
358	72.727273	74.545455	A4	127	80	0	3	-2.675961
359	73.000000	73.500000	G3	90	80	1	-2	-2.745489
360	73.000000	73.500000	B3	90	80	1	-1	-2.415329
361	73.500000	74.000000	F3	90	80	1	-2	-3.456527
362	73.500000	74.000000	A3	90	80	1	-1	-2.415329
363	74.000000	74.500000	E3	90	80	1	-4	-4.223116
364	74.000000	74.500000	G3	90	80	1	-2	-2.359478
365	76.000000	78.000000	A3	126	80	1	-1	-2.578439
366	78.000000	80.000000	G3	90	80	1	-2	-2.745489
367	78.000000	80.000000	A3	90	80	1	-1	-2.578439
368	80.000000	82.000000	D3	90	80	1	-5	-3.242781
369	80.000000	82.000000	F#3	90	80	1	-3	-3.351805
