//Version: PianoFingering_v170101
1	0.000000	0.612245	F4	90	80	0	1	-0.925785
2	0.000000	0.612245	D5	90	80	0	5	-3.707830
3	0.000000	0.500000	C3	90	80	1	-5	-0.504576
4	0.000000	0.500000	A3	90	80	1	-1	-4.009362
5	0.500000	0.750000	D3	90	80	1	-4	-3.752799
6	0.500000	0.750000	B3	90	80	1	-1	-3.451917
7	0.612245	0.918367	G4	90	80	0	2	-3.263552
8	0.612245	0.918367	E5	90	80	0	5	-3.767315
9	0.750000	1.000000	B2	90	80	1	-5	-2.314770
10	0.750000	1.000000	G3	90	80	1	-1	-4.009362
11	0.918367	1.224490	E4	90	80	0	1	-1.922714
12	0.918367	1.224490	C5	90	80	0	5	-3.707830
13	1.000000	2.000000	C3	90	80	1	-4	-3.752799
14	1.000000	2.000000	A3	90	80	1	-1	-3.451917
15	1.224490	2.448980	F4	90	80	0	2	-3.263552
16	1.224490	2.448980	D5	90	80	0	5	-3.767315
17	2.000000	2.250000	C3	90	80	1	-5	-3.730225
18	2.000000	2.250000	A3	90	80	1	-1	-4.009362
19	2.250000	2.500000	C3	90	80	1	-5	-3.730225
20	2.250000	2.500000	A3	90	80	1	-1	-4.009362
21	2.448980	2.755102	F4	90	80	0	1	-2.845304
22	2.448980	2.755102	D5	90	80	0	5	-3.707830
23	2.500000	2.750000	D3	90	80	1	-4	-3.752799
24	2.500000	2.750000	B3	90	80	1	-1	-3.451917
25	2.750000	3.000000	B2	90	80	1	-5	-2.314770
26	2.750000	3.000000	G3	90	80	1	-1	-4.009362
27	2.755102	3.061224	F4	90	80	0	1	-2.845304
28	2.755102	3.061224	D5	90	80	0	5	-3.707830
29	3.000000	3.250000	A2	90	80	1	-5	-3.181034
30	3.000000	3.250000	F3	90	80	1	-1	-4.009362
31	3.061224	3.367347	G4	90	80	0	2	-3.263552
32	3.061224	3.367347	E5	90	80	0	5	-3.767315
33	3.250000	3.500000	G2	90	80	1	-5	-3.181034
34	3.250000	3.500000	E3	90	80	1	-1	-4.009362
35	3.367347	3.673469	E4	90	80	0	1	-1.922714
36	3.367347	3.673469	C5	90	80	0	4	-4.268071
37	3.500000	3.750000	A2	90	80	1	-4	-3.752799
38	3.500000	3.750000	F3	90	80	1	-1	-3.451917
39	3.673469	4.897959	F4	90	80	0	1	-2.857522
40	3.673469	4.897959	D5	90	80	0	4	-4.268071
41	3.750000	4.000000	G2	90	80	1	-5	-3.181034
42	3.750000	4.000000	E3	90	80	1	-1	-4.009362
43	4.000000	4.250000	A2	90	80	1	-4	-3.752799
44	4.000000	4.250000	F3	90	80	1	-1	-3.451917
45	4.250000	4.500000	G2	90	80	1	-5	-3.181034
46	4.250000	4.500000	E3	90	80	1	-1	-4.009362
47	4.500000	4.750000	A2	90	80	1	-4	-3.752799
48	4.500000	4.750000	F3	90	80	1	-1	-3.451917
49	4.750000	5.000000	B2	90	80	1	-4	-3.752799
50	4.750000	5.000000	G3	90	80	1	-1	-3.451917
51	4.897959	5.204082	B4	90	80	0	2	-3.359779
52	4.897959	5.204082	G5	90	80	0	5	-3.767315
53	5.000000	5.250000	C3	90	80	1	-4	-3.752799
54	5.000000	5.250000	A3	90	80	1	-1	-3.451917
55	5.204082	5.510204	C5	90	80	0	2	-3.263552
56	5.204082	5.510204	A5	90	80	0	5	-3.767315
57	5.250000	5.500000	D3	90	80	1	-4	-3.752799
58	5.250000	5.500000	B3	90	80	1	-1	-3.451917
59	5.500000	5.750000	C3	90	80	1	-5	-3.181034
60	5.500000	5.750000	A3	90	80	1	-1	-4.009362
61	5.510204	5.816327	B4	90	80	0	1	-3.027253
62	5.510204	5.816327	G5	90	80	0	5	-3.707830
63	5.750000	6.000000	B2	90	80	1	-5	-3.181034
64	5.750000	6.000000	G3	90	80	1	-1	-4.009362
65	5.816327	6.122449	C5	90	80	0	2	-3.263552
66	5.816327	6.122449	A5	90	80	0	5	-3.767315
67	6.000000	6.250000	A2	90	80	1	-5	-3.181034
68	6.000000	6.250000	F3	90	80	1	-1	-4.009362
69	6.122449	6.428571	B4	90	80	0	1	-3.027253
70	6.122449	6.428571	G5	90	80	0	5	-3.707830
71	6.250000	6.500000	G2	90	80	1	-5	-3.181034
72	6.250000	6.500000	E3	90	80	1	-1	-4.009362
73	6.428571	6.734694	C5	90	80	0	2	-3.263552
74	6.428571	6.734694	A5	90	80	0	5	-3.767315
75	6.500000	6.750000	A2	90	80	1	-4	-3.752799
76	6.500000	6.750000	F3	90	80	1	-1	-3.451917
77	6.734694	7.040816	B4	90	80	0	1	-3.027253
78	6.734694	7.040816	G5	90	80	0	5	-3.707830
79	6.750000	7.000000	B2	90	80	1	-4	-3.752799
80	6.750000	7.000000	G3	90	80	1	-1	-3.451917
81	7.000000	7.500000	C3	90	80	1	-4	-3.752799
82	7.000000	7.500000	F3	90	80	1	-2	-2.507290
83	7.000000	7.500000	A3	90	80	1	-1	-2.415329
84	7.040816	7.346939	A4	90	80	0	1	-3.027253
85	7.040816	7.346939	F5	90	80	0	5	-3.707830
86	7.346939	7.653061	G4	90	80	0	1	-3.027253
87	7.346939	7.653061	E5	90	80	0	5	-3.707830
88	7.500000	7.750000	D3	90	80	1	-4	-3.752799
89	7.500000	7.750000	G3	90	80	1	-2	-2.507290
90	7.500000	7.750000	B3	90	80	1	-1	-2.415329
91	7.653061	7.959184	F4	90	80	0	1	-3.027253
92	7.653061	7.959184	D5	90	80	0	5	-3.707830
93	7.750000	8.000000	B2	90	80	1	-5	-2.314770
94	7.750000	8.000000	E3	90	80	1	-2	-3.272976
95	7.750000	8.000000	G3	90	80	1	-1	-2.415329
96	7.959184	8.265306	G4	90	80	0	2	-3.263552
97	7.959184	8.265306	E5	90	80	0	5	-3.767315
98	8.000000	8.500000	C3	90	80	1	-4	-3.752799
99	8.000000	8.500000	F3	90	80	1	-2	-2.507290
100	8.000000	8.500000	A3	90	80	1	-1	-2.415329
101	8.265306	8.571429	A4	90	80	0	2	-3.263552
102	8.265306	8.571429	F5	90	80	0	5	-3.767315
103	8.500000	8.750000	A2	90	80	1	-5	-2.314770
104	8.500000	8.750000	D3	90	80	1	-2	-3.272976
105	8.500000	8.750000	F3	90	80	1	-1	-2.415329
106	8.571429	9.183673	B4	90	80	0	2	-3.263552
107	8.571429	9.183673	G5	90	80	0	5	-3.767315
108	8.750000	9.000000	B2	90	80	1	-4	-3.752799
109	8.750000	9.000000	E3	90	80	1	-2	-2.507290
110	8.750000	9.000000	G3	90	80	1	-1	-2.415329
111	9.000000	9.500000	C3	90	80	1	-4	-3.752799
112	9.000000	9.500000	F3	90	80	1	-2	-2.507290
113	9.000000	9.500000	A3	90	80	1	-1	-2.415329
114	9.183673	9.489796	A4	90	80	0	1	-3.027253
115	9.183673	9.489796	F5	90	80	0	5	-3.707830
116	9.489796	9.795918	G4	90	80	0	1	-3.027253
117	9.489796	9.795918	E5	90	80	0	5	-3.707830
118	9.500000	9.750000	D3	90	80	1	-4	-3.752799
119	9.500000	9.750000	G3	90	80	1	-2	-2.507290
120	9.500000	9.750000	B3	90	80	1	-1	-2.415329
121	9.750000	10.000000	B2	90	80	1	-5	-2.314770
122	9.750000	10.000000	E3	90	80	1	-2	-3.272976
123	9.750000	10.000000	G3	90	80	1	-1	-2.415329
124	9.795918	10.408163	F4	90	80	0	1	-3.027253
125	9.795918	10.408163	A4	90	80	0	2	-2.525967
126	9.795918	10.408163	D5	90	80	0	4	-2.909306
127	10.000000	10.500000	C3	90	80	1	-4	-3.752799
128	10.000000	10.500000	F3	90	80	1	-2	-2.507290
129	10.000000	10.500000	A3	90	80	1	-1	-2.415329
130	10.408163	10.714286	G4	90	80	0	1	-2.857522
131	10.408163	10.714286	B4	90	80	0	2	-2.525967
132	10.408163	10.714286	E5	90	80	0	5	-3.228870
133	10.500000	10.750000	E3	90	80	1	-4	-4.223116
134	10.500000	10.750000	A3	90	80	1	-2	-2.507290
135	10.500000	10.750000	C4	90	80	1	-1	-2.415329
136	10.714286	11.020408	E4	90	80	0	1	-1.922714
137	10.714286	11.020408	G4	90	80	0	2	-2.525967
138	10.714286	11.020408	C5	90	80	0	4	-2.909306
139	10.750000	11.000000	D3	90	80	1	-5	-3.181034
140	10.750000	11.000000	G3	90	80	1	-2	-3.272976
141	10.750000	11.000000	B3	90	80	1	-1	-2.415329
142	11.000000	11.250000	C3	90	80	1	-5	-3.181034
143	11.000000	11.250000	F3	90	80	1	-2	-3.272976
144	11.000000	11.250000	A3	90	80	1	-1	-2.415329
145	11.020408	11.632653	F4	90	80	0	1	-2.857522
146	11.020408	11.632653	A4	90	80	0	2	-2.525967
147	11.020408	11.632653	D5	90	80	0	4	-2.909306
148	11.250000	11.500000	B2	90	80	1	-5	-3.181034
149	11.250000	11.500000	E3	90	80	1	-2	-3.272976
150	11.250000	11.500000	G3	90	80	1	-1	-2.415329
151	11.500000	11.750000	A2	90	80	1	-5	-3.181034
152	11.500000	11.750000	D3	90	80	1	-2	-3.272976
153	11.500000	11.750000	F3	90	80	1	-1	-2.415329
154	11.632653	12.244898	A4	90	80	0	1	-3.216633
155	11.632653	12.244898	C5	90	80	0	2	-2.525967
156	11.632653	12.244898	F5	90	80	0	5	-3.228870
157	11.750000	12.000000	G2	90	80	1	-5	-3.181034
158	11.750000	12.000000	C3	90	80	1	-2	-3.272976
159	11.750000	12.000000	E3	90	80	1	-1	-2.415329
160	12.000000	12.250000	F2	90	80	1	-5	-3.181034
161	12.000000	12.250000	B2	90	80	1	-2	-3.272976
162	12.000000	12.250000	D3	90	80	1	-1	-2.415329
163	12.250000	12.500000	G2	90	80	1	-4	-3.752799
164	12.250000	12.500000	C3	90	80	1	-2	-2.507290
165	12.250000	12.500000	E3	90	80	1	-1	-2.415329
166	12.500000	12.750000	A2	90	80	1	-4	-3.752799
167	12.500000	12.750000	D3	90	80	1	-2	-2.507290
168	12.500000	12.750000	F3	90	80	1	-1	-2.415329
169	12.551020	12.857143	F4	90	80	0	1	-1.922714
170	12.551020	12.857143	A4	90	80	0	2	-2.525967
171	12.551020	12.857143	D5	90	80	0	4	-2.909306
172	12.750000	13.000000	B2	90	80	1	-4	-3.752799
173	12.750000	13.000000	E3	90	80	1	-2	-2.507290
174	12.750000	13.000000	G3	90	80	1	-1	-2.415329
175	12.857143	13.163265	G4	90	80	0	1	-2.857522
176	12.857143	13.163265	B4	90	80	0	2	-2.525967
177	12.857143	13.163265	E5	90	80	0	5	-3.228870
178	13.163265	13.469388	E4	90	80	0	1	-1.922714
179	13.163265	13.469388	G4	90	80	0	2	-2.525967
180	13.163265	13.469388	C5	90	80	0	4	-2.909306
181	13.250000	13.500000	B2	90	80	1	-4	-4.458307
182	13.250000	13.500000	E3	90	80	1	-2	-2.507290
183	13.250000	13.500000	G3	90	80	1	-1	-2.415329
184	13.469388	14.081633	F4	90	80	0	1	-2.857522
185	13.469388	14.081633	A4	90	80	0	2	-2.525967
186	13.469388	14.081633	D5	90	80	0	5	-3.228870
187	13.500000	13.750000	C3	90	80	1	-4	-3.752799
188	13.500000	13.750000	F3	90	80	1	-2	-2.507290
189	13.500000	13.750000	A3	90	80	1	-1	-2.415329
190	13.750000	14.000000	D3	90	80	1	-4	-3.752799
191	13.750000	14.000000	G3	90	80	1	-2	-2.507290
192	13.750000	14.000000	B3	90	80	1	-1	-2.415329
193	14.000000	14.250000	E3	90	80	1	-4	-3.752799
194	14.000000	14.250000	A3	90	80	1	-2	-2.507290
195	14.000000	14.250000	C4	90	80	1	-1	-2.415329
196	14.081633	14.693878	C4	90	80	0	1	-3.460971
197	14.081633	14.693878	E4	90	80	0	2	-2.525967
198	14.081633	14.693878	A4	90	80	0	4	-2.909306
199	14.250000	14.500000	D3	90	80	1	-5	-3.181034
200	14.250000	14.500000	G3	90	80	1	-2	-3.272976
201	14.250000	14.500000	B3	90	80	1	-1	-2.415329
202	14.500000	14.750000	E3	90	80	1	-4	-3.752799
203	14.500000	14.750000	A3	90	80	1	-2	-2.507290
204	14.500000	14.750000	C4	90	80	1	-1	-2.415329
205	14.693878	15.000000	F4	90	80	0	2	-3.359779
206	14.693878	15.000000	A4	90	80	0	3	-3.012122
207	14.693878	15.000000	D5	90	80	0	5	-3.128600
208	14.750000	15.000000	F3	90	80	1	-4	-3.752799
209	14.750000	15.000000	B3	90	80	1	-2	-2.507290
210	14.750000	15.000000	D4	90	80	1	-1	-2.415329
211	15.000000	15.306122	E4	90	80	0	1	-3.027253
212	15.000000	15.306122	G4	90	80	0	2	-2.525967
213	15.000000	15.306122	C5	90	80	0	5	-3.228870
214	15.250000	15.500000	F3	90	80	1	-4	-4.458307
215	15.250000	15.500000	B3	90	80	1	-2	-2.507290
216	15.250000	15.500000	D4	90	80	1	-1	-2.415329
217	15.306122	15.612245	D4	90	80	0	1	-3.027253
218	15.306122	15.612245	F4	90	80	0	2	-2.525967
219	15.306122	15.612245	B4	90	80	0	5	-3.228870
220	15.500000	15.750000	G3	90	80	1	-4	-3.752799
221	15.500000	15.750000	C4	90	80	1	-2	-2.507290
222	15.500000	15.750000	E4	90	80	1	-1	-2.415329
223	15.612245	15.918367	C4	90	80	0	1	-3.027253
224	15.612245	15.918367	E4	90	80	0	2	-2.525967
225	15.612245	15.918367	A4	90	80	0	5	-3.228870
226	15.750000	16.000000	F3	90	80	1	-5	-3.181034
227	15.750000	16.000000	B3	90	80	1	-2	-3.272976
228	15.750000	16.000000	D4	90	80	1	-1	-2.415329
229	15.918367	16.224490	B3	90	80	0	1	-3.027253
230	15.918367	16.224490	D4	90	80	0	2	-2.525967
231	15.918367	16.224490	G4	90	80	0	4	-2.909306
232	16.224490	16.530612	C4	90	80	0	1	-2.857522
233	16.224490	16.530612	E4	90	80	0	2	-2.525967
234	16.224490	16.530612	A4	90	80	0	4	-2.909306
235	16.250000	16.500000	F3	90	80	1	-4	-4.458307
236	16.250000	16.500000	B3	90	80	1	-2	-2.507290
237	16.250000	16.500000	D4	90	80	1	-1	-2.415329
238	16.500000	16.750000	E3	90	80	1	-5	-3.181034
239	16.500000	16.750000	A3	90	80	1	-2	-3.272976
240	16.500000	16.750000	C4	90	80	1	-1	-2.415329
241	16.530612	16.836735	D4	90	80	0	1	-2.857522
242	16.530612	16.836735	F4	90	80	0	2	-2.525967
243	16.530612	16.836735	B4	90	80	0	4	-2.909306
244	16.750000	17.000000	F3	90	80	1	-4	-3.752799
245	16.750000	17.000000	B3	90	80	1	-2	-2.507290
246	16.750000	17.000000	D4	90	80	1	-1	-2.415329
247	16.836735	17.142857	E4	90	80	0	1	-2.857522
248	16.836735	17.142857	G4	90	80	0	2	-2.525967
249	16.836735	17.142857	C5	90	80	0	4	-2.909306
250	17.142857	17.448980	F4	90	80	0	1	-2.857522
251	17.142857	17.448980	A4	90	80	0	2	-2.525967
252	17.142857	17.448980	D5	90	80	0	5	-3.228870
253	17.250000	17.500000	F3	90	80	1	-4	-4.458307
254	17.250000	17.500000	B3	90	80	1	-2	-2.507290
255	17.250000	17.500000	D4	90	80	1	-1	-2.415329
256	17.448980	17.755102	E4	90	80	0	1	-3.027253
257	17.448980	17.755102	G4	90	80	0	2	-2.525967
258	17.448980	17.755102	C5	90	80	0	4	-2.909306
259	17.500000	17.750000	E3	90	80	1	-5	-3.181034
260	17.500000	17.750000	A3	90	80	1	-2	-3.272976
261	17.500000	17.750000	C4	90	80	1	-1	-2.415329
262	17.750000	18.000000	F3	90	80	1	-4	-3.752799
263	17.750000	18.000000	B3	90	80	1	-2	-2.507290
264	17.750000	18.000000	D4	90	80	1	-1	-2.415329
265	17.755102	18.061224	F4	90	80	0	1	-2.857522
266	17.755102	18.061224	A4	90	80	0	2	-2.525967
267	17.755102	18.061224	D5	90	80	0	4	-2.909306
268	18.000000	18.250000	E3	90	80	1	-5	-3.181034
269	18.000000	18.250000	A3	90	80	1	-2	-3.272976
270	18.000000	18.250000	C4	90	80	1	-1	-2.415329
271	18.061224	18.367347	G4	90	80	0	1	-2.857522
272	18.061224	18.367347	B4	90	80	0	2	-2.525967
273	18.061224	18.367347	E5	90	80	0	4	-2.909306
274	18.250000	18.500000	F3	90	80	1	-4	-3.752799
275	18.250000	18.500000	B3	90	80	1	-2	-2.507290
276	18.250000	18.500000	D4	90	80	1	-1	-2.415329
277	18.673469	18.979592	G4	90	80	0	1	-2.969918
278	18.673469	18.979592	B4	90	80	0	2	-2.525967
279	18.673469	18.979592	E5	90	80	0	4	-2.909306
280	18.750000	19.000000	E3	90	80	1	-5	-3.181034
281	18.750000	19.000000	A3	90	80	1	-2	-3.272976
282	18.750000	19.000000	C4	90	80	1	-1	-2.415329
283	18.979592	19.285714	A4	90	80	0	1	-2.857522
284	18.979592	19.285714	C5	90	80	0	2	-2.525967
285	18.979592	19.285714	F5	90	80	0	4	-2.909306
286	19.250000	19.500000	D3	90	80	1	-5	-3.181034
287	19.250000	19.500000	G3	90	80	1	-2	-3.272976
288	19.250000	19.500000	B3	90	80	1	-1	-2.415329
289	19.285714	19.591837	B4	90	80	0	1	-2.857522
290	19.285714	19.591837	D5	90	80	0	2	-2.525967
291	19.285714	19.591837	G5	90	80	0	4	-2.909306
292	19.500000	19.750000	E3	90	80	1	-4	-3.752799
293	19.500000	19.750000	A3	90	80	1	-2	-2.507290
294	19.500000	19.750000	C4	90	80	1	-1	-2.415329
295	19.591837	19.897959	C5	90	80	0	1	-2.857522
296	19.591837	19.897959	E5	90	80	0	2	-2.525967
297	19.591837	19.897959	A5	90	80	0	5	-3.228870
298	19.750000	20.000000	F3	90	80	1	-4	-3.752799
299	19.750000	20.000000	B3	90	80	1	-2	-2.507290
300	19.750000	20.000000	D4	90	80	1	-1	-2.415329
301	19.897959	20.204082	B4	90	80	0	1	-3.027253
302	19.897959	20.204082	D5	90	80	0	2	-2.525967
303	19.897959	20.204082	G5	90	80	0	4	-2.909306
304	20.000000	20.500000	G3	90	80	1	-4	-3.752799
305	20.000000	20.500000	C4	90	80	1	-2	-2.507290
306	20.000000	20.500000	E4	90	80	1	-1	-2.415329
307	20.510204	20.816327	B4	90	80	0	1	-2.969918
308	20.510204	20.816327	D5	90	80	0	2	-2.525967
309	20.510204	20.816327	G5	90	80	0	5	-3.228870
310	20.816327	21.122449	A4	90	80	0	1	-3.027253
311	20.816327	21.122449	C5	90	80	0	2	-2.525967
312	20.816327	21.122449	F5	90	80	0	4	-2.909306
313	21.122449	21.428571	B4	90	80	0	1	-2.857522
314	21.122449	21.428571	D5	90	80	0	2	-2.525967
315	21.122449	21.428571	G5	90	80	0	4	-2.909306
316	21.250000	21.500000	A2	90	80	1	-5	-4.212346
317	21.250000	21.500000	D3	90	80	1	-2	-3.272976
318	21.250000	21.500000	F3	90	80	1	-1	-2.415329
319	21.500000	21.750000	B2	90	80	1	-4	-3.752799
320	21.500000	21.750000	E3	90	80	1	-2	-2.507290
321	21.500000	21.750000	G3	90	80	1	-1	-2.415329
322	21.734694	22.040816	B4	90	80	0	1	-2.969918
323	21.734694	22.040816	D5	90	80	0	2	-2.525967
324	21.734694	22.040816	G5	90	80	0	4	-2.909306
325	21.750000	22.000000	C3	90	80	1	-4	-3.752799
326	21.750000	22.000000	F3	90	80	1	-2	-2.507290
327	21.750000	22.000000	A3	90	80	1	-1	-2.415329
328	22.000000	22.500000	D3	90	80	1	-4	-3.752799
329	22.000000	22.500000	G3	90	80	1	-2	-2.507290
330	22.000000	22.500000	B3	90	80	1	-1	-2.415329
331	22.040816	22.346939	C5	90	80	0	1	-2.857522
332	22.040816	22.346939	E5	90	80	0	2	-2.525967
333	22.040816	22.346939	A5	90	80	0	5	-3.228870
334	22.346939	22.653061	B4	90	80	0	1	-3.027253
335	22.346939	22.653061	D5	90	80	0	2	-2.525967
336	22.346939	22.653061	G5	90	80	0	4	-2.909306
337	22.653061	22.959184	C5	90	80	0	1	-2.857522
338	22.653061	22.959184	E5	90	80	0	2	-2.525967
339	22.653061	22.959184	A5	90	80	0	5	-3.228870
340	22.959184	23.265306	B4	90	80	0	1	-3.027253
341	22.959184	23.265306	D5	90	80	0	2	-2.525967
342	22.959184	23.265306	G5	90	80	0	4	-2.909306
343	23.250000	23.500000	G2	90	80	1	-5	-4.233080
344	23.250000	23.500000	C3	90	80	1	-2	-3.272976
345	23.250000	23.500000	E3	90	80	1	-1	-2.415329
346	23.500000	23.750000	A2	90	80	1	-4	-3.752799
347	23.500000	23.750000	D3	90	80	1	-2	-2.507290
348	23.500000	23.750000	F3	90	80	1	-1	-2.415329
349	23.571429	23.877551	B4	90	80	0	1	-2.969918
350	23.571429	23.877551	D5	90	80	0	2	-2.525967
351	23.571429	23.877551	G5	90	80	0	4	-2.909306
352	23.750000	24.000000	B2	90	80	1	-4	-3.752799
353	23.750000	24.000000	E3	90	80	1	-2	-2.507290
354	23.750000	24.000000	G3	90	80	1	-1	-2.415329
355	23.877551	24.183673	C5	90	80	0	1	-2.857522
356	23.877551	24.183673	E5	90	80	0	2	-2.525967
357	23.877551	24.183673	A5	90	80	0	5	-3.228870
358	24.183673	24.489796	A4	90	80	0	1	-1.922714
359	24.183673	24.489796	C5	90	80	0	2	-2.525967
360	24.183673	24.489796	F5	90	80	0	4	-2.909306
361	24.250000	24.500000	G2	90	80	1	-5	-2.314770
362	24.250000	24.500000	C3	90	80	1	-2	-3.272976
363	24.250000	24.500000	E3	90	80	1	-1	-2.415329
364	24.489796	25.714286	B4	90	80	0	1	-2.857522
365	24.489796	25.714286	D5	90	80	0	2	-2.525967
366	24.489796	25.714286	G5	90	80	0	5	-3.228870
367	24.500000	24.750000	A2	90	80	1	-4	-3.752799
368	24.500000	24.750000	D3	90	80	1	-2	-2.507290
369	24.500000	24.750000	F3	90	80	1	-1	-2.415329
370	24.750000	25.000000	B2	90	80	1	-4	-3.752799
371	24.750000	25.000000	E3	90	80	1	-2	-2.507290
372	24.750000	25.000000	G3	90	80	1	-1	-2.415329
373	25.250000	25.500000	G2	90	80	1	-5	-2.314770
374	25.250000	25.500000	C3	90	80	1	-2	-3.272976
375	25.250000	25.500000	E3	90	80	1	-1	-2.415329
376	25.500000	25.750000	A2	90	80	1	-4	-3.752799
377	25.500000	25.750000	D3	90	80	1	-2	-2.507290
378	25.500000	25.750000	F3	90	80	1	-1	-2.415329
379	25.750000	26.000000	B2	90	80	1	-4	-3.752799
380	25.750000	26.000000	E3	90	80	1	-2	-2.507290
381	25.750000	26.000000	G3	90	80	1	-1	-2.415329
382	26.020408	26.326531	F4	90	80	0	1	-3.460971
383	26.020408	26.326531	A4	90	80	0	2	-2.525967
384	26.020408	26.326531	D5	90	80	0	4	-2.909306
385	26.250000	26.500000	G2	90	80	1	-5	-2.314770
386	26.250000	26.500000	C3	90	80	1	-2	-3.272976
387	26.250000	26.500000	E3	90	80	1	-1	-2.415329
388	26.326531	26.632653	G4	90	80	0	1	-2.857522
389	26.326531	26.632653	B4	90	80	0	2	-2.525967
390	26.326531	26.632653	E5	90	80	0	5	-3.228870
391	26.500000	26.750000	A2	90	80	1	-4	-3.752799
392	26.500000	26.750000	D3	90	80	1	-2	-2.507290
393	26.500000	26.750000	F3	90	80	1	-1	-2.415329
394	26.632653	26.938776	E4	90	80	0	1	-1.922714
395	26.632653	26.938776	G4	90	80	0	2	-2.525967
396	26.632653	26.938776	C5	90	80	0	4	-2.909306
397	26.750000	27.000000	C3	90	80	1	-4	-4.223116
398	26.750000	27.000000	F3	90	80	1	-2	-2.507290
399	26.750000	27.000000	A3	90	80	1	-1	-2.415329
400	26.938776	28.163265	F4	90	80	0	1	-2.857522
401	26.938776	28.163265	A4	90	80	0	2	-2.525967
402	26.938776	28.163265	D5	90	80	0	5	-3.228870
403	27.000000	28.000000	D3	90	80	1	-4	-3.752799
404	27.000000	28.000000	G3	90	80	1	-2	-2.507290
405	27.000000	28.000000	B3	90	80	1	-1	-2.415329
406	28.469388	28.775510	C4	90	80	0	1	-3.460971
407	28.469388	28.775510	E4	90	80	0	2	-2.525967
408	28.469388	28.775510	A4	90	80	0	4	-2.909306
409	28.775510	29.081633	D4	90	80	0	1	-2.857522
410	28.775510	29.081633	F4	90	80	0	2	-2.525967
411	28.775510	29.081633	B4	90	80	0	5	-3.228870
412	29.081633	29.387755	B3	90	80	0	1	-1.922714
413	29.081633	29.387755	D4	90	80	0	2	-2.525967
414	29.081633	29.387755	G4	90	80	0	4	-2.909306
415	29.387755	30.306122	C4	90	80	0	1	-2.857522
416	29.387755	30.306122	E4	90	80	0	2	-2.525967
417	29.387755	30.306122	A4	90	80	0	5	-3.228870
418	30.306122	30.612245	B3	90	80	0	1	-3.027253
419	30.306122	30.612245	D4	90	80	0	2	-2.525967
420	30.306122	30.612245	G4	90	80	0	4	-2.909306
421	30.612245	31.224490	C4	90	80	0	1	-2.857522
422	30.612245	31.224490	E4	90	80	0	2	-2.525967
423	30.612245	31.224490	A4	90	80	0	4	-2.909306
424	31.224490	31.530612	C4	90	80	0	1	-2.969918
425	31.224490	31.530612	E4	90	80	0	2	-2.525967
426	31.224490	31.530612	A4	90	80	0	5	-3.228870
427	31.530612	31.836735	B3	90	80	0	1	-3.027253
428	31.530612	31.836735	D4	90	80	0	2	-2.525967
429	31.530612	31.836735	G4	90	80	0	4	-2.909306
430	31.836735	32.142857	C4	90	80	0	1	-2.857522
431	31.836735	32.142857	E4	90	80	0	2	-2.525967
432	31.836735	32.142857	A4	90	80	0	4	-2.909306
433	32.142857	32.448980	C4	90	80	0	1	-2.969918
434	32.142857	32.448980	E4	90	80	0	2	-2.525967
435	32.142857	32.448980	A4	90	80	0	4	-2.909306
436	32.448980	32.755102	C4	90	80	0	1	-2.969918
437	32.448980	32.755102	E4	90	80	0	2	-2.525967
438	32.448980	32.755102	A4	90	80	0	5	-3.228870
439	32.755102	33.061224	B3	90	80	0	1	-3.027253
440	32.755102	33.061224	D4	90	80	0	2	-2.525967
441	32.755102	33.061224	G4	90	80	0	4	-2.909306
442	33.061224	33.367347	F4	90	80	0	1	-4.636880
443	33.061224	33.367347	A4	90	80	0	2	-2.525967
444	33.061224	33.367347	D5	90	80	0	5	-3.228870
445	33.367347	33.673469	E4	90	80	0	1	-3.027253
446	33.367347	33.673469	G4	90	80	0	2	-2.525967
447	33.367347	33.673469	C5	90	80	0	5	-3.228870
448	33.673469	33.979592	D4	90	80	0	1	-3.027253
449	33.673469	33.979592	F4	90	80	0	2	-2.525967
450	33.673469	33.979592	B4	90	80	0	5	-3.228870
451	33.979592	34.285714	C4	90	80	0	1	-3.027253
452	33.979592	34.285714	E4	90	80	0	2	-2.525967
453	33.979592	34.285714	A4	90	80	0	5	-3.228870
454	34.285714	35.510204	B3	90	80	0	1	-3.027253
455	34.285714	35.510204	D4	90	80	0	2	-2.525967
456	34.285714	35.510204	G4	90	80	0	4	-2.909306
