//Version: PianoFingering_v170101
1	0.000000	0.263158	C4	90	80	0	1	-0.925785
2	0.000000	1.000000	C3	90	80	1	-5	-0.504576
3	0.263158	0.526316	E4	90	80	0	2	-2.525967
4	0.500000	1.000000	F#3	90	80	1	-2	-5.232676
5	0.526316	0.789474	G4	90	80	0	4	-2.758588
6	0.789474	1.578947	D4	90	80	0	2	-3.266530
7	1.000000	2.000000	C3	90	80	1	-5	-5.017302
8	1.000000	1.500000	G3	90	80	1	-1	-3.477173
9	1.500000	2.000000	F#3	90	80	1	-2	-3.720116
10	1.578947	1.973684	E4	90	80	0	3	-2.675961
11	1.973684	2.368421	C4	90	80	0	2	-3.674662
12	2.000000	3.000000	C3	90	80	1	-5	-5.017302
13	2.000000	2.500000	E3	90	80	1	-3	-3.170876
14	2.368421	3.157895	D4	90	80	0	3	-2.675961
15	2.500000	3.000000	F#3	90	80	1	-1	-4.207397
16	3.000000	3.500000	C3	90	80	1	-4	-6.237620
17	3.000000	3.500000	E3	90	80	1	-2	-2.359478
18	3.157895	3.421053	C4	90	80	0	2	-2.287533
19	3.421053	3.684211	E4	90	80	0	3	-3.012122
20	3.500000	4.000000	D3	90	80	1	-3	-2.891080
21	3.684211	3.947368	G4	90	80	0	5	-2.681011
22	3.947368	4.210526	F4	90	80	0	4	-2.814339
23	4.000000	4.166667	C3	90	80	1	-4	-3.061136
24	4.166667	4.333333	E3	90	80	1	-2	-2.359478
25	4.210526	4.473684	E4	90	80	0	3	-2.238713
26	4.333333	4.500000	G3	90	80	1	-1	-2.415329
27	4.473684	4.736842	D4	90	80	0	2	-2.287533
28	4.500000	5.000000	D3	90	80	1	-3	-3.831713
29	4.736842	6.315789	C4	90	80	0	1	-2.609267
30	5.000000	5.250000	E3	90	80	1	-2	-2.510186
31	5.250000	5.500000	C3	90	80	1	-4	-3.718276
32	5.500000	6.000000	F#3	90	80	1	-2	-5.758735
33	5.526316	6.315789	D4	90	80	0	2	-2.867384
34	6.000000	6.166667	G3	90	80	1	-1	-3.404249
35	6.166667	6.333333	F#3	90	80	1	-2	-3.720116
36	6.315789	11.842105	C4	90	80	0	1	-2.609267
37	6.315789	7.105263	E4	90	80	0	2	-2.525967
38	6.333333	6.500000	E3	90	80	1	-1	-5.183592
39	6.500000	6.750000	D3	90	80	1	-2	-2.745489
40	6.750000	7.000000	F#3	90	80	1	-1	-3.194227
41	7.000000	7.250000	C3	90	80	1	-4	-6.237620
42	7.105263	7.894737	F#4	90	80	0	3	-3.409656
43	7.250000	7.500000	E3	90	80	1	-2	-2.359478
44	7.500000	7.750000	D3	90	80	1	-3	-2.891080
45	7.894737	8.684211	G4	90	80	0	4	-3.868143
46	8.684211	9.473684	D4	90	80	0	1	-3.216633
47	9.000000	9.500000	D3	90	80	1	-3	-4.764209
48	9.473684	10.263158	E4	90	80	0	2	-2.867384
49	9.500000	9.750000	E3	90	80	1	-2	-2.510186
50	9.750000	10.000000	F3	90	80	1	-1	-2.578439
51	10.000000	10.500000	D3	90	80	1	-2	-3.291596
52	10.263158	10.657895	F#4	90	80	0	3	-3.409656
53	10.500000	10.750000	G3	90	80	1	-1	-2.320150
54	10.657895	11.052632	D4	90	80	0	1	-3.996553
55	11.000000	11.500000	D3	90	80	1	-3	-3.831713
56	11.052632	11.447368	E4	90	80	0	2	-2.867384
57	11.447368	11.842105	G4	90	80	0	4	-2.758588
58	11.500000	11.666667	E3	90	80	1	-2	-2.510186
59	11.666667	11.833333	F3	90	80	1	-1	-2.578439
60	11.833333	12.000000	E3	90	80	1	-2	-2.745489
61	11.842105	12.236842	D4	90	80	0	2	-3.266530
62	12.000000	12.250000	D3	90	80	1	-3	-2.891080
63	12.250000	12.500000	F3	90	80	1	-2	-3.046717
64	12.500000	12.750000	G3	90	80	1	-1	-2.578439
65	12.631579	13.421053	F4	126	80	0	4	-2.758588
66	13.000000	13.250000	D3	90	80	1	-4	-4.223116
67	13.250000	13.500000	E3	90	80	1	-3	-2.915060
68	13.421053	13.815789	E4	126	80	0	3	-2.238713
69	13.500000	13.666667	F3	90	80	1	-2	-2.510186
70	13.666667	13.833333	G3	90	80	1	-1	-2.578439
71	13.815789	14.210526	D4	126	80	0	2	-2.287533
72	13.833333	14.000000	F3	90	80	1	-2	-2.745489
73	14.000000	14.166667	E3	90	80	1	-3	-2.891080
74	14.166667	14.333333	D3	90	80	1	-4	-3.061136
75	14.210526	15.000000	F4	126	80	0	4	-2.758588
76	14.333333	14.500000	E3	90	80	1	-2	-4.145153
77	14.500000	14.666667	F3	90	80	1	-1	-2.578439
78	14.666667	14.833333	D3	90	80	1	-2	-3.291596
79	14.833333	15.000000	C3	90	80	1	-3	-2.891080
80	15.000000	15.394737	C4	126	80	0	2	-3.266530
81	15.000000	16.000000	D3	90	80	1	-2	-2.510186
82	15.789474	16.578947	F4	126	80	0	5	-3.228870
83	16.000000	16.166667	E3	90	80	1	-1	-2.578439
84	16.166667	16.333333	D3	90	80	1	-2	-2.745489
85	16.333333	16.500000	E3	90	80	1	-1	-2.578439
86	16.500000	17.000000	D3	90	80	1	-2	-2.745489
87	16.578947	16.842105	E4	126	80	0	4	-2.814339
88	16.842105	17.105263	D4	126	80	0	3	-2.238713
89	17.000000	17.166667	E3	90	80	1	-1	-2.578439
90	17.105263	17.368421	E4	126	80	0	4	-2.883688
91	17.166667	17.333333	D3	90	80	1	-2	-2.745489
92	17.333333	17.500000	E3	90	80	1	-1	-2.578439
93	17.368421	17.763158	F4	126	80	0	5	-2.706622
94	17.500000	18.000000	D3	90	80	1	-2	-2.745489
95	17.763158	18.157895	D4	126	80	0	3	-3.509161
96	18.000000	18.250000	E3	90	80	1	-1	-2.578439
97	18.157895	18.552632	C4	126	80	0	2	-2.287533
98	18.250000	18.500000	D3	90	80	1	-2	-2.745489
99	18.750000	19.000000	D3	90	80	1	-2	-3.999177
100	18.947368	19.342105	F4	126	80	0	4	-2.909306
101	19.000000	19.250000	F3	90	80	1	-1	-2.415329
102	19.250000	19.500000	D3	90	80	1	-2	-3.291596
103	19.342105	19.736842	E4	126	80	0	3	-2.238713
104	19.736842	20.131579	D4	126	80	0	2	-2.287533
105	19.750000	20.000000	D3	90	80	1	-2	-3.999177
106	20.000000	20.250000	F#3	90	80	1	-1	-3.194227
107	20.131579	20.526316	E4	126	80	0	3	-2.675961
108	20.250000	20.500000	D3	90	80	1	-2	-4.597368
109	20.500000	22.000000	G3	90	80	1	-1	-2.320150
110	20.526316	20.921053	F4	126	80	0	4	-2.883688
111	20.921053	21.315789	C4	126	80	0	2	-3.266530
112	21.315789	21.578947	F4	126	80	0	4	-2.909306
113	21.578947	21.842105	G4	126	80	0	5	-2.706622
114	21.842105	22.105263	F4	126	80	0	4	-2.814339
115	22.000000	22.250000	F#3	90	80	1	-2	-3.720116
116	22.105263	22.368421	E4	126	80	0	3	-2.238713
117	22.250000	22.500000	D3	90	80	1	-4	-4.761119
118	22.368421	22.631579	D4	126	80	0	2	-2.287533
119	22.500000	24.000000	G3	90	80	1	-2	-2.507290
120	22.631579	22.894737	E4	126	80	0	3	-2.675961
121	22.894737	23.157895	F4	126	80	0	4	-2.883688
122	23.157895	23.421053	D4	126	80	0	2	-3.359779
123	23.421053	23.684211	C4	126	80	0	1	-2.609267
124	23.684211	26.052632	D4	126	80	0	2	-2.867384
125	24.000000	24.166667	F#3	90	80	1	-3	-3.848567
126	24.166667	24.333333	E3	90	80	1	-1	-4.439870
127	24.333333	24.500000	D3	90	80	1	-2	-2.745489
128	24.500000	24.666667	C3	90	80	1	-3	-2.891080
129	24.666667	24.833333	E3	90	80	1	-2	-3.046717
130	24.833333	25.000000	G3	90	80	1	-1	-2.415329
131	25.000000	25.500000	D3	90	80	1	-2	-3.456527
132	25.500000	25.666667	E3	90	80	1	-1	-2.578439
133	25.666667	25.833333	D3	90	80	1	-2	-2.745489
134	25.833333	26.000000	C3	90	80	1	-3	-2.891080
135	26.000000	26.500000	D3	90	80	1	-2	-2.510186
136	26.052632	26.315789	E4	126	80	0	3	-2.675961
137	26.315789	26.578947	D4	126	80	0	2	-2.287533
138	26.500000	26.750000	C3	90	80	1	-3	-2.891080
139	26.578947	26.842105	E4	126	80	0	3	-2.675961
140	26.750000	27.000000	E3	90	80	1	-2	-3.046717
141	26.842105	27.631579	D4	126	80	0	2	-2.287533
142	27.000000	27.166667	D3	90	80	1	-3	-2.891080
143	27.166667	27.333333	E3	90	80	1	-2	-2.510186
144	27.333333	27.500000	F#3	90	80	1	-1	-3.101885
145	27.500000	27.666667	E3	90	80	1	-3	-5.325522
146	27.631579	27.894737	E4	126	80	0	3	-2.675961
147	27.666667	27.833333	F3	90	80	1	-2	-2.510186
148	27.833333	28.000000	G3	90	80	1	-1	-2.578439
149	27.894737	28.157895	D4	126	80	0	2	-2.287533
150	28.000000	28.250000	D3	90	80	1	-2	-3.456527
151	28.157895	28.421053	E4	126	80	0	3	-2.675961
152	28.250000	28.500000	F3	90	80	1	-1	-2.415329
153	28.421053	29.210526	D4	63	80	0	2	-2.287533
154	28.750000	29.000000	E3	90	80	1	-2	-2.745489
155	29.000000	29.250000	F#3	90	80	1	-1	-3.101885
156	29.210526	29.605263	E4	63	80	0	3	-2.675961
157	29.250000	29.500000	D3	90	80	1	-2	-4.597368
158	29.500000	30.000000	E3	90	80	1	-1	-2.578439
159	29.500000	30.000000	E3	90	80	1	-2	-4.675782
160	29.605263	30.000000	D4	63	80	0	2	-2.287533
161	30.000000	30.250000	C3	90	80	1	-4	-3.718276
162	30.000000	30.500000	G3	90	80	1	-1	-2.959487
163	30.250000	30.500000	E3	90	80	1	-2	-3.291596
164	30.394737	30.789474	D4	63	80	0	1	-4.802885
165	30.500000	31.500000	D3	90	80	1	-3	-2.891080
166	30.500000	31.500000	F#3	90	80	1	-2	-3.749711
167	30.789474	31.184211	F4	63	80	0	2	-2.525967
168	31.184211	31.578947	D4	63	80	0	1	-3.157580
169	31.500000	32.500000	D3	90	80	1	-4	-4.761119
170	31.500000	32.500000	F#3	90	80	1	-2	-3.159098
171	31.973684	32.368421	D4	63	80	0	2	-4.712397
172	32.368421	32.631579	C4	99	80	0	1	-2.609267
173	32.631579	32.894737	E4	99	80	0	2	-2.525967
174	32.894737	33.157895	G4	99	80	0	3	-3.012122
175	33.157895	33.947368	D4	99	80	0	1	-2.905888
176	33.947368	34.342105	E4	99	80	0	2	-2.867384
177	34.342105	34.736842	C4	99	80	0	1	-3.157580
178	34.736842	35.526316	D4	99	80	0	2	-2.867384
179	35.526316	35.789474	C4	99	80	0	1	-2.609267
180	35.789474	36.052632	E4	99	80	0	2	-2.525967
181	36.052632	36.315789	G4	99	80	0	4	-2.758588
182	36.315789	36.710526	F#4	99	80	0	3	-3.226506
183	36.710526	37.105263	D4	99	80	0	1	-3.996553
184	37.105263	37.500000	E4	99	80	0	2	-2.867384
185	37.500000	37.894737	C4	99	80	0	1	-3.157580
186	37.894737	38.684211	D4	99	80	0	2	-2.867384
187	38.684211	39.473684	E4	99	80	0	3	-2.675961
188	39.473684	39.868421	F4	99	80	0	4	-2.883688
189	39.868421	40.263158	D4	99	80	0	2	-3.359779
190	40.263158	41.052632	G4	99	80	0	4	-2.909306
191	41.052632	41.447368	F#4	99	80	0	3	-3.226506
192	41.447368	41.842105	D4	99	80	0	1	-3.996553
193	41.842105	42.236842	E4	99	80	0	2	-2.867384
194	42.236842	42.631579	C4	99	80	0	1	-3.157580
195	42.631579	42.894737	F#4	99	80	0	4	-4.926369
196	42.894737	43.157895	E4	99	80	0	3	-3.914844
197	43.157895	43.421053	D4	99	80	0	2	-2.287533
198	43.421053	43.684211	G4	99	80	0	4	-2.909306
199	43.684211	43.947368	F#4	99	80	0	3	-3.226506
200	43.947368	44.210526	E4	99	80	0	2	-3.286699
201	44.210526	44.605263	F#4	99	80	0	3	-3.409656
202	44.605263	45.000000	D4	99	80	0	1	-3.996553
203	45.000000	45.394737	E4	99	80	0	2	-2.867384
204	45.394737	45.789474	C4	99	80	0	1	-3.157580
205	46.184211	46.578947	F#4	99	80	0	3	-5.112123
206	46.578947	46.973684	G4	99	80	0	4	-3.868143
207	46.973684	47.368421	F#4	99	80	0	3	-3.226506
208	47.368421	47.763158	E4	99	80	0	2	-3.286699
209	47.763158	48.157895	C4	99	80	0	1	-3.157580
210	48.157895	51.315789	D4	99	80	0	2	-2.867384
