//Version: PianoFingering_v170101
1	0.000000	0.394737	A5	81	80	0	5	-1.850019
2	0.000000	0.250000	A4	90	80	1	-1	-2.235665
3	0.250000	0.500000	G4	90	80	1	-2	-2.745489
4	0.394737	0.789474	G5	81	80	0	4	-2.814339
5	0.500000	0.750000	F4	90	80	1	-3	-2.891080
6	0.750000	1.000000	E4	90	80	1	-4	-3.061136
7	0.789474	1.184211	F#5	81	80	0	3	-3.226506
8	1.000000	1.500000	F4	90	80	1	-3	-2.915060
9	1.184211	1.578947	E5	81	80	0	2	-3.286699
10	1.500000	1.750000	F4	90	80	1	-3	-4.764209
11	1.578947	2.368421	D5	81	80	0	1	-2.609267
12	1.750000	2.000000	E4	90	80	1	-1	-3.930078
13	2.000000	2.250000	D4	90	80	1	-2	-2.745489
14	2.250000	2.500000	C4	90	80	1	-3	-2.891080
15	2.368421	2.763158	A5	81	80	0	4	-4.054949
16	2.500000	3.000000	B3	90	80	1	-4	-3.061136
17	2.763158	3.157895	G5	81	80	0	3	-2.238713
18	3.000000	3.250000	G4	90	80	1	-1	-3.451917
19	3.157895	3.552632	A5	81	80	0	4	-2.883688
20	3.250000	3.500000	F4	90	80	1	-2	-2.745489
21	3.500000	3.750000	E4	90	80	1	-3	-2.891080
22	3.552632	3.947368	G5	81	80	0	3	-2.238713
23	3.750000	4.000000	D4	90	80	1	-1	-3.930078
24	3.947368	4.736842	F#5	81	80	0	2	-3.151465
25	4.000000	4.250000	C#4	90	80	1	-2	-3.720116
26	4.250000	4.375000	D4	90	80	1	-1	-3.404249
27	4.375000	4.500000	E4	90	80	1	-3	-4.611792
28	4.500000	5.250000	F#4	90	80	1	-2	-3.407298
29	4.736842	5.131579	G5	81	80	0	1	-4.072488
30	5.131579	5.526316	F5	81	80	0	4	-5.839612
31	5.250000	5.500000	E4	90	80	1	-4	-5.038436
32	5.500000	6.000000	F#4	90	80	1	-3	-3.762277
33	5.526316	5.921053	E-5	81	80	0	3	-3.510496
34	5.921053	6.315789	D5	81	80	0	2	-2.803601
35	6.000000	6.250000	G#4	90	80	1	-2	-2.510186
36	6.315789	6.710526	C5	81	80	0	1	-2.609267
37	6.500000	6.750000	A4	81	80	1	-1	-3.404249
38	6.710526	6.907895	D5	81	80	0	2	-2.867384
39	6.750000	7.000000	G4	81	80	1	-2	-2.745489
40	6.907895	7.105263	E5	81	80	0	3	-2.675961
41	7.000000	7.250000	F#4	81	80	1	-3	-3.848567
42	7.105263	7.500000	F5	81	80	0	4	-2.883688
43	7.250000	7.500000	E4	81	80	1	-4	-4.404178
44	7.500000	7.894737	E5	81	80	0	3	-2.238713
45	7.500000	8.000000	D4	81	80	1	-5	-3.249332
46	7.894737	10.263158	D5	81	80	0	2	-2.287533
47	8.000000	8.250000	A4	81	80	1	-1	-3.477173
48	8.250000	8.500000	G4	81	80	1	-2	-2.745489
49	8.500000	8.750000	A4	81	80	1	-1	-2.578439
50	8.750000	9.000000	G4	81	80	1	-2	-2.745489
51	9.000000	9.500000	F#4	81	80	1	-3	-3.848567
52	9.500000	9.750000	G4	81	80	1	-2	-3.642491
53	9.750000	10.000000	F4	81	80	1	-1	-4.644141
54	10.000000	10.250000	E-4	81	80	1	-2	-3.299403
55	10.250000	10.500000	D4	81	80	1	-3	-3.281947
56	10.263158	10.657895	B4	81	80	0	1	-3.157580
57	10.500000	10.750000	C4	81	80	1	-4	-3.061136
58	10.750000	10.875000	D4	81	80	1	-3	-2.915060
59	10.875000	11.000000	E4	81	80	1	-2	-2.510186
60	11.000000	11.250000	F4	81	80	1	-1	-2.578439
61	11.250000	11.500000	E4	81	80	1	-2	-2.745489
62	11.500000	13.250000	D4	81	80	1	-3	-2.891080
63	11.842105	12.236842	A5	63	80	0	5	-4.284649
64	12.236842	12.631579	G5	63	80	0	4	-2.814339
65	12.631579	13.026316	F5	63	80	0	3	-2.238713
66	13.026316	13.421053	E5	63	80	0	2	-2.287533
67	13.421053	14.210526	F5	63	80	0	3	-2.675961
68	13.500000	13.750000	D4	63	80	1	-3	-4.764209
69	13.750000	14.000000	E4	63	80	1	-2	-2.510186
70	14.000000	14.250000	F#4	63	80	1	-1	-3.101885
71	14.210526	14.605263	F5	63	80	0	5	-6.674803
72	14.250000	14.500000	G#4	63	80	1	-2	-5.429322
73	14.500000	15.000000	A4	63	80	1	-1	-3.404249
74	14.605263	15.000000	E5	63	80	0	4	-2.814339
75	15.000000	15.394737	D5	63	80	0	3	-2.238713
76	15.000000	15.250000	C4	63	80	1	-5	-3.730225
77	15.250000	15.500000	D4	63	80	1	-4	-3.907966
78	15.394737	15.789474	C5	63	80	0	2	-2.287533
79	15.500000	15.750000	E4	63	80	1	-3	-2.915060
80	15.750000	16.000000	F#4	63	80	1	-2	-3.407298
81	15.789474	16.578947	B4	63	80	0	1	-2.609267
82	16.000000	16.250000	G4	63	80	1	-1	-3.404249
83	16.250000	16.500000	E4	63	80	1	-2	-3.291596
84	16.500000	17.000000	D4	63	80	1	-3	-2.891080
85	16.578947	16.973684	G5	63	80	0	4	-4.268071
86	16.973684	17.368421	F5	63	80	0	3	-2.238713
87	17.368421	17.763158	E5	63	80	0	2	-2.287533
88	17.500000	17.750000	F#3	63	80	1	-5	-5.848500
89	17.750000	18.000000	G#3	63	80	1	-4	-3.907966
90	17.763158	18.157895	D5	63	80	0	1	-2.609267
91	18.000000	18.250000	A3	63	80	1	-3	-4.267903
92	18.157895	18.552632	C#5	63	80	0	2	-4.284147
93	18.250000	18.500000	B3	63	80	1	-2	-2.510186
94	18.500000	19.000000	C4	63	80	1	-1	-2.578439
95	18.552632	18.750000	D5	63	80	0	3	-3.686981
96	18.750000	18.947368	E5	63	80	0	4	-2.883688
97	18.947368	20.131579	F#5	63	80	0	5	-4.070264
98	19.000000	19.500000	D#3	63	80	1	-4	-4.497131
99	19.750000	20.000000	E3	63	80	1	-3	-4.267903
100	20.000000	20.250000	F#3	63	80	1	-2	-3.407298
101	20.131579	20.526316	E5	63	80	0	4	-4.503222
102	20.250000	20.500000	G3	63	80	1	-1	-3.404249
103	20.500000	20.750000	A-3	63	80	1	-2	-4.643648
104	20.526316	21.315789	D5	63	80	0	3	-2.238713
105	20.750000	21.000000	G3	63	80	1	-1	-3.931111
106	21.000000	21.250000	F#3	63	80	1	-2	-3.720116
107	21.250000	21.375000	G3	63	80	1	-1	-3.404249
108	21.315789	21.710526	C5	63	80	0	2	-2.287533
109	21.375000	21.500000	A3	63	80	1	-3	-4.611792
110	21.500000	21.750000	B-3	63	80	1	-2	-3.081523
111	21.750000	22.000000	A3	63	80	1	-3	-3.281947
112	22.250000	22.500000	G#3	63	80	1	-4	-5.020222
113	22.894737	23.289474	A4	63	80	0	1	-3.157580
114	23.000000	23.250000	A3	63	80	1	-3	-4.267903
115	23.250000	23.375000	B3	63	80	1	-2	-2.510186
116	23.289474	23.684211	B4	63	80	0	2	-2.867384
117	23.375000	23.500000	C4	63	80	1	-1	-2.578439
118	23.500000	24.750000	D-4	63	80	1	-2	-4.643648
119	23.684211	24.078947	C#5	63	80	0	3	-3.409656
120	24.078947	24.473684	D#5	63	80	0	4	-2.883688
121	24.473684	25.263158	E5	63	80	0	5	-3.684684
122	24.750000	25.250000	D-4	63	80	1	-2	-3.999177
123	25.250000	25.500000	C4	63	80	1	-1	-3.931111
124	25.263158	25.657895	G4	63	80	0	1	-2.845304
125	25.500000	26.000000	B-3	63	80	1	-2	-3.299403
126	25.657895	26.052632	A4	63	80	0	2	-2.867384
127	26.000000	26.500000	A3	63	80	1	-3	-3.281947
128	26.052632	26.447368	B4	63	80	0	3	-2.675961
129	26.447368	26.842105	C#5	63	80	0	4	-4.476680
130	26.500000	27.000000	G3	63	80	1	-4	-3.061136
131	26.842105	27.631579	D5	63	80	0	5	-3.684684
132	27.000000	27.250000	D4	63	80	1	-1	-2.959487
133	27.250000	27.500000	C4	81	80	1	-2	-2.745489
134	27.500000	27.750000	B3	81	80	1	-3	-2.891080
135	27.631579	28.026316	F#4	63	80	0	1	-3.862851
136	27.750000	28.000000	A3	81	80	1	-4	-3.061136
137	28.000000	28.500000	G3	81	80	1	-5	-3.249332
138	28.026316	28.421053	G#4	63	80	0	2	-2.867384
139	28.421053	28.815789	A4	63	80	0	3	-3.686981
140	28.500000	28.750000	F#4	81	80	1	-1	-5.964413
141	28.750000	29.000000	E4	81	80	1	-2	-4.084076
142	28.815789	29.210526	B4	63	80	0	4	-2.883688
143	29.000000	29.250000	D4	81	80	1	-3	-2.891080
144	29.210526	30.000000	C5	63	80	0	5	-2.706622
145	29.250000	29.500000	C4	81	80	1	-1	-3.930078
146	29.500000	30.000000	B3	81	80	1	-2	-2.745489
147	30.000000	30.394737	E4	63	80	0	1	-2.845304
148	30.000000	30.250000	D4	45	80	1	-1	-2.415329
149	30.250000	30.500000	C4	45	80	1	-2	-2.745489
150	30.394737	30.789474	F#4	63	80	0	2	-3.246278
151	30.500000	30.750000	B3	45	80	1	-3	-2.891080
152	30.750000	31.000000	A3	45	80	1	-1	-3.930078
153	30.789474	31.184211	G4	63	80	0	3	-3.686981
154	31.000000	31.500000	A-3	45	80	1	-2	-3.720116
155	31.184211	31.578947	A4	63	80	0	4	-2.883688
156	31.500000	31.750000	C4	81	80	1	-1	-3.262923
157	31.578947	32.368421	B-4	81	80	0	5	-4.385182
158	31.750000	32.000000	B-3	81	80	1	-2	-3.299403
159	32.000000	32.250000	A3	81	80	1	-3	-3.281947
160	32.250000	32.500000	G3	81	80	1	-1	-3.930078
161	32.368421	32.763158	A4	81	80	0	4	-4.300502
162	32.500000	32.750000	F#3	81	80	1	-2	-3.720116
163	32.750000	32.875000	G3	81	80	1	-1	-3.404249
164	32.763158	33.157895	G4	81	80	0	3	-2.238713
165	32.875000	33.000000	A3	81	80	1	-3	-4.611792
166	33.000000	34.000000	B3	81	80	1	-2	-2.510186
167	33.000000	33.500000	B3	81	80	1	-2	-3.999177
168	33.157895	33.552632	F4	81	80	0	2	-2.287533
169	33.500000	34.000000	A3	81	80	1	-3	-2.891080
170	33.552632	33.750000	G4	81	80	0	3	-2.675961
171	33.750000	33.947368	A4	81	80	0	4	-2.883688
172	33.947368	34.342105	B-4	81	80	0	5	-4.385182
173	34.000000	35.000000	G3	90	80	1	-4	-3.061136
174	34.000000	35.000000	B3	90	80	1	-2	-2.359478
175	34.342105	34.736842	A4	81	80	0	4	-4.300502
176	34.736842	35.526316	G4	81	80	0	3	-2.238713
177	35.526316	35.921053	C5	81	80	0	5	-3.128600
178	35.921053	36.315789	G4	81	80	0	2	-3.071676
179	36.315789	36.710526	F4	81	80	0	1	-2.609267
180	36.710526	36.907895	G4	81	80	0	2	-2.867384
181	36.907895	37.105263	A4	81	80	0	3	-2.675961
182	37.105263	37.500000	B-4	81	80	0	4	-4.152325
183	37.500000	37.894737	A4	81	80	0	3	-3.302559
184	37.894737	38.289474	G4	81	80	0	2	-2.287533
185	38.289474	38.684211	C5	81	80	0	4	-2.909306
186	38.684211	39.078947	B-4	81	80	0	3	-3.510496
187	39.078947	39.473684	A4	81	80	0	2	-2.803601
188	39.473684	40.263158	G4	81	80	0	1	-2.609267
189	40.263158	41.052632	F4	81	80	0	3	-4.737465
190	41.052632	42.631579	G4	81	80	0	4	-2.883688
191	42.631579	43.026316	A4	63	80	0	5	-2.706622
192	43.026316	43.421053	G4	63	80	0	4	-2.814339
193	43.421053	43.815789	F#4	63	80	0	3	-3.226506
194	43.815789	44.210526	E4	63	80	0	2	-3.286699
195	44.210526	45.000000	D4	63	80	0	1	-2.609267
196	45.000000	45.394737	A4	63	80	0	4	-4.054949
197	45.394737	45.789474	G4	63	80	0	3	-2.238713
198	45.789474	46.184211	A4	63	80	0	4	-2.883688
199	46.184211	46.578947	G4	63	80	0	3	-2.238713
200	46.578947	47.368421	F#4	63	80	0	2	-3.151465
201	47.368421	47.763158	A4	81	80	0	3	-3.265372
202	47.763158	48.157895	G4	81	80	0	2	-2.287533
203	48.157895	48.552632	F4	81	80	0	1	-2.609267
204	48.552632	48.947368	E4	81	80	0	3	-4.737465
205	48.947368	49.736842	D4	81	80	0	2	-2.287533
206	49.736842	50.131579	G4	81	80	0	5	-3.228870
207	50.131579	50.526316	F4	81	80	0	4	-2.814339
208	50.526316	50.921053	E4	81	80	0	3	-2.238713
209	50.921053	51.315789	D4	81	80	0	2	-2.287533
210	51.315789	51.710526	C4	81	80	0	1	-2.609267
211	51.710526	51.907895	D4	81	80	0	2	-2.867384
212	51.907895	52.105263	E4	81	80	0	3	-2.675961
213	52.105263	52.500000	F4	81	80	0	4	-2.883688
214	52.500000	52.894737	E4	81	80	0	3	-2.238713
215	52.894737	56.052632	D4	81	80	0	2	-2.287533
