//Version: PianoFingering_v170101
1	0.000000	0.250000	D3	90	80	1	-5	-0.504576
2	0.000000	0.250000	F3	90	80	1	-3	-3.170876
3	0.263158	0.526316	D4	90	80	0	2	-1.773062
4	0.263158	0.526316	F4	90	80	0	4	-2.758588
5	0.500000	0.750000	E3	90	80	1	-4	-3.061136
6	0.500000	0.750000	A3	90	80	1	-2	-2.507290
7	0.789474	1.052632	E4	90	80	0	3	-2.238713
8	0.789474	1.052632	A4	90	80	0	5	-3.128600
9	1.000000	1.500000	D3	90	80	1	-5	-3.155341
10	1.000000	1.500000	F3	90	80	1	-3	-3.170876
11	1.315789	1.578947	D4	90	80	0	2	-3.263552
12	1.315789	1.578947	F4	90	80	0	4	-2.758588
13	1.500000	1.750000	E3	90	80	1	-4	-3.061136
14	1.500000	1.750000	A3	90	80	1	-2	-2.507290
15	1.578947	1.842105	E4	90	80	0	3	-2.238713
16	1.578947	1.842105	A4	90	80	0	5	-3.128600
17	1.750000	2.000000	D3	90	80	1	-5	-3.155341
18	1.750000	2.000000	F3	90	80	1	-3	-3.170876
19	2.105263	2.368421	D4	90	80	0	2	-3.263552
20	2.105263	2.368421	F4	90	80	0	4	-2.758588
21	2.250000	2.500000	E3	90	80	1	-4	-3.061136
22	2.250000	2.500000	A3	90	80	1	-2	-2.507290
23	2.631579	2.894737	E4	90	80	0	3	-2.238713
24	2.631579	2.894737	A4	90	80	0	5	-3.128600
25	2.750000	3.250000	D3	90	80	1	-5	-3.155341
26	2.750000	3.250000	F3	90	80	1	-3	-3.170876
27	3.157895	3.421053	D4	90	80	0	2	-3.263552
28	3.157895	3.421053	F4	90	80	0	3	-3.012122
29	3.250000	3.500000	E3	90	80	1	-4	-3.061136
30	3.250000	3.500000	G#3	90	80	1	-2	-3.159098
31	3.421053	3.684211	E4	90	80	0	2	-2.287533
32	3.500000	3.750000	F3	90	80	1	-4	-5.038436
33	3.500000	3.750000	A3	90	80	1	-2	-2.359478
34	3.947368	4.210526	D4	90	80	0	1	-2.609267
35	4.210526	4.473684	E4	90	80	0	2	-2.867384
36	4.473684	4.736842	F4	90	80	0	3	-2.675961
37	4.500000	4.750000	G#3	63	80	1	-3	-3.848567
38	4.736842	5.526316	E4	90	80	0	2	-2.287533
39	4.750000	5.000000	F3	90	80	1	-4	-4.404178
40	4.750000	5.000000	A3	90	80	1	-2	-2.359478
41	5.000000	5.250000	E3	90	80	1	-4	-4.045906
42	5.000000	5.250000	G#3	90	80	1	-2	-3.159098
43	5.250000	6.000000	D3	90	80	1	-5	-5.017302
44	5.250000	6.000000	A3	90	80	1	-1	-3.477173
45	5.789474	6.052632	F4	90	80	0	3	-2.675961
46	5.789474	6.052632	A4	90	80	0	5	-2.681011
47	6.052632	6.315789	E4	90	80	0	2	-3.071676
48	6.052632	6.315789	G#4	90	80	0	4	-3.522723
49	6.250000	6.500000	E3	90	80	1	-2	-3.456527
50	6.250000	6.500000	G#3	90	80	1	-1	-3.194227
51	6.315789	6.578947	D4	90	80	0	1	-3.845468
52	6.315789	6.578947	F4	90	80	0	2	-2.525967
53	6.500000	6.750000	D3	90	80	1	-2	-5.875271
54	6.500000	6.750000	F3	90	80	1	-1	-2.415329
55	6.578947	7.368421	E4	90	80	0	1	-2.609267
56	6.750000	7.000000	E3	63	80	1	-2	-2.745489
57	7.368421	7.894737	E4	90	80	0	1	-4.507997
58	7.368421	7.894737	G4	90	80	0	2	-2.525967
59	7.894737	8.157895	E4	90	80	0	1	-3.157580
60	7.894737	8.157895	G4	90	80	0	2	-2.525967
61	8.000000	8.500000	E3	90	80	1	-2	-3.999177
62	8.000000	8.500000	G3	90	80	1	-1	-2.415329
63	8.157895	8.421053	E4	90	80	0	1	-3.157580
64	8.157895	8.421053	G4	90	80	0	2	-2.525967
65	8.421053	8.684211	E4	90	80	0	1	-3.157580
66	8.421053	8.684211	G4	90	80	0	2	-2.525967
67	8.500000	8.750000	E3	90	80	1	-2	-3.291596
68	8.500000	8.750000	G3	90	80	1	-1	-2.415329
69	8.684211	8.947368	E4	90	80	0	1	-3.157580
70	8.684211	8.947368	G4	90	80	0	2	-2.525967
71	8.750000	9.000000	E3	90	80	1	-2	-3.291596
72	8.750000	9.000000	G3	90	80	1	-1	-2.415329
73	8.947368	9.210526	E4	90	80	0	1	-3.157580
74	8.947368	9.210526	G4	90	80	0	2	-2.525967
75	9.000000	9.250000	E3	90	80	1	-2	-3.291596
76	9.000000	9.250000	G3	90	80	1	-1	-2.415329
77	9.210526	9.473684	E4	90	80	0	1	-3.157580
78	9.210526	9.473684	G4	90	80	0	2	-2.525967
79	9.250000	9.500000	E3	90	80	1	-2	-3.291596
80	9.250000	9.500000	G3	90	80	1	-1	-2.415329
81	9.500000	9.750000	E3	90	80	1	-2	-3.291596
82	9.500000	9.750000	G3	90	80	1	-1	-2.415329
83	9.736842	10.000000	E4	90	80	0	1	-3.157580
84	9.736842	10.000000	G4	90	80	0	3	-3.473158
85	9.750000	10.000000	E3	90	80	1	-2	-3.291596
86	9.750000	10.000000	G3	90	80	1	-1	-2.415329
87	10.000000	10.250000	F3	63	80	1	-2	-2.745489
88	10.250000	10.500000	E3	90	80	1	-3	-2.891080
89	10.250000	10.500000	G3	90	80	1	-1	-2.967507
90	10.263158	10.526316	E4	90	80	0	2	-3.674662
91	10.263158	10.526316	G4	90	80	0	4	-2.758588
92	10.500000	11.000000	F3	90	80	1	-2	-2.745489
93	10.500000	11.000000	A3	90	80	1	-1	-2.415329
94	10.526316	10.789474	F4	99	80	0	3	-2.238713
95	10.789474	11.052632	E4	90	80	0	2	-2.287533
96	10.789474	11.052632	G4	90	80	0	4	-2.758588
97	11.000000	11.500000	E3	90	80	1	-2	-3.456527
98	11.000000	11.500000	G3	90	80	1	-1	-2.415329
99	11.052632	11.578947	F4	90	80	0	3	-2.238713
100	11.052632	11.578947	A4	90	80	0	5	-2.681011
101	11.500000	11.750000	F3	63	80	1	-2	-2.745489
102	11.750000	12.000000	E3	90	80	1	-3	-2.891080
103	11.750000	12.000000	G3	90	80	1	-1	-2.967507
104	11.842105	12.105263	E4	90	80	0	2	-3.071676
105	11.842105	12.105263	G4	90	80	0	4	-2.758588
106	12.000000	12.500000	F3	90	80	1	-2	-2.745489
107	12.000000	12.500000	A3	90	80	1	-1	-2.415329
108	12.105263	12.368421	F4	99	80	0	3	-2.238713
109	12.368421	12.631579	E4	90	80	0	2	-2.287533
110	12.368421	12.631579	G4	90	80	0	3	-3.012122
111	12.500000	13.000000	E3	90	80	1	-2	-3.456527
112	12.500000	13.000000	G3	90	80	1	-1	-2.415329
113	12.631579	13.157895	F4	90	80	0	2	-2.287533
114	12.631579	13.157895	A4	90	80	0	3	-3.012122
115	13.000000	13.250000	E3	90	80	1	-2	-3.291596
116	13.000000	13.250000	G3	90	80	1	-1	-2.415329
117	13.250000	13.500000	E3	90	80	1	-2	-3.291596
118	13.250000	13.500000	G3	90	80	1	-1	-2.415329
119	13.421053	13.684211	E4	90	80	0	1	-2.905888
120	13.421053	13.684211	G4	90	80	0	2	-2.525967
121	13.684211	13.947368	E4	90	80	0	1	-3.157580
122	13.684211	13.947368	G4	90	80	0	2	-2.525967
123	13.750000	14.000000	E3	90	80	1	-2	-3.291596
124	13.750000	14.000000	G3	90	80	1	-1	-2.415329
125	13.947368	14.210526	E4	90	80	0	1	-3.157580
126	13.947368	14.210526	G4	90	80	0	2	-2.525967
127	14.210526	14.473684	E4	90	80	0	1	-3.157580
128	14.210526	14.473684	G4	90	80	0	2	-2.525967
129	14.250000	14.500000	E3	90	80	1	-2	-3.291596
130	14.250000	14.500000	G3	90	80	1	-1	-2.415329
131	14.473684	14.736842	E4	90	80	0	1	-3.157580
132	14.473684	14.736842	G4	90	80	0	2	-2.525967
133	14.500000	14.750000	F3	63	80	1	-2	-2.745489
134	14.736842	15.000000	E4	90	80	0	1	-3.157580
135	14.736842	15.000000	G4	90	80	0	3	-3.473158
136	14.750000	15.000000	E3	90	80	1	-3	-2.891080
137	14.750000	15.000000	G3	90	80	1	-2	-3.046717
138	15.000000	15.263158	E4	90	80	0	2	-3.674662
139	15.000000	15.263158	G4	90	80	0	4	-2.758588
140	15.000000	19.000000	D3	90	80	1	-5	-3.713619
141	15.000000	19.000000	F#3	90	80	1	-3	-3.351805
142	15.263158	15.526316	F4	99	80	0	3	-2.238713
143	15.526316	15.789474	E4	90	80	0	2	-2.287533
144	15.526316	15.789474	G4	90	80	0	4	-2.758588
145	15.789474	20.000000	F4	90	80	0	3	-2.238713
146	15.789474	20.000000	A4	90	80	0	5	-2.681011
147	19.500000	19.750000	D3	90	80	1	-5	-3.859206
148	19.500000	19.750000	A3	90	80	1	-2	-2.554480
149	19.750000	20.000000	D3	90	80	1	-5	-3.155341
150	19.750000	20.000000	G#3	90	80	1	-2	-5.232676
151	20.000000	20.250000	D3	90	80	1	-5	-5.017302
152	20.000000	20.250000	G#3	90	80	1	-2	-5.232676
153	20.250000	20.500000	D3	90	80	1	-5	-5.017302
154	20.250000	20.500000	G#3	90	80	1	-2	-5.232676
155	20.500000	20.750000	D3	90	80	1	-5	-5.017302
156	20.500000	20.750000	G#3	90	80	1	-2	-5.232676
157	20.526316	20.789474	D4	90	80	0	2	-3.263552
158	20.526316	20.789474	G4	90	80	0	4	-2.909306
159	20.750000	21.000000	D3	90	80	1	-5	-5.017302
160	20.750000	21.000000	G#3	90	80	1	-2	-5.232676
161	20.789474	21.052632	D4	90	80	0	2	-3.266530
162	20.789474	21.052632	E4	90	80	0	3	-2.675961
163	21.000000	21.250000	D3	90	80	1	-5	-5.017302
164	21.000000	21.250000	G#3	90	80	1	-2	-5.232676
165	21.052632	21.315789	D4	90	80	0	2	-2.287533
166	21.052632	21.315789	E4	90	80	0	3	-2.675961
167	21.250000	21.500000	D3	90	80	1	-5	-5.017302
168	21.250000	21.500000	G#3	90	80	1	-2	-5.232676
169	21.315789	21.578947	D4	90	80	0	2	-2.287533
170	21.315789	21.578947	E4	90	80	0	3	-2.675961
171	21.500000	21.750000	D3	90	80	1	-5	-5.017302
172	21.500000	21.750000	F3	90	80	1	-3	-3.170876
173	21.578947	21.842105	D4	90	80	0	2	-2.287533
174	21.578947	21.842105	E4	90	80	0	3	-2.675961
175	21.750000	22.000000	D3	90	80	1	-5	-3.990113
176	21.750000	22.000000	G#3	90	80	1	-2	-5.232676
177	21.842105	22.105263	D4	90	80	0	2	-2.287533
178	21.842105	22.105263	E4	90	80	0	3	-2.675961
179	22.000000	22.250000	D3	90	80	1	-5	-5.017302
180	22.000000	22.250000	A3	90	80	1	-2	-2.554480
181	22.105263	22.368421	D4	90	80	0	2	-2.287533
182	22.105263	22.368421	E4	90	80	0	3	-2.675961
183	22.250000	22.500000	D3	90	80	1	-5	-3.155341
184	22.250000	22.500000	A3	90	80	1	-2	-2.554480
185	22.368421	22.631579	D4	90	80	0	2	-2.287533
186	22.368421	22.631579	E4	90	80	0	3	-2.675961
187	22.500000	22.750000	D3	90	80	1	-5	-3.155341
188	22.500000	22.750000	G#3	90	80	1	-2	-5.232676
189	22.631579	22.894737	D4	63	80	0	2	-2.287533
190	22.750000	23.000000	D3	90	80	1	-5	-5.017302
191	22.750000	23.000000	G#3	90	80	1	-2	-5.232676
192	22.894737	23.157895	D4	90	80	0	2	-4.554564
193	22.894737	23.157895	E4	90	80	0	3	-2.675961
194	23.000000	23.250000	D3	90	80	1	-5	-5.017302
195	23.000000	23.250000	G#3	90	80	1	-2	-5.232676
196	23.157895	23.421053	D4	90	80	0	2	-2.287533
197	23.157895	23.421053	F4	90	80	0	4	-2.758588
198	23.250000	23.750000	D3	90	80	1	-5	-5.017302
199	23.250000	23.750000	F3	90	80	1	-3	-3.170876
200	23.421053	23.684211	D4	90	80	0	2	-3.359779
201	23.421053	23.684211	G4	90	80	0	4	-2.909306
202	23.684211	23.947368	D4	90	80	0	2	-3.266530
203	23.684211	23.947368	E4	90	80	0	3	-2.675961
204	23.750000	24.000000	D3	90	80	1	-5	-3.990113
205	23.750000	24.000000	E3	90	80	1	-4	-3.907966
206	23.947368	24.210526	D4	90	80	0	2	-2.287533
207	23.947368	24.210526	E4	90	80	0	3	-2.675961
208	24.000000	24.250000	D3	90	80	1	-5	-3.249332
209	24.000000	24.250000	G#3	90	80	1	-2	-5.232676
210	24.210526	24.473684	D4	90	80	0	2	-2.287533
211	24.210526	24.473684	E4	90	80	0	3	-2.675961
212	24.250000	24.500000	D3	90	80	1	-5	-5.017302
213	24.250000	24.500000	G#3	90	80	1	-2	-5.232676
214	24.473684	25.000000	D4	63	80	0	2	-2.287533
215	24.500000	24.750000	D3	90	80	1	-5	-5.017302
216	24.500000	24.750000	G#3	90	80	1	-2	-5.232676
217	24.750000	25.000000	D3	90	80	1	-5	-5.017302
218	24.750000	25.000000	E3	90	80	1	-4	-3.907966
219	25.000000	25.263158	G4	90	80	0	4	-2.909306
220	25.000000	25.263158	A4	90	80	0	5	-2.706622
221	25.000000	25.250000	D3	90	80	1	-5	-3.249332
222	25.000000	25.250000	G#3	90	80	1	-2	-5.232676
223	25.250000	25.500000	D3	90	80	1	-5	-5.017302
224	25.250000	25.500000	G#3	90	80	1	-2	-5.232676
225	25.263158	25.526316	E4	90	80	0	2	-3.071676
226	25.263158	25.526316	A4	90	80	0	4	-2.909306
227	25.500000	25.750000	D3	90	80	1	-5	-5.017302
228	25.500000	25.750000	G#3	90	80	1	-2	-5.232676
229	25.526316	25.789474	E4	90	80	0	2	-3.266530
230	25.526316	25.789474	A4	90	80	0	4	-2.909306
231	25.750000	26.000000	D3	90	80	1	-5	-5.017302
232	25.750000	26.000000	F3	90	80	1	-3	-3.170876
233	25.789474	26.052632	E4	90	80	0	2	-3.266530
234	25.789474	26.052632	A4	90	80	0	4	-2.909306
235	26.000000	26.250000	D3	90	80	1	-5	-3.990113
236	26.000000	26.250000	G#3	90	80	1	-2	-5.232676
237	26.052632	26.315789	G4	90	80	0	3	-2.238713
238	26.052632	26.315789	A4	90	80	0	4	-2.883688
239	26.250000	26.500000	D3	90	80	1	-5	-5.017302
240	26.250000	26.500000	A3	90	80	1	-1	-3.477173
241	26.315789	26.578947	E4	90	80	0	2	-3.266530
242	26.315789	26.578947	A4	90	80	0	4	-2.909306
243	26.500000	26.750000	D3	90	80	1	-3	-4.266477
244	26.500000	26.750000	E3	90	80	1	-2	-2.510186
245	26.578947	26.842105	E4	90	80	0	2	-3.266530
246	26.578947	26.842105	A4	90	80	0	4	-2.909306
247	26.750000	27.000000	D3	90	80	1	-3	-2.891080
248	26.750000	27.000000	G#3	90	80	1	-1	-4.411093
249	26.842105	27.105263	E4	90	80	0	2	-3.266530
250	26.842105	27.105263	A4	90	80	0	4	-2.909306
251	27.000000	27.250000	D3	90	80	1	-2	-5.875271
252	27.000000	27.250000	G#3	90	80	1	-1	-5.267467
253	27.105263	27.368421	D4	90	80	0	1	-2.857522
254	27.105263	27.368421	A4	90	80	0	4	-4.054949
255	27.250000	27.500000	D3	90	80	1	-2	-5.875271
256	27.250000	27.500000	G#3	90	80	1	-1	-5.267467
257	27.368421	27.631579	E4	90	80	0	2	-3.266530
258	27.368421	27.631579	A4	90	80	0	4	-2.909306
259	27.500000	28.000000	D3	90	80	1	-2	-5.875271
260	27.500000	28.000000	F3	90	80	1	-1	-2.415329
261	27.631579	27.894737	F4	90	80	0	2	-3.359779
262	27.631579	27.894737	A4	90	80	0	4	-2.758588
263	27.894737	28.157895	G4	90	80	0	3	-2.238713
264	27.894737	28.157895	A4	90	80	0	4	-2.883688
265	28.000000	28.500000	D3	90	80	1	-2	-3.291596
266	28.000000	28.500000	F3	90	80	1	-1	-2.415329
267	28.157895	28.421053	E4	90	80	0	2	-3.266530
268	28.157895	28.421053	A4	90	80	0	4	-2.909306
269	28.421053	28.684211	E4	90	80	0	2	-3.266530
270	28.421053	28.684211	A4	90	80	0	4	-2.909306
271	28.684211	28.947368	E4	90	80	0	2	-3.266530
272	28.684211	28.947368	A4	90	80	0	4	-2.909306
273	28.947368	29.473684	D4	90	80	0	1	-2.857522
274	28.947368	29.473684	A4	90	80	0	4	-4.054949
275	29.473684	30.000000	D4	90	80	0	1	-2.857522
276	29.473684	30.000000	A4	90	80	0	3	-3.751952
