//Version: PianoFingering_v170101
1	0.000000	0.535714	F4	90	80	0	3	-1.701607
2	0.000000	1.000000	C3	90	80	1	-5	-0.504576
3	0.000000	1.000000	G3	90	80	1	-2	-2.554480
4	0.535714	0.803571	E4	90	80	0	2	-2.287533
5	0.803571	1.071429	D4	90	80	0	1	-2.609267
6	1.000000	1.500000	D3	90	80	1	-5	-3.713619
7	1.000000	1.500000	F#3	90	80	1	-3	-3.351805
8	1.071429	1.339286	E4	90	80	0	2	-2.867384
9	1.339286	1.607143	F4	90	80	0	3	-2.675961
10	1.607143	2.142857	G4	90	80	0	4	-2.883688
11	2.142857	2.678571	D4	90	80	0	1	-3.216633
12	3.000000	4.000000	G3	90	80	1	-2	-3.642491
13	3.000000	4.000000	D4	90	80	1	-1	-4.047397
14	3.214286	3.750000	C5	90	80	0	4	-4.869085
15	3.750000	4.017857	B4	90	80	0	3	-2.238713
16	4.000000	4.500000	A3	90	80	1	-2	-3.456527
17	4.000000	4.500000	C#4	90	80	1	-1	-3.194227
18	4.017857	4.285714	A4	90	80	0	2	-2.287533
19	4.285714	4.553571	B4	90	80	0	3	-2.675961
20	4.553571	4.821429	C5	90	80	0	4	-2.883688
21	4.821429	5.357143	D5	90	80	0	5	-2.706622
22	5.357143	5.892857	A4	90	80	0	2	-3.071676
23	6.000000	7.000000	F3	90	80	1	-5	-5.060396
24	6.000000	6.500000	C4	90	80	1	-2	-2.554480
25	6.428571	6.696429	D5	90	80	0	4	-2.909306
26	6.500000	7.000000	B3	90	80	1	-1	-4.644141
27	6.696429	6.964286	C5	90	80	0	3	-2.238713
28	6.964286	7.232143	B4	90	80	0	2	-2.287533
29	7.232143	7.500000	A4	90	80	0	1	-2.609267
30	7.500000	8.035714	B4	90	80	0	2	-2.867384
31	8.000000	9.000000	B-2	90	80	1	-5	-4.553252
32	8.000000	9.000000	F3	90	80	1	-1	-4.813538
33	8.035714	8.571429	G4	90	80	0	1	-3.157580
34	8.571429	8.839286	G4	90	80	0	1	-4.507997
35	8.839286	9.107143	F4	90	80	0	3	-4.737465
36	9.000000	10.000000	A-2	90	80	1	-4	-4.497131
37	9.107143	9.375000	E4	90	80	0	2	-2.287533
38	9.375000	9.642857	D4	90	80	0	1	-2.609267
39	9.642857	10.178571	E4	90	80	0	2	-2.867384
40	10.000000	10.500000	G2	90	80	1	-5	-4.693569
41	10.178571	10.714286	C4	90	80	0	1	-3.157580
42	10.714286	11.250000	F4	90	80	0	3	-3.401091
43	11.000000	11.500000	D3	90	80	1	-2	-2.554480
44	11.000000	11.500000	F#3	90	80	1	-1	-3.194227
45	11.250000	11.517857	E4	90	80	0	2	-2.287533
46	11.517857	11.785714	D4	90	80	0	1	-2.609267
47	11.785714	12.053571	E4	90	80	0	2	-2.867384
48	12.000000	12.250000	D4	90	80	1	-3	-6.240384
49	12.053571	12.321429	F4	90	80	0	3	-2.675961
50	12.250000	12.500000	C4	90	80	1	-4	-3.061136
51	12.321429	12.857143	G4	90	80	0	4	-2.883688
52	12.500000	12.750000	B3	90	80	1	-1	-4.817923
53	12.750000	13.000000	A3	90	80	1	-2	-2.745489
54	12.857143	13.392857	D4	90	80	0	1	-3.216633
55	13.000000	13.500000	B3	90	80	1	-1	-2.578439
56	13.500000	14.000000	G3	90	80	1	-2	-3.291596
57	14.000000	14.250000	G3	90	80	1	-2	-3.999177
58	14.250000	14.500000	F3	90	80	1	-3	-2.891080
59	14.500000	14.750000	E3	90	80	1	-1	-3.930078
60	14.750000	15.000000	D3	90	80	1	-2	-2.745489
61	15.000000	16.071429	D5	90	80	0	4	-3.867317
62	15.000000	16.071429	F5	90	80	0	5	-3.402079
63	15.000000	15.500000	E3	90	80	1	-1	-2.578439
64	15.500000	16.000000	C3	90	80	1	-2	-3.291596
65	16.000000	16.500000	F3	90	80	1	-1	-2.320150
66	16.500000	16.750000	E3	90	80	1	-2	-2.745489
67	16.750000	17.000000	D3	90	80	1	-3	-2.891080
68	17.000000	17.250000	E3	90	80	1	-2	-2.510186
69	17.142857	17.678571	B-4	90	80	0	2	-3.763668
70	17.142857	17.678571	G5	90	80	0	5	-4.457166
71	17.250000	17.500000	F3	90	80	1	-1	-2.578439
72	17.500000	18.000000	G3	90	80	1	-3	-4.611792
73	18.000000	18.500000	D3	90	80	1	-5	-4.227379
74	18.214286	19.285714	A4	90	80	0	1	-3.027253
75	18.214286	19.285714	G5	90	80	0	5	-4.284649
76	19.500000	20.500000	A3	90	80	1	-2	-2.554480
77	19.500000	20.500000	C4	90	80	1	-1	-2.415329
78	19.821429	20.089286	B4	90	80	0	1	-2.845304
79	20.089286	20.357143	C#5	90	80	0	2	-3.246278
80	20.357143	20.892857	D5	90	80	0	3	-3.686981
81	20.357143	20.892857	F#5	90	80	0	5	-3.549127
82	20.500000	21.500000	G3	90	80	1	-2	-3.456527
83	20.500000	21.500000	B3	90	80	1	-1	-2.415329
84	21.428571	21.645963	F4	90	80	0	1	-4.287540
85	21.500000	22.000000	F#3	90	80	1	-2	-4.444474
86	21.500000	22.000000	A3	90	80	1	-1	-2.464298
87	21.645963	21.863354	E4	90	80	0	3	-4.737465
88	21.863354	22.080745	F4	90	80	0	4	-2.883688
89	22.080745	22.298137	D4	90	80	0	2	-3.359779
90	22.298137	22.515528	E4	90	80	0	3	-2.675961
91	22.500000	23.500000	E4	90	80	1	-2	-6.730551
92	22.500000	23.500000	G4	90	80	1	-1	-2.415329
93	22.515528	22.732919	F4	90	80	0	4	-2.883688
94	22.732919	22.950311	G4	90	80	0	5	-2.706622
95	22.950311	23.167702	C4	90	80	0	2	-3.263552
96	23.167702	23.602484	D4	90	80	0	1	-5.369497
97	23.500000	24.500000	D4	90	80	1	-2	-3.456527
98	23.500000	24.500000	F#4	90	80	1	-1	-3.194227
99	24.037267	24.254658	C5	90	80	0	4	-4.869085
100	24.254658	24.472050	B4	90	80	0	3	-2.238713
101	24.472050	24.689441	C5	90	80	0	4	-2.883688
102	24.500000	25.000000	C#4	90	80	1	-2	-3.456527
103	24.500000	25.000000	E4	90	80	1	-1	-2.464298
104	24.689441	24.906832	A4	90	80	0	2	-3.359779
105	24.906832	25.124224	B4	90	80	0	3	-2.675961
106	25.124224	25.341615	C5	90	80	0	4	-2.883688
107	25.341615	25.559006	D5	90	80	0	5	-2.706622
108	25.500000	26.500000	F#3	90	80	1	-4	-4.497131
109	25.500000	26.500000	C4	90	80	1	-1	-4.817923
110	25.559006	25.776398	G4	90	80	0	2	-3.263552
111	25.776398	26.211180	A4	90	80	0	3	-2.675961
112	26.500000	27.000000	F3	90	80	1	-4	-3.752799
113	26.500000	27.000000	B3	90	80	1	-1	-3.219441
114	26.645963	27.080745	G4	90	80	0	2	-2.287533
115	27.080745	27.298137	A4	90	80	0	3	-2.675961
116	27.298137	27.515528	G4	90	80	0	2	-2.287533
117	27.500000	28.500000	B-2	90	80	1	-5	-4.553252
118	27.500000	28.500000	F3	90	80	1	-1	-4.813538
119	27.515528	27.732919	D5	90	80	0	5	-3.528229
120	27.732919	27.950311	C5	90	80	0	4	-2.814339
121	27.950311	28.385093	G4	90	80	0	2	-3.266530
122	28.385093	28.602484	C4	90	80	0	1	-4.740672
123	28.500000	29.000000	B-2	90	80	1	-4	-4.339145
124	28.500000	29.000000	E3	90	80	1	-2	-4.383116
125	28.602484	28.819876	D4	90	80	0	2	-2.867384
126	28.819876	29.037267	E4	90	80	0	3	-2.675961
127	29.037267	29.254658	F4	90	80	0	4	-2.883688
128	29.254658	29.472050	G4	90	80	0	5	-2.706622
129	29.472050	29.689441	D4	90	80	0	3	-3.854029
130	29.689441	30.124224	C4	90	80	0	2	-2.287533
131	30.000000	32.250000	F3	127	80	1	-1	-2.578439
132	30.124224	30.341615	F4	90	80	0	4	-2.909306
133	30.341615	30.559006	E4	90	80	0	3	-2.238713
134	30.559006	30.776398	F4	90	80	0	4	-2.883688
135	30.776398	30.993789	G4	90	80	0	5	-2.706622
136	30.993789	31.211180	E4	90	80	0	3	-3.509161
137	31.211180	31.428571	D4	90	80	0	2	-2.287533
138	31.250000	31.500000	G2	127	80	1	-4	-4.921584
139	31.428571	31.645963	E4	90	80	0	3	-2.675961
140	31.500000	31.750000	A-2	127	80	1	-3	-2.906925
141	31.645963	31.863354	C4	90	80	0	2	-3.674662
142	31.750000	32.000000	F2	127	80	1	-4	-4.404178
143	31.863354	32.298137	D4	90	80	0	1	-5.369497
144	32.000000	32.500000	G2	127	80	1	-3	-2.915060
145	32.500000	32.750000	A2	127	80	1	-2	-2.510186
146	32.750000	33.000000	G2	127	80	1	-3	-2.891080
147	33.000000	33.250000	D3	127	80	1	-1	-3.342645
148	33.167702	34.472050	D5	90	80	0	5	-2.242366
149	33.250000	33.500000	C3	127	80	1	-2	-2.745489
150	33.500000	34.000000	G2	127	80	1	-5	-3.713619
151	34.000000	34.250000	C3	127	80	1	-3	-3.463793
152	34.037267	34.472050	A4	90	80	0	2	-3.071676
153	34.250000	34.500000	D3	127	80	1	-2	-2.510186
154	34.500000	34.750000	C3	127	80	1	-3	-2.891080
155	34.750000	35.000000	F3	127	80	1	-2	-3.936874
156	34.906832	35.341615	A4	90	80	0	2	-4.554564
157	34.906832	35.341615	B-4	90	80	0	3	-3.190537
158	35.000000	35.250000	G3	127	80	1	-1	-2.578439
159	35.250000	35.500000	D3	127	80	1	-3	-3.831713
160	35.341615	35.776398	A4	90	80	0	2	-2.803601
161	35.341615	36.211180	B4	90	80	0	3	-2.675961
162	35.500000	36.000000	C3	127	80	1	-4	-3.061136
163	35.776398	36.211180	D4	90	80	0	1	-4.393458
164	36.000000	36.250000	F3	127	80	1	-2	-2.507290
165	36.250000	36.500000	E3	127	80	1	-3	-2.891080
166	36.500000	36.750000	F3	127	80	1	-2	-2.510186
167	36.645963	37.080745	C4	90	80	0	2	-4.891425
168	36.645963	37.080745	A4	90	80	0	5	-3.767315
169	36.750000	37.000000	D3	127	80	1	-4	-3.718276
170	37.000000	37.250000	E3	127	80	1	-3	-2.915060
171	37.250000	37.500000	F3	127	80	1	-2	-2.510186
172	37.500000	37.750000	G3	127	80	1	-1	-2.578439
173	37.515528	37.950311	B3	90	80	0	1	-3.027253
174	37.515528	37.950311	G4	90	80	0	5	-3.707830
175	37.750000	38.000000	C3	127	80	1	-2	-4.659581
176	37.950311	38.385093	A3	90	80	0	1	-3.027253
177	37.950311	38.385093	F#4	90	80	0	5	-4.874096
178	38.000000	38.500000	D3	127	80	1	-1	-2.578439
179	38.819876	39.254658	F#3	99	80	0	1	-1.922714
180	39.254658	39.689441	E3	99	80	0	2	-7.583777
181	39.689441	40.124224	D3	99	80	0	1	-2.609267
182	40.124224	40.993789	E3	99	80	0	2	-2.867384
183	40.500000	43.500000	C2	90	80	1	-5	-3.842215
184	40.500000	43.500000	G2	90	80	1	-1	-3.477173
185	40.993789	41.428571	F#3	99	80	0	3	-3.409656
186	41.428571	41.863354	G3	99	80	0	4	-3.868143
187	41.863354	42.732919	D3	99	80	0	1	-3.216633
188	42.732919	43.167702	C#4	99	80	0	4	-5.698296
189	43.167702	43.602484	B3	99	80	0	2	-4.043146
190	43.500000	44.500000	B1	90	80	1	-5	-3.730225
191	43.500000	44.500000	F#2	90	80	1	-3	-5.375180
192	43.602484	44.037267	A3	99	80	0	1	-2.609267
193	44.037267	44.906832	B3	99	80	0	2	-2.867384
194	44.906832	45.341615	C#4	99	80	0	3	-3.409656
195	45.000000	48.000000	G2	90	80	1	-2	-3.642491
196	45.000000	48.000000	D3	90	80	1	-1	-4.047397
197	45.341615	45.776398	D4	99	80	0	4	-3.868143
198	45.776398	46.645963	E4	99	80	0	5	-2.706622
199	46.645963	47.080745	A3	99	80	0	1	-3.425130
200	47.080745	47.515528	B3	99	80	0	2	-2.867384
201	47.515528	47.950311	C#4	99	80	0	4	-4.064995
202	47.950311	48.819876	D4	99	80	0	5	-3.684684
203	48.000000	48.500000	F#2	90	80	1	-5	-4.332318
204	48.000000	48.500000	C#3	90	80	1	-2	-2.554480
205	48.819876	49.254658	A3	99	80	0	3	-3.854029
206	49.500000	50.500000	F2	90	80	1	-5	-4.626444
207	49.500000	50.500000	C3	90	80	1	-2	-2.554480
208	50.559006	51.863354	B-2	90	80	0	1	-6.884210
209	50.559006	51.863354	E3	90	80	0	3	-5.088322
210	51.000000	51.500000	D3	81	80	1	-1	-2.578439
211	51.500000	52.000000	E3	81	80	1	-3	-4.611792
212	52.000000	52.500000	F#3	81	80	1	-2	-3.407298
213	52.500000	53.500000	G3	81	80	1	-1	-3.404249
214	53.500000	54.000000	D3	81	80	1	-2	-3.456527
215	54.472050	57.080745	C3	90	80	0	1	-3.281335
216	54.472050	57.080745	B-3	90	80	0	4	-4.568866
217	55.500000	56.000000	F#2	63	80	1	-3	-7.619288
218	55.776398	56.645963	F3	90	80	0	1	-4.866697
219	56.000000	56.500000	E2	63	80	1	-4	-4.404178
220	56.500000	57.000000	D2	63	80	1	-5	-3.249332
221	57.000000	57.500000	E2	63	80	1	-4	-3.907966
222	57.080745	57.515528	A5	63	80	0	5	-7.995723
223	57.500000	58.000000	F#2	63	80	1	-3	-3.762277
224	57.515528	57.950311	B5	63	80	0	3	-7.164080
225	57.950311	58.385093	C#6	63	80	0	4	-4.476680
226	58.000000	58.500000	G2	63	80	1	-2	-3.642491
227	58.385093	58.819876	D6	63	80	0	5	-3.684684
228	58.500000	59.500000	D2	63	80	1	-5	-3.713619
229	58.819876	59.689441	A5	63	80	0	2	-3.071676
230	60.993789	62.298137	E4	90	80	0	1	-7.803859
231	60.993789	62.298137	G4	90	80	0	3	-3.473158
232	60.993789	62.298137	B4	90	80	0	5	-2.681011
233	61.500000	63.000000	B4	90	80	1	-3	-8.212705
234	61.500000	63.000000	D5	90	80	1	-2	-3.046717
235	61.500000	63.000000	F#5	90	80	1	-1	-3.194227
236	62.298137	62.732919	F#4	63	80	0	3	-4.491606
237	62.732919	63.167702	E4	63	80	0	2	-3.286699
238	63.000000	63.500000	D5	63	80	1	-2	-4.597368
239	63.167702	63.602484	D4	63	80	0	1	-2.609267
240	63.500000	64.000000	E5	63	80	1	-1	-2.578439
241	63.602484	64.472050	E4	63	80	0	2	-2.867384
242	64.000000	64.500000	F#5	63	80	1	-2	-5.583884
243	64.472050	64.906832	F#4	63	80	0	3	-3.409656
244	64.500000	65.000000	G5	63	80	1	-1	-3.404249
245	64.906832	65.341615	G4	63	80	0	1	-4.595018
246	65.000000	66.000000	D5	63	80	1	-2	-3.456527
247	67.515528	67.950311	E5	45	80	0	3	-4.659051
248	67.950311	68.385093	F#5	45	80	0	4	-4.476680
249	68.000000	71.500000	C3	90	80	1	-5	-6.177855
250	68.000000	71.500000	F3	90	80	1	-5	-5.427640
251	68.000000	71.500000	A#3	90	80	1	-4	-4.565377
252	68.385093	68.819876	G5	45	80	0	5	-3.684684
253	68.819876	70.559006	D5	45	80	0	5	-7.226525
254	71.803571	72.178571	D4	63	80	0	1	-1.922714
255	72.178571	72.553571	E4	63	80	0	2	-2.867384
256	72.553571	72.928571	F#4	63	80	0	3	-3.409656
257	72.928571	73.303571	E4	63	80	0	2	-3.286699
258	73.303571	73.678571	D4	63	80	0	1	-2.609267
259	73.678571	74.053571	E4	63	80	0	2	-2.867384
260	74.053571	74.428571	F#4	63	80	0	3	-3.409656
261	74.428571	74.803571	G4	63	80	0	4	-3.868143
262	74.500000	76.500000	C4	90	80	1	-3	-4.235223
263	74.500000	76.500000	D4	90	80	1	-2	-2.510186
264	74.500000	76.500000	G#4	90	80	1	-1	-5.267467
265	74.803571	75.553571	D4	63	80	0	1	-3.216633
266	81.000000	82.000000	B2	90	80	1	-5	-6.473863
267	81.000000	82.000000	E3	90	80	1	-2	-3.272976
268	81.000000	82.000000	G#3	90	80	1	-1	-3.194227
269	82.500000	83.500000	A2	90	80	1	-5	-4.598096
270	82.500000	83.500000	D3	90	80	1	-2	-3.272976
271	82.500000	83.500000	F#3	90	80	1	-1	-3.194227
