//Version: PianoFingering_v170101
1	0.000000	0.277778	C5	90	80	0	5	-1.850019
2	0.000000	1.000000	D4	90	80	1	-3	-2.360819
3	0.277778	0.555556	A4	90	80	0	3	-3.509161
4	0.555556	0.833333	G4	90	80	0	2	-2.287533
5	0.833333	1.250000	A-4	90	80	0	3	-3.190537
6	1.000000	1.333333	E-4	90	80	1	-2	-3.081523
7	1.250000	1.666667	F4	90	80	0	1	-3.984578
8	1.333333	1.500000	D4	90	80	1	-3	-3.281947
9	1.500000	1.666667	E-4	90	80	1	-2	-3.081523
10	1.666667	2.000000	D4	90	80	1	-3	-3.281947
11	1.666667	2.083333	G-4	90	80	0	2	-3.900292
12	2.000000	2.166667	E-4	90	80	1	-2	-3.081523
13	2.083333	2.500000	B-4	90	80	0	3	-3.012122
14	2.166667	2.333333	D4	90	80	1	-1	-3.931111
15	2.333333	2.500000	C4	90	80	1	-2	-2.745489
16	2.500000	2.777778	G4	90	80	0	2	-3.286699
17	2.500000	2.666667	D4	90	80	1	-1	-2.578439
18	2.666667	2.833333	C4	90	80	1	-2	-2.745489
19	2.777778	3.055556	A4	90	80	0	3	-2.675961
20	2.833333	3.000000	B-3	90	80	1	-3	-3.464153
21	3.000000	3.250000	C4	90	80	1	-2	-2.872099
22	3.055556	3.333333	B4	90	80	0	4	-2.883688
23	3.250000	3.500000	D4	90	80	1	-1	-2.578439
24	3.333333	4.166667	A-4	90	80	0	3	-3.510496
25	3.500000	3.666667	E-4	90	80	1	-2	-4.643648
26	3.666667	3.833333	D4	90	80	1	-1	-3.931111
27	3.833333	4.000000	C4	90	80	1	-2	-2.745489
28	4.000000	4.166667	D4	90	80	1	-1	-2.578439
29	4.166667	4.333333	C4	90	80	1	-2	-2.745489
30	4.166667	5.000000	F4	90	80	0	2	-3.286699
31	4.333333	4.500000	G3	90	80	1	-4	-4.045906
32	4.500000	4.750000	C4	90	80	1	-2	-2.507290
33	4.750000	5.000000	D4	90	80	1	-1	-2.578439
34	5.000000	6.500000	A3	90	80	1	-3	-3.831713
35	6.500000	7.000000	B-3	90	80	1	-2	-3.081523
36	7.000000	7.500000	A3	90	80	1	-3	-3.281947
37	7.500000	8.000000	B3	90	80	1	-2	-2.510186
38	8.000000	9.250000	C4	90	80	1	-1	-2.578439
39	9.250000	9.500000	D4	90	80	1	-3	-4.611792
40	9.500000	9.666667	E-4	90	80	1	-2	-3.081523
41	9.666667	9.833333	D4	90	80	1	-1	-3.931111
42	9.833333	10.000000	C4	90	80	1	-2	-2.745489
43	10.000000	10.166667	D4	90	80	1	-1	-2.578439
44	10.166667	10.333333	C4	90	80	1	-2	-2.745489
45	10.333333	10.500000	A3	90	80	1	-4	-3.718276
46	10.500000	10.750000	C4	90	80	1	-2	-2.359478
47	10.750000	11.000000	D4	90	80	1	-1	-2.578439
48	11.000000	11.166667	E-4	90	80	1	-2	-4.643648
49	11.166667	11.333333	D4	90	80	1	-1	-3.931111
50	11.333333	11.500000	C4	90	80	1	-2	-2.745489
51	11.500000	11.666667	D4	90	80	1	-1	-2.578439
52	11.666667	11.833333	C4	90	80	1	-2	-2.745489
53	11.833333	12.000000	A3	90	80	1	-4	-3.718276
54	12.000000	12.250000	C4	90	80	1	-2	-2.359478
55	12.250000	12.500000	D4	90	80	1	-1	-2.578439
56	12.500000	12.666667	E-4	90	80	1	-2	-4.643648
57	12.666667	12.833333	D4	90	80	1	-1	-3.931111
58	12.833333	13.000000	C4	90	80	1	-2	-2.745489
59	13.000000	13.166667	D4	90	80	1	-1	-2.578439
60	13.166667	13.333333	C4	90	80	1	-2	-2.745489
61	13.333333	13.500000	A3	90	80	1	-4	-3.718276
62	13.500000	13.666667	B3	90	80	1	-3	-2.915060
63	13.666667	13.833333	C4	90	80	1	-2	-2.510186
64	13.833333	14.000000	D4	90	80	1	-1	-2.578439
65	14.000000	14.166667	E-4	90	80	1	-2	-4.643648
66	14.166667	14.333333	D4	90	80	1	-1	-3.931111
67	14.166667	14.444444	C5	90	80	0	5	-3.528229
68	14.333333	14.500000	C4	90	80	1	-2	-2.745489
69	14.444444	14.722222	A4	90	80	0	3	-3.509161
70	14.500000	14.750000	D4	90	80	1	-1	-2.578439
71	14.722222	15.000000	G4	90	80	0	2	-2.287533
72	14.750000	15.000000	C-4	90	80	1	-2	-3.291596
73	15.000000	15.416667	A-4	90	80	0	3	-3.190537
74	15.000000	16.000000	B-3	90	80	1	-3	-3.848567
75	15.416667	15.833333	F4	90	80	0	2	-3.286699
76	16.000000	16.166667	C-4	90	80	1	-1	-4.922596
77	16.166667	16.333333	B-3	90	80	1	-2	-3.720116
78	16.333333	16.500000	C-4	90	80	1	-1	-3.404249
79	16.500000	17.000000	B-3	90	80	1	-2	-3.720116
80	16.666667	16.944444	C5	90	80	0	5	-3.528229
81	16.944444	17.222222	A4	90	80	0	3	-3.509161
82	17.000000	17.166667	C-4	90	80	1	-1	-3.404249
83	17.166667	17.333333	B-3	90	80	1	-2	-3.720116
84	17.222222	17.500000	G4	90	80	0	2	-2.287533
85	17.333333	17.500000	C-4	90	80	1	-1	-3.404249
86	17.500000	17.916667	A-4	90	80	0	3	-3.190537
87	17.500000	18.250000	B-3	90	80	1	-2	-3.720116
88	17.916667	18.333333	F4	90	80	0	1	-3.984578
89	18.250000	18.500000	C-4	90	80	1	-1	-3.404249
90	18.333333	18.750000	G-4	90	80	0	2	-3.900292
91	18.500000	18.750000	B-3	90	80	1	-2	-3.720116
92	18.750000	19.166667	B-4	90	80	0	3	-3.012122
93	18.750000	19.000000	E-4	90	80	1	-1	-2.320150
94	19.000000	20.500000	D4	90	80	1	-2	-4.597368
95	19.166667	19.444444	G4	90	80	0	2	-3.286699
96	19.444444	19.722222	A4	90	80	0	3	-2.675961
97	19.722222	20.000000	B4	90	80	0	4	-2.883688
98	20.000000	20.833333	A-4	90	80	0	3	-3.510496
99	20.500000	21.000000	A3	90	80	1	-5	-3.713619
100	20.833333	21.666667	F4	90	80	0	2	-3.286699
101	21.000000	22.250000	E-4	90	80	1	-2	-5.232676
102	21.666667	24.166667	G-4	90	80	0	3	-3.190537
103	22.250000	22.500000	C4	90	80	1	-3	-4.407505
104	22.500000	22.750000	D4	90	80	1	-2	-2.510186
105	22.750000	23.000000	A3	90	80	1	-5	-3.713619
106	23.000000	23.666667	E-4	90	80	1	-2	-5.232676
107	23.666667	23.833333	A3	90	80	1	-5	-5.017302
108	23.833333	24.000000	D4	90	80	1	-3	-3.463793
109	24.000000	24.666667	E-4	90	80	1	-2	-3.081523
110	24.166667	25.000000	F4	90	80	0	2	-2.803601
111	24.666667	24.833333	D4	90	80	1	-1	-3.931111
112	24.833333	25.000000	A3	90	80	1	-3	-3.831713
113	25.000000	25.833333	A-4	90	80	0	4	-4.064995
114	25.000000	26.750000	E-4	90	80	1	-1	-4.411093
115	25.833333	26.666667	G-4	90	80	0	3	-2.238713
116	26.666667	27.500000	F4	90	80	0	2	-2.803601
117	26.750000	27.000000	C4	90	80	1	-2	-4.084076
118	27.000000	29.000000	D4	90	80	1	-1	-2.578439
119	27.500000	28.333333	A-4	90	80	0	3	-3.409656
120	28.000000	28.125000	A3	90	80	1	-2	-3.456527
121	28.333333	30.833333	G-4	90	80	0	2	-2.287533
122	30.833333	31.111111	A--4	90	80	0	3	-3.686981
123	31.111111	31.388889	G-4	90	80	0	2	-3.151465
124	31.388889	31.666667	A--4	63	80	0	3	-3.686981
125	31.666667	32.500000	G-4	63	80	0	2	-3.151465
126	32.500000	32.777778	A--4	63	80	0	3	-3.686981
127	32.777778	33.055556	G-4	63	80	0	2	-3.151465
128	33.055556	33.333333	A--4	63	80	0	3	-3.686981
129	33.333333	34.583333	G-4	63	80	0	2	-3.151465
130	34.583333	35.000000	A--4	63	80	0	3	-3.686981
131	35.000000	36.666667	G-4	63	80	0	2	-3.151465
132	36.666667	37.575758	C-5	99	80	0	3	-4.453766
133	37.575758	38.484848	G-4	99	80	0	1	-4.375439
134	38.484848	40.303030	A-4	99	80	0	2	-2.867384
135	40.303030	41.212121	A4	99	80	0	3	-3.686981
136	41.212121	41.666667	G-4	99	80	0	2	-3.032881
137	41.666667	42.121212	C-5	99	80	0	3	-4.453766
138	42.121212	44.242424	A-4	99	80	0	2	-3.032881
139	44.242424	44.545455	C-5	99	80	0	3	-3.265372
140	44.545455	44.848485	G-4	99	80	0	1	-4.375439
141	44.848485	45.757576	A-4	99	80	0	2	-2.867384
142	45.757576	46.060606	A4	99	80	0	3	-3.686981
143	46.060606	46.363636	G-4	99	80	0	2	-3.032881
144	46.363636	46.666667	C-5	99	80	0	4	-3.927704
145	46.666667	47.878788	A-4	99	80	0	3	-3.510496
146	47.878788	48.181818	G-4	99	80	0	2	-2.287533
147	48.181818	48.484848	F4	99	80	0	1	-3.290753
148	48.484848	48.787879	G-4	99	80	0	2	-3.900292
149	48.787879	49.090909	A-4	99	80	0	3	-2.675961
150	49.090909	49.393939	B-4	99	80	0	4	-2.883688
151	49.393939	49.696970	C-5	99	80	0	5	-3.684684
152	49.696970	50.000000	B-4	99	80	0	4	-3.640665
153	50.000000	50.303030	A-4	99	80	0	3	-2.238713
154	50.303030	50.757576	G-4	99	80	0	2	-2.287533
155	50.757576	51.212121	A-4	99	80	0	3	-2.675961
156	51.212121	53.030303	F4	99	80	0	2	-3.286699
157	54.848485	56.666667	F4	99	80	0	2	-4.554564
158	54.848485	55.075758	C5	99	80	0	5	-3.528229
