//Version: PianoFingering_v170101
1	0.000000	0.416667	A4	90	80	0	5	-1.850019
2	0.000000	0.250000	A3	63	80	1	-1	-2.235665
3	0.250000	0.500000	G#3	63	80	1	-2	-3.720116
4	0.416667	0.833333	G#4	90	80	0	4	-3.640665
5	0.500000	0.750000	E-3	63	80	1	-3	-5.147120
6	0.750000	1.000000	D3	63	80	1	-4	-3.777019
7	0.833333	1.250000	E-4	90	80	0	2	-3.266530
8	1.000000	1.750000	G3	63	80	1	-1	-3.219441
9	1.250000	1.666667	D4	90	80	0	1	-3.290753
10	1.666667	2.916667	G4	90	80	0	4	-4.278061
11	1.750000	2.000000	F#3	63	80	1	-2	-3.720116
12	2.000000	2.250000	F3	63	80	1	-3	-3.281947
13	2.250000	2.500000	F#3	63	80	1	-2	-3.081523
14	2.500000	2.750000	F3	63	80	1	-3	-3.281947
15	2.750000	3.000000	E3	63	80	1	-4	-3.061136
16	2.916667	3.333333	F#4	90	80	0	3	-3.226506
17	3.000000	3.750000	C4	63	80	1	-1	-3.451917
18	3.333333	3.750000	F4	90	80	0	2	-2.803601
19	3.750000	4.166667	F#4	90	80	0	3	-3.190537
20	3.750000	4.000000	B3	63	80	1	-2	-2.745489
21	4.000000	4.250000	G-3	63	80	1	-3	-5.110739
22	4.166667	4.583333	F4	90	80	0	2	-2.803601
23	4.250000	4.500000	F3	63	80	1	-4	-3.777019
24	4.500000	5.250000	B-3	63	80	1	-2	-3.159098
25	4.583333	5.000000	E4	90	80	0	1	-2.609267
26	5.250000	5.500000	A3	63	80	1	-1	-3.931111
27	5.500000	6.250000	A-3	63	80	1	-2	-3.720116
28	5.833333	7.083333	A4	90	80	0	5	-4.932539
29	6.250000	6.500000	A3	63	80	1	-1	-3.404249
30	6.500000	6.750000	G#3	63	80	1	-2	-3.720116
31	6.750000	7.000000	F#3	63	80	1	-3	-2.891080
32	7.000000	7.250000	G3	81	80	1	-5	-6.301508
33	7.083333	7.500000	G#4	90	80	0	4	-3.640665
34	7.250000	7.500000	A-3	81	80	1	-4	-5.131985
35	7.500000	7.916667	E-4	90	80	0	2	-3.266530
36	7.500000	7.750000	C#4	81	80	1	-2	-2.507290
37	7.750000	8.000000	D4	81	80	1	-1	-3.404249
38	7.916667	8.333333	D4	90	80	0	1	-3.290753
39	8.000000	8.250000	A3	81	80	1	-4	-4.223116
40	8.250000	8.500000	B-3	81	80	1	-3	-2.906925
41	8.333333	9.583333	G4	90	80	0	3	-3.401091
42	8.500000	9.250000	B3	81	80	1	-2	-3.642491
43	9.250000	9.500000	B-3	81	80	1	-3	-3.848567
44	9.500000	9.750000	B3	81	80	1	-2	-3.642491
45	9.583333	10.000000	F#4	90	80	0	2	-3.151465
46	9.750000	10.000000	C4	81	80	1	-1	-2.578439
47	10.000000	11.250000	F4	90	80	0	1	-3.290753
48	10.000000	10.500000	B3	81	80	1	-2	-2.745489
49	10.500000	10.750000	C#4	81	80	1	-1	-3.101885
50	11.000000	11.250000	B-4	99	80	1	-2	-6.730551
51	11.250000	11.666667	F4	90	80	0	1	-4.507997
52	11.250000	11.500000	A4	99	80	1	-1	-3.931111
53	11.500000	12.250000	F-4	99	80	1	-2	-3.456527
54	11.666667	12.083333	F4	90	80	0	2	-4.712397
55	12.083333	12.500000	E4	90	80	0	1	-2.609267
56	12.250000	12.500000	E-4	99	80	1	-3	-3.848567
57	12.500000	12.916667	A4	81	80	0	2	-2.963617
58	12.500000	12.750000	A-4	99	80	1	-2	-3.936874
59	12.750000	13.000000	G4	99	80	1	-1	-3.931111
60	12.916667	13.333333	B-4	81	80	0	1	-6.745114
61	13.000000	13.250000	D4	99	80	1	-2	-3.456527
62	13.250000	13.500000	C#4	99	80	1	-3	-3.848567
63	13.333333	13.750000	D#5	81	80	0	2	-2.963617
64	13.500000	13.750000	F#4	99	80	1	-2	-3.936874
65	13.750000	14.166667	E5	81	80	0	3	-3.686981
66	13.750000	14.000000	E#4	99	80	1	-1	-3.931111
67	14.000000	14.750000	C4	99	80	1	-2	-3.456527
68	14.166667	14.583333	B4	81	80	0	1	-2.905888
69	14.583333	15.000000	C5	81	80	0	2	-2.867384
70	14.750000	15.000000	B3	99	80	1	-3	-2.891080
71	15.000000	16.250000	C#5	81	80	0	3	-3.190537
72	15.000000	15.250000	E4	99	80	1	-1	-2.717521
73	15.250000	15.500000	D#4	99	80	1	-2	-3.720116
74	15.500000	15.750000	B3	99	80	1	-1	-6.695584
75	15.750000	16.000000	A3	99	80	1	-2	-2.745489
76	16.250000	16.666667	C5	81	80	0	2	-2.803601
77	16.500000	16.750000	D4	99	80	1	-1	-2.320150
78	16.666667	17.083333	C#5	81	80	0	3	-3.190537
79	16.750000	17.000000	C#4	99	80	1	-2	-3.720116
80	17.000000	17.250000	A-3	99	80	1	-3	-5.147120
81	17.083333	17.500000	D5	81	80	0	4	-3.868143
82	17.250000	17.500000	G3	99	80	1	-4	-3.777019
83	17.500000	17.916667	C#5	81	80	0	3	-3.226506
84	17.500000	17.750000	C4	99	80	1	-2	-2.507290
85	17.750000	18.000000	B3	99	80	1	-1	-4.644141
86	17.916667	18.333333	D#5	81	80	0	1	-5.198182
87	18.000000	18.250000	G-3	99	80	1	-2	-4.444474
88	18.250000	18.500000	F3	99	80	1	-3	-3.281947
89	18.500000	19.000000	F#3	99	80	1	-2	-3.081523
90	18.750000	19.166667	B-5	99	80	0	3	-3.751952
91	19.000000	19.750000	G3	99	80	1	-1	-3.404249
92	19.166667	19.583333	A5	99	80	0	2	-2.803601
93	19.583333	20.416667	F-5	99	80	0	1	-3.434905
94	19.750000	20.000000	F#3	99	80	1	-2	-3.720116
95	20.000000	20.500000	G3	99	80	1	-1	-3.404249
96	20.416667	20.833333	E-5	99	80	0	2	-4.284147
97	20.500000	20.750000	G#3	99	80	1	-2	-4.643648
98	20.833333	21.250000	A-5	99	80	0	4	-2.909306
99	21.000000	21.250000	A3	63	80	1	-1	-3.404249
100	21.250000	21.666667	G5	99	80	0	3	-3.302559
101	21.250000	21.500000	B-3	63	80	1	-3	-5.495075
102	21.500000	21.750000	D#4	63	80	1	-2	-3.936874
103	21.666667	22.083333	D5	99	80	0	1	-2.905888
104	21.750000	22.000000	E4	63	80	1	-1	-3.404249
105	22.000000	22.500000	B3	63	80	1	-2	-3.456527
106	22.083333	22.500000	C#5	99	80	0	2	-4.284147
107	22.500000	22.916667	F#5	99	80	0	4	-2.909306
108	22.500000	22.750000	B3	63	80	1	-2	-3.999177
109	22.750000	23.000000	C4	63	80	1	-1	-2.578439
110	22.916667	23.333333	E#5	99	80	0	3	-3.302559
111	23.000000	23.250000	C#4	63	80	1	-2	-4.643648
112	23.250000	23.500000	D4	63	80	1	-1	-3.404249
113	23.333333	24.583333	C5	99	80	0	1	-2.905888
114	24.000000	24.250000	G2	63	80	1	-5	-4.212346
115	24.250000	25.250000	A-2	63	80	1	-4	-5.131985
116	24.500000	24.750000	C#3	63	80	1	-2	-2.507290
117	24.583333	25.000000	B4	99	80	0	3	-4.737465
118	24.750000	25.000000	D3	63	80	1	-1	-3.404249
119	25.000000	25.416667	E5	99	80	0	5	-3.128600
120	25.416667	25.833333	D#5	99	80	0	4	-3.640665
121	25.750000	26.000000	B-2	63	80	1	-3	-4.924354
122	25.833333	26.250000	B-4	99	80	0	2	-3.266530
123	26.000000	26.250000	B2	63	80	1	-2	-3.642491
124	26.250000	26.666667	A4	99	80	0	1	-3.290753
125	26.250000	26.500000	A#2	63	80	1	-3	-3.848567
126	26.500000	26.750000	B2	63	80	1	-2	-3.642491
127	26.750000	27.000000	C3	63	80	1	-1	-2.578439
128	27.500000	27.916667	D5	99	80	0	5	-4.932539
129	27.500000	27.750000	E2	45	80	1	-5	-3.730225
130	27.750000	28.000000	F2	45	80	1	-4	-3.907966
131	27.916667	28.333333	C#5	99	80	0	4	-3.640665
132	28.000000	28.750000	A#2	45	80	1	-2	-3.159098
133	28.333333	28.750000	A-4	99	80	0	2	-3.266530
134	28.750000	29.166667	G4	99	80	0	1	-3.290753
135	28.750000	29.000000	B2	45	80	1	-1	-3.404249
136	29.000000	29.750000	F#2	45	80	1	-2	-4.444474
137	29.166667	29.583333	C5	99	80	0	3	-3.401091
138	29.583333	30.000000	B4	99	80	0	2	-2.287533
139	29.750000	30.000000	G2	45	80	1	-1	-3.404249
140	30.000000	30.750000	G#2	45	80	1	-2	-4.643648
141	30.750000	31.000000	G2	45	80	1	-3	-3.281947
142	30.833333	31.250000	G-4	99	80	0	3	-7.141258
143	31.000000	32.000000	G#2	45	80	1	-2	-3.081523
144	31.250000	31.666667	F4	99	80	0	2	-2.803601
145	32.000000	32.500000	A#2	45	80	1	-1	-2.578439
146	32.083333	32.916667	B4	99	80	0	4	-2.909306
147	33.750000	34.166667	B-4	99	80	0	3	-3.226506
148	34.166667	34.583333	A4	99	80	0	2	-2.803601
149	35.416667	36.250000	A4	63	80	0	3	-5.337046
150	36.250000	36.666667	G#4	63	80	0	2	-3.151465
151	36.666667	37.083333	E-4	63	80	0	1	-3.434905
152	37.083333	37.500000	D4	63	80	0	2	-6.767166
153	37.500000	38.750000	G4	63	80	0	5	-3.228870
154	38.750000	39.166667	F#4	63	80	0	4	-3.640665
155	39.166667	39.583333	F4	63	80	0	3	-3.302559
156	39.583333	40.000000	E4	63	80	0	2	-2.287533
157	40.833333	41.250000	A4	63	80	0	5	-3.228870
158	41.250000	41.666667	G#4	63	80	0	4	-3.640665
159	41.666667	42.083333	E-4	63	80	0	2	-3.266530
160	42.083333	42.500000	D4	63	80	0	1	-3.290753
161	42.500000	43.750000	G4	63	80	0	4	-4.278061
162	43.750000	44.166667	F#4	63	80	0	3	-3.226506
163	44.166667	44.583333	F4	63	80	0	2	-2.803601
164	44.583333	45.000000	F#4	63	80	0	3	-3.190537
165	45.000000	45.416667	F4	63	80	0	2	-2.803601
166	45.416667	45.833333	E4	63	80	0	1	-2.609267
167	46.666667	47.083333	A4	45	80	0	5	-4.932539
168	47.083333	47.500000	G#4	45	80	0	4	-3.640665
169	47.500000	48.750000	E-4	45	80	0	2	-3.266530
170	48.750000	49.166667	D4	45	80	0	1	-3.290753
171	49.166667	50.416667	G4	45	80	0	3	-3.401091
172	50.416667	50.833333	F#4	45	80	0	2	-3.151465
173	50.833333	52.083333	F4	45	80	0	1	-3.290753
174	52.083333	52.500000	F4	45	80	0	1	-4.507997
175	52.500000	54.166667	F4	45	80	0	2	-4.712397
176	54.166667	55.000000	E4	45	80	0	1	-2.609267
