//Version: PianoFingering_v170101
1	0.000000	0.217391	E4	126	80	0	1	-0.925785
2	0.000000	0.250000	E2	90	80	1	-5	-0.504576
3	0.217391	0.434783	F4	126	80	0	2	-2.867384
4	0.250000	0.500000	F2	90	80	1	-4	-3.907966
5	0.434783	0.652174	A#4	126	80	0	4	-3.522723
6	0.500000	0.750000	A#2	90	80	1	-2	-3.159098
7	0.652174	0.869565	B4	126	80	0	5	-3.684684
8	0.750000	1.000000	B2	90	80	1	-1	-3.404249
9	0.869565	1.086957	E4	126	80	0	1	-3.425130
10	1.000000	1.250000	E2	90	80	1	-5	-3.242781
11	1.086957	1.304348	F4	126	80	0	2	-2.867384
12	1.250000	1.500000	F2	90	80	1	-4	-3.907966
13	1.304348	1.521739	A#4	126	80	0	4	-3.522723
14	1.500000	1.750000	A#2	90	80	1	-2	-3.159098
15	1.739130	1.956522	B4	126	80	0	5	-3.684684
16	1.956522	2.173913	A#4	126	80	0	4	-3.640665
17	2.000000	2.250000	B2	90	80	1	-1	-3.404249
18	2.173913	2.391304	F4	126	80	0	2	-4.058569
19	2.250000	2.500000	A#2	90	80	1	-2	-3.720116
20	2.391304	2.608696	E4	126	80	0	1	-2.609267
21	2.500000	2.750000	F2	90	80	1	-1	-6.695584
22	2.608696	2.826087	A4	126	80	0	4	-4.278061
23	2.750000	3.000000	E2	90	80	1	-2	-2.745489
24	2.826087	3.043478	G#4	126	80	0	3	-3.226506
25	3.000000	3.250000	A2	90	80	1	-1	-2.320150
26	3.043478	3.260870	G4	126	80	0	2	-2.803601
27	3.250000	3.500000	G#2	90	80	1	-2	-3.720116
28	3.478261	3.695652	F#4	126	80	0	1	-4.846711
29	3.500000	3.750000	G2	90	80	1	-3	-3.281947
30	3.695652	3.913043	G#4	126	80	0	2	-2.867384
31	3.913043	4.130435	A4	126	80	0	3	-3.686981
32	4.000000	4.250000	F#2	90	80	1	-4	-5.020222
33	4.130435	4.347826	A#4	126	80	0	4	-4.152325
34	4.250000	4.500000	G#2	90	80	1	-3	-2.915060
35	4.347826	4.565217	F4	126	80	0	2	-4.058569
36	4.500000	4.750000	A2	90	80	1	-2	-3.642491
37	4.565217	4.782609	B4	126	80	0	4	-2.909306
38	4.750000	5.000000	A#2	90	80	1	-1	-4.284379
39	4.782609	5.000000	G4	126	80	0	2	-3.359779
40	5.000000	5.217391	E4	126	80	0	1	-3.157580
41	5.000000	5.250000	F2	90	80	1	-2	-4.597368
42	5.217391	5.434783	F#4	126	80	0	2	-3.246278
43	5.250000	5.500000	B2	90	80	1	-1	-2.320150
44	5.434783	5.652174	G#4	126	80	0	3	-2.675961
45	5.500000	5.750000	G2	90	80	1	-2	-3.291596
46	5.652174	5.869565	A4	126	80	0	1	-4.595018
47	5.750000	6.000000	E2	90	80	1	-4	-3.718276
48	5.869565	6.086957	A#4	126	80	0	2	-3.900292
49	6.000000	6.250000	F#2	90	80	1	-3	-3.762277
50	6.086957	6.304348	F4	126	80	0	1	-4.134704
51	6.250000	6.500000	G#2	90	80	1	-2	-2.510186
52	6.304348	6.521739	G4	126	80	0	2	-2.867384
53	6.500000	6.750000	A2	90	80	1	-1	-3.404249
54	6.521739	6.739130	G#4	126	80	0	3	-3.190537
55	6.750000	7.000000	A#2	90	80	1	-3	-5.495075
56	6.956522	7.173913	G4	126	80	0	2	-2.803601
57	7.000000	7.250000	F2	90	80	1	-5	-3.859206
58	7.173913	7.391304	A4	126	80	0	3	-2.675961
59	7.250000	7.500000	G2	90	80	1	-4	-3.907966
60	7.391304	7.608696	A#4	126	80	0	4	-4.152325
61	7.500000	7.750000	G#2	90	80	1	-3	-2.906925
62	7.826087	8.043478	G4	126	80	0	2	-4.043146
63	8.000000	8.250000	G2	90	80	1	-4	-3.777019
64	8.043478	8.260870	G#4	126	80	0	3	-3.190537
65	8.250000	8.500000	A2	90	80	1	-3	-2.915060
66	8.260870	8.478261	B4	126	80	0	5	-3.635747
67	8.500000	8.750000	A#2	90	80	1	-2	-3.081523
68	8.695652	8.913043	G#4	126	80	0	4	-4.424487
69	8.913043	9.130435	G4	126	80	0	3	-3.302559
70	9.000000	9.250000	G2	90	80	1	-3	-4.407505
71	9.130435	9.347826	E4	126	80	0	2	-3.674662
72	9.250000	9.500000	G#2	90	80	1	-2	-3.081523
73	9.347826	9.565217	A4	126	80	0	5	-3.228870
74	9.500000	9.750000	B2	90	80	1	-1	-2.464298
75	9.565217	9.782609	G#4	126	80	0	4	-3.640665
76	9.782609	10.000000	G4	126	80	0	3	-3.302559
77	10.000000	10.217391	F4	126	80	0	2	-2.287533
78	10.000000	10.250000	G#2	90	80	1	-2	-3.299403
79	10.250000	10.500000	G2	90	80	1	-1	-3.931111
80	10.434783	10.652174	G-4	126	80	0	3	-3.190537
81	10.500000	10.750000	E2	90	80	1	-2	-3.291596
82	10.652174	10.869565	F4	126	80	0	2	-2.803601
83	10.750000	11.000000	A2	90	80	1	-1	-2.320150
84	11.000000	11.250000	G#2	90	80	1	-2	-3.720116
85	11.086957	11.304348	G-4	126	80	0	3	-3.190537
86	11.250000	11.500000	G2	90	80	1	-3	-3.281947
87	11.304348	11.521739	F4	126	80	0	2	-2.803601
88	11.500000	11.750000	F2	90	80	1	-4	-3.061136
89	11.739130	11.956522	G-4	126	80	0	3	-3.190537
90	11.956522	12.173913	F4	126	80	0	2	-2.803601
91	12.000000	12.250000	G-2	90	80	1	-3	-2.906925
92	12.250000	12.500000	F2	90	80	1	-4	-3.777019
93	12.391304	12.608696	A4	126	80	0	4	-2.758588
94	12.608696	12.826087	G-4	126	80	0	3	-3.510496
95	12.750000	13.000000	G-2	90	80	1	-3	-2.906925
96	12.826087	13.043478	F4	126	80	0	2	-2.803601
97	13.000000	13.250000	F2	90	80	1	-4	-3.777019
98	13.043478	13.260870	A#4	126	80	0	4	-3.522723
99	13.260870	13.478261	F4	126	80	0	2	-4.058569
100	13.478261	13.695652	E4	126	80	0	1	-2.609267
101	13.500000	13.750000	G-2	90	80	1	-3	-2.906925
102	13.750000	14.000000	F2	90	80	1	-4	-3.777019
103	13.913043	14.130435	F#4	126	80	0	2	-3.246278
104	14.130435	14.347826	G#4	126	80	0	3	-2.675961
105	14.250000	14.500000	A2	90	80	1	-2	-2.359478
106	14.347826	14.565217	A4	126	80	0	4	-3.868143
107	14.500000	14.750000	G-2	90	80	1	-3	-3.464153
108	14.565217	14.782609	G4	126	80	0	3	-2.238713
109	14.750000	15.000000	F2	90	80	1	-4	-3.777019
110	14.782609	15.000000	F#4	126	80	0	2	-3.151465
111	15.000000	15.217391	G#4	126	80	0	3	-2.675961
112	15.000000	15.250000	A#2	90	80	1	-2	-3.159098
113	15.217391	15.434783	A4	126	80	0	4	-3.868143
114	15.250000	15.500000	F2	90	80	1	-4	-4.761119
115	15.434783	15.652174	E4	126	80	0	2	-3.266530
116	15.500000	15.750000	E2	90	80	1	-5	-3.249332
117	15.652174	16.304348	A4	126	80	0	5	-3.228870
118	16.304348	16.521739	G4	126	80	0	4	-2.814339
119	16.500000	16.750000	F#3	99	80	1	-3	-8.212705
120	16.521739	16.739130	F#4	126	80	0	3	-3.226506
121	16.739130	16.956522	E4	126	80	0	2	-3.286699
122	16.750000	17.000000	G#3	99	80	1	-2	-2.510186
123	16.956522	17.391304	A4	126	80	0	4	-2.909306
124	17.000000	17.250000	A3	99	80	1	-1	-3.404249
125	17.250000	17.500000	G3	99	80	1	-2	-2.745489
126	17.391304	17.608696	A4	99	80	0	4	-4.784491
127	17.500000	17.750000	F#3	99	80	1	-3	-3.848567
128	17.608696	17.826087	G4	99	80	0	3	-2.238713
129	17.750000	18.000000	G#3	99	80	1	-2	-2.510186
130	17.826087	18.043478	F#4	99	80	0	2	-3.151465
131	18.000000	18.250000	A3	99	80	1	-1	-3.404249
132	18.043478	18.260870	G#4	99	80	0	3	-2.675961
133	18.250000	18.500000	G3	99	80	1	-2	-2.745489
134	18.260870	18.478261	A4	99	80	0	4	-3.868143
135	18.478261	18.695652	G4	99	80	0	3	-2.238713
136	18.500000	18.750000	F#3	99	80	1	-3	-3.848567
137	18.695652	18.913043	F#4	99	80	0	2	-3.151465
138	18.750000	19.000000	G#3	99	80	1	-2	-2.510186
139	18.913043	19.130435	G#4	99	80	0	3	-2.675961
140	19.000000	19.250000	A3	99	80	1	-1	-3.404249
141	19.130435	19.347826	A4	99	80	0	4	-3.868143
142	19.250000	19.500000	G3	99	80	1	-2	-2.745489
143	19.347826	19.565217	G4	99	80	0	3	-2.238713
144	19.500000	19.750000	F#3	99	80	1	-3	-3.848567
145	19.565217	19.782609	F#4	99	80	0	2	-3.151465
146	19.750000	20.000000	G#3	99	80	1	-2	-2.510186
147	19.782609	20.000000	G#4	99	80	0	3	-2.675961
148	20.000000	20.217391	A4	99	80	0	4	-3.868143
149	20.000000	20.750000	A3	126	80	1	-1	-3.404249
150	20.217391	20.434783	G4	99	80	0	3	-2.238713
151	20.434783	20.652174	F#4	99	80	0	2	-3.151465
152	20.652174	20.869565	G#4	99	80	0	3	-2.675961
153	20.750000	21.000000	G3	126	80	1	-2	-2.745489
154	20.869565	21.086957	A4	99	80	0	4	-3.868143
155	21.000000	21.250000	F#3	126	80	1	-3	-3.848567
156	21.086957	21.304348	G4	99	80	0	3	-2.238713
157	21.250000	21.500000	G#3	126	80	1	-2	-2.510186
158	21.304348	21.521739	F#4	99	80	0	2	-3.151465
159	21.500000	21.750000	A3	126	80	1	-1	-3.404249
160	21.521739	21.739130	E4	99	80	0	1	-3.360143
161	21.739130	21.956522	F#4	99	80	0	2	-3.246278
162	21.750000	22.000000	E3	126	80	1	-2	-3.456527
163	21.956522	22.173913	G4	99	80	0	3	-3.686981
164	22.000000	22.750000	A3	126	80	1	-1	-2.320150
165	22.173913	22.391304	A4	99	80	0	4	-2.883688
166	22.391304	22.608696	G4	99	80	0	3	-2.238713
167	22.608696	22.826087	F#4	99	80	0	2	-3.151465
168	22.750000	23.000000	G3	126	80	1	-2	-2.745489
169	22.826087	23.043478	E4	99	80	0	1	-3.360143
170	23.000000	23.250000	F#3	126	80	1	-3	-3.848567
171	23.043478	23.260870	F#4	99	80	0	2	-3.246278
172	23.250000	23.500000	E3	126	80	1	-5	-4.372251
173	23.260870	23.478261	G4	99	80	0	3	-3.686981
174	23.478261	23.695652	E4	99	80	0	1	-3.281335
175	23.500000	23.750000	A#3	126	80	1	-2	-5.232676
176	23.695652	23.913043	F#4	99	80	0	2	-3.246278
177	23.750000	24.750000	A#3	126	80	1	-2	-3.999177
178	23.913043	24.130435	G4	99	80	0	3	-3.686981
179	24.130435	24.347826	E4	99	80	0	1	-3.281335
180	24.347826	24.565217	F4	99	80	0	2	-2.867384
181	24.565217	24.782609	F#4	99	80	0	3	-3.190537
182	24.750000	25.000000	E3	126	80	1	-5	-5.017302
183	24.782609	25.000000	E4	99	80	0	2	-3.286699
184	25.000000	25.750000	A#3	126	80	1	-2	-5.232676
185	25.217391	25.869565	A#4	126	80	0	4	-5.307691
186	25.750000	26.000000	B3	126	80	1	-1	-3.404249
187	25.869565	26.086957	B4	126	80	0	5	-3.684684
188	26.000000	26.750000	A#3	126	80	1	-2	-3.720116
189	26.086957	26.739130	A#4	126	80	0	4	-3.640665
190	26.739130	26.956522	E4	126	80	0	1	-3.845468
191	26.750000	27.000000	E3	126	80	1	-5	-5.017302
192	26.956522	27.608696	G#4	126	80	0	2	-3.275273
193	27.000000	27.750000	G#3	126	80	1	-3	-3.351805
194	27.608696	27.826087	A#4	126	80	0	3	-2.675961
195	27.750000	28.000000	A#3	126	80	1	-2	-2.510186
196	27.826087	28.478261	G4	126	80	0	2	-3.286699
197	28.000000	28.750000	G3	126	80	1	-1	-5.183592
198	28.478261	28.695652	E#4	126	80	0	1	-2.609267
199	28.695652	28.913043	F#4	126	80	0	2	-3.900292
200	28.750000	29.000000	F#3	99	80	1	-2	-3.720116
201	28.913043	29.130435	G#4	126	80	0	3	-2.675961
202	29.000000	29.250000	G3	99	80	1	-1	-3.404249
203	29.130435	29.347826	A#4	126	80	0	4	-2.883688
204	29.250000	29.500000	E3	99	80	1	-2	-3.291596
205	29.347826	29.565217	F#4	126	80	0	2	-3.359779
206	29.500000	29.750000	A3	99	80	1	-1	-2.320150
207	29.565217	29.782609	G#4	126	80	0	3	-2.675961
208	29.750000	30.000000	G3	99	80	1	-2	-2.745489
209	29.782609	30.000000	A#4	126	80	0	4	-2.883688
210	30.000000	30.217391	F#4	126	80	0	2	-3.359779
211	30.000000	30.250000	F#3	99	80	1	-3	-3.848567
212	30.217391	30.434783	G#4	126	80	0	3	-2.675961
213	30.250000	30.500000	E3	99	80	1	-4	-4.404178
214	30.434783	30.652174	A#4	126	80	0	4	-2.883688
215	30.500000	30.750000	F#3	99	80	1	-3	-3.762277
216	30.652174	30.869565	F#4	126	80	0	2	-3.359779
217	30.750000	31.000000	G3	99	80	1	-2	-3.642491
218	30.869565	31.086957	G#4	126	80	0	3	-2.675961
219	31.000000	31.250000	E3	99	80	1	-4	-3.718276
220	31.086957	31.304348	A#4	126	80	0	4	-2.883688
221	31.250000	31.500000	F#3	99	80	1	-3	-3.762277
222	31.304348	31.521739	F#4	126	80	0	2	-3.359779
223	31.500000	31.750000	G3	99	80	1	-2	-3.642491
224	31.521739	31.739130	G#4	126	80	0	3	-2.675961
225	31.739130	31.956522	A#4	126	80	0	1	-5.198182
226	31.750000	32.000000	E3	99	80	1	-4	-3.718276
227	32.000000	32.250000	F3	99	80	1	-3	-2.915060
228	32.173913	32.391304	B5	127	80	0	5	-5.933121
229	32.250000	32.500000	F#3	99	80	1	-2	-3.081523
230	32.391304	32.608696	A#5	127	80	0	4	-3.640665
231	32.500000	33.250000	E3	99	80	1	-3	-4.407505
232	32.608696	32.826087	F5	127	80	0	2	-4.058569
233	32.826087	33.043478	E5	127	80	0	1	-2.609267
234	33.043478	33.260870	B5	127	80	0	5	-4.274449
235	33.250000	33.500000	E#3	99	80	1	-2	-2.510186
236	33.260870	33.478261	A#5	127	80	0	4	-3.640665
237	33.478261	33.695652	F5	127	80	0	3	-6.019379
238	33.500000	33.750000	F#3	99	80	1	-1	-4.284379
239	33.750000	34.000000	G#3	99	80	1	-3	-4.611792
240	33.913043	34.130435	E2	127	80	0	1	-8.219875
241	34.000000	34.250000	A#3	99	80	1	-2	-2.510186
242	34.130435	34.347826	F2	127	80	0	2	-2.867384
243	34.250000	34.500000	F#3	99	80	1	-4	-3.718276
244	34.347826	34.565217	A#2	127	80	0	4	-3.522723
245	34.500000	34.750000	G#3	99	80	1	-3	-2.915060
246	34.565217	34.782609	B2	127	80	0	5	-3.684684
247	34.750000	35.000000	A#3	99	80	1	-2	-2.510186
248	34.782609	35.000000	F#2	127	80	0	2	-4.555079
249	35.000000	35.217391	G2	127	80	0	3	-3.686981
250	35.000000	35.250000	F#3	99	80	1	-4	-3.718276
251	35.217391	35.434783	G#2	127	80	0	1	-6.884210
252	35.250000	35.500000	G#3	99	80	1	-3	-2.915060
253	35.500000	35.750000	A#3	99	80	1	-2	-2.510186
254	35.652174	35.869565	A4	127	80	0	5	-8.663433
255	35.750000	36.000000	F#3	99	80	1	-4	-3.718276
256	35.869565	36.086957	G4	127	80	0	4	-2.814339
257	36.000000	36.250000	G#3	99	80	1	-3	-2.915060
258	36.086957	36.304348	F#4	127	80	0	3	-3.226506
259	36.250000	36.500000	A#3	99	80	1	-2	-2.510186
260	36.304348	36.521739	F4	127	80	0	2	-2.803601
261	36.500000	37.250000	F#3	99	80	1	-4	-3.718276
262	36.521739	36.739130	A#4	127	80	0	4	-3.522723
263	36.739130	36.956522	E4	127	80	0	1	-3.845468
264	37.173913	37.391304	B5	127	80	0	5	-6.788400
265	37.250000	37.500000	G#3	99	80	1	-3	-2.915060
266	37.391304	37.608696	A5	127	80	0	4	-2.814339
267	37.500000	37.750000	A#3	126	80	1	-2	-2.510186
268	37.608696	37.826087	G5	127	80	0	3	-2.238713
269	37.750000	38.000000	B3	126	80	1	-1	-3.404249
270	37.826087	38.043478	F#5	127	80	0	2	-3.151465
271	38.000000	38.250000	A#3	126	80	1	-2	-3.720116
272	38.043478	38.260870	F5	127	80	0	1	-3.290753
273	38.250000	38.500000	B3	126	80	1	-1	-3.404249
274	38.260870	38.478261	A#5	127	80	0	3	-3.998423
275	38.478261	38.695652	E5	127	80	0	3	-6.581497
276	38.500000	38.750000	A#3	126	80	1	-2	-3.720116
277	38.750000	39.000000	B3	126	80	1	-1	-3.404249
278	38.913043	39.130435	B4	127	80	0	1	-2.905888
279	39.000000	39.250000	A#3	126	80	1	-2	-3.720116
280	39.130435	39.347826	G#4	127	80	0	4	-6.205414
281	39.250000	39.500000	B3	126	80	1	-1	-3.404249
282	39.347826	39.565217	G4	127	80	0	3	-3.302559
283	39.500000	39.750000	A#3	126	80	1	-2	-3.720116
284	39.565217	39.782609	F#4	127	80	0	2	-3.151465
285	39.750000	40.000000	B3	126	80	1	-1	-3.404249
286	40.000000	40.217391	G2	127	80	0	1	-15.131606
287	40.000000	40.250000	A#3	126	80	1	-2	-3.720116
288	40.217391	40.434783	A2	127	80	0	2	-2.867384
289	40.250000	40.500000	B3	126	80	1	-1	-3.404249
290	40.434783	40.652174	A#2	127	80	0	3	-3.190537
291	40.500000	40.750000	A#3	126	80	1	-2	-3.720116
292	40.750000	41.000000	B3	126	80	1	-1	-3.404249
293	40.869565	41.086957	G5	127	80	0	2	-14.873734
294	41.000000	41.250000	A#3	126	80	1	-2	-3.720116
295	41.086957	41.304348	G#5	127	80	0	3	-3.190537
296	41.250000	41.500000	B3	126	80	1	-1	-3.404249
297	41.304348	41.521739	B5	127	80	0	4	-4.111873
298	41.500000	41.750000	A#3	126	80	1	-2	-3.720116
299	41.521739	41.739130	F#5	127	80	0	2	-3.901124
300	41.739130	41.956522	G5	127	80	0	3	-3.686981
301	41.750000	42.000000	B3	126	80	1	-1	-3.404249
302	41.956522	42.173913	G#5	127	80	0	4	-4.152325
303	42.000000	42.250000	A#3	126	80	1	-2	-3.720116
304	42.173913	42.391304	B5	127	80	0	5	-3.871087
305	42.250000	42.500000	B3	126	80	1	-1	-3.404249
306	42.500000	42.750000	A#3	126	80	1	-2	-3.720116
307	42.750000	43.000000	B3	126	80	1	-1	-3.404249
308	42.826087	43.043478	B4	127	80	0	1	-1.922714
309	43.000000	43.250000	A#3	126	80	1	-2	-3.720116
310	43.043478	43.260870	A#4	127	80	0	2	-4.284147
311	43.250000	43.500000	B3	126	80	1	-1	-3.404249
312	43.478261	43.695652	B2	127	80	0	2	-15.237763
313	43.500000	43.750000	A#3	126	80	1	-2	-3.720116
314	43.695652	43.913043	A#2	127	80	0	1	-4.846711
315	43.750000	44.000000	B3	126	80	1	-1	-3.404249
316	44.000000	44.250000	A#3	126	80	1	-2	-3.720116
317	44.130435	44.347826	B4	127	80	0	5	-8.663433
318	44.250000	44.500000	B3	126	80	1	-1	-3.404249
319	44.347826	44.565217	A#4	127	80	0	1	-7.499323
320	44.500000	44.750000	A#3	126	80	1	-2	-3.720116
321	44.750000	45.000000	B3	126	80	1	-1	-3.404249
322	44.782609	45.000000	B5	127	80	0	5	-5.933121
323	45.000000	45.217391	A#5	127	80	0	4	-3.640665
324	45.000000	45.250000	A#3	126	80	1	-2	-3.720116
325	45.250000	45.500000	B3	126	80	1	-1	-3.404249
326	45.434783	45.652174	B5	127	80	0	5	-3.684684
327	45.500000	45.750000	A#3	126	80	1	-2	-3.720116
328	45.652174	45.869565	A#5	127	80	0	4	-3.640665
329	45.750000	46.000000	B3	126	80	1	-1	-3.404249
330	46.000000	46.250000	A#3	126	80	1	-2	-3.720116
331	46.250000	46.500000	B3	126	80	1	-1	-3.404249
332	46.304348	46.521739	B4	127	80	0	1	-4.866697
333	46.500000	46.750000	A#3	126	80	1	-2	-3.720116
334	46.521739	46.739130	A#4	127	80	0	2	-4.284147
335	46.739130	46.956522	B4	127	80	0	3	-3.686981
336	46.750000	47.000000	B3	126	80	1	-1	-3.404249
337	46.956522	47.173913	F4	127	80	0	1	-2.905888
338	47.000000	47.250000	A#3	126	80	1	-2	-3.720116
339	47.173913	47.391304	A#4	127	80	0	2	-3.275273
340	47.250000	47.500000	B3	126	80	1	-1	-3.404249
341	47.391304	47.608696	B4	127	80	0	1	-4.072488
342	47.500000	47.750000	A#3	126	80	1	-2	-3.720116
343	47.750000	48.000000	B3	126	80	1	-1	-3.404249
344	48.000000	48.250000	A#3	126	80	1	-2	-3.720116
345	48.043478	48.260870	B5	63	80	0	5	-2.242366
346	48.250000	48.500000	B3	126	80	1	-1	-3.404249
347	48.260870	48.478261	A#5	63	80	0	4	-3.640665
348	48.478261	48.695652	B5	63	80	0	5	-3.684684
349	48.500000	48.750000	A#3	126	80	1	-2	-3.720116
350	48.695652	48.913043	A#5	63	80	0	4	-3.640665
351	48.750000	49.000000	B3	126	80	1	-1	-3.404249
352	48.913043	49.130435	B5	63	80	0	5	-3.684684
353	49.000000	49.250000	A#3	126	80	1	-2	-3.720116
354	49.130435	49.347826	A#5	63	80	0	4	-3.640665
355	49.250000	49.500000	B3	126	80	1	-1	-3.404249
356	49.347826	49.565217	B5	63	80	0	5	-3.684684
357	49.500000	49.750000	A#3	126	80	1	-2	-3.720116
358	49.750000	50.000000	B3	126	80	1	-1	-3.404249
359	49.782609	50.000000	B5	63	80	0	5	-4.495609
360	50.000000	50.217391	A#5	63	80	0	4	-3.640665
361	50.000000	50.250000	A#3	126	80	1	-2	-3.720116
362	50.217391	50.434783	B5	63	80	0	5	-3.684684
363	50.250000	50.500000	B3	126	80	1	-1	-3.404249
364	50.434783	50.652174	A#5	63	80	0	4	-3.640665
365	50.500000	50.750000	A#3	126	80	1	-2	-3.720116
366	50.652174	50.869565	B5	63	80	0	5	-3.684684
367	50.750000	51.000000	B3	126	80	1	-1	-3.404249
368	51.000000	51.250000	A#3	126	80	1	-2	-3.720116
369	51.086957	51.304348	B5	63	80	0	5	-4.495609
370	51.250000	51.500000	B3	126	80	1	-1	-3.404249
371	51.304348	51.521739	A#5	63	80	0	4	-3.640665
372	51.500000	51.750000	A#3	126	80	1	-2	-3.720116
373	51.521739	51.739130	B5	63	80	0	5	-3.684684
374	51.750000	52.000000	B3	126	80	1	-1	-3.404249
375	51.956522	52.173913	A#5	63	80	0	4	-3.640665
376	52.000000	52.250000	A#3	126	80	1	-2	-3.720116
377	52.173913	52.391304	B5	63	80	0	5	-3.684684
378	52.250000	52.500000	B3	126	80	1	-1	-3.404249
379	52.500000	52.750000	A#3	126	80	1	-2	-3.720116
380	52.750000	53.000000	B3	126	80	1	-1	-3.404249
381	52.826087	53.043478	B4	63	80	0	1	-1.922714
382	53.000000	53.250000	A#3	126	80	1	-2	-3.720116
383	53.043478	53.260870	A#4	63	80	0	3	-4.859211
384	53.250000	53.500000	B3	126	80	1	-1	-3.404249
385	53.260870	53.478261	F4	63	80	0	2	-5.037433
386	53.478261	53.695652	E4	63	80	0	1	-2.609267
387	53.500000	53.750000	A#3	126	80	1	-2	-3.720116
388	53.750000	54.000000	B3	126	80	1	-1	-3.404249
389	54.250000	54.500000	A#3	126	80	1	-2	-3.720116
390	54.500000	54.750000	B3	126	80	1	-1	-3.404249
391	55.250000	55.500000	B1	126	80	1	-2	-8.605581
392	55.500000	55.750000	A#1	126	80	1	-3	-3.848567
393	55.750000	56.000000	B1	126	80	1	-2	-3.642491
394	56.000000	56.250000	A#1	126	80	1	-3	-3.848567
395	56.250000	56.500000	B1	126	80	1	-2	-3.642491
396	56.500000	56.750000	A#1	126	80	1	-3	-3.848567
397	56.750000	57.000000	B1	126	80	1	-2	-3.642491
398	57.250000	57.500000	B1	126	80	1	-2	-3.999177
399	57.500000	57.750000	A#1	126	80	1	-3	-3.848567
400	57.750000	58.000000	B1	126	80	1	-2	-3.642491
401	58.000000	58.250000	A#1	126	80	1	-3	-3.848567
402	58.250000	58.500000	B1	126	80	1	-2	-3.642491
403	58.750000	59.000000	B1	126	80	1	-2	-3.999177
404	59.000000	59.250000	A#1	126	80	1	-3	-3.848567
405	59.250000	59.500000	B1	126	80	1	-2	-3.642491
406	59.750000	60.000000	A#1	126	80	1	-3	-3.848567
407	60.000000	60.250000	B1	126	80	1	-5	-6.301508
408	60.750000	61.000000	B2	126	80	1	-1	-1.202832
409	61.000000	61.250000	A#2	126	80	1	-2	-3.720116
410	61.250000	61.500000	F2	126	80	1	-4	-4.761119
411	61.500000	61.750000	E2	126	80	1	-5	-3.249332
