//Version: PianoFingering_v170101
1	0.000000	0.250000	C4	90	80	1	-5	-0.504576
2	0.250000	0.500000	E-4	90	80	1	-3	-4.350585
3	0.500000	0.750000	D4	90	80	1	-4	-3.777019
4	0.750000	1.000000	C4	90	80	1	-5	-3.249332
5	1.000000	1.750000	G4	90	80	1	-2	-2.554480
6	1.750000	2.000000	G4	90	80	1	-2	-3.999177
7	2.000000	2.250000	G4	90	80	1	-1	-4.535716
8	2.250000	2.500000	F4	90	80	1	-2	-2.745489
9	2.500000	2.750000	C4	90	80	1	-4	-4.045906
10	2.750000	3.000000	D4	90	80	1	-3	-2.915060
11	3.000000	3.250000	E-4	90	80	1	-2	-3.081523
12	3.250000	3.500000	C4	90	80	1	-3	-4.407505
13	3.500000	4.000000	B-3	90	80	1	-5	-5.121927
14	4.000000	4.250000	F4	90	80	1	-2	-4.203307
15	4.250000	4.500000	G4	90	80	1	-1	-2.578439
16	4.500000	5.250000	C4	90	80	1	-5	-3.242781
17	5.250000	5.500000	C4	90	80	1	-5	-4.242005
18	6.500000	7.500000	C4	90	80	1	-5	-4.242005
19	6.500000	7.000000	F4	90	80	1	-3	-3.463793
20	6.875000	7.187500	G4	90	80	0	2	-1.773062
21	7.000000	7.500000	E4	90	80	1	-1	-3.930078
22	7.187500	7.500000	B-4	90	80	0	3	-3.409656
23	7.500000	7.812500	A4	90	80	0	2	-2.803601
24	7.812500	8.125000	G4	90	80	0	1	-2.609267
25	8.125000	9.062500	D5	90	80	0	3	-3.751952
26	8.500000	10.000000	B-3	90	80	1	-2	-5.099885
27	8.500000	9.000000	E4	90	80	1	-1	-4.366821
28	9.000000	9.500000	D4	90	80	1	-2	-2.745489
29	9.062500	9.375000	D5	90	80	0	3	-4.378151
30	9.375000	9.687500	D5	90	80	0	3	-4.378151
31	9.687500	10.000000	C5	90	80	0	2	-2.287533
32	10.000000	10.312500	G4	90	80	0	1	-3.434905
33	10.000000	11.000000	B-3	90	80	1	-3	-5.110739
34	10.000000	10.500000	E4	90	80	1	-1	-4.001517
35	10.312500	10.625000	A4	90	80	0	2	-2.867384
36	10.500000	11.000000	D-4	90	80	1	-2	-3.299403
37	10.625000	10.937500	B-4	90	80	0	3	-3.190537
38	10.937500	11.250000	G4	90	80	0	2	-3.286699
39	11.250000	11.875000	F4	90	80	0	1	-2.609267
40	11.500000	13.000000	D4	90	80	1	-1	-3.404249
41	11.875000	12.187500	B-4	90	80	0	2	-3.275273
42	12.187500	12.500000	C5	90	80	0	3	-3.265372
43	12.500000	13.437500	G4	90	80	0	1	-2.905888
44	12.500000	13.000000	C#4	90	80	1	-2	-3.720116
45	13.437500	13.750000	G4	90	80	0	1	-4.507997
46	13.500000	15.000000	C4	90	80	1	-3	-3.281947
47	13.750000	14.687500	C6	63	80	0	5	-6.120276
48	14.000000	16.000000	A-3	90	80	1	-5	-5.242578
49	14.500000	15.500000	D4	90	80	1	-2	-4.656382
50	14.687500	15.000000	B-5	63	80	0	3	-4.229469
51	15.000000	15.312500	C6	63	80	0	4	-4.111873
52	15.312500	15.625000	B-5	63	80	0	3	-3.510496
53	15.500000	16.000000	E-4	90	80	1	-1	-4.284379
54	15.625000	15.937500	A5	63	80	0	2	-2.803601
55	15.937500	16.250000	G5	63	80	0	1	-2.609267
56	16.250000	16.562500	F5	63	80	0	3	-4.737465
57	16.500000	16.750000	E3	90	80	1	-5	-4.598096
58	16.562500	16.875000	A5	63	80	0	5	-2.681011
59	16.750000	17.000000	G3	90	80	1	-3	-3.170876
60	16.875000	17.500000	G5	63	80	0	4	-2.814339
61	17.000000	17.250000	F#3	90	80	1	-4	-5.020222
62	17.250000	17.500000	E3	90	80	1	-5	-4.987940
63	17.500000	17.812500	F5	63	80	0	3	-2.238713
64	17.500000	18.250000	B3	90	80	1	-2	-2.554480
65	17.812500	18.125000	E-5	63	80	0	2	-3.032881
66	18.125000	18.437500	D5	63	80	0	1	-3.290753
67	18.250000	18.500000	B3	90	80	1	-2	-3.999177
68	18.437500	18.750000	C5	63	80	0	3	-4.737465
69	18.500000	18.750000	B3	90	80	1	-1	-4.535716
70	18.750000	19.062500	B-4	63	80	0	2	-3.032881
71	18.750000	19.000000	A3	90	80	1	-2	-2.745489
72	19.000000	19.250000	E3	90	80	1	-5	-3.713619
73	19.062500	19.375000	D5	63	80	0	3	-4.453766
74	19.250000	19.500000	F#3	90	80	1	-4	-4.807638
75	19.375000	19.687500	C5	127	80	0	2	-2.287533
76	19.500000	19.750000	G#3	90	80	1	-3	-2.915060
77	19.687500	20.000000	E-5	127	80	0	3	-3.409656
78	19.750000	20.000000	E3	90	80	1	-5	-3.859206
79	20.000000	20.312500	D5	127	80	0	2	-2.803601
80	20.000000	20.500000	A3	90	80	1	-3	-3.463793
81	20.312500	20.625000	C5	127	80	0	1	-2.609267
82	20.500000	21.000000	B3	90	80	1	-2	-2.510186
83	20.625000	21.562500	G5	127	80	0	3	-3.751952
84	21.000000	21.750000	C4	99	80	1	-1	-2.578439
85	21.562500	21.875000	G5	127	80	0	3	-4.378151
86	21.750000	22.000000	B-3	99	80	1	-2	-3.299403
87	21.875000	22.187500	G5	127	80	0	3	-4.378151
88	22.000000	22.250000	C4	99	80	1	-1	-2.464298
89	22.187500	22.500000	F5	127	80	0	2	-2.287533
90	22.250000	22.500000	B-3	99	80	1	-2	-3.299403
91	22.500000	22.812500	C5	127	80	0	1	-3.434905
92	22.500000	22.750000	A3	99	80	1	-1	-3.931111
93	22.750000	23.000000	G3	99	80	1	-2	-2.745489
94	22.812500	23.125000	D5	127	80	0	2	-2.867384
95	23.000000	23.250000	G-3	99	80	1	-3	-3.848567
96	23.125000	23.437500	E-5	127	80	0	3	-3.190537
97	23.437500	23.750000	C5	127	80	0	2	-3.286699
98	23.500000	24.250000	F3	99	80	1	-1	-3.371140
99	23.750000	24.375000	B-4	127	80	0	1	-3.967913
100	24.250000	24.500000	E-3	99	80	1	-2	-3.299403
101	24.375000	24.687500	F5	127	80	0	4	-4.832705
102	24.500000	25.750000	F3	99	80	1	-1	-2.464298
103	24.500000	24.750000	F3	99	80	1	-1	-4.426668
104	24.687500	25.000000	G5	127	80	0	5	-2.706622
105	24.750000	25.000000	E-3	99	80	1	-2	-3.299403
106	25.000000	25.937500	C5	127	80	0	2	-3.263552
107	25.000000	25.250000	D3	99	80	1	-3	-3.281947
108	25.250000	25.500000	C3	99	80	1	-4	-3.061136
109	25.500000	25.750000	C-3	99	80	1	-1	-4.817923
110	25.937500	26.250000	C5	127	80	0	5	-7.436624
111	26.000000	26.750000	B-2	99	80	1	-2	-3.720116
112	26.750000	27.000000	A-2	99	80	1	-3	-2.891080
113	27.000000	28.000000	B-2	99	80	1	-2	-2.510186
114	27.000000	27.250000	B-2	99	80	1	-1	-4.535716
115	27.250000	27.500000	A-2	99	80	1	-2	-2.745489
116	27.500000	27.750000	G-2	99	80	1	-3	-2.891080
117	27.750000	28.000000	F-2	99	80	1	-4	-4.404178
118	28.000000	28.250000	E-2	99	80	1	-5	-5.527356
119	28.000000	28.250000	B-2	99	80	1	-3	-3.416097
120	28.750000	29.687500	C4	99	80	0	1	-1.922714
121	29.000000	29.250000	C3	99	80	1	-2	-2.872099
122	29.250000	29.500000	E3	99	80	1	-1	-2.415329
123	29.500000	29.750000	D3	99	80	1	-2	-2.745489
124	29.687500	30.000000	B-3	99	80	0	3	-5.389440
125	29.750000	30.000000	C3	99	80	1	-3	-2.891080
126	30.000000	31.562500	C4	99	80	0	5	-3.635747
127	30.000000	30.312500	C4	99	80	0	5	-4.495609
128	30.000000	30.750000	F#3	99	80	1	-1	-4.411093
129	30.312500	30.625000	B-3	99	80	0	4	-4.424487
130	30.625000	30.937500	A3	99	80	0	3	-3.302559
131	30.750000	31.000000	F#3	99	80	1	-1	-4.426668
132	30.937500	31.250000	G3	99	80	0	2	-2.287533
133	31.000000	31.250000	F#3	99	80	1	-1	-4.426668
134	31.250000	31.562500	G-3	99	80	0	1	-4.846711
135	31.250000	31.500000	E3	99	80	1	-2	-4.084076
136	31.500000	31.750000	B2	99	80	1	-4	-4.045906
137	31.750000	32.000000	C#3	99	80	1	-3	-3.762277
138	31.875000	32.812500	F4	99	80	0	4	-6.366444
139	32.000000	32.250000	D3	99	80	1	-2	-3.642491
140	32.250000	32.500000	B-2	99	80	1	-4	-4.647576
141	32.500000	33.000000	A2	99	80	1	-5	-4.693569
142	32.812500	33.125000	E-4	99	80	0	3	-3.510496
143	33.125000	34.687500	F4	99	80	0	5	-3.635747
144	33.125000	33.437500	F4	99	80	0	5	-4.495609
145	33.437500	33.750000	E-4	99	80	0	4	-4.424487
146	33.500000	34.000000	A3	99	80	1	-1	-1.202832
147	33.750000	34.062500	D4	99	80	0	3	-3.302559
148	34.000000	34.500000	B3	99	80	1	-1	-5.955167
149	34.062500	34.375000	C4	99	80	0	2	-2.287533
150	34.375000	34.687500	C-4	99	80	0	1	-2.609267
151	34.500000	36.000000	F#3	99	80	1	-2	-4.444474
152	35.000000	35.937500	B-4	126	80	0	4	-5.698296
153	35.937500	36.250000	A-4	126	80	0	3	-2.238713
154	36.000000	37.000000	C3	90	80	1	-5	-5.017302
155	36.000000	37.000000	G3	90	80	1	-2	-2.554480
156	36.250000	36.562500	G4	126	80	0	2	-2.803601
157	36.562500	36.875000	B-4	126	80	0	3	-3.409656
158	36.875000	37.187500	A4	126	80	0	2	-2.803601
159	37.000000	37.500000	C3	90	80	1	-5	-3.155341
160	37.000000	37.500000	G3	90	80	1	-2	-2.554480
161	37.187500	37.500000	G4	126	80	0	1	-2.609267
162	37.500000	38.437500	D5	63	80	0	3	-3.751952
163	38.437500	38.750000	D5	63	80	0	3	-4.378151
164	38.750000	39.062500	D5	63	80	0	3	-4.378151
165	39.062500	39.375000	C5	63	80	0	2	-2.287533
166	39.375000	39.687500	G4	63	80	0	1	-3.434905
167	39.687500	40.000000	A4	63	80	0	2	-2.867384
168	40.000000	40.312500	B-4	63	80	0	3	-3.190537
169	40.312500	40.625000	G4	63	80	0	2	-3.286699
170	40.625000	41.250000	F4	63	80	0	1	-2.609267
171	41.250000	41.875000	B-4	63	80	0	2	-3.275273
172	41.875000	42.500000	C5	63	80	0	4	-3.580467
173	42.500000	43.750000	G4	63	80	0	2	-3.266530
174	43.750000	45.000000	E-4	63	80	0	1	-3.898407
175	45.000000	46.250000	F4	63	80	0	2	-3.493146
176	46.250000	47.500000	C4	63	80	0	1	-3.434905
177	47.500000	48.125000	C4	63	80	0	1	-4.507997
