//Version: PianoFingering_v170101
1	0.000000	0.220588	D4	90	80	0	1	-0.925785
2	0.000000	0.250000	D3	99	80	1	-5	-0.504576
3	0.220588	0.441176	E4	90	80	0	2	-2.867384
4	0.250000	0.500000	E3	99	80	1	-4	-3.907966
5	0.441176	0.661765	G4	90	80	0	3	-3.012122
6	0.500000	0.750000	G3	99	80	1	-2	-2.359478
7	0.661765	0.882353	E4	90	80	0	1	-3.281335
8	0.750000	1.000000	E3	99	80	1	-4	-3.718276
9	0.882353	1.102941	G4	90	80	0	2	-2.525967
10	1.000000	1.250000	G3	99	80	1	-2	-2.359478
11	1.102941	1.323529	A4	90	80	0	3	-2.675961
12	1.250000	1.500000	A3	99	80	1	-1	-2.578439
13	1.323529	1.544118	F#4	90	80	0	2	-3.032881
14	1.500000	1.750000	F#3	99	80	1	-3	-4.826899
15	1.544118	1.764706	G4	90	80	0	1	-4.072488
16	1.750000	2.000000	G3	99	80	1	-2	-3.642491
17	1.764706	1.985294	B4	90	80	0	2	-2.525967
18	1.985294	2.205882	G4	90	80	0	1	-3.157580
19	2.000000	2.250000	B3	99	80	1	-1	-2.415329
20	2.205882	2.426471	B4	90	80	0	2	-2.525967
21	2.250000	2.500000	G3	99	80	1	-2	-3.291596
22	2.426471	2.647059	C5	90	80	0	3	-2.675961
23	2.500000	2.750000	B3	99	80	1	-1	-2.415329
24	2.647059	2.867647	A4	90	80	0	1	-3.281335
25	2.750000	3.000000	C4	99	80	1	-3	-4.611792
26	2.867647	3.088235	C5	90	80	0	2	-2.525967
27	3.000000	3.250000	A3	99	80	1	-5	-3.990113
28	3.088235	5.294118	D5	90	80	0	3	-2.675961
29	3.250000	3.500000	C4	99	80	1	-3	-3.170876
30	3.500000	6.000000	D4	99	80	1	-2	-2.510186
31	5.294118	6.838235	G5	90	80	0	5	-3.128600
32	6.838235	7.058824	F5	90	80	0	4	-2.814339
33	7.058824	7.279412	E5	90	80	0	3	-2.238713
34	7.279412	7.500000	F5	90	80	0	4	-2.883688
35	7.500000	7.720588	E5	90	80	0	3	-2.238713
36	7.500000	9.250000	G4	99	80	1	-1	-2.320150
37	7.720588	7.941176	D5	90	80	0	2	-2.287533
38	7.941176	8.161765	E5	90	80	0	3	-2.675961
39	8.161765	8.382353	D5	90	80	0	2	-2.287533
40	8.382353	8.602941	C5	90	80	0	1	-2.609267
41	8.602941	8.823529	D5	90	80	0	2	-2.867384
42	8.823529	9.044118	C5	90	80	0	1	-2.609267
43	9.044118	9.264706	B4	90	80	0	3	-4.737465
44	9.250000	9.500000	F#4	99	80	1	-2	-3.720116
45	9.264706	9.485294	C5	90	80	0	4	-2.883688
46	9.485294	9.705882	B4	90	80	0	3	-2.238713
47	9.500000	9.750000	E4	99	80	1	-3	-4.407505
48	9.705882	10.147059	A4	90	80	0	2	-2.287533
49	9.750000	10.000000	F#4	99	80	1	-2	-3.407298
50	10.000000	10.250000	E4	99	80	1	-1	-5.183592
51	10.147059	10.588235	D5	90	80	0	4	-2.909306
52	10.250000	10.500000	D4	99	80	1	-2	-2.745489
53	10.500000	10.750000	E4	99	80	1	-1	-2.578439
54	10.588235	10.808824	C#5	90	80	0	3	-3.226506
55	10.750000	11.000000	D4	99	80	1	-2	-2.745489
56	10.808824	11.029412	B4	90	80	0	2	-3.286699
57	11.000000	11.250000	C4	99	80	1	-3	-2.891080
58	11.029412	11.911765	A4	90	80	0	1	-2.609267
59	11.250000	11.500000	D4	99	80	1	-2	-2.510186
60	11.500000	11.750000	C4	99	80	1	-3	-2.891080
61	11.750000	12.000000	B3	99	80	1	-1	-3.930078
62	11.911765	13.235294	A4	90	80	0	2	-4.712397
63	12.000000	15.000000	A3	99	80	1	-2	-2.745489
64	13.676471	14.779412	C5	90	80	0	4	-2.758588
65	14.779412	15.000000	B4	90	80	0	3	-2.238713
66	15.000000	15.220588	G4	90	80	0	2	-3.674662
67	15.000000	15.250000	C4	99	80	1	-1	-2.415329
68	15.220588	15.441176	B4	90	80	0	4	-2.758588
69	15.250000	15.500000	B3	99	80	1	-2	-2.745489
70	15.441176	15.661765	A4	90	80	0	3	-2.238713
71	15.500000	15.750000	G3	99	80	1	-4	-3.718276
72	15.661765	15.882353	F#4	90	80	0	2	-3.032881
73	15.750000	16.000000	B3	99	80	1	-2	-2.359478
74	15.882353	16.102941	A4	90	80	0	3	-3.265372
75	16.000000	16.250000	A3	99	80	1	-1	-4.644141
76	16.102941	16.323529	G4	90	80	0	2	-2.287533
77	16.250000	16.500000	F#3	99	80	1	-2	-3.299403
78	16.323529	16.544118	E4	90	80	0	1	-3.157580
79	16.500000	16.750000	A3	99	80	1	-1	-2.464298
80	16.544118	16.764706	G4	90	80	0	3	-3.473158
81	16.750000	17.000000	G3	99	80	1	-2	-2.745489
82	16.764706	16.985294	F#4	90	80	0	2	-3.151465
83	16.985294	17.205882	D4	90	80	0	1	-4.134704
84	17.000000	17.250000	E3	99	80	1	-4	-3.718276
85	17.205882	17.647059	E4	90	80	0	2	-2.867384
86	17.250000	17.500000	G3	99	80	1	-2	-2.359478
87	17.500000	17.750000	F#3	99	80	1	-3	-3.848567
88	17.647059	18.750000	C5	90	80	0	5	-3.767315
89	17.750000	18.000000	D3	99	80	1	-5	-3.859206
90	18.500000	19.750000	C4	99	80	1	-1	-3.610078
91	18.750000	18.970588	B4	90	80	0	4	-2.814339
92	18.970588	19.191176	G4	90	80	0	2	-3.359779
93	19.191176	19.411765	B4	90	80	0	4	-2.758588
94	19.411765	19.632353	A4	90	80	0	3	-2.238713
95	19.632353	19.852941	F#4	90	80	0	2	-3.032881
96	19.750000	20.000000	B3	99	80	1	-2	-2.745489
97	19.852941	20.073529	A4	90	80	0	3	-3.265372
98	20.000000	20.250000	G3	99	80	1	-4	-3.718276
99	20.073529	20.294118	G4	90	80	0	2	-2.287533
100	20.250000	20.500000	B3	99	80	1	-2	-2.359478
101	20.294118	20.735294	E4	90	80	0	1	-3.157580
102	20.500000	20.750000	A3	99	80	1	-1	-4.644141
103	20.735294	20.955882	F#4	90	80	0	2	-3.246278
104	20.750000	21.000000	F#3	99	80	1	-2	-3.299403
105	20.955882	21.176471	D4	90	80	0	1	-4.134704
106	21.000000	21.250000	A3	99	80	1	-1	-2.464298
107	21.176471	23.823529	E4	90	80	0	2	-2.867384
108	21.250000	21.500000	G3	99	80	1	-2	-2.745489
109	21.500000	21.750000	E3	99	80	1	-4	-3.718276
110	21.750000	22.000000	G3	99	80	1	-2	-2.359478
111	22.000000	22.250000	F#3	99	80	1	-3	-3.848567
112	22.250000	22.500000	D3	99	80	1	-5	-3.859206
113	22.500000	22.750000	F#3	99	80	1	-3	-3.351805
114	22.750000	23.000000	E3	99	80	1	-1	-4.439870
115	23.000000	23.250000	C3	99	80	1	-2	-3.291596
116	23.250000	23.500000	E3	99	80	1	-1	-2.415329
117	23.500000	23.750000	D3	99	80	1	-1	-5.751475
118	23.750000	24.000000	B2	99	80	1	-2	-3.291596
119	24.000000	27.000000	B-2	99	80	1	-3	-3.848567
120	24.485294	24.705882	F4	90	80	0	3	-2.675961
121	24.705882	24.926471	D4	90	80	0	2	-3.674662
122	24.926471	25.147059	B3	90	80	0	1	-3.157580
123	25.147059	25.367647	G4	90	80	0	5	-3.707830
124	25.367647	25.588235	E4	90	80	0	3	-3.509161
125	25.588235	25.808824	C4	90	80	0	1	-3.281335
126	25.808824	26.029412	A4	90	80	0	4	-4.268071
127	26.029412	26.250000	F#4	90	80	0	3	-3.510496
128	26.250000	26.470588	D4	90	80	0	1	-3.996553
129	26.470588	26.691176	E4	90	80	0	2	-2.867384
130	27.000000	27.250000	A2	81	80	1	-4	-3.777019
131	27.132353	27.352941	C5	90	80	0	5	-3.767315
132	27.250000	27.500000	C#3	81	80	1	-2	-3.159098
133	27.352941	27.573529	A4	90	80	0	3	-3.509161
134	27.500000	27.750000	E3	81	80	1	-1	-2.464298
135	27.573529	27.794118	F4	90	80	0	1	-3.281335
136	27.750000	28.000000	B2	81	80	1	-4	-4.223116
137	27.794118	28.014706	D5	90	80	0	5	-3.707830
138	28.000000	28.250000	D3	81	80	1	-2	-2.359478
139	28.014706	28.235294	B4	90	80	0	3	-3.509161
140	28.235294	28.455882	G4	90	80	0	1	-3.281335
141	28.250000	28.500000	F3	81	80	1	-1	-2.415329
142	28.455882	28.676471	E5	90	80	0	4	-4.268071
143	28.500000	28.750000	E3	81	80	1	-2	-2.745489
144	28.676471	28.897059	C#5	90	80	0	3	-3.510496
145	28.897059	29.117647	A4	90	80	0	1	-3.996553
146	29.117647	29.338235	B4	90	80	0	2	-2.867384
147	29.250000	29.500000	D3	81	80	1	-3	-2.891080
148	29.500000	29.750000	F#3	81	80	1	-2	-3.749711
149	29.750000	30.000000	A3	81	80	1	-1	-2.464298
150	29.779412	30.000000	C5	99	80	0	3	-2.675961
151	30.000000	30.220588	E5	99	80	0	4	-4.820507
152	30.000000	30.250000	E3	81	80	1	-4	-4.223116
153	30.220588	30.441176	G5	99	80	0	5	-3.402079
154	30.250000	30.500000	G#3	81	80	1	-2	-3.159098
155	30.441176	30.661765	F#5	99	80	0	4	-3.640665
156	30.500000	30.750000	B3	81	80	1	-1	-2.464298
157	30.661765	30.882353	E5	99	80	0	3	-3.914844
158	30.750000	31.000000	F3	81	80	1	-4	-4.223116
159	30.882353	31.102941	D5	99	80	0	2	-2.287533
160	31.000000	31.250000	A3	81	80	1	-2	-2.359478
161	31.102941	31.323529	E5	99	80	0	3	-2.675961
162	31.250000	31.500000	C4	81	80	1	-1	-2.415329
163	31.323529	31.544118	C5	99	80	0	2	-3.674662
164	31.500000	31.750000	B3	81	80	1	-2	-2.745489
165	31.544118	31.764706	A4	99	80	0	1	-3.157580
166	31.764706	31.985294	B4	99	80	0	2	-2.867384
167	31.985294	32.205882	C5	99	80	0	3	-2.675961
168	32.205882	32.426471	D5	99	80	0	4	-2.883688
169	32.250000	32.500000	A3	81	80	1	-3	-2.891080
170	32.500000	32.750000	C#4	81	80	1	-2	-3.749711
171	32.750000	33.000000	E4	81	80	1	-1	-2.464298
172	33.000000	33.250000	B3	81	80	1	-4	-4.223116
173	33.250000	33.500000	D4	81	80	1	-2	-2.359478
174	33.500000	33.750000	F4	81	80	1	-1	-2.415329
175	33.750000	33.970588	F#4	99	80	0	1	-3.577835
176	33.750000	34.000000	C4	81	80	1	-4	-4.223116
177	33.970588	34.191176	A4	99	80	0	2	-3.493146
178	34.000000	34.250000	E4	81	80	1	-2	-2.359478
179	34.191176	34.411765	C5	99	80	0	4	-2.758588
180	34.250000	34.500000	G4	81	80	1	-1	-2.415329
181	34.411765	37.058824	B4	99	80	0	1	-4.636880
182	34.500000	34.750000	F#4	81	80	1	-2	-3.720116
183	34.750000	35.000000	E4	81	80	1	-1	-5.183592
184	35.000000	35.250000	D4	81	80	1	-2	-2.745489
185	35.250000	35.500000	E4	81	80	1	-1	-2.578439
186	35.500000	35.750000	C4	81	80	1	-2	-3.291596
187	35.750000	36.000000	A3	81	80	1	-3	-4.063676
188	36.000000	36.250000	B3	81	80	1	-2	-2.510186
189	36.250000	36.500000	C4	81	80	1	-1	-2.578439
190	36.500000	36.750000	D4	81	80	1	-3	-4.611792
191	36.750000	37.000000	C4	81	80	1	-4	-3.061136
192	37.000000	37.250000	E4	81	80	1	-2	-2.359478
193	37.250000	37.500000	G4	81	80	1	-1	-2.415329
194	37.500000	37.750000	F#4	81	80	1	-2	-3.720116
195	37.720588	37.941176	B5	99	80	0	5	-2.242366
196	37.750000	38.000000	E4	81	80	1	-1	-5.183592
197	37.941176	38.161765	G5	99	80	0	3	-3.509161
198	38.000000	38.250000	D4	81	80	1	-2	-2.745489
199	38.161765	38.382353	E5	99	80	0	2	-3.674662
200	38.250000	38.500000	E4	81	80	1	-1	-2.578439
201	38.382353	38.602941	F#5	126	80	0	4	-4.064995
202	38.500000	38.750000	C4	81	80	1	-3	-4.276897
203	38.602941	38.823529	E5	126	80	0	3	-3.914844
204	38.750000	39.000000	A3	81	80	1	-5	-3.990113
205	38.823529	39.044118	D5	126	80	0	2	-2.287533
206	39.000000	42.000000	B3	81	80	1	-4	-3.907966
207	39.044118	39.264706	E5	126	80	0	3	-2.675961
208	39.264706	39.485294	C5	126	80	0	2	-3.674662
209	39.485294	39.705882	A4	126	80	0	1	-3.157580
210	39.705882	39.926471	C5	126	80	0	3	-3.473158
211	39.926471	40.147059	A4	126	80	0	2	-3.674662
212	40.147059	40.367647	F4	126	80	0	1	-3.157580
213	40.367647	40.588235	A4	126	80	0	3	-3.473158
214	40.588235	40.808824	F4	126	80	0	2	-3.674662
215	40.808824	41.029412	D4	126	80	0	1	-3.157580
216	41.029412	41.250000	F4	126	80	0	2	-2.525967
217	41.250000	41.470588	D4	126	80	0	1	-3.157580
218	41.470588	41.911765	B3	126	80	0	3	-5.936950
219	41.911765	42.352941	A3	126	80	0	2	-2.287533
220	42.352941	42.573529	D4	99	80	0	4	-2.909306
221	42.573529	42.794118	B3	99	80	0	2	-3.359779
222	42.794118	45.000000	G3	99	80	0	1	-3.157580
223	43.250000	43.500000	C#4	81	80	1	-3	-3.762277
224	43.500000	43.750000	E4	81	80	1	-2	-2.872099
225	43.750000	44.000000	G4	81	80	1	-1	-2.415329
226	44.000000	44.250000	F#4	81	80	1	-2	-3.720116
227	44.250000	44.500000	E4	81	80	1	-3	-4.407505
228	44.500000	44.750000	D4	81	80	1	-4	-3.061136
229	44.750000	45.000000	D#4	81	80	1	-3	-2.906925
230	45.000000	45.250000	E4	81	80	1	-1	-4.922596
231	45.250000	45.500000	C4	81	80	1	-2	-3.291596
232	45.500000	45.750000	A3	81	80	1	-3	-4.063676
233	45.750000	46.000000	C4	81	80	1	-1	-2.967507
234	46.000000	46.250000	A-3	81	80	1	-2	-4.444474
235	46.250000	46.500000	F3	81	80	1	-3	-4.407505
236	46.500000	46.750000	A3	81	80	1	-1	-2.967507
237	46.750000	47.000000	F3	81	80	1	-2	-3.291596
238	47.000000	47.250000	D3	81	80	1	-3	-4.063676
239	47.250000	47.500000	G3	81	80	1	-1	-2.717521
240	47.500000	47.750000	E3	81	80	1	-2	-3.291596
241	47.750000	48.000000	C3	81	80	1	-3	-4.063676
242	48.000000	48.250000	D3	81	80	1	-2	-2.510186
243	48.250000	48.500000	B2	81	80	1	-3	-4.063676
244	48.500000	51.000000	G2	81	80	1	-5	-3.990113
