//Version: PianoFingering_v170101
1	0.000000	0.600000	F4	126	80	0	1	-0.925785
2	0.000000	0.500000	F3	90	80	1	-5	-0.504576
3	0.500000	1.250000	G3	90	80	1	-4	-3.907966
4	0.600000	1.500000	G4	126	80	0	2	-2.867384
5	1.250000	1.500000	A3	90	80	1	-3	-2.915060
6	1.500000	1.800000	A4	126	80	0	3	-2.675961
7	1.500000	2.250000	B-3	90	80	1	-2	-3.081523
8	1.800000	2.700000	B-4	126	80	0	4	-4.152325
9	2.250000	2.500000	A3	90	80	1	-3	-3.281947
10	2.500000	2.750000	G3	90	80	1	-1	-3.930078
11	2.700000	3.000000	A4	126	80	0	3	-3.302559
12	2.750000	3.000000	F3	90	80	1	-2	-2.745489
13	3.000000	3.300000	G4	126	80	0	2	-2.287533
14	3.000000	3.250000	E3	90	80	1	-3	-2.891080
15	3.250000	3.500000	D3	90	80	1	-4	-3.061136
16	3.300000	3.600000	F4	126	80	0	1	-2.609267
17	3.500000	3.750000	G3	90	80	1	-2	-2.507290
18	3.600000	3.900000	E4	126	80	0	2	-4.891425
19	3.750000	4.000000	A3	90	80	1	-1	-2.578439
20	3.900000	4.200000	D4	126	80	0	1	-2.609267
21	4.000000	4.250000	B-3	90	80	1	-2	-4.643648
22	4.200000	4.500000	G4	126	80	0	2	-2.963617
23	4.250000	4.500000	G3	90	80	1	-3	-4.407505
24	4.500000	4.800000	A4	126	80	0	3	-2.675961
25	4.500000	5.000000	C#4	90	80	1	-1	-4.411093
26	4.800000	5.100000	B-4	126	80	0	4	-4.152325
27	5.000000	5.500000	A3	90	80	1	-2	-4.597368
28	5.100000	5.400000	G4	126	80	0	2	-4.043146
29	5.400000	6.000000	C#5	126	80	0	4	-5.307691
30	5.500000	6.000000	G3	90	80	1	-1	-4.644141
31	6.000000	6.600000	A4	126	80	0	2	-4.058569
32	6.000000	6.500000	C#3	90	80	1	-2	-5.099885
33	6.500000	7.250000	D3	90	80	1	-1	-3.404249
34	6.600000	7.200000	G4	126	80	0	1	-2.609267
35	7.200000	7.800000	C#5	126	80	0	2	-5.017340
36	7.250000	7.500000	E3	90	80	1	-3	-4.611792
37	7.500000	8.250000	F3	90	80	1	-2	-2.510186
38	7.800000	8.700000	D5	126	80	0	1	-4.072488
39	8.250000	8.500000	E3	90	80	1	-3	-2.891080
40	8.500000	8.750000	D3	90	80	1	-1	-3.930078
41	8.700000	9.000000	E5	126	80	0	2	-2.867384
42	8.750000	9.000000	C3	90	80	1	-2	-2.745489
43	9.000000	9.900000	F5	126	80	0	3	-2.675961
44	9.000000	9.250000	B2	90	80	1	-3	-2.891080
45	9.250000	9.500000	A2	90	80	1	-4	-3.061136
46	9.500000	9.750000	D3	90	80	1	-2	-2.507290
47	9.750000	10.000000	E3	90	80	1	-1	-2.578439
48	9.900000	10.200000	E5	126	80	0	2	-2.287533
49	10.000000	10.250000	F3	90	80	1	-3	-4.611792
50	10.200000	10.500000	D5	126	80	0	1	-2.609267
51	10.250000	10.500000	D3	90	80	1	-5	-3.990113
52	10.500000	10.800000	C5	126	80	0	3	-4.737465
53	10.500000	11.000000	G#3	90	80	1	-2	-5.232676
54	10.800000	11.100000	B4	126	80	0	2	-2.287533
55	11.000000	11.500000	E3	90	80	1	-4	-4.761119
56	11.100000	11.400000	A4	126	80	0	1	-2.609267
57	11.400000	11.700000	D5	126	80	0	2	-2.963617
58	11.500000	12.000000	D3	90	80	1	-5	-3.249332
59	11.700000	12.000000	E5	126	80	0	3	-2.675961
60	12.000000	12.300000	F5	126	80	0	4	-2.883688
61	12.300000	12.600000	D5	126	80	0	2	-3.359779
62	12.500000	13.250000	B-3	90	80	1	-2	-4.281723
63	12.600000	13.200000	G#5	126	80	0	4	-5.307691
64	13.200000	13.800000	E5	126	80	0	2	-4.058569
65	13.250000	13.500000	A3	90	80	1	-1	-3.931111
66	13.500000	13.750000	G3	90	80	1	-2	-2.745489
67	13.750000	14.000000	F#3	90	80	1	-3	-3.848567
68	13.800000	14.400000	D5	126	80	0	1	-2.609267
69	14.000000	14.250000	E3	90	80	1	-4	-4.404178
70	14.250000	14.500000	D3	90	80	1	-5	-3.249332
71	14.500000	15.000000	A-3	90	80	1	-3	-5.669550
72	15.000000	15.900000	B-5	126	80	0	3	-5.042408
73	15.000000	15.250000	G3	90	80	1	-1	-3.371140
74	15.250000	15.500000	F3	90	80	1	-2	-2.745489
75	15.500000	15.750000	E3	90	80	1	-3	-2.891080
76	15.750000	16.000000	D3	90	80	1	-4	-3.061136
77	15.900000	16.200000	A5	126	80	0	2	-2.803601
78	16.000000	16.500000	C3	90	80	1	-5	-3.249332
79	16.200000	16.500000	G5	126	80	0	1	-2.609267
80	16.500000	16.800000	F#5	126	80	0	3	-4.859211
81	16.500000	17.000000	F#3	90	80	1	-3	-5.669550
82	16.800000	17.100000	E5	126	80	0	2	-3.286699
83	17.000000	17.250000	F3	90	80	1	-1	-3.371140
84	17.100000	17.400000	D5	126	80	0	1	-2.609267
85	17.250000	17.500000	E-3	90	80	1	-2	-3.299403
86	17.400000	18.000000	A-5	126	80	0	3	-5.112123
87	17.500000	17.750000	D3	90	80	1	-1	-3.931111
88	17.750000	18.000000	C3	90	80	1	-2	-2.745489
89	18.000000	18.300000	G5	126	80	0	2	-2.803601
90	18.000000	18.250000	B2	90	80	1	-3	-2.891080
91	18.250000	18.500000	C3	90	80	1	-2	-2.510186
92	18.300000	18.600000	F5	126	80	0	1	-2.609267
93	18.500000	19.000000	C#3	90	80	1	-1	-4.284379
94	18.600000	18.900000	E5	126	80	0	3	-4.737465
95	18.900000	19.200000	D5	126	80	0	2	-2.287533
96	19.000000	19.500000	A2	90	80	1	-3	-5.389809
97	19.200000	19.800000	C5	126	80	0	1	-2.609267
98	19.500000	20.000000	G2	90	80	1	-4	-3.061136
99	19.800000	20.400000	F#5	126	80	0	4	-4.926369
100	20.400000	20.700000	F5	126	80	0	3	-3.302559
101	20.500000	21.250000	B-3	90	80	1	-2	-6.817477
102	20.700000	21.000000	E-5	126	80	0	2	-3.032881
103	21.000000	21.300000	D5	126	80	0	1	-3.290753
104	21.250000	21.500000	A3	90	80	1	-1	-3.931111
105	21.300000	21.600000	C5	126	80	0	3	-4.737465
106	21.500000	21.750000	G3	90	80	1	-2	-2.745489
107	21.600000	21.900000	B4	126	80	0	2	-2.287533
108	21.750000	22.000000	F#3	90	80	1	-3	-3.848567
109	21.900000	22.200000	C5	126	80	0	3	-2.675961
110	22.000000	22.250000	E3	90	80	1	-4	-4.404178
111	22.200000	22.800000	C#5	126	80	0	4	-4.152325
112	22.250000	22.500000	D3	90	80	1	-5	-3.249332
113	22.500000	23.000000	A-3	90	80	1	-3	-5.669550
114	22.800000	23.400000	A4	126	80	0	2	-4.058569
115	23.000000	23.250000	G3	90	80	1	-1	-3.371140
116	23.250000	23.500000	F3	90	80	1	-2	-2.745489
117	23.400000	24.000000	G4	126	80	0	1	-2.609267
118	23.500000	23.750000	E3	90	80	1	-3	-2.891080
119	23.750000	24.000000	D3	90	80	1	-1	-3.930078
120	24.000000	25.500000	B-5	126	80	0	3	-8.667264
121	24.000000	24.500000	C3	90	80	1	-2	-2.745489
122	24.750000	25.000000	F3	90	80	1	-1	-2.320150
123	25.000000	25.250000	E-3	90	80	1	-2	-3.299403
124	25.250000	25.500000	D3	90	80	1	-3	-3.281947
125	25.500000	25.800000	A5	126	80	0	2	-2.803601
126	25.500000	25.750000	C3	90	80	1	-1	-3.930078
127	25.750000	26.000000	B2	90	80	1	-2	-2.745489
128	25.800000	26.100000	G5	126	80	0	1	-2.609267
129	26.000000	26.250000	B-2	90	80	1	-3	-3.848567
130	26.100000	26.400000	F#5	126	80	0	3	-4.859211
131	26.250000	26.500000	A-2	90	80	1	-4	-3.061136
132	26.400000	26.700000	E5	126	80	0	2	-3.286699
133	26.500000	27.000000	C#3	90	80	1	-2	-2.507290
134	26.700000	27.000000	D5	126	80	0	1	-2.609267
135	27.000000	27.500000	A2	90	80	1	-4	-4.761119
136	27.300000	27.600000	A-5	126	80	0	3	-5.112123
137	27.500000	28.000000	G2	90	80	1	-5	-3.249332
138	27.600000	27.900000	G5	126	80	0	2	-2.803601
139	27.900000	28.200000	F5	126	80	0	1	-2.609267
140	28.200000	28.500000	E5	126	80	0	3	-4.737465
141	28.500000	28.800000	D5	126	80	0	2	-2.287533
142	28.800000	29.400000	C5	126	80	0	1	-2.609267
143	29.400000	29.700000	F#5	126	80	0	4	-4.926369
144	29.700000	30.000000	F5	126	80	0	3	-3.302559
145	30.000000	30.300000	E-5	126	80	0	2	-3.032881
146	30.300000	30.600000	D5	126	80	0	1	-3.290753
147	30.600000	30.900000	C5	126	80	0	2	-4.891425
148	30.900000	31.200000	B4	126	80	0	1	-2.609267
149	31.200000	31.500000	B-4	126	80	0	3	-4.859211
150	31.500000	31.800000	A-4	126	80	0	2	-2.287533
151	31.800000	32.400000	C#5	126	80	0	4	-2.909306
152	32.400000	33.000000	A4	126	80	0	2	-4.058569
153	33.000000	33.600000	G4	126	80	0	1	-2.609267
