0	1.1842	1.5789	52	None	None	1	-5	2.9481165278658468
1	1.5789	2.3684	63	None	None	1	-1	1.9702857684270811
2	3.1579	4.3421	61	None	None	1	-2	1.8818662221245774
3	4.7368	5.5263	60	None	None	1	-3	2.4389619144000134
4	5.5263	5.9211	58	None	None	1	-4	2.700998958184404
5	6.3158	6.7105	55	None	None	1	-5	2.8266826801498386
6	6.7105	7.5000	66	None	None	1	-1	1.902057098075483
7	8.6842	9.4737	65	None	None	1	-2	2.3378096670045543
8	9.8684	10.6579	63	None	None	1	-3	2.376146407774151
9	10.6579	11.0526	61	None	None	1	-4	2.4633521672129306
10	11.4474	11.8421	59	None	None	1	-5	3.129867635084829
11	11.8421	12.6316	68	None	None	1	-1	2.6534238660878744
12	13.4211	13.8158	56	None	None	1	-5	2.4850754225285003
13	13.8158	14.6053	65	None	None	1	-1	2.7990951793674044
14	15.3947	15.7895	54	None	None	1	-4	2.9012224750154303
15	15.7895	16.1842	63	None	None	1	-1	2.4074449602437595
16	16.1842	16.5789	59	None	None	1	-2	2.4234630590981934
17	16.5789	16.9737	57	None	None	1	-3	2.423463059098192
18	17.3684	17.7632	52	None	None	1	-5	2.3939103856090633
19	17.7632	18.1579	57	None	None	1	-4	1.8576122677458895
20	18.1579	18.5526	59	None	None	1	-3	1.8576122677458864
21	18.5526	18.9474	60	None	None	1	-2	2.1315674349191402
22	18.9474	19.1447	59	None	None	1	-3	2.133773193108941
23	19.1447	19.3421	57	None	None	1	-4	2.08400699395056
24	19.3421	19.7368	55	None	None	1	-5	2.03625401495817
25	19.7368	20.3289	57	None	None	1	-4	1.9777011611925508
26	20.3289	20.5263	59	None	None	1	-3	2.5914075925826214
27	20.5263	20.9211	60	None	None	1	-2	4.485148598446462
28	20.9211	21.3158	59	None	None	1	-3	4.75585528537656
29	21.3158	21.7105	55	None	None	1	-4	4.634675224825378
30	21.7105	22.1053	57	None	None	1	-3	4.81071556658815
31	22.1053	22.5000	52	None	None	1	-5	4.6507980978276
32	22.5000	22.8947	55	None	None	1	-4	4.310685891361538
33	22.8947	23.2895	60	None	None	1	-2	4.879677808407021
34	23.2895	23.6842	62	None	None	1	-1	4.796661091081796
35	23.6842	24.0789	63	None	None	1	-2	2.7195931362402836
36	24.0789	24.2763	62	None	None	1	-3	2.4107869896681775
37	24.2763	24.4737	60	None	None	1	-4	2.8358603717323607
38	24.4737	24.8684	58	None	None	1	-5	2.653704064079684
39	24.8684	25.4605	60	None	None	1	-4	2.7560512440864366
40	25.4605	25.6579	62	None	None	1	-3	3.0517146724848176
41	25.6579	26.0526	63	None	None	1	-1	5.816505734205416
42	26.0526	26.4474	62	None	None	1	-2	5.3837359773665066
43	26.4474	26.8421	58	None	None	1	-4	5.404304882159237
44	26.8421	27.2368	60	None	None	1	-3	6.298722969955463
45	27.2368	27.6316	55	None	None	1	-5	6.678113378601195
46	27.6316	28.0263	58	None	None	1	-4	7.517287249916495
47	28.0263	28.2237	63	None	None	1	-2	7.928743878329084
48	28.2237	28.4211	65	None	None	1	-1	7.717324706379875
49	28.4211	28.8158	66	None	None	1	-2	4.224338377287877
50	28.8158	29.4079	65	None	None	1	-1	3.120253877087496
51	29.4079	29.6053	63	None	None	1	-2	3.0523567820253277
52	29.6053	30.0000	62	None	None	1	-3	2.531353072454505
53	30.0000	30.1974	63	None	None	1	-2	2.8062249183559844
54	30.1974	30.3947	62	None	None	1	-1	3.1024418538983896
55	30.3947	30.7895	60	None	None	1	-2	3.230243972221644
56	30.7895	31.3816	62	None	None	1	-1	3.0481047762432456
57	31.3816	31.5789	60	None	None	1	-2	2.9156464643408078
58	31.5789	31.9737	58	None	None	1	-3	3.0245439232467755
59	31.9737	32.3684	60	None	None	1	-1	3.94494665880906
60	32.3684	32.7632	58	None	None	1	-2	6.761920443003614
61	32.7632	33.1579	56	None	None	1	-3	7.871571762428875
62	33.1579	33.5526	55	None	None	1	-4	7.774518402077633
63	33.5526	33.7500	53	None	None	1	-5	9.167956007616295
64	33.7500	33.9474	55	None	None	1	-2	8.155373264946824
65	33.9474	34.3421	57	None	None	1	-1	7.4415845588308684
66	34.7368	35.1316	58	None	None	1	-4	5.650416014245805
67	35.1316	35.5263	63	None	None	1	-2	5.817171333394738
68	35.5263	35.9211	65	None	None	1	-1	6.514769574818961
69	35.9211	36.3158	66	None	None	1	-2	4.567305669043865
70	36.3158	36.7105	65	None	None	1	-1	2.6646478215722036
71	36.7105	37.1053	58	None	None	1	-3	2.6541750275222933
72	37.1053	37.5000	63	None	None	1	-1	2.7734363623753886
73	37.5000	37.8947	61	None	None	1	-2	3.4777814373653944
74	37.8947	38.2895	60	None	None	1	-3	3.4777814373653944
75	38.2895	38.6842	61	None	None	1	-2	3.4777814373653944
76	38.6842	39.0789	54	None	None	1	-5	3.4777814373653944
77	39.0789	39.4737	60	None	None	1	-1	3.4777814373653944
78	39.4737	39.8684	58	None	None	1	-2	3.4777814373653944
79	39.8684	40.2632	56	None	None	1	-3	3.4777814373653944
80	40.2632	40.6579	55	None	None	1	-4	3.4777814373653944
81	40.6579	41.0526	53	None	None	1	-5	3.4777814373653944
82	41.0526	41.8421	57	None	None	1	0	3.4777814373653944
