0	1.0909	2.7273	47	None	None	0	0	-1
1	1.0909	2.7273	51	None	None	0	0	-1
2	1.0909	2.7273	54	None	None	0	1	8.496447190864478
3	1.6364	2.1818	78	None	None	0	5	2.089622945936921
4	2.1818	2.7273	75	None	None	0	3	1.9478252082915384
5	2.7273	3.2727	78	None	None	0	5	1.6682444134177727
6	3.2727	3.8182	75	None	None	0	4	1.228662477356961
7	3.8182	4.9091	71	None	None	0	3	2.9216159309964826
8	4.9091	5.4545	73	None	None	0	5	2.688458618138245
9	5.4545	5.7273	69	None	None	0	3	2.738659035300907
10	5.7273	6.0000	71	None	None	0	0	-1
11	6.0000	6.2727	73	None	None	0	0	-1
12	6.2727	6.5455	69	None	None	0	0	-1
13	6.5455	7.6364	71	None	None	0	0	-1
14	7.6364	8.1818	71	None	None	0	0	-1
15	9.2727	19.0909	47	None	None	0	0	-1
16	9.2727	19.0909	51	None	None	0	0	-1
17	9.2727	19.0909	54	None	None	0	1	9.994914682637049
18	9.8182	10.3636	78	None	None	0	5	3.923908769107089
19	10.3636	10.6364	75	None	None	0	2	3.4151813367623407
20	10.6364	10.9091	76	None	None	0	3	2.9157088923397056
21	10.9091	11.1818	78	None	None	0	4	3.3411178160717943
22	11.1818	11.4545	80	None	None	0	5	3.4845111415687318
23	11.4545	11.7273	78	None	None	0	4	3.478389383922585
24	11.7273	12.0000	75	None	None	0	3	4.099875976240726
25	12.0000	12.2727	78	None	None	0	5	3.6609573600137524
26	12.2727	12.5455	75	None	None	0	4	3.123824672288477
27	12.5455	13.0909	73	None	None	0	3	3.60959804769098
28	13.0909	13.3636	76	None	None	0	5	3.255055578702885
29	13.3636	13.6364	75	None	None	0	4	2.6220611174678425
30	13.6364	13.9091	73	None	None	0	3	3.294521061742834
31	13.9091	14.4545	71	None	None	0	2	3.4623121669684824
32	14.4545	14.7273	69	None	None	0	1	3.501133809303707
33	14.7273	15.2727	73	None	None	0	4	3.6169918478752194
34	15.2727	15.4545	69	None	None	0	2	3.928888839581562
35	15.4545	15.6364	71	None	None	0	3	8.978297348868345
36	15.6364	15.8182	73	None	None	0	4	8.707455786569481
37	15.8182	16.0000	76	None	None	0	5	8.610734907780353
38	16.0000	16.1818	75	None	None	0	0	-1
39	16.1818	16.3636	73	None	None	0	0	-1
40	16.3636	16.6364	71	None	None	0	0	-1
41	16.6364	16.9091	68	None	None	0	0	-1
42	16.9091	18.0000	71	None	None	0	0	-1
43	18.0000	36.5455	50	None	None	0	0	-1
44	18.0000	36.5455	53	None	None	0	0	-1
45	18.0000	36.5455	57	None	None	0	0	-1
46	18.5455	19.0909	77	None	None	0	3	4.198785375527122
47	19.0909	19.6364	81	None	None	0	5	4.004753819780433
48	19.6364	20.1818	77	None	None	0	4	4.268404357026119
49	20.1818	20.7273	74	None	None	0	3	4.201061274138551
50	20.7273	21.2727	71	None	None	0	2	4.493544084278522
51	21.2727	21.8182	74	None	None	0	5	4.121961267595225
52	21.8182	22.9091	74	None	None	0	0	-1
53	22.9091	46.0909	50	None	None	0	0	-1
54	22.9091	46.0909	53	None	None	0	0	-1
55	22.9091	46.0909	57	None	None	0	0	-1
56	23.1818	23.4545	52	None	None	0	0	-1
57	23.4545	47.4545	53	None	None	0	0	-1
58	23.4545	47.4545	57	None	None	0	0	-1
59	23.4545	47.4545	60	None	None	0	0	-1
60	24.0000	24.2727	77	None	None	0	1	1.52744638563086
61	24.2727	24.5455	81	None	None	0	2	2.9225683368503645
62	24.5455	25.0909	84	None	None	0	4	3.056764162209024
63	25.0909	25.3636	83	None	None	0	3	3.1211382113821133
64	25.3636	25.6364	84	None	None	0	5	2.9498339631283654
65	25.6364	25.9091	81	None	None	0	4	2.5721336146963005
66	25.9091	26.1818	77	None	None	0	2	2.2571026429580203
67	26.1818	26.4545	81	None	None	0	5	2.145739886473312
68	26.4545	26.7273	77	None	None	0	4	2.139990757553456
69	26.7273	27.0000	74	None	None	0	2	3.6026942312348678
70	27.0000	27.2727	71	None	None	0	1	3.583844987944178
71	27.2727	27.8182	76	None	None	0	3	3.548150650630029
72	27.8182	28.0909	77	None	None	0	0	-1
73	28.0909	28.3636	75	None	None	0	0	-1
74	28.3636	28.6364	77	None	None	0	0	-1
75	28.6364	28.9091	74	None	None	0	0	-1
76	28.9091	29.4545	77	None	None	0	0	-1
77	30.0000	60.2727	53	None	None	0	0	-1
78	30.0000	60.2727	57	None	None	0	0	-1
79	30.0000	60.2727	60	None	None	0	0	-1
80	30.2727	30.5455	52	None	None	0	0	-1
81	30.5455	61.6364	50	None	None	0	0	-1
82	30.5455	61.6364	53	None	None	0	0	-1
83	30.5455	61.6364	57	None	None	0	0	-1
84	31.0909	31.2273	81	None	None	0	2	3.004181929181935
85	31.2273	31.3636	83	None	None	0	3	3.004181929181941
86	31.3636	31.5000	84	None	None	0	4	3.0041819291819283
87	31.5000	31.6364	83	None	None	0	3	3.1345047313797356
88	31.6364	31.7727	84	None	None	0	4	3.1345047313797294
89	31.7727	31.9091	83	None	None	0	3	3.1345047313797347
90	31.9091	32.0455	81	None	None	0	2	3.1769803113553006
91	32.0455	32.1818	83	None	None	0	3	3.1769803113552935
92	32.1818	32.3182	81	None	None	0	2	3.800263278388244
93	32.3182	32.4545	83	None	None	0	3	4.366884157509125
94	32.4545	32.5909	84	None	None	0	4	4.366884157509137
95	32.5909	32.7273	86	None	None	0	5	4.366884157509123
96	32.7273	32.8636	84	None	None	0	4	8.276022588522645
97	32.8636	33.0000	83	None	None	0	3	8.029937101239979
98	33.0000	33.1364	84	None	None	0	4	10.014958417158663
99	33.1364	33.2727	83	None	None	0	2	9.839724545381682
100	33.2727	33.4091	82	None	None	0	1	4.621762308272862
101	33.4091	33.5455	83	None	None	0	2	2.9192257097543597
102	33.5455	33.6818	84	None	None	0	3	6.873879387533202
103	33.6818	33.8182	86	None	None	0	4	6.6947001605055085
104	33.8182	34.3636	88	None	None	0	5	6.915481934914784
105	34.3636	34.5677	80	None	None	0	3	7.136199975540348
106	34.5677	34.7718	78	None	None	0	2	6.8425181417329854
107	34.7718	34.9759	80	None	None	0	5	3.1998453337719264
108	34.9759	35.1800	78	None	None	0	0	-1
109	35.1800	35.3840	75	None	None	0	0	-1
110	35.3840	35.5881	73	None	None	0	0	-1
111	35.5881	35.8942	75	None	None	0	0	-1
112	35.8942	36.2004	78	None	None	0	0	-1
113	39.1948	78.6623	50	None	None	0	0	-1
114	39.1948	78.6623	53	None	None	0	0	-1
115	39.1948	78.6623	57	None	None	0	0	-1
116	39.4675	39.7403	48	None	None	0	0	-1
117	39.7403	80.0260	47	None	None	0	0	-1
118	39.7403	80.0260	50	None	None	0	0	-1
119	39.7403	80.0260	53	None	None	0	1	7.462815514884206
120	40.2857	40.4221	77	None	None	0	5	3.91736492673993
121	40.4221	40.5584	76	None	None	0	0	-1
122	40.5584	40.6948	74	None	None	0	0	-1
123	40.6948	40.8312	76	None	None	0	0	-1
124	40.8312	40.9675	77	None	None	0	0	-1
125	40.9675	41.1039	76	None	None	0	0	-1
126	41.1039	41.2403	74	None	None	0	0	-1
127	41.2403	41.3766	72	None	None	0	0	-1
128	41.3766	41.9221	71	None	None	0	5	8.527524228131915
129	41.9221	42.0751	56	None	None	0	1	6.024470511567303
130	42.0751	42.2282	58	None	None	0	2	5.437349385013772
131	42.2282	42.3813	61	None	None	0	4	8.972890014899107
132	42.3813	42.5343	58	None	None	0	2	8.74993025712948
133	42.5343	42.6874	61	None	None	0	4	8.286777323620194
134	42.6874	42.8404	58	None	None	0	2	7.818240988177978
135	42.8404	42.9935	56	None	None	0	1	4.7282918669854235
136	42.9935	43.1466	58	None	None	0	2	3.6606931979772024
137	43.1466	43.3506	61	None	None	0	0	-1
138	43.3506	43.5547	63	None	None	0	0	-1
139	43.5547	43.7588	66	None	None	0	0	-1
140	43.7588	43.9629	63	None	None	0	0	-1
141	43.9629	44.1670	61	None	None	0	0	-1
142	44.1670	44.3711	63	None	None	0	0	-1
143	44.3711	44.9833	61	None	None	0	0	-1
144	44.9833	45.2894	58	None	None	0	0	-1
145	45.5955	46.2078	43	None	None	0	0	-1
146	46.2078	47.4323	43	None	None	0	0	-1
147	47.4323	95.3446	67	None	None	0	2	1.3470310941088293
148	47.4323	95.3446	71	None	None	0	3	1.5270124219569017
149	47.4323	95.3446	74	None	None	0	4	5.0522346924022195
150	47.9123	48.3923	65	None	None	0	1	4.866308955809597
151	48.3923	97.2646	69	None	None	0	3	4.481217598186521
152	48.3923	97.2646	71	None	None	0	4	4.961595152247536
153	48.3923	97.2646	74	None	None	0	5	4.7417074915482695
154	48.8723	49.3523	67	None	None	0	2	6.011256315423206
155	49.3523	99.6646	71	None	None	0	3	6.669780027683555
156	49.3523	99.6646	74	None	None	0	0	-1
157	50.3123	100.8973	43	None	None	0	0	-1
158	50.3123	100.8973	47	None	None	0	0	-1
159	50.3123	100.8973	51	None	None	0	0	-1
160	50.5850	50.8577	45	None	None	0	1	3.643717161661406
161	50.8577	101.9882	47	None	None	0	2	3.643717161661421
162	50.8577	101.9882	51	None	None	0	4	3.8070121415679634
163	50.8577	101.9882	54	None	None	0	5	3.1799569338212894
164	51.1305	51.4032	49	None	None	0	3	3.3229674358578976
165	51.4032	103.0791	47	None	None	0	0	-1
166	51.4032	103.0791	51	None	None	0	0	-1
167	51.4032	103.0791	54	None	None	0	0	-1
168	51.6759	51.9486	45	None	None	0	0	-1
169	51.9486	52.4941	47	None	None	0	0	-1
170	52.4941	106.0791	50	None	None	0	1	3.2282082517966257
171	52.4941	106.0791	53	None	None	0	2	3.43586831298117
172	52.4941	106.0791	57	None	None	0	3	3.48718438379296
173	53.5850	107.6178	69	None	None	0	3	2.021618397065883
174	53.5850	107.6178	72	None	None	0	4	2.0569406570582025
175	53.5850	107.6178	76	None	None	0	5	2.181561057665561
176	54.0328	108.5133	71	None	None	0	1	1.6226585139050997
177	54.0328	108.5133	74	None	None	0	2	1.8373129406167419
178	54.0328	108.5133	78	None	None	0	3	1.363396100947175
179	54.4805	109.4088	72	None	None	0	1	1.5883377124691702
180	54.4805	109.4088	76	None	None	0	2	1.8029921391808184
181	54.4805	109.4088	80	None	None	0	3	1.5980272263310338
182	54.9283	110.3043	74	None	None	0	1	1.7921467988566069
183	54.9283	110.3043	77	None	None	0	2	2.416164845470528
184	54.9283	110.3043	81	None	None	0	4	2.5408457991270774
185	55.3761	111.1999	72	None	None	0	1	2.4920956802872385
186	55.3761	111.1999	76	None	None	0	2	2.6911193549764203
187	55.3761	111.1999	79	None	None	0	4	2.719656638554975
188	55.8238	111.8715	71	None	None	0	1	3.1284347729519086
189	55.8238	111.8715	75	None	None	0	3	8.489740136978893
190	55.8238	111.8715	78	None	None	0	5	7.922123499043065
191	56.0477	112.3193	69	None	None	0	1	7.946896671914215
192	56.0477	112.3193	73	None	None	0	3	9.078411991530992
193	56.0477	112.3193	76	None	None	0	4	8.904505352903552
194	56.2716	112.9909	71	None	None	0	2	8.891786754872795
195	56.2716	112.9909	75	None	None	0	3	8.749028982441407
196	56.2716	112.9909	78	None	None	0	5	7.9424492344621616
197	56.7193	113.8864	50	None	None	0	1	2.8792254606202095
198	56.7193	113.8864	53	None	None	0	3	2.448902377708571
199	56.7193	113.8864	57	None	None	0	5	2.276676825672053
200	57.1671	114.7820	43	None	None	0	1	1.6050576807388774
201	57.1671	114.7820	47	None	None	0	2	6.229074808025754
202	57.1671	114.7820	50	None	None	0	3	6.781558210560243
203	57.6149	115.6775	45	None	None	0	1	7.3171334760888005
204	57.6149	115.6775	49	None	None	0	2	13.686893110187663
205	57.6149	115.6775	52	None	None	0	3	13.6138685870269
206	58.0626	116.5730	47	None	None	0	1	13.714567086226763
207	58.0626	116.5730	51	None	None	0	2	19.400084040510805
208	58.0626	116.5730	54	None	None	0	3	19.506248841498497
209	58.5104	117.4685	71	None	None	0	3	15.326898899886995
210	58.5104	117.4685	75	None	None	0	4	21.340102535110375
211	58.5104	117.4685	78	None	None	0	5	20.964594416331526
212	58.9581	118.3640	45	None	None	0	1	14.398907378573655
213	58.9581	118.3640	48	None	None	0	2	20.73443676744091
214	58.9581	118.3640	53	None	None	0	3	20.79791666666672
215	59.4059	119.2596	72	None	None	0	3	15.548871561567399
216	59.4059	119.2596	76	None	None	0	4	29.143642506833032
217	59.4059	119.2596	79	None	None	0	5	28.813604487209126
218	59.8537	120.1551	45	None	None	0	1	21.95546258980115
219	59.8537	120.1551	49	None	None	0	2	21.71701314237617
220	59.8537	120.1551	52	None	None	0	3	21.85047751016632
221	60.3014	121.4984	74	None	None	0	3	15.762380493817798
222	60.3014	121.4984	78	None	None	0	4	17.546774845827972
223	60.3014	121.4984	81	None	None	0	5	18.308307246026924
224	61.1969	122.8417	44	None	None	0	1	4.429144541105564
225	61.1969	122.8417	47	None	None	0	2	7.458790876061871
226	61.1969	122.8417	51	None	None	0	3	7.373092493214057
227	62.0925	124.6327	48	None	None	0	1	6.964860887823054
228	62.0925	124.6327	52	None	None	0	2	7.1735619931624175
229	62.0925	124.6327	56	None	None	0	3	7.206746596514184
230	62.5402	125.5282	64	None	None	0	3	5.69368326410041
231	62.5402	125.5282	68	None	None	0	0	-1
232	62.5402	125.5282	71	None	None	0	0	-1
233	63.2119	126.6476	45	None	None	0	0	-1
234	63.2119	126.6476	49	None	None	0	0	-1
235	63.2119	126.6476	52	None	None	0	0	-1
236	63.4358	127.7670	47	None	None	0	0	-1
237	63.4358	127.7670	51	None	None	0	1	2.157877949414846
238	63.4358	127.7670	54	None	None	0	2	2.157877949414846
239	64.3313	128.8156	62	None	None	0	2	2.157877949414846
240	64.3313	128.8156	65	None	None	0	3	2.157877949414846
241	64.3313	128.8156	69	None	None	0	4	2.157877949414846
242	64.3313	128.8156	72	None	None	0	5	2.157877949414846
243	66.1680	132.4891	62	None	None	0	1	2.157877949414846
244	66.1680	132.4891	65	None	None	0	2	2.157877949414846
245	66.1680	132.4891	69	None	None	0	3	2.157877949414846
246	66.1680	132.4891	72	None	None	0	0	2.157877949414846
