0	0.0000	1.6364	59	None	None	1	-5	0.70072905358148
1	0.0000	1.6364	62	None	None	1	-4	0.7029768941560394
2	0.0000	1.6364	66	None	None	1	-2	0.7304113390369159
3	17.4545	18.0000	69	None	None	1	-1	0.719824177623882
4	18.0000	37.6364	59	None	None	1	-5	0.6673184892897011
5	18.0000	37.6364	62	None	None	1	-4	0.376272211623709
6	18.0000	37.6364	65	None	None	1	-2	0.1508217232152801
7	18.0000	37.6364	69	None	None	1	-1	0.15152414403575326
8	24.5455	50.7273	59	None	None	1	-5	0.1663882024263372
9	24.5455	50.7273	62	None	None	1	-4	0.2124054000030431
10	24.5455	50.7273	65	None	None	1	-2	0.2046006207269905
11	24.5455	50.7273	69	None	None	1	-1	0.2046006207269905
12	36.2004	37.4249	62	None	None	1	-3	0.2046006207269905
13	37.4249	38.0371	62	None	None	1	-3	0.2046006207269905
14	46.8200	95.0801	55	None	None	1	-5	0.2046006207269905
15	46.8200	95.0801	59	None	None	1	-3	0.2046006207269905
16	46.8200	95.0801	62	None	None	1	-2	0.2046006207269905
17	49.2200	98.9201	59	None	None	1	-4	0.2046006207269905
18	49.2200	98.9201	63	None	None	1	-2	0.2046006207269905
19	49.2200	98.9201	66	None	None	1	0	0.2046006207269905
