0	1.4674	1.6304	59	None	None	0	1	3.9891273376367957
1	1.6304	1.7935	61	None	None	0	2	3.7454142325600572
2	1.7935	1.9565	63	None	None	0	3	3.5020873725740955
3	1.9565	2.1196	64	None	None	0	4	2.7820087826608
4	2.1196	2.2826	66	None	None	0	5	3.1759938560289873
5	2.2826	2.4457	64	None	None	0	4	3.5402434952786175
6	2.4457	2.6087	63	None	None	0	3	3.6149188199539433
7	2.6087	2.7717	61	None	None	0	2	3.5721879397230643
8	2.7717	2.9348	59	None	None	0	1	3.7456074953740295
9	2.9348	4.2391	64	None	None	0	3	3.817567353697527
10	4.2391	4.4022	61	None	None	0	2	4.378555776179757
11	4.4022	4.5652	63	None	None	0	3	4.169341436800124
12	4.5652	4.7283	59	None	None	0	1	3.660191495832
13	4.7283	4.8913	63	None	None	0	2	3.2718798075203144
14	4.8913	5.0543	64	None	None	0	3	3.0520024626429696
15	5.0543	5.2174	66	None	None	0	5	2.8740399866432944
16	5.2174	5.3804	63	None	None	0	3	2.5228191000918296
17	5.3804	5.5435	61	None	None	0	2	2.376183917093003
18	5.5435	5.7065	66	None	None	0	4	1.9911911321002154
19	5.7065	5.8696	59	None	None	0	1	2.1133871179325627
20	5.8696	6.0326	64	None	None	0	3	2.1426160960251814
21	6.0326	6.1957	61	None	None	0	2	2.0475955553413803
22	6.1957	6.3587	66	None	None	0	4	1.662602770348592
23	6.3587	6.5217	64	None	None	0	3	1.6626027703485857
24	6.5217	6.6848	61	None	None	0	2	1.6626027703485864
25	6.6848	6.8478	64	None	None	0	3	1.5872693607155488
26	6.8478	7.0109	61	None	None	0	2	1.7523848008309888
27	7.0109	7.1739	64	None	None	0	3	1.6824615422713696
28	7.1739	7.5000	66	None	None	0	4	1.5785572395034226
29	7.5000	7.6630	64	None	None	0	3	1.8386932203026638
30	7.6630	7.8261	61	None	None	0	2	1.7490828306922783
31	7.8261	7.9891	64	None	None	0	3	1.7490828306922783
32	7.9891	8.3152	61	None	None	0	2	1.8333000024094561
33	8.3152	8.4783	64	None	None	0	3	1.8333000024094601
34	8.4783	8.6413	65	None	None	0	4	1.66818456229402
35	8.6413	8.8043	61	None	None	0	2	1.7381078208536385
36	8.8043	8.9674	64	None	None	0	3	1.757794951904406
37	8.9674	9.1304	65	None	None	0	4	1.4976589711051607
38	9.1304	9.2935	61	None	None	0	2	1.5872693607155473
39	9.2935	9.4565	64	None	None	0	3	1.5872693607155457
40	9.4565	9.7826	66	None	None	0	4	1.286493747439929
41	9.7826	9.9457	64	None	None	0	3	1.3815142881237286
42	9.9457	10.1087	61	None	None	0	2	1.6333737922559628
43	10.1087	10.2717	64	None	None	0	4	1.623887992641146
44	10.2717	10.5978	61	None	None	0	3	1.623887992641146
45	10.5978	10.7609	64	None	None	0	4	1.6919001109083724
46	10.7609	10.9239	61	None	None	0	3	1.994167173506014
47	10.9239	11.0870	64	None	None	0	4	1.9325206015288658
48	11.4130	11.5761	64	None	None	0	4	2.0662122924909676
49	11.5761	11.7391	61	None	None	0	3	2.066212292490973
50	11.7391	11.9022	59	None	None	0	2	2.090274341553015
51	11.9022	12.0652	64	None	None	0	4	1.7880072789553703
52	12.0652	12.2283	61	None	None	0	3	1.742725051274134
53	12.2283	12.3913	59	None	None	0	2	1.7051405283590308
54	12.3913	12.5543	64	None	None	0	4	1.2238995471180512
55	12.5543	12.8804	61	None	None	0	3	1.2895586900239435
56	12.8804	13.0435	59	None	None	0	2	1.8106289038237524
57	13.0435	13.2065	61	None	None	0	3	2.021265374790803
58	13.2065	13.3696	64	None	None	0	4	2.1976778512032773
59	13.3696	13.6957	61	None	None	0	3	2.490132503988515
60	13.6957	13.8587	59	None	None	0	2	2.5820818386674316
61	13.8587	14.5109	61	None	None	0	3	2.500510517426688
62	19.0833	19.4167	61	None	None	0	2	3.0829670329670362
63	19.4167	19.7500	63	None	None	0	3	3.3002497502497556
64	19.7500	20.0833	66	None	None	0	4	2.6966333980484927
65	20.0833	20.4167	63	None	None	0	2	2.5639410903561854
66	20.4167	20.7500	66	None	None	0	5	2.1165593054744036
67	20.7500	21.4167	63	None	None	0	3	1.944231633146734
68	21.4167	21.7500	61	None	None	0	2	1.8503631122870616
69	22.0833	22.4167	63	None	None	0	3	1.9252881872121363
70	22.4167	22.7500	66	None	None	0	5	1.7045641705689767
71	22.7500	23.7500	63	None	None	0	4	1.8085508276174953
72	24.4167	24.7500	61	None	None	0	3	2.506780428205587
73	24.7500	25.4167	59	None	None	0	2	2.5360386699638275
74	25.4167	25.7500	61	None	None	0	4	2.104024495322497
75	25.7500	27.7500	63	None	None	0	5	2.3262009274785638
76	29.4167	29.7500	61	None	None	0	4	2.4354083138700418
77	29.7500	30.7500	63	None	None	0	5	2.4364402691793994
78	31.4167	31.7500	54	None	None	0	2	2.4894556686355838
79	31.7500	32.7500	51	None	None	0	1	2.4684440715370335
80	33.4167	33.7500	49	None	None	0	3	1.87591356744992
81	34.0833	34.4167	47	None	None	0	2	1.801612325213895
82	34.4167	34.7500	51	None	None	0	3	1.9846044375240475
83	34.7500	35.7500	54	None	None	0	5	1.6732233099848235
84	36.0833	36.4167	51	None	None	0	4	1.5931291793092959
85	36.4167	36.7500	49	None	None	0	3	1.705142166322283
86	36.7500	37.4167	47	None	None	0	1	1.7606806883592563
87	37.4167	37.7500	49	None	None	0	2	2.09099939915157
88	37.7500	38.7500	51	None	None	0	3	2.39010029825247
89	39.7500	40.4167	51	None	None	0	2	2.408421748933795
90	40.4167	40.7500	54	None	None	0	5	2.0495506133489467
91	40.7500	41.4167	51	None	None	0	3	2.8060085707141607
92	41.4167	41.7500	49	None	None	0	2	3.0777618174674144
93	41.7500	42.0833	47	None	None	0	1	3.2648497295553285
94	42.0833	42.4167	51	None	None	0	2	3.2314706086762
95	42.4167	42.7500	54	None	None	0	4	2.952299779505374
96	42.7500	44.7500	51	None	None	0	1	2.34889108137409
97	45.4167	45.7500	54	None	None	0	2	2.5169588569719865
98	48.4167	48.7500	59	None	None	0	1	2.4128069604813884
99	48.7500	49.0833	63	None	None	0	3	2.2361548473674824
100	49.0833	49.4167	66	None	None	0	5	1.6740309593507372
101	49.4167	49.7500	63	None	None	0	4	1.0963294941492727
102	49.7500	50.0833	59	None	None	0	2	1.3113935967133745
103	50.0833	51.4167	64	None	None	0	4	1.1279104132301851
104	51.4167	51.7500	61	None	None	0	3	1.5645512225869478
105	51.7500	52.0833	63	None	None	0	4	1.6196003401360588
106	52.0833	52.4167	59	None	None	0	2	1.9297069002426226
107	52.4167	52.7500	65	None	None	0	3	2.0423534798534786
108	52.7500	53.0833	63	None	None	0	2	2.0423534798534746
109	53.0833	53.4167	59	None	None	0	1	2.0737179487179405
110	53.4167	53.7500	64	None	None	0	3	2.2984931734931715
111	53.7500	54.0833	61	None	None	0	1	2.3673409923409876
112	54.0833	54.4167	66	None	None	0	4	2.3279304029303898
113	54.4167	54.7500	63	None	None	0	2	2.042353479853472
114	54.7500	55.0833	59	None	None	0	1	2.073717948717943
115	55.0833	55.4167	64	None	None	0	3	2.2984931734931653
116	55.4167	55.7500	61	None	None	0	1	2.3673409923409907
117	55.7500	56.0833	66	None	None	0	4	2.3279304029303947
118	56.0833	56.4167	63	None	None	0	2	2.042353479853468
119	56.4167	56.7500	59	None	None	0	1	2.0737179487179453
120	56.7500	57.0833	64	None	None	0	3	2.2984931734931697
121	57.0833	57.4167	61	None	None	0	1	2.3673409923409867
122	57.4167	57.7500	66	None	None	0	4	2.327930402930394
123	57.7500	58.0833	63	None	None	0	2	2.0423534798534746
124	58.0833	58.4167	59	None	None	0	1	2.0737179487179405
125	58.4167	58.7500	64	None	None	0	3	2.2984931734931715
126	58.7500	59.0833	61	None	None	0	1	2.3673409923409876
127	59.0833	59.4167	66	None	None	0	4	2.3279304029303898
128	59.4167	59.7500	63	None	None	0	2	2.042353479853472
129	59.7500	60.0833	59	None	None	0	1	2.073717948717943
130	60.0833	60.4167	64	None	None	0	3	2.2984931734931653
131	60.4167	60.7500	61	None	None	0	1	2.3673409923409907
132	60.7500	61.0833	66	None	None	0	4	2.3279304029303947
133	61.0833	61.4167	63	None	None	0	2	2.042353479853468
134	61.4167	61.7500	59	None	None	0	1	2.0737179487179453
135	61.7500	62.0833	64	None	None	0	3	2.298493173493176
136	62.0833	62.4167	61	None	None	0	1	2.3673409923409885
137	62.4167	62.7500	66	None	None	0	4	2.885671768707472
138	62.7500	63.0833	63	None	None	0	0	-1
139	63.0833	63.4167	59	None	None	0	0	-1
140	63.4167	63.7500	64	None	None	0	0	-1
141	63.7500	64.0833	61	None	None	0	0	-1
142	64.0833	64.4167	66	None	None	0	0	-1
143	64.4167	64.7500	63	None	None	0	0	-1
144	64.7500	65.0833	59	None	None	0	0	-1
145	66.7500	67.0833	76	None	None	0	0	-1
146	67.0833	67.4167	78	None	None	0	0	-1
147	67.4167	67.7500	76	None	None	0	0	-1
148	67.7500	68.0833	75	None	None	0	0	-1
149	68.0833	68.4167	73	None	None	0	0	-1
150	68.4167	69.7500	71	None	None	0	0	-1
151	69.7500	70.0833	76	None	None	0	0	-1
152	70.0833	71.4167	71	None	None	0	0	-1
