0	1.6667	2.5000	69	None	None	0	5	2.182932850559588
1	2.5000	2.9167	67	None	None	0	4	2.213613671274973
2	2.9167	3.3333	64	None	None	0	3	1.9617346938775597
3	3.3333	4.5833	62	None	None	0	1	1.853300439799585
4	4.5833	5.0000	71	None	None	0	5	2.0694422728769033
5	5.0000	5.4167	69	None	None	0	4	2.193789431095026
6	5.4167	5.8333	67	None	None	0	3	2.1402926739692396
7	5.8333	6.2500	64	None	None	0	2	2.180587756558233
8	6.2500	6.6667	62	None	None	0	1	2.1220109706068886
9	6.6667	7.5000	67	None	None	0	2	2.051500980718858
10	7.5000	8.3333	69	None	None	0	3	2.0049696254583083
11	8.3333	8.7500	71	None	None	0	4	2.235019241174797
12	8.7500	9.1667	62	None	None	0	1	2.3184187075425986
13	9.1667	10.0000	64	None	None	0	2	2.3947374419007135
14	10.4167	10.8333	69	None	None	0	4	2.400052509039775
15	10.8333	11.2500	71	None	None	0	5	2.3843762717180295
16	11.2500	11.6667	62	None	None	0	2	1.9967736268508827
17	11.6667	13.3333	64	None	None	0	3	2.0407172051973403
18	15.0000	15.1974	69	None	None	0	5	2.227534329020633
19	15.1974	15.3947	67	None	None	0	4	2.2275343290206306
20	15.3947	15.5921	64	None	None	0	3	2.2107201697285905
21	15.5921	15.7895	62	None	None	0	2	2.227534329020634
22	15.7895	16.1842	69	None	None	0	5	2.2275343290206338
23	16.1842	16.5789	67	None	None	0	4	2.024604575558967
24	16.5789	16.9737	69	None	None	0	5	3.040785661609788
25	16.9737	17.3684	67	None	None	0	4	3.1754735510755046
26	17.3684	17.5658	69	None	None	0	5	2.9471775784311296
27	17.5658	17.7632	67	None	None	0	4	2.8857925524443346
28	17.7632	17.9605	64	None	None	0	3	2.5988842788103894
29	17.9605	18.1579	62	None	None	0	1	2.037131791460071
30	18.1579	18.5526	69	None	None	0	3	1.5426089682091393
31	18.5526	18.7500	69	None	None	0	3	1.846464846843778
32	18.7500	18.9474	71	None	None	0	4	1.544877545256472
33	18.9474	19.3421	69	None	None	0	3	3.6582515548741292
34	19.3421	19.5395	69	None	None	0	5	2.670530605466934
35	19.5395	19.7368	67	None	None	0	4	2.9406247198088393
36	19.7368	20.1316	69	None	None	0	5	2.881474909442226
37	20.1316	20.5263	67	None	None	0	4	2.777628594665772
38	20.5263	20.7237	69	None	None	0	5	3.8538015122103637
39	20.7237	20.9211	67	None	None	0	4	3.6862091406574646
40	20.9211	21.1184	64	None	None	0	3	3.3655391027307857
41	21.1184	21.3158	62	None	None	0	1	3.305691541664061
42	21.5132	21.7105	67	None	None	0	4	3.2126019377335773
43	21.7105	21.9079	64	None	None	0	2	2.881122797404877
44	21.9079	22.1053	62	None	None	0	1	2.3540122481704397
45	22.1053	22.5000	69	None	None	0	3	1.9696886072096327
46	22.5000	22.8947	71	None	None	0	4	2.0706147323826007
47	22.8947	23.0921	69	None	None	0	3	2.180813914672721
48	23.0921	23.2895	67	None	None	0	2	1.8769580360380855
49	23.2895	23.6842	69	None	None	0	3	1.9045812977321401
50	23.8816	24.0789	67	None	None	0	2	2.3985531675797143
51	24.0789	24.2763	69	None	None	0	3	2.426176429273778
52	24.2763	24.4737	71	None	None	0	4	2.294281672061281
53	24.4737	24.6711	69	None	None	0	3	2.3717163837856656
54	24.6711	24.8684	67	None	None	0	2	2.6425749716820057
55	24.8684	25.2632	69	None	None	0	3	2.5338053620368606
56	25.4605	25.6579	69	None	None	0	3	2.678182261732907
57	25.6579	25.8553	67	None	None	0	2	2.4871985536627514
58	25.8553	26.0526	71	None	None	0	4	2.205454392068348
59	26.0526	26.4474	69	None	None	0	3	2.111858553243267
60	26.4474	26.6447	67	None	None	0	2	2.793949967289591
61	26.6447	26.8421	71	None	None	0	4	2.4322753458909503
62	26.8421	27.2368	69	None	None	0	3	2.195676104424452
63	27.2368	27.6316	64	None	None	0	1	2.087329546068482
64	27.6316	28.0263	69	None	None	0	3	4.559956439039939
65	28.4211	57.6316	71	None	None	0	4	5.398285279853473
66	28.4211	57.2368	71	None	None	0	5	5.4817609005568055
67	28.8158	29.0132	69	None	None	0	3	4.94589830032309
68	29.0132	29.2105	67	None	None	0	2	4.9182750386290275
69	29.2105	29.4079	64	None	None	0	1	5.219862340216326
70	29.4079	29.6053	67	None	None	0	4	5.463493034821408
71	29.6053	29.8026	64	None	None	0	2	5.563228086062768
72	29.8026	30.0000	62	None	None	0	1	4.881136672016452
73	30.0000	30.1974	64	None	None	0	2	4.794663852800253
74	30.1974	30.3947	67	None	None	0	3	4.601431982288914
75	30.3947	30.5921	69	None	None	0	4	4.8950125413562064
76	30.5921	30.7895	67	None	None	0	2	3.4547815334260967
77	30.7895	31.1842	69	None	None	0	3	3.7275627590834337
78	31.1842	63.1579	71	None	None	0	4	6.654802270968015
79	31.1842	62.7632	71	None	None	0	5	6.214177672575355
80	31.5789	31.7763	69	None	None	0	3	5.452991993257485
81	31.7763	31.9737	67	None	None	0	2	6.592160867830488
82	31.9737	64.1447	64	None	None	0	1	7.2827424101819425
83	31.9737	64.7368	71	None	None	0	5	5.434695734818134
84	32.1711	32.3684	68	None	None	0	4	5.895250236854941
85	32.3684	32.5658	64	None	None	0	3	5.0208710604055815
86	32.5658	32.7632	63	None	None	0	2	4.323683955475123
87	32.7632	32.9605	68	None	None	0	5	3.0192759828465086
88	32.9605	33.3553	64	None	None	0	3	5.176618883133426
89	33.3553	33.5526	63	None	None	0	2	6.778007846739958
90	33.5526	33.9474	64	None	None	0	3	7.22838711349091
91	33.9474	34.1447	63	None	None	0	1	6.6774509373396205
92	34.1447	34.3421	64	None	None	0	2	5.762947495845032
93	34.3421	34.5395	68	None	None	0	3	4.898055529404379
94	34.5395	34.7368	64	None	None	0	1	4.633165797700514
95	34.7368	34.9342	68	None	None	0	2	4.758671486701759
96	34.9342	35.1316	69	None	None	0	3	4.244905508334023
97	35.1316	70.6579	71	None	None	0	4	5.084279015849123
98	35.1316	70.6579	71	None	None	0	5	4.481971809780857
99	35.5263	35.7237	63	None	None	0	1	3.9996651087358797
100	35.7237	35.9211	68	None	None	0	4	4.248844641101275
101	35.9211	36.1184	64	None	None	0	1	4.0215016792450164
102	36.1184	36.3158	69	None	None	0	3	4.118917046571896
103	36.3158	36.5132	68	None	None	0	2	3.477959110702471
104	36.5132	73.2237	71	None	None	0	3	3.9943940032435608
105	36.5132	73.2237	71	None	None	0	4	2.7960515394143624
106	36.7105	36.9079	63	None	None	0	1	2.7202430198099465
107	36.9079	37.1053	68	None	None	0	4	3.4442372897818987
108	37.1053	37.3026	64	None	None	0	2	4.0585546096302
109	37.3026	37.5000	69	None	None	0	4	3.8333888058455408
110	37.5000	38.2895	71	None	None	0	5	5.894350543047817
111	37.6974	37.8947	68	None	None	0	4	7.18345276948413
112	37.8947	38.0921	64	None	None	0	3	6.457097904612837
113	38.0921	38.2895	69	None	None	0	5	6.035023009368372
114	38.4868	38.6842	64	None	None	0	3	6.177143341543792
115	38.6842	38.8816	63	None	None	0	1	4.500400004893981
116	38.8816	39.0789	64	None	None	0	2	5.859887790873323
117	39.0789	39.2763	68	None	None	0	3	4.929168234475766
118	39.2763	39.4737	69	None	None	0	4	4.062649450355816
119	39.4737	39.8904	71	None	None	0	5	3.7118190604412815
120	41.1404	83.1140	69	None	None	0	4	3.701580869673112
121	41.1404	83.9474	71	None	None	0	5	3.8346535372672297
122	41.9737	42.3904	68	None	None	0	3	5.64850535365362
123	42.3904	42.8070	64	None	None	0	2	5.381425860566061
124	42.8070	87.2807	63	None	None	0	1	3.3831016041773063
125	42.8070	87.2807	71	None	None	0	4	3.4591384705367516
126	44.8904	90.1974	68	None	None	0	3	3.6344572353017317
127	44.8904	90.6140	71	None	None	0	4	3.8024723852178903
128	44.8904	90.6140	73	None	None	0	5	5.860202460749715
129	45.3070	45.7237	64	None	None	0	2	5.5875965048776335
130	45.7237	46.1404	63	None	None	0	1	3.2023718504997367
131	46.1404	46.5570	71	None	None	0	4	3.2015269964290787
132	46.5570	93.5307	68	None	None	0	3	4.2437033684441605
133	46.5570	93.9474	71	None	None	0	4	4.427459128812833
134	46.5570	93.9474	73	None	None	0	5	4.36839477726576
135	46.9737	47.3904	64	None	None	0	1	4.2170122887865
136	47.3904	47.8070	63	None	None	0	2	3.2459869431643655
137	47.8070	96.0307	68	None	None	0	4	3.24598694316437
138	47.8070	96.4474	71	None	None	0	5	3.6831989247311947
139	48.2237	48.6404	64	None	None	0	3	3.1647657450076894
140	48.6404	49.0570	63	None	None	0	2	3.1647657450076894
141	49.0570	98.5307	68	None	None	0	4	3.1647657450076894
142	49.0570	98.5307	71	None	None	0	5	3.1647657450076894
143	49.4737	49.8904	64	None	None	0	3	3.1647657450076894
144	49.8904	50.3070	63	None	None	0	2	3.1647657450076894
145	50.3070	50.7237	68	None	None	0	4	3.1647657450076894
146	50.7237	51.1404	69	None	None	0	5	3.1647657450076894
147	51.1404	103.9474	64	None	None	0	3	3.1647657450076894
148	51.1404	103.9474	71	None	None	0	0	3.1647657450076894
