0	0.0000	0.8333	68	None	None	1	-1	2.277062666573309
1	0.8333	1.2500	66	None	None	1	-2	2.337521850246775
2	1.2500	1.6667	63	None	None	1	-3	2.2905525896686454
3	1.6667	3.3333	61	None	None	1	-4	2.596812190283085
4	3.7500	4.1667	68	None	None	1	-1	2.6505270917425365
5	4.1667	4.5833	66	None	None	1	-2	2.158376709269574
6	4.5833	5.0000	63	None	None	1	-3	2.0745022503951165
7	5.0000	6.2500	61	None	None	1	-4	1.980229892769909
8	6.2500	6.6667	59	None	None	1	-5	2.0089532548746094
9	7.0833	7.5000	68	None	None	1	-2	1.5101649895684857
10	7.5000	7.9167	66	None	None	1	-3	1.7724970005247722
11	7.9167	8.3333	63	None	None	1	-4	1.4257826055562477
12	8.3333	9.5833	61	None	None	1	-5	1.7978114501544682
13	9.5833	10.0000	63	None	None	1	-4	1.8463991961891917
14	10.0000	11.2500	61	None	None	1	-5	1.7877671154685477
15	11.2500	11.6667	68	None	None	1	-2	2.096443901785914
16	11.6667	13.3333	61	None	None	1	-5	2.268638022513592
17	15.0000	15.1974	61	None	None	1	-5	2.594775126291277
18	15.1974	15.3947	63	None	None	1	-4	2.594775126291274
19	15.3947	15.5921	66	None	None	1	-3	2.5947751262912773
20	15.5921	15.7895	68	None	None	1	-2	2.5947751262912777
21	15.7895	16.1842	61	None	None	1	-5	2.5947751262912764
22	16.1842	16.5789	63	None	None	1	-4	2.3411129344641872
23	16.5789	16.9737	61	None	None	1	-5	3.3352489871781246
24	16.9737	17.3684	63	None	None	1	-4	3.3476441770057694
25	17.3684	17.5658	61	None	None	1	-5	3.021507073228084
26	17.5658	17.7632	63	None	None	1	-4	2.8506055804239363
27	17.7632	17.9605	66	None	None	1	-3	2.657808053754487
28	17.9605	18.1579	68	None	None	1	-1	1.7092799481215146
29	18.1579	18.5526	61	None	None	1	-3	1.2597137451661256
30	18.5526	18.7500	61	None	None	1	-3	1.5635696238007704
31	18.7500	18.9474	59	None	None	1	-4	1.4708248562772408
32	18.9474	19.3421	61	None	None	1	-3	4.914297142446113
33	19.3421	19.5395	61	None	None	1	-5	3.157884835592687
34	19.5395	19.7368	63	None	None	1	-4	3.3036136151710283
35	19.7368	20.1316	61	None	None	1	-5	3.064869710529512
36	20.1316	20.5263	63	None	None	1	-4	2.952755288252728
37	20.5263	20.7237	61	None	None	1	-5	2.880280376302131
38	20.7237	20.9211	63	None	None	1	-4	3.1390372839481286
39	20.9211	21.1184	66	None	None	1	-3	2.8373438323653
40	21.1184	21.3158	68	None	None	1	-2	2.763769108745859
41	21.5132	21.7105	63	None	None	1	-5	2.9461752929348926
42	21.7105	21.9079	66	None	None	1	-3	2.8659562248839747
43	21.9079	22.1053	68	None	None	1	-1	2.0208763876764424
44	22.1053	22.5000	61	None	None	1	-3	1.5451424362787725
45	22.5000	22.6974	63	None	None	1	-2	1.5208207943545147
46	22.6974	22.8947	59	None	None	1	-4	1.8773053890710831
47	22.8947	23.2895	61	None	None	1	-3	1.7586236283539238
48	23.2895	23.4868	66	None	None	1	-1	1.528487856888837
49	23.4868	23.6842	63	None	None	1	-2	1.6714912595302551
50	23.6842	24.0789	61	None	None	1	-3	1.5451424362787738
51	24.0789	24.2763	63	None	None	1	-2	1.4576631602356687
52	24.2763	24.4737	59	None	None	1	-4	1.6367473012667166
53	24.4737	24.8684	61	None	None	1	-3	1.6032039026790663
54	24.8684	25.0658	66	None	None	1	-1	1.2802627065501448
55	25.0658	25.2632	63	None	None	1	-2	1.4232661091915648
56	25.2632	25.6579	61	None	None	1	-3	1.3230850343823573
57	25.6579	25.8553	63	None	None	1	-2	1.8765711077743226
58	25.8553	26.0526	59	None	None	1	-5	1.8323454393338967
59	26.2500	26.4474	61	None	None	1	-4	2.6265647875420264
60	26.4474	26.6447	63	None	None	1	-2	2.914291399156825
61	26.6447	26.8421	59	None	None	1	-4	3.040640222408305
62	26.8421	27.2368	61	None	None	1	-3	3.3043471398762896
63	27.2368	27.6316	63	None	None	1	-2	3.361162005250041
64	27.6316	28.0263	61	None	None	1	-4	4.488158636486771
65	28.4211	28.8158	68	None	None	1	-1	4.070959543317633
66	28.8158	29.0132	66	None	None	1	-2	3.803082899155929
67	29.0132	29.2105	63	None	None	1	-3	3.355433203718621
68	29.2105	29.4079	61	None	None	1	-4	2.9730445255334765
69	29.4079	29.6053	63	None	None	1	-3	2.842025102478659
70	29.6053	29.8026	61	None	None	1	-4	5.064265966752561
71	29.8026	59.8026	59	None	None	1	-5	4.975753809309174
72	29.8026	59.8026	59	None	None	1	-4	4.491345886848164
73	30.0000	30.1974	61	None	None	1	-3	4.875630533933069
74	30.1974	30.3947	63	None	None	1	-2	4.993796708957654
75	30.3947	30.5921	66	None	None	1	-1	5.416295354433549
76	30.5921	30.7895	63	None	None	1	-5	4.315140199067614
77	30.7895	31.1842	66	None	None	1	-3	5.251443816787135
78	31.1842	31.5789	68	None	None	1	-1	4.070959543317618
79	31.5789	31.7763	66	None	None	1	-2	3.5906779228086667
80	31.7763	31.9737	63	None	None	1	-3	3.1812422257623543
81	31.9737	32.1711	61	None	None	1	-4	2.887154147111571
82	32.1711	32.3684	63	None	None	1	-2	2.395138278783052
83	32.3684	32.5658	61	None	None	1	-4	2.6761825474231546
84	32.5658	65.3289	59	None	None	1	-5	2.6878514647889733
85	32.5658	65.3289	59	None	None	1	-4	1.553162603993951
86	32.7632	33.3553	61	None	None	1	-3	1.5149486056029604
87	33.3553	33.5526	59	None	None	1	-5	5.075336497511426
88	33.5526	33.9474	61	None	None	1	-4	5.186540582174075
89	33.9474	34.7368	59	None	None	1	-5	5.135420284953406
90	34.1447	34.3421	61	None	None	1	-4	5.291384956957902
91	34.3421	34.5395	63	None	None	1	-3	5.423387025685633
92	34.5395	34.7368	61	None	None	1	-5	3.9355502613860986
93	34.7368	34.9342	63	None	None	1	-4	4.172944111390554
94	34.9342	35.1316	66	None	None	1	-3	3.8777033534874006
95	35.1316	35.5263	68	None	None	1	-1	3.1025374616426773
96	35.5263	35.7237	59	None	None	1	-5	3.202771603383542
97	35.7237	35.9211	63	None	None	1	-3	3.4512206689103744
98	35.9211	36.1184	61	None	None	1	-4	3.451220668910375
99	36.1184	36.3158	66	None	None	1	-2	3.451220668910375
100	36.3158	36.5132	63	None	None	1	-3	3.4512206689103744
101	36.5132	36.7105	68	None	None	1	-1	3.309962320572381
102	36.9079	37.1053	63	None	None	1	-3	3.790615275668697
103	37.1053	37.3026	61	None	None	1	-4	3.634650603664201
104	37.3026	37.5000	66	None	None	1	-2	3.5026485349364695
105	37.6974	37.8947	63	None	None	1	-3	3.776034363866214
106	37.8947	38.0921	61	None	None	1	-4	6.308777806510114
107	38.0921	38.2895	66	None	None	1	-2	6.2287164014171
108	38.2895	38.4868	63	None	None	1	-3	5.987735572368911
109	38.4868	38.6842	68	None	None	1	-1	5.429956865682138
110	38.6842	39.4737	59	None	None	1	-5	5.023798402547356
111	38.8816	39.0789	61	None	None	1	-4	4.93863155892602
112	39.0789	39.2763	63	None	None	1	-3	4.930406543385843
113	39.2763	39.4737	66	None	None	1	-2	4.381244855444891
114	39.4737	40.3070	68	None	None	1	-1	1.6819170380347255
115	40.3070	40.7237	66	None	None	1	-2	1.86287209967815
116	40.7237	41.1404	63	None	None	1	-3	1.8423616961032336
117	41.1404	42.8070	61	None	None	1	-4	1.911760423336059
118	42.8070	43.6404	66	None	None	1	-2	1.9481538143116608
119	43.6404	44.0570	63	None	None	1	-3	1.8640745007680595
120	44.0570	44.4737	61	None	None	1	-4	1.9274385560676004
121	44.4737	45.3070	59	None	None	1	-5	2.1019160083388337
122	45.3070	45.7237	66	None	None	1	-3	1.79192214275741
123	45.7237	46.1404	68	None	None	1	-2	1.7919221427574072
124	46.1404	46.5570	63	None	None	1	-4	1.7919221427574072
125	46.5570	47.3904	61	None	None	1	-5	1.6605184082430735
126	47.3904	95.1974	66	None	None	1	-3	1.8991390617830817
127	47.3904	95.1974	68	None	None	1	-2	1.8831170078001993
128	47.8070	48.2237	63	None	None	1	-4	1.7299872074929785
129	48.2237	48.6404	61	None	None	1	-5	1.7299872074929785
130	48.6404	97.6974	66	None	None	1	-3	1.7299872074929785
131	48.6404	98.1140	68	None	None	1	-2	1.7299872074929785
132	49.0570	49.4737	63	None	None	1	-4	1.7299872074929785
133	49.8904	50.3070	66	None	None	1	-2	1.7299872074929785
134	50.3070	50.7237	63	None	None	1	-3	1.7299872074929785
135	50.7237	51.1404	59	None	None	1	-5	1.7299872074929785
136	51.1404	103.9474	61	None	None	1	-4	1.7299872074929785
137	51.1404	103.9474	68	None	None	1	0	1.7299872074929785
