0	0.0000	0.4348	55	None	None	1	-5	0.10785459872060217
1	0.0000	0.4348	57	None	None	1	-4	0.20146261423067352
2	0.0000	0.4348	60	None	None	1	-3	0.3694619926438516
3	0.0000	0.4348	62	None	None	1	-2	0.4588661572755599
4	0.8696	2.1739	55	None	None	1	-5	0.48633807487090686
5	0.8696	2.1739	57	None	None	1	-4	0.5799460903809782
6	0.8696	2.1739	60	None	None	1	-3	0.7479454687941562
7	0.8696	2.1739	62	None	None	1	-2	0.8373496334258645
8	1.7391	3.9130	55	None	None	1	-5	1.603104982847518
9	1.7391	3.9130	57	None	None	1	0	-1
10	1.7391	3.9130	60	None	None	1	0	-1
11	1.7391	3.9130	62	None	None	1	0	-1
12	2.6087	6.5217	55	None	None	1	0	-1
13	2.6087	6.5217	57	None	None	1	-3	2.4293033916787103
14	2.6087	6.5217	60	None	None	1	0	-1
15	2.6087	6.5217	62	None	None	1	0	-1
16	3.9130	5.2174	50	None	None	1	0	-1
17	5.2174	6.0870	48	None	None	1	0	-1
18	6.0870	6.5217	50	None	None	1	0	-1
19	6.5217	6.9565	48	None	None	1	0	-1
20	6.9565	7.8261	43	None	None	1	0	-1
21	7.8261	9.1304	43	None	None	1	0	-1
22	10.4348	21.3043	55	None	None	1	-5	0.5880490600028981
23	10.4348	21.3043	57	None	None	1	-4	0.6545327166657114
24	10.4348	21.3043	60	None	None	1	-3	0.7723573917566888
25	10.4348	21.3043	62	None	None	1	-2	0.837349633425865
26	11.3043	23.0435	55	None	None	1	-5	0.837349633425865
27	11.3043	23.0435	57	None	None	1	-4	0.8373496334258651
28	11.3043	23.0435	60	None	None	1	-3	0.8321926827532202
29	11.3043	23.0435	62	None	None	1	-2	0.837349633425865
30	12.1739	24.7826	55	None	None	1	-5	0.811135928527943
31	12.1739	24.7826	57	None	None	1	-4	0.7218151562831714
32	12.1739	24.7826	60	None	None	1	-3	0.5558808155699381
33	12.1739	24.7826	62	None	None	1	-2	0.476200684936582
34	13.0435	27.3913	55	None	None	1	-5	0.5763724053437296
35	13.0435	27.3913	57	None	None	1	-4	0.5575454425705794
36	13.0435	27.3913	60	None	None	1	-3	0.5766998307832654
37	13.0435	27.3913	62	None	None	1	-2	0.7487209710779505
38	20.0000	40.4348	55	None	None	1	-5	0.8886126957637566
39	20.0000	40.4348	57	None	None	1	-4	0.9591065052353765
40	20.0000	40.4348	60	None	None	1	-3	1.1434866697743564
41	20.0000	40.4348	62	None	None	1	-2	1.3958965050893333
42	20.8696	42.1739	57	None	None	1	-5	1.3173860239162947
43	20.8696	42.1739	59	None	None	1	-4	1.2985590611431432
44	20.8696	42.1739	62	None	None	1	-3	1.3177134493558276
45	20.8696	42.1739	64	None	None	1	-1	1.4137616556338577
46	21.7391	43.9130	55	None	None	1	-5	1.2235479393551172
47	21.7391	43.9130	57	None	None	1	-4	1.2047209765819664
48	21.7391	43.9130	60	None	None	1	-3	1.2238753647946512
49	21.7391	43.9130	62	None	None	1	-2	1.1486209498162165
50	22.6087	45.6522	57	None	None	1	-5	1.0242163803327744
51	22.6087	45.6522	59	None	None	1	-4	0.9496180014610422
52	22.6087	45.6522	62	None	None	1	-2	0.7996715241922189
53	22.6087	45.6522	64	None	None	1	-1	0.6714159798924878
54	23.4783	48.2609	55	None	None	1	-3	0.5231935738338956
55	23.4783	48.2609	57	None	None	1	-2	0.6406983784463243
56	23.4783	48.2609	60	None	None	1	-1	0.8948623758838656
57	30.4348	61.3043	55	None	None	1	-5	0.888612695763757
58	30.4348	61.3043	57	None	None	1	-4	0.9591065052353773
59	30.4348	61.3043	60	None	None	1	-3	1.1434866697743578
60	30.4348	61.3043	62	None	None	1	-2	1.395896505089336
61	31.3043	63.0435	57	None	None	1	-5	1.2172143035091498
62	31.3043	63.0435	59	None	None	1	-4	1.2172143035091487
63	31.3043	63.0435	62	None	None	1	-3	1.2120573528365022
64	31.3043	63.0435	64	None	None	1	-1	1.1412413694924919
65	32.1739	64.7826	55	None	None	1	-5	0.8373496334258657
66	32.1739	64.7826	57	None	None	1	-4	0.8373496334258653
67	32.1739	64.7826	60	None	None	1	-3	0.8321926827532198
68	32.1739	64.7826	62	None	None	1	-2	0.8373496334258641
69	33.0435	66.5217	55	None	None	1	-5	1.577431093920483
70	33.0435	66.5217	57	None	None	1	0	-1
71	33.0435	66.5217	60	None	None	1	0	-1
72	33.0435	66.5217	62	None	None	1	0	-1
73	33.9130	69.1304	55	None	None	1	0	-1
74	33.9130	69.1304	57	None	None	1	-3	3.0142319071265433
75	33.9130	69.1304	60	None	None	1	0	-1
76	33.9130	69.1304	62	None	None	1	0	-1
77	36.5217	36.9565	54	None	None	1	0	-1
78	36.9565	37.8261	50	None	None	1	0	-1
79	37.8261	38.6957	50	None	None	1	0	-1
80	38.6957	39.1304	48	None	None	1	0	-1
81	39.1304	40.4348	43	None	None	1	0	-1
82	40.8696	41.3043	55	None	None	1	0	-1
83	41.7391	84.7826	57	None	None	1	0	-1
84	41.7391	84.7826	59	None	None	1	0	-1
85	41.7391	84.7826	62	None	None	1	0	-1
86	41.7391	84.7826	64	None	None	1	0	-1
87	43.0435	43.4783	48	None	None	1	0	-1
88	43.4783	44.3478	43	None	None	1	0	-1
89	44.3478	45.6522	43	None	None	1	0	-1
90	46.5217	93.4783	55	None	None	1	0	-1
91	46.5217	93.4783	57	None	None	1	0	-1
92	46.5217	93.4783	60	None	None	1	0	-1
93	46.5217	93.4783	62	None	None	1	0	-1
94	48.2609	49.1304	36	None	None	1	0	-1
95	49.1304	49.5652	41	None	None	1	0	-1
96	49.5652	50.8696	43	None	None	1	0	-1
97	50.8696	103.0435	43	None	None	1	0	-1
98	50.8696	102.6087	55	None	None	1	-4	1.0414369256474507
99	50.8696	102.6087	57	None	None	1	-3	1.0414369256474507
100	50.8696	102.6087	60	None	None	1	-2	1.041436925647451
101	50.8696	102.6087	62	None	None	1	-1	1.041436925647451
102	52.1739	105.2174	55	None	None	1	-5	0.6122233189381858
103	52.1739	105.2174	57	None	None	1	-4	0.728467220578147
104	52.1739	105.2174	60	None	None	1	-3	0.9341458720130498
105	52.1739	105.2174	62	None	None	1	-2	1.0481149769849474
106	53.4783	107.3913	55	None	None	1	-5	1.0481149769849474
107	53.4783	107.3913	57	None	None	1	-4	1.0481149769849474
108	53.4783	107.3913	60	None	None	1	-3	1.0481149769849474
109	53.4783	107.3913	62	None	None	1	-2	1.0481149769849474
110	53.9130	108.2609	55	None	None	1	-5	1.0481149769849474
111	53.9130	108.2609	57	None	None	1	-4	1.0481149769849474
112	53.9130	108.2609	60	None	None	1	-3	1.0481149769849474
113	53.9130	108.2609	62	None	None	1	-2	1.0481149769849474
114	54.7826	56.0870	43	None	None	1	0	1.0481149769849474
