0	0.0000	0.8696	64	None	None	0	5	1.719603445969641
1	0.8696	2.1739	57	None	None	0	2	1.8229266362322953
2	0.8696	2.1739	59	None	None	0	3	1.9407997944641981
3	0.8696	2.1739	60	None	None	0	4	2.1298879857945443
4	0.8696	2.1739	64	None	None	0	5	2.0329320509542432
5	1.3043	3.0435	57	None	None	0	2	1.9921957708689724
6	1.3043	3.0435	58	None	None	0	3	1.6354727672296872
7	1.3043	3.0435	61	None	None	0	4	1.1451286550921453
8	1.3043	3.0435	63	None	None	0	5	0.8662791187941461
9	2.1739	4.7826	57	None	None	0	2	0.7629559285314919
10	2.1739	4.7826	58	None	None	0	3	0.6373808309832997
11	2.1739	4.7826	61	None	None	0	4	0.6373808309832998
12	2.1739	4.7826	63	None	None	0	5	0.6373808309832996
13	9.1304	18.6957	56	None	None	0	2	0.9136208531976019
14	9.1304	18.6957	58	None	None	0	3	1.2312079863272858
15	9.1304	18.6957	61	None	None	0	4	1.4836362557146838
16	9.1304	18.6957	63	None	None	0	5	1.6271874968223532
17	10.0000	20.4348	56	None	None	0	1	1.524341359046681
18	10.0000	20.4348	58	None	None	0	2	1.309624685585614
19	10.0000	20.4348	61	None	None	0	3	1.4281303702347978
20	10.0000	20.4348	63	None	None	0	4	1.4651119042534881
21	10.8696	22.1739	58	None	None	0	2	1.3719184385263892
22	10.8696	22.1739	58	None	None	0	3	1.1207682434300068
23	10.8696	22.1739	61	None	None	0	4	1.1207682434300068
24	10.8696	22.1739	63	None	None	0	5	1.1207682434300068
25	11.7391	23.9130	56	None	None	0	1	1.9575544824772684
26	11.7391	23.9130	58	None	None	0	0	-1
27	11.7391	23.9130	61	None	None	0	0	-1
28	11.7391	23.9130	63	None	None	0	0	-1
29	12.6087	25.6522	56	None	None	0	0	-1
30	12.6087	25.6522	58	None	None	0	1	2.5208539250950937
31	12.6087	25.6522	61	None	None	0	2	5.446004757200416
32	12.6087	25.6522	63	None	None	0	3	5.570400667000816
33	14.3478	15.6522	67	None	None	0	4	5.478197460842117
34	15.6522	16.0870	69	None	None	0	5	5.48713371078069
35	16.0870	16.9565	67	None	None	0	2	3.9866839447728184
36	16.9565	17.8261	69	None	None	0	3	3.978982005456531
37	17.8261	18.2609	72	None	None	0	4	4.037509302773068
38	18.2609	19.5652	74	None	None	0	5	3.9927255670650736
39	19.5652	39.5652	56	None	None	0	1	1.0797304044024139
40	19.5652	39.5652	58	None	None	0	2	0.955334494602015
41	19.5652	39.5652	61	None	None	0	4	1.0692459824132547
42	19.5652	39.5652	63	None	None	0	5	1.1207682434300055
43	20.4348	41.3043	56	None	None	0	2	1.120768243430006
44	20.4348	41.3043	58	None	None	0	3	1.097160125090944
45	20.4348	41.3043	61	None	None	0	4	0.8861241972668994
46	20.4348	41.3043	63	None	None	0	5	0.8861241972668993
47	21.3043	43.0435	56	None	None	0	2	0.8861241972668994
48	21.3043	43.0435	58	None	None	0	3	0.8625160789278375
49	21.3043	43.0435	61	None	None	0	4	0.6514801511037929
50	21.3043	43.0435	63	None	None	0	5	0.651480151103793
51	22.1739	44.7826	56	None	None	0	2	0.7707623804574233
52	22.1739	44.7826	59	None	None	0	3	1.5816096143956493
53	22.1739	44.7826	61	None	None	0	4	1.9043655350708963
54	22.1739	44.7826	63	None	None	0	5	2.0316792821415897
55	23.0435	46.5217	56	None	None	0	1	1.8665649757785778
56	23.0435	46.5217	59	None	None	0	2	2.152223207681205
57	23.0435	46.5217	61	None	None	0	3	2.4232232524248247
58	23.0435	46.5217	63	None	None	0	4	3.592517395398279
59	24.7826	50.8696	62	None	None	0	1	4.812416737248838
60	24.7826	50.8696	74	None	None	0	5	5.359467420521628
61	26.0870	53.0435	60	None	None	0	1	4.979422279973079
62	26.0870	53.0435	72	None	None	0	5	5.606207324885544
63	26.9565	54.3478	62	None	None	0	1	9.511624116336606
64	26.9565	54.3478	74	None	None	0	4	8.745416333704883
65	27.3913	55.2174	66	None	None	0	1	8.825018135914858
66	27.3913	55.2174	78	None	None	0	5	7.837996401675593
67	27.8261	56.5217	62	None	None	0	1	6.049154430456393
68	27.8261	56.5217	74	None	None	0	4	4.993845813119449
69	28.6957	58.2609	67	None	None	0	1	5.128090243328007
70	28.6957	58.6957	79	None	None	0	2	3.76289279663633
71	30.0000	60.4348	56	None	None	0	2	0.9548014376003853
72	30.0000	60.4348	58	None	None	0	3	0.9786464509635097
73	30.0000	60.4348	61	None	None	0	4	1.0692459824132547
74	30.0000	60.4348	63	None	None	0	5	1.1207682434300055
75	30.8696	62.1739	56	None	None	0	2	1.4246599794966293
76	30.8696	62.1739	58	None	None	0	3	1.4010518611575682
77	30.8696	62.1739	61	None	None	0	4	1.211963669827224
78	30.8696	62.1739	63	None	None	0	5	1.1504617708613596
79	31.7391	63.9130	56	None	None	0	2	1.405730829157324
80	31.7391	63.9130	58	None	None	0	3	1.405730829157324
81	31.7391	63.9130	61	None	None	0	4	1.405730829157324
82	31.7391	63.9130	63	None	None	0	5	1.4057308291573243
83	32.6087	65.6522	54	None	None	0	0	-1
84	32.6087	65.6522	57	None	None	0	0	-1
85	32.6087	65.6522	59	None	None	0	0	-1
86	32.6087	65.6522	61	None	None	0	0	-1
87	33.4783	67.3913	56	None	None	0	0	-1
88	33.4783	67.3913	58	None	None	0	0	-1
89	33.4783	67.3913	61	None	None	0	0	-1
90	33.4783	67.3913	63	None	None	0	1	5.8110545163002705
91	35.2174	36.5217	79	None	None	0	5	5.11963765191123
92	36.5217	36.9565	78	None	None	0	4	4.973937924651906
93	36.9565	37.8261	74	None	None	0	3	4.728249458815181
94	37.8261	38.6957	74	None	None	0	5	3.788947729154701
95	38.6957	39.1304	72	None	None	0	4	3.7669999926610025
96	39.1304	40.4348	67	None	None	0	2	3.7203797296591627
97	40.4348	81.3043	56	None	None	0	0	-1
98	40.4348	81.3043	59	None	None	0	0	-1
99	40.4348	81.3043	61	None	None	0	0	-1
100	40.4348	81.3043	63	None	None	0	0	-1
101	41.3043	83.0435	56	None	None	0	0	-1
102	41.3043	83.0435	59	None	None	0	0	-1
103	41.3043	83.0435	61	None	None	0	1	3.1081864276824698
104	41.3043	83.0435	63	None	None	0	2	2.8696247408582765
105	43.0435	43.4783	72	None	None	0	5	2.7552514882911066
106	43.4783	44.3478	67	None	None	0	4	2.1801194771290864
107	44.3478	45.6522	67	None	None	0	5	2.053710878290714
108	45.6522	92.1739	54	None	None	0	1	1.1706272666303281
109	45.6522	92.1739	59	None	None	0	2	4.036263030871728
110	45.6522	92.1739	61	None	None	0	3	6.664818670655938
111	46.9565	95.2174	56	None	None	0	1	6.696692472808377
112	46.9565	95.2174	58	None	None	0	2	6.61549750678369
113	46.9565	95.2174	61	None	None	0	4	6.526135007397972
114	46.9565	95.2174	63	None	None	0	5	6.724203379483648
115	48.2609	49.1304	60	None	None	0	3	6.906036639103287
116	49.1304	49.5652	65	None	None	0	1	4.510558924769975
117	49.5652	50.8696	67	None	None	0	5	1.833964772112997
118	50.8696	102.6087	56	None	None	0	1	1.5291432821134894
119	50.8696	102.6087	58	None	None	0	2	1.640690993303231
120	50.8696	102.6087	61	None	None	0	3	1.5204706563646275
121	50.8696	102.6087	63	None	None	0	4	2.0020562671646873
122	50.8696	102.6087	67	None	None	0	5	1.97920521504066
123	52.1739	105.2174	56	None	None	0	1	1.76077613218388
124	52.1739	105.2174	58	None	None	0	2	1.6887961982860042
125	52.1739	105.2174	61	None	None	0	3	2.52579614783599
126	52.1739	105.2174	63	None	None	0	4	2.9653535090774503
127	52.1739	105.2174	67	None	None	0	5	2.968091054527421
128	53.4783	54.3478	67	None	None	0	5	3.2027584309630943
129	54.3478	109.1304	56	None	None	0	1	3.453656284772677
130	54.3478	109.1304	58	None	None	0	2	3.453656284772677
131	54.3478	109.1304	61	None	None	0	3	3.453656284772677
132	54.3478	109.1304	63	None	None	0	4	3.453656284772677
133	54.7826	110.4348	56	None	None	0	1	3.453656284772677
134	54.7826	110.4348	58	None	None	0	2	3.453656284772677
135	54.7826	110.4348	61	None	None	0	3	3.453656284772677
136	54.7826	110.4348	63	None	None	0	4	3.453656284772677
137	54.7826	110.4348	67	None	None	0	5	3.453656284772677
138	56.0870	57.3913	67	None	None	0	0	3.453656284772677
