0	0.0000	1.6071	66	None	None	0	3	1.6524766417564505
1	1.6071	2.6786	66	None	None	0	3	1.684515476707908
2	3.2143	4.2857	65	None	None	0	2	1.5744157488775483
3	4.0179	4.2857	62	None	None	0	1	2.7319755170958233
4	4.2857	4.5536	65	None	None	0	2	3.7894552319309422
5	4.5536	4.8214	69	None	None	0	5	3.318122977346259
6	4.8214	5.8929	65	None	None	0	3	3.4588996763753874
7	5.6250	5.8929	69	None	None	0	5	3.76423948220063
8	5.8929	6.1607	65	None	None	0	2	3.3441257232519233
9	6.1607	6.4286	69	None	None	0	4	3.303133274492493
10	6.4286	13.1250	65	None	None	0	2	2.8118711385701673
11	6.4286	13.3929	66	None	None	0	3	2.7331037261598694
12	6.6964	6.9643	62	None	None	0	1	2.2810189271354133
13	6.9643	8.0357	66	None	None	0	3	2.5366235167205966
14	7.2321	7.5000	65	None	None	0	2	2.1196332254584536
15	7.5000	7.7679	62	None	None	0	1	2.6255663430420677
16	7.7679	8.0357	65	None	None	0	2	2.719606256742179
17	8.0357	8.3036	69	None	None	0	5	2.7028856526429306
18	8.8393	9.1071	69	None	None	0	5	3.2582254584681727
19	9.1071	9.3750	65	None	None	0	4	2.970846817691483
20	9.3750	9.6429	62	None	None	0	2	2.5671450682425827
21	9.6429	19.5536	64	None	None	0	3	2.4346207963979194
22	9.6429	19.8214	65	None	None	0	4	2.384998358425972
23	9.9107	10.1786	62	None	None	0	2	2.1088117349092537
24	10.1786	11.2500	66	None	None	0	4	2.123509685286818
25	10.4464	10.7143	65	None	None	0	3	1.7512065569157311
26	10.7143	10.9821	62	None	None	0	2	1.24839484097813
27	10.9821	11.2500	64	None	None	0	3	1.1511726187559064
28	11.7857	12.8571	66	None	None	0	4	1.6509908730591705
29	12.0536	12.3214	62	None	None	0	2	1.8058452419912079
30	12.3214	12.5893	64	None	None	0	3	1.5825442711174187
31	12.5893	12.8571	66	None	None	0	4	1.5907697295855903
32	12.8571	26.2500	64	None	None	0	3	1.69999303055646
33	12.8571	26.2500	66	None	None	0	4	1.9315194598984173
34	13.3929	13.6607	62	None	None	0	2	2.124622437971939
35	13.6607	14.4643	66	None	None	0	4	2.392286947141314
36	13.9286	14.1964	65	None	None	0	3	2.142233009708732
37	14.1964	14.4643	64	None	None	0	2	2.1791792144197597
38	14.4643	29.1964	64	None	None	0	2	2.4046195938235537
39	14.4643	29.1964	65	None	None	0	3	2.4883574579012224
40	15.2679	15.5357	69	None	None	0	5	3.167612437892139
41	15.5357	15.8036	65	None	None	0	4	3.6459111651130507
42	15.8036	16.0714	64	None	None	0	3	3.956590776763538
43	16.0714	32.4107	62	None	None	0	1	3.9004549077003317
44	16.0714	32.4107	65	None	None	0	3	3.075212189253725
45	16.6071	17.6786	63	None	None	0	2	4.155022923408849
46	17.6786	17.9464	64	None	None	0	1	3.655393743257828
47	17.9464	18.2143	65	None	None	0	2	3.1961704422869586
48	18.2143	18.4821	67	None	None	0	4	3.5927079235686294
49	18.4821	18.7500	69	None	None	0	5	3.8730477293938734
50	18.7500	19.0179	68	None	None	0	4	3.362799617204022
51	19.0179	19.2857	66	None	None	0	3	3.4413521326497474
52	19.2857	39.6429	63	None	None	0	2	3.158935735670238
53	19.2857	38.8393	64	None	None	0	3	2.6995359121927476
54	19.5536	19.8214	69	None	None	0	5	2.7587170934831184
55	19.8214	20.0893	64	None	None	0	3	2.670731656589913
56	20.3571	20.8929	63	None	None	0	2	2.511930764501147
57	20.6250	20.8929	64	None	None	0	3	2.7321977547924083
58	20.8929	21.1607	69	None	None	0	5	3.066208554635796
59	21.1607	21.4286	64	None	None	0	2	2.3293153507523057
60	21.4286	21.6964	65	None	None	0	3	2.2780747898030116
61	21.6964	22.5000	63	None	None	0	1	1.7164528865617117
62	22.2321	22.5000	66	None	None	0	3	2.631738623514847
63	22.5000	22.7679	69	None	None	0	4	2.6829791844641457
64	22.7679	23.0357	66	None	None	0	3	2.7700758795705513
65	23.0357	23.3036	67	None	None	0	4	2.859814283022539
66	23.5714	24.1071	68	None	None	0	5	2.4737312444836808
67	24.1071	24.3750	68	None	None	0	5	2.860867166813779
68	24.3750	24.6429	65	None	None	0	4	3.768767896830519
69	24.6429	24.9107	63	None	None	0	3	3.812849489455802
70	24.9107	25.1786	62	None	None	0	1	3.3316454588585653
71	25.1786	25.4464	64	None	None	0	2	3.176791089926516
72	25.4464	25.7143	66	None	None	0	3	3.123834337940631
73	25.7143	25.9821	67	None	None	0	4	2.673555918312935
74	25.9821	26.2500	62	None	None	0	1	2.1261631395222
75	26.2500	26.7857	67	None	None	0	3	2.204911791086382
76	26.7857	27.3214	68	None	None	0	4	2.839418480020637
77	27.0536	27.3214	65	None	None	0	3	2.781166052836164
78	27.3214	27.5893	64	None	None	0	2	3.181651489729369
79	27.5893	27.8571	67	None	None	0	4	2.975692312487331
80	27.8571	28.3929	63	None	None	0	2	3.1578390223039476
81	28.3929	28.9286	68	None	None	0	4	4.062710879777523
82	28.6607	28.9286	65	None	None	0	3	5.057007298281212
83	28.9286	58.1250	67	None	None	0	4	5.275346025357806
84	28.9286	58.9286	68	None	None	0	5	4.655547134927854
85	29.1964	29.4643	64	None	None	0	3	4.643071172261943
86	29.4643	30.0000	63	None	None	0	1	3.7162353692079995
87	30.0000	30.2679	64	None	None	0	2	3.1944043448816184
88	30.2679	30.5357	65	None	None	0	3	3.558482014784526
89	30.5357	32.1429	66	None	None	0	4	2.9340213891103044
90	31.8750	32.1429	69	None	None	0	5	3.168818347317013
91	32.1429	64.5536	65	None	None	0	2	2.7004441735715536
92	32.1429	65.8929	66	None	None	0	4	2.6319496879955224
93	32.9464	33.2143	69	None	None	0	5	2.6257323976097644
94	33.2143	33.4821	65	None	None	0	3	2.396521760210024
95	33.4821	33.7500	63	None	None	0	1	2.5646762515618415
96	33.7500	67.7679	64	None	None	0	2	1.521345732355437
97	33.7500	69.1071	65	None	None	0	3	1.7570032786925975
98	34.2857	34.8214	62	None	None	0	1	1.5644496745812304
99	34.8214	35.0893	65	None	None	0	2	2.013255854356508
100	35.0893	35.3571	62	None	None	0	1	2.1992051531698937
101	35.3571	36.9643	65	None	None	0	2	2.507053958667879
102	36.1607	36.4286	66	None	None	0	3	2.4445170232520943
103	36.4286	36.6964	68	None	None	0	4	2.2441394612240564
104	37.2321	37.5000	63	None	None	0	1	2.666390836476459
105	37.5000	37.7679	66	None	None	0	3	2.613462919530197
106	37.7679	38.0357	68	None	None	0	4	2.806289240997299
107	38.3036	38.5714	69	None	None	0	5	2.536353223519151
108	38.5714	40.1786	66	None	None	0	4	2.524278593726065
109	39.1071	39.3750	65	None	None	0	3	2.356451363201119
110	39.3750	39.6429	63	None	None	0	1	1.6640418309857625
111	39.6429	39.9107	65	None	None	0	2	1.9417117338983738
112	39.9107	40.1786	62	None	None	0	1	3.0290903746750875
113	40.1786	41.7857	65	None	None	0	3	2.7840036769225787
114	40.4464	40.9821	66	None	None	0	4	2.7840036769225787
115	40.9821	41.2500	68	None	None	0	5	2.968818384959164
116	41.2500	41.5179	66	None	None	0	4	2.7272271700942574
117	41.5179	41.7857	69	None	None	0	5	3.0249213448515304
118	41.7857	42.8571	66	None	None	0	4	3.314700201377962
119	42.0536	42.3214	65	None	None	0	3	3.319290640513503
120	42.3214	42.5893	63	None	None	0	1	2.4804664678860076
121	42.5893	43.3929	65	None	None	0	2	2.2091072445850433
122	42.8571	43.1250	66	None	None	0	3	1.7071654970122236
123	43.1250	43.3929	68	None	None	0	4	2.818570812301036
124	43.6607	43.9286	65	None	None	0	2	2.4305383936451874
125	43.9286	44.1964	62	None	None	0	1	2.647043248014119
126	44.1964	45.0000	65	None	None	0	2	3.008208296557813
127	44.4643	44.7321	69	None	None	0	3	2.535392762577228
128	44.7321	45.0000	66	None	None	0	2	2.380538393645185
129	45.0000	90.2679	63	None	None	0	1	2.7883053839364527
130	45.0000	90.5357	66	None	None	0	3	2.1187947435520287
131	45.2679	46.0714	65	None	None	0	2	1.4726782386976538
132	45.5357	45.8036	68	None	None	0	3	1.760117648614427
133	45.8036	46.6071	66	None	None	0	2	1.7377875515270487
134	46.0714	46.3393	62	None	None	0	1	2.241967702551849
135	46.3393	46.6071	65	None	None	0	2	2.350705566629527
136	46.6071	93.7500	65	None	None	0	1	2.8563924948183836
137	46.6071	93.4821	69	None	None	0	3	2.179693465692157
138	46.8750	47.1429	66	None	None	0	2	2.558819679284383
139	47.4107	95.0893	66	None	None	0	2	2.6731489475770664
140	47.4107	95.0893	67	None	None	0	3	2.5895113071276277
141	47.6786	95.6250	65	None	None	0	2	2.653700376342556
142	47.6786	95.6250	66	None	None	0	3	2.201180467975595
143	47.9464	96.1607	64	None	None	0	2	2.565598883063527
144	47.9464	96.1607	67	None	None	0	3	2.314556713168396
145	48.2143	96.6964	65	None	None	0	2	2.122956810518889
146	48.2143	96.6964	66	None	None	0	3	1.9512911234650059
147	49.2857	99.1071	65	None	None	0	1	1.5215417656283325
148	49.2857	99.1071	66	None	None	0	2	1.4464509873329048
149	49.8214	100.1786	63	None	None	0	1	1.9958891895800872
150	49.8214	100.1786	65	None	None	0	2	1.9958891895800872
151	49.8214	100.1786	66	None	None	0	3	1.9958891895800872
152	49.8214	100.1786	68	None	None	0	4	1.9958891895800872
153	50.8929	102.3214	65	None	None	0	3	1.9958891895800872
154	50.8929	102.3214	66	None	None	0	4	1.9958891895800872
155	51.4286	104.4643	62	None	None	0	2	1.9958891895800872
156	51.4286	104.4643	65	None	None	0	3	1.9958891895800872
157	51.4286	104.4643	65	None	None	0	2	1.9958891895800872
158	51.4286	104.4643	69	None	None	0	0	1.9958891895800872
