0	0.0000	1.6071	54	None	None	1	-2	2.0781977675770587
1	1.6071	1.8750	53	None	None	1	-3	2.3271228010664005
2	3.2143	7.5000	53	None	None	1	-3	2.359161636017858
3	3.2143	6.6964	53	None	None	1	-2	2.1627648370577885
4	4.0179	4.2857	50	None	None	1	-4	1.9725814497870247
5	4.2857	4.5536	53	None	None	1	-2	3.0177270808549816
6	4.5536	4.8214	57	None	None	1	-1	3.0894638661839986
7	4.8214	11.2500	53	None	None	1	-3	2.8797109976932647
8	4.8214	9.9107	53	None	None	1	-2	2.4204876967223896
9	5.6250	5.8929	57	None	None	1	-1	3.0227076591154187
10	5.8929	6.1607	53	None	None	1	-2	3.4372707659115354
11	6.1607	6.4286	57	None	None	1	-1	3.4081445523193037
12	6.4286	13.1250	53	None	None	1	-3	2.5625674217907197
13	6.4286	13.3929	54	None	None	1	-2	1.9164509169363522
14	6.6964	6.9643	50	None	None	1	-4	2.110843848102493
15	6.9643	8.0357	54	None	None	1	-2	2.243368119947152
16	7.2321	7.5000	53	None	None	1	-3	1.901620547131619
17	7.5000	7.7679	50	None	None	1	-4	1.8304231361283818
18	7.7679	8.0357	53	None	None	1	-2	1.4299376992351762
19	8.0357	17.6786	53	None	None	1	-2	2.0173163400118748
20	8.0357	16.3393	57	None	None	1	-1	2.602267796322554
21	8.8393	9.1071	57	None	None	1	-1	2.8285353259881427
22	9.3750	9.6429	50	None	None	1	-4	2.7789104638619184
23	9.6429	19.5536	52	None	None	1	-3	2.9538116795752845
24	9.6429	19.8214	53	None	None	1	-2	2.809043610535367
25	9.9107	10.1786	50	None	None	1	-4	2.4864977637176753
26	10.1786	11.2500	54	None	None	1	-2	2.641352132649715
27	10.4464	10.7143	53	None	None	1	-3	4.0482426396615745
28	10.7143	10.9821	50	None	None	1	-5	3.535027968679912
29	10.9821	11.2500	52	None	None	1	-4	3.3146326497218173
30	11.2500	11.5179	53	None	None	1	-3	3.678710319624726
31	11.7857	12.8571	54	None	None	1	-2	3.577757323976084
32	12.0536	12.3214	50	None	None	1	-5	2.2840128403044213
33	12.3214	12.5893	52	None	None	1	-4	2.011089431458684
34	12.5893	12.8571	53	None	None	1	-3	1.8773952021579308
35	12.8571	13.1250	54	None	None	1	-2	1.7361330662356056
36	13.1250	13.3929	50	None	None	1	-4	1.9081934761600947
37	13.6607	14.4643	54	None	None	1	-2	2.16270422122391
38	13.9286	14.1964	53	None	None	1	-3	1.9825362273327798
39	14.1964	14.4643	52	None	None	1	-4	1.9125091599504545
40	14.4643	14.7321	54	None	None	1	-2	1.9329976711120338
41	14.7321	15.0000	54	None	None	1	-3	2.8228075520091878
42	15.2679	15.5357	57	None	None	1	-1	5.994517252218153
43	15.5357	15.8036	53	None	None	1	-3	6.318637703640041
44	15.8036	16.0714	52	None	None	1	-4	6.3868685558514775
45	16.0714	16.3393	50	None	None	1	-5	7.071507945587959
46	16.6071	17.6786	51	None	None	1	-1	6.025841905318883
47	17.6786	17.9464	52	None	None	1	-4	4.093238207315882
48	17.9464	18.2143	53	None	None	1	-3	4.06411199372365
49	18.2143	18.4821	55	None	None	1	-2	4.3377537097824606
50	18.4821	18.7500	57	None	None	1	-1	4.226103224345564
51	18.7500	19.0179	56	None	None	1	-2	3.250860505898963
52	19.0179	19.2857	54	None	None	1	-3	3.2420343805679845
53	19.2857	39.6429	51	None	None	1	-4	2.716360162660756
54	19.2857	38.8393	52	None	None	1	-3	2.256960339183263
55	19.5536	19.8214	57	None	None	1	-1	2.384133896508449
56	19.8214	20.0893	52	None	None	1	-3	2.5249105955375755
57	20.3571	20.8929	51	None	None	1	-5	2.358523574349361
58	20.6250	20.8929	52	None	None	1	-4	2.286732851587764
59	20.8929	21.1607	57	None	None	1	-2	3.233989932833617
60	21.1607	21.4286	52	None	None	1	-5	2.6527610684286826
61	21.4286	21.6964	53	None	None	1	-4	2.65276106842868
62	21.6964	22.5000	51	None	None	1	-5	2.65276106842868
63	22.2321	22.5000	54	None	None	1	-4	4.48670062135481
64	22.5000	22.7679	57	None	None	1	-3	4.569224893199468
65	22.7679	23.0357	54	None	None	1	-4	4.509003749725897
66	23.0357	23.3036	55	None	None	1	-2	5.020288036357903
67	23.5714	24.1071	56	None	None	1	-1	6.513415558993416
68	24.1071	24.3750	55	None	None	1	-2	6.00663307835635
69	24.3750	24.6429	53	None	None	1	-3	5.977506864764118
70	24.6429	24.9107	51	None	None	1	-4	7.472684161347274
71	24.9107	25.1786	50	None	None	1	-5	6.8058152293084415
72	25.1786	25.4464	52	None	None	1	-4	6.805815229308443
73	25.4464	25.7143	54	None	None	1	-3	7.16909854793157
74	25.7143	51.6964	55	None	None	1	-2	6.6490607917287665
75	25.7143	52.5000	56	None	None	1	-1	3.2845849544865033
76	25.9821	26.2500	50	None	None	1	-5	2.0064609771765882
77	26.2500	26.7857	55	None	None	1	-4	1.8449407428080917
78	26.7857	27.3214	56	None	None	1	-2	1.606748542477245
79	27.0536	27.3214	53	None	None	1	-3	2.6197513164023483
80	27.3214	27.5893	52	None	None	1	-4	2.7622461347725857
81	27.5893	27.8571	55	None	None	1	-2	2.4942849697240415
82	27.8571	28.3929	51	None	None	1	-4	3.01432272592685
83	28.3929	28.9286	56	None	None	1	-2	2.9207171832274335
84	28.6607	28.9286	53	None	None	1	-3	2.811979319149765
85	28.9286	29.1964	56	None	None	1	-2	2.6689826577276063
86	29.1964	29.4643	52	None	None	1	-4	2.6001584937578093
87	29.4643	30.0000	51	None	None	1	-5	1.5743578381027874
88	30.0000	30.2679	52	None	None	1	-4	1.3137939798188474
89	30.2679	30.5357	53	None	None	1	-3	1.382627840405735
90	30.5357	32.1429	54	None	None	1	-2	1.0445013480357608
91	31.8750	32.1429	57	None	None	1	-1	1.2166500952247115
92	32.1429	32.4107	53	None	None	1	-2	1.213737473865488
93	32.9464	33.2143	57	None	None	1	-1	2.2287415300121567
94	33.2143	33.4821	53	None	None	1	-2	2.5849674696222564
95	33.4821	33.7500	51	None	None	1	-4	2.6238057878264214
96	33.7500	35.3571	53	None	None	1	-1	2.4989061066993905
97	34.2857	34.8214	50	None	None	1	-2	2.725997848817863
98	34.8214	35.0893	53	None	None	1	-1	3.3243124555594283
99	35.0893	35.3571	50	None	None	1	-5	2.943392100390267
100	35.3571	36.9643	53	None	None	1	-4	2.666235512144983
101	36.1607	36.4286	54	None	None	1	-3	2.663919720202766
102	36.4286	36.6964	56	None	None	1	-2	2.5590653512707306
103	37.2321	37.5000	51	None	None	1	-5	2.9450654962408986
104	37.5000	37.7679	54	None	None	1	-4	2.7096370993829213
105	37.7679	38.0357	56	None	None	1	-3	3.15275272162476
106	38.3036	38.5714	57	None	None	1	-1	2.9714237664084924
107	38.5714	40.1786	54	None	None	1	-2	2.805978047079273
108	39.1071	39.3750	53	None	None	1	-3	2.6209447755618753
109	39.3750	39.6429	51	None	None	1	-4	2.533848080455473
110	39.6429	39.9107	53	None	None	1	-3	3.110978609042303
111	39.9107	40.1786	50	None	None	1	-5	2.7734265979466124
112	40.1786	41.7857	53	None	None	1	-4	2.328442779176389
113	40.4464	40.9821	54	None	None	1	-3	2.328442779176389
114	40.9821	41.2500	56	None	None	1	-2	2.4319390156768774
115	41.2500	41.5179	54	None	None	1	-3	2.369714832093474
116	41.5179	41.7857	57	None	None	1	-2	2.828938133064339
117	41.7857	42.8571	54	None	None	1	-3	3.147561257512704
118	42.0536	42.3214	53	None	None	1	-4	2.4941347154475766
119	42.3214	42.5893	51	None	None	1	-5	2.586055658582112
120	42.5893	43.3929	53	None	None	1	-4	2.8729537658685667
121	42.8571	43.1250	54	None	None	1	-3	2.894312989169529
122	43.1250	43.3929	56	None	None	1	-2	2.9177854689581406
123	43.3929	43.6607	53	None	None	1	-3	2.9800096525415443
124	43.6607	43.9286	50	None	None	1	-4	2.476436297633241
125	43.9286	44.4643	53	None	None	1	-2	2.4317761034584837
126	44.4643	44.7321	57	None	None	1	-1	2.414922170874215
127	44.7321	45.0000	54	None	None	1	-2	2.6018153747577135
128	45.0000	90.2679	51	None	None	1	-5	2.1008935350009255
129	45.0000	90.5357	54	None	None	1	-3	2.1412088733963373
130	45.5357	45.8036	56	None	None	1	-2	2.1782875250817293
131	45.8036	46.6071	54	None	None	1	-3	2.1160633414983225
132	46.0714	46.3393	50	None	None	1	-5	2.5980608890884787
133	46.3393	46.6071	53	None	None	1	-4	2.490623261082519
134	46.6071	93.7500	53	None	None	1	-4	2.804749965015049
135	46.6071	93.4821	57	None	None	1	-2	2.536788799966498
136	46.8750	47.1429	54	None	None	1	-3	3.0549264875216555
137	47.4107	95.0893	51	None	None	1	-5	2.711412964846021
138	47.4107	95.0893	56	None	None	1	-3	2.7899486795665376
139	47.6786	95.6250	53	None	None	1	-4	2.883465389151756
140	47.6786	95.6250	54	None	None	1	-2	2.6167756919636824
141	47.9464	96.1607	51	None	None	1	-5	2.009184800220789
142	47.9464	96.1607	55	None	None	1	-3	1.9708678454492987
143	48.2143	96.6964	53	None	None	1	-4	1.900840778066979
144	48.2143	96.6964	54	None	None	1	-3	1.4252247398623112
145	49.2857	99.1071	53	None	None	1	-3	1.4252247398623112
146	49.2857	99.1071	54	None	None	1	-2	1.4252247398623112
147	49.8214	100.1786	51	None	None	1	-4	1.4252247398623112
148	49.8214	100.1786	54	None	None	1	-3	1.4252247398623112
149	49.8214	100.1786	56	None	None	1	-2	1.4252247398623112
150	50.8929	102.3214	53	None	None	1	-3	1.4252247398623112
151	50.8929	102.3214	54	None	None	1	-2	1.4252247398623112
152	51.4286	104.4643	50	None	None	1	-4	1.4252247398623112
153	51.4286	104.4643	57	None	None	1	0	1.4252247398623112
