0	0.0000	0.2239	63	None	None	1	-1	8.561730111105682
1	0.2239	0.4478	62	None	None	1	-2	8.496853054305914
2	0.4478	0.6716	57	None	None	1	-3	7.313468405287433
3	0.6716	0.8955	56	None	None	1	-4	6.514777289055993
4	0.8955	1.1194	57	None	None	1	-3	9.20453617648193
5	1.1194	1.3433	62	None	None	1	-1	9.378459173649512
6	1.3433	2.6866	63	None	None	1	-2	6.301394487781523
7	2.9104	3.1343	62	None	None	1	-1	6.523920502307435
8	3.1343	3.3582	57	None	None	1	-3	6.655141700464118
9	3.3582	4.0299	56	None	None	1	-4	9.660762631632302
10	4.2537	4.4776	57	None	None	1	-3	10.244064532497735
11	4.4776	4.7015	62	None	None	1	-2	10.379233814388206
12	4.7015	5.1493	63	None	None	1	-1	9.139373495443701
13	5.1493	5.3731	62	None	None	1	-2	8.478340465831605
14	6.7164	6.9403	56	None	None	1	-5	8.736636332743561
15	6.9403	7.1642	57	None	None	1	-4	9.231691363204279
16	7.1642	7.3881	62	None	None	1	-2	9.145205436757804
17	7.3881	7.6119	63	None	None	1	-1	5.347207674376864
18	7.6119	7.8358	62	None	None	1	-2	7.375898424870593
19	7.8358	8.0597	57	None	None	1	-3	6.736732610985841
20	8.0597	8.7313	56	None	None	1	-4	7.157902422996677
21	8.9552	9.1791	62	None	None	1	-1	7.684494075601361
22	9.1791	9.4030	57	None	None	1	-3	8.27057867072973
23	9.4030	10.0746	56	None	None	1	-4	7.9184807078886905
24	10.2985	10.5224	57	None	None	1	-3	9.141838200883477
25	10.5224	10.7463	62	None	None	1	-1	9.73668312810168
26	10.7463	11.1940	63	None	None	1	-2	6.856732675344332
27	11.1940	11.4179	62	None	None	1	-1	6.363826157898627
28	11.4179	11.6418	56	None	None	1	-4	5.267646225816224
29	11.6418	11.8657	57	None	None	1	-3	4.647983866749773
30	11.8657	12.0896	63	None	None	1	-1	4.2583635024750315
31	12.0896	12.3134	62	None	None	1	-2	3.150702212152443
32	12.3134	12.5373	56	None	None	1	-5	5.825298986345995
33	12.5373	12.7612	57	None	None	1	-4	5.009914230293036
34	12.9851	13.4328	63	None	None	1	-2	4.532972813399304
35	13.4328	13.8806	62	None	None	1	-3	4.805642969622114
36	13.8806	14.1045	57	None	None	1	-5	4.985357390768965
37	15.8955	16.1194	59	None	None	1	-4	5.319972021066486
38	16.1194	16.3433	60	None	None	1	-3	5.73348420013167
39	16.3433	16.5672	65	None	None	1	-1	5.952645655036209
40	16.5672	17.0149	66	None	None	1	-2	2.977839038841341
41	17.0149	17.4627	66	None	None	1	-2	3.2546722455282726
42	17.4627	17.6866	66	None	None	1	-2	3.5646532271682374
43	17.6866	17.9104	65	None	None	1	-3	3.2492812719345334
44	17.9104	18.1343	60	None	None	1	-5	6.834431864429638
45	18.1343	18.3582	66	None	None	1	-2	7.391395503874454
46	18.3582	18.5821	65	None	None	1	-1	6.225231038789561
47	18.5821	18.8060	60	None	None	1	-3	6.671824192179946
48	18.8060	19.2537	66	None	None	1	-1	6.468284308484537
49	19.4776	19.7015	59	None	None	1	-4	6.8192567622109355
50	19.7015	19.9254	60	None	None	1	-3	7.2327689412761105
51	19.9254	20.1493	65	None	None	1	-1	7.451930396180656
52	20.1493	20.5970	66	None	None	1	-2	6.570444952540796
53	20.5970	21.0448	67	None	None	1	-1	5.856499837710124
54	21.0448	21.2687	66	None	None	1	-2	5.324781014556354
55	21.2687	21.4925	65	None	None	1	-1	3.5932983139492305
56	21.4925	21.7164	60	None	None	1	-3	6.798659050744021
57	21.7164	21.9403	66	None	None	1	-1	6.155417883309309
58	21.9403	22.1642	65	None	None	1	-2	4.827216764151969
59	22.1642	22.3881	60	None	None	1	-3	4.808166465510929
60	22.3881	22.8358	59	None	None	1	-4	4.937886767610271
61	23.9552	24.1791	59	None	None	1	-4	5.31997202106649
62	24.1791	24.4030	60	None	None	1	-3	5.733484200131665
63	24.4030	24.6269	65	None	None	1	-1	5.952645655036206
64	24.6269	25.0746	66	None	None	1	-2	2.9778390388413385
65	25.0746	25.5224	66	None	None	1	-2	3.25467224552827
66	25.5224	25.7463	66	None	None	1	-2	3.5646532271682383
67	25.7463	25.9701	65	None	None	1	-3	3.2492812719345343
68	25.9701	26.1940	60	None	None	1	-5	6.83443186442959
69	26.1940	26.4179	66	None	None	1	-2	6.452346610973371
70	26.4179	26.6418	65	None	None	1	-1	5.005961495213502
71	26.6418	26.8657	60	None	None	1	-3	5.225122950118044
72	26.8657	27.3134	66	None	None	1	-1	5.673582077586762
73	27.5373	27.7612	59	None	None	1	-4	5.896090081016912
74	27.7612	27.9851	60	None	None	1	-3	5.8630091066917
75	27.9851	28.2090	65	None	None	1	-1	8.999361147508024
76	28.2090	28.6567	66	None	None	1	-2	5.91930248454387
77	28.6567	29.1045	66	None	None	1	-2	6.229283466183835
78	29.3284	29.5522	65	None	None	1	-1	5.30014852743889
79	29.5522	29.7761	60	None	None	1	-4	8.897487790586375
80	29.7761	30.0000	59	None	None	1	-5	9.20831111185036
81	30.0000	30.2239	60	None	None	1	-3	8.868605480112427
82	30.2239	30.4478	65	None	None	1	-1	8.868605480112425
83	30.4478	30.8955	66	None	None	1	-2	8.8686054801125
84	31.1194	31.3433	59	None	None	1	-5	9.251324199034526
85	31.3433	31.5672	60	None	None	1	-4	9.251324199034524
86	31.5672	31.7910	65	None	None	1	-2	9.25132419903452
87	31.7910	32.0149	66	None	None	1	-1	9.25132419903452
88	32.0149	32.2388	59	None	None	1	-4	10.330037875080594
89	32.2388	32.4627	60	None	None	1	-3	11.095648016986821
90	32.4627	32.6866	65	None	None	1	-1	10.978210558132306
91	32.6866	32.9104	66	None	None	1	-2	9.238978332984109
92	32.9104	33.1343	59	None	None	1	-5	8.579426407375154
93	33.1343	33.3582	60	None	None	1	-4	8.269445425735189
94	33.3582	33.5821	65	None	None	1	-2	8.31214722474608
95	33.5821	34.2537	66	None	None	1	-1	4.47140672347645
96	35.5970	35.8209	45	None	None	1	-5	3.6092787530713886
97	35.8209	36.0448	46	None	None	1	-4	3.405432564058146
98	36.0448	36.2687	50	None	None	1	-3	3.000613489032517
99	36.2687	36.7164	51	None	None	1	-1	2.1869631436203916
100	36.7164	37.1642	51	None	None	1	-1	2.920809424068052
101	37.1642	37.6119	51	None	None	1	-1	3.587942406293198
102	37.6119	37.8358	50	None	None	1	-2	2.9867141549441927
103	37.8358	38.0597	46	None	None	1	-4	3.1342280114154244
104	38.0597	38.2836	51	None	None	1	-2	3.5978517404769357
105	38.2836	38.5075	50	None	None	1	-3	3.5128154172617143
106	38.5075	38.9552	46	None	None	1	-5	5.569688444890614
107	38.9552	39.1791	50	None	None	1	-3	9.769796914892224
108	39.1791	39.4030	51	None	None	1	-2	10.055181579510759
109	39.4030	39.6269	50	None	None	1	-3	9.491150967265865
110	39.6269	39.8507	46	None	None	1	-4	10.439511613367623
111	39.8507	40.0746	51	None	None	1	-2	10.087750586376178
112	40.0746	40.2985	50	None	None	1	-1	7.430493530877529
113	40.2985	40.5224	46	None	None	1	-2	7.123352437112822
114	40.5224	40.7463	45	None	None	1	-1	4.362344148166749
115	40.9701	41.1940	33	None	None	1	-5	3.8729294261065537
116	41.1940	41.4179	34	None	None	1	-4	2.9474279082951296
117	41.4179	41.6418	38	None	None	1	-3	2.694358454707259
118	41.6418	42.0896	39	None	None	1	-2	2.4490691561921567
119	42.0896	42.5373	39	None	None	1	-2	2.552171526172407
120	42.5373	42.7612	38	None	None	1	-3	3.7753683446730304
121	42.7612	42.9851	34	None	None	1	-5	4.258389951933443
122	42.9851	43.4328	39	None	None	1	-3	4.401587467981101
123	43.6567	43.8806	34	None	None	1	-5	4.626493776878488
124	43.8806	44.1045	38	None	None	1	-4	4.56911185137403
125	44.1045	44.3284	39	None	None	1	-3	4.981858267144627
126	44.3284	44.5522	34	None	None	1	-5	4.4568159460687315
127	44.5522	44.7761	38	None	None	1	-3	4.363086518813959
128	44.7761	45.0000	39	None	None	1	-2	8.31891625384018
129	45.0000	45.2239	38	None	None	1	-3	9.233250319760263
130	45.4478	45.6716	39	None	None	1	-2	9.949499064354224
131	45.6716	45.8955	34	None	None	1	-4	9.89968058691039
132	45.8955	46.1194	33	None	None	1	-5	9.301455285069883
133	46.1194	46.3433	34	None	None	1	-4	8.374791347464312
134	46.3433	47.0149	38	None	None	1	-3	7.719768604084132
135	47.0149	95.8209	38	None	None	1	-5	9.829320048203297
136	47.0149	95.8209	62	None	None	1	-1	7.6777876532524365
137	48.8060	98.9552	38	None	None	1	-5	6.536021888846514
138	48.8060	98.9552	62	None	None	1	-1	7.645489121944397
139	55.5224	112.3881	38	None	None	1	-5	8.022135373508632
140	55.5224	112.3881	62	None	None	1	-1	8.054813851781002
141	56.1940	56.8657	57	None	None	1	-4	9.264863096293888
142	57.0896	57.3134	62	None	None	1	-2	9.234856017214211
143	57.3134	57.5373	63	None	None	1	-1	5.429691805506947
144	57.5373	57.7612	62	None	None	1	-2	4.231345909856006
145	57.7612	58.2090	57	None	None	1	-3	3.0901945126421353
146	58.4328	58.6567	56	None	None	1	-4	5.029344449975923
147	58.6567	58.8806	57	None	None	1	0	-1
148	58.8806	59.5522	62	None	None	1	0	-1
149	59.5522	60.8955	63	None	None	1	0	-1
150	61.5672	123.8060	56	None	None	1	0	-1
151	61.5672	123.8060	63	None	None	1	0	-1
152	62.2388	125.8209	57	None	None	1	0	-1
153	62.2388	125.8209	62	None	None	1	0	-1
154	63.5821	64.0299	42	None	None	1	0	-1
155	64.9254	131.1940	57	None	None	1	0	-1
156	64.9254	131.1940	62	None	None	1	0	-1
