0	0.0000	0.5556	50	None	None	1	-5	1.1349853944065513
1	0.5556	1.1111	52	None	None	1	-4	1.0140505798027448
2	1.1111	1.6667	53	None	None	1	-3	1.0263443862141972
3	1.6667	2.7778	55	None	None	1	-2	1.0140505798027437
4	2.7778	3.3333	53	None	None	1	-3	1.0993739021032085
5	3.3333	3.8889	52	None	None	1	-4	1.03948472134927
6	3.8889	4.4444	50	None	None	1	-5	1.0203412588795366
7	4.4444	5.0000	52	None	None	1	-3	0.977554440762461
8	5.0000	5.5556	50	None	None	1	-5	0.9580379901144053
9	10.0000	10.5556	53	None	None	1	-3	1.3180769209409744
10	10.5556	11.1111	55	None	None	1	-2	1.1802439911588931
11	11.1111	11.6667	53	None	None	1	-3	1.2146725787116
12	11.6667	12.7778	52	None	None	1	-4	1.1083974015476734
13	12.7778	13.3333	50	None	None	1	-5	1.1682865823016124
14	13.3333	13.8889	52	None	None	1	-4	1.1874300447713453
15	13.8889	14.4444	53	None	None	1	-3	1.0911759359219182
16	14.4444	15.0000	55	None	None	1	-2	1.0897318329235877
17	15.0000	15.5556	57	None	None	1	-1	0.7667484973986912
18	20.0000	21.6667	57	None	None	1	-1	0.8496449587355197
19	21.6667	23.3333	55	None	None	1	-2	0.8148398054621862
20	23.3333	23.8889	53	None	None	1	-3	0.9214915483467404
21	23.8889	24.4444	52	None	None	1	-4	0.9406350108164733
22	24.4444	25.0000	50	None	None	1	-5	0.7975856423937726
23	30.0000	30.5556	53	None	None	1	-3	0.7975856423937726
24	30.5556	31.6667	55	None	None	1	-2	0.7975856423937726
25	31.6667	32.7778	53	None	None	1	-3	0.7975856423937726
26	32.7778	33.3333	52	None	None	1	-4	0.7975856423937726
27	33.3333	33.8889	53	None	None	1	-3	0.7975856423937726
28	33.8889	34.4444	52	None	None	1	-4	0.7975856423937726
29	34.4444	35.0000	50	None	None	1	-5	0.7975856423937726
30	37.7778	38.3333	52	None	None	1	-4	0.7975856423937726
31	38.3333	38.8889	50	None	None	1	0	0.7975856423937726
