0	5.0000	5.5556	62	None	None	0	2	1.059909173201237
1	5.5556	6.1111	64	None	None	0	3	0.9710210755893092
2	6.1111	6.6667	65	None	None	0	4	0.9710210755893091
3	6.6667	7.7778	67	None	None	0	5	0.9240325767999634
4	7.7778	8.3333	65	None	None	0	4	0.9789690452452167
5	8.3333	8.8889	64	None	None	0	3	0.9656881677064839
6	8.8889	9.4444	62	None	None	0	2	0.9531579013626578
7	9.4444	10.0000	64	None	None	0	4	0.9736080588267707
8	10.0000	10.5556	62	None	None	0	2	1.0154611701277851
9	15.0000	15.5556	65	None	None	0	3	1.5108216062820674
10	15.5556	16.1111	67	None	None	0	4	1.3576739065242
11	16.1111	16.6667	65	None	None	0	3	1.2891996348199954
12	16.6667	17.7778	64	None	None	0	2	1.1978626619112296
13	17.7778	18.3333	62	None	None	0	1	1.1233758013918682
14	18.3333	18.8889	64	None	None	0	2	1.0841506197938051
15	18.8889	19.4444	65	None	None	0	3	0.9609318744021387
16	19.4444	20.0000	67	None	None	0	4	0.9330868380825265
17	20.0000	20.5556	69	None	None	0	5	0.8354024910580692
18	25.0000	26.6667	69	None	None	0	5	0.9889795669176014
19	26.6667	28.3333	67	None	None	0	4	0.9889795669176014
20	28.3333	28.8889	65	None	None	0	3	0.9889795669176014
21	28.8889	29.4444	64	None	None	0	2	0.9889795669176014
22	29.4444	30.0000	62	None	None	0	1	0.9889795669176014
23	35.0000	35.5556	65	None	None	0	3	0.9889795669176014
24	35.5556	36.6667	67	None	None	0	4	0.9889795669176014
25	36.6667	37.7778	65	None	None	0	3	0.9889795669176014
26	37.7778	38.3333	64	None	None	0	2	0.9889795669176014
27	38.3333	38.8889	62	None	None	0	0	0.9889795669176014
