0	0.7895	2.3684	61	None	None	0	2	0.2174229250165687
1	0.7895	2.3684	68	None	None	0	5	0.26057759974017125
2	1.5789	3.9474	61	None	None	0	2	0.26057759974017125
3	1.5789	3.9474	68	None	None	0	5	0.26057759974017125
4	2.3684	5.5263	61	None	None	0	2	0.4243921812306958
5	2.3684	5.5263	68	None	None	0	5	0.9505671272676957
6	3.9474	8.6842	61	None	None	0	2	1.1668088734158981
7	3.9474	8.6842	68	None	None	0	5	1.2268177449028665
8	4.7368	10.2632	61	None	None	0	2	1.3906323263933913
9	4.7368	10.2632	68	None	None	0	5	1.9168072724303924
10	5.5263	11.4474	61	None	None	0	2	2.1205880047913204
11	5.5263	11.4474	68	None	None	0	4	2.132138471120247
12	5.9211	12.2368	63	None	None	0	2	2.0921723202498406
13	5.9211	12.2368	66	None	None	0	4	2.1583450659438714
14	6.3158	13.0263	61	None	None	0	2	2.158345065943871
15	6.3158	13.0263	68	None	None	0	4	2.132138471120248
16	6.7105	13.8158	63	None	None	0	2	2.0921723202498415
17	6.7105	13.8158	66	None	None	0	4	2.1583450659438723
18	7.1053	14.6053	61	None	None	0	2	2.1583450659438723
19	7.1053	14.6053	68	None	None	0	4	2.1321384711202493
20	7.5000	15.3947	63	None	None	0	2	1.9472624186167498
21	7.5000	15.3947	66	None	None	0	4	1.5767622231827108
22	7.8947	16.1842	61	None	None	0	2	1.555590603661222
23	7.8947	16.1842	68	None	None	0	4	1.5505556283590889
24	8.2895	16.9737	63	None	None	0	2	1.5105894774886812
25	8.2895	16.9737	66	None	None	0	4	1.5767622231827092
26	8.6842	18.1579	61	None	None	0	2	1.5767622231827092
27	8.6842	18.1579	68	None	None	0	4	1.5705098883770734
28	10.6579	21.7105	63	None	None	0	2	1.7058847184827086
29	10.6579	21.7105	66	None	None	0	4	2.1583450659438723
30	11.0526	22.5000	61	None	None	0	2	2.1583450659438714
31	11.0526	22.5000	68	None	None	0	4	2.132138471120248
32	11.4474	23.2895	63	None	None	0	2	1.947262418616749
33	11.4474	23.2895	66	None	None	0	4	1.5767622231827112
34	11.8421	24.0789	61	None	None	0	2	1.5555906036612217
35	11.8421	24.0789	68	None	None	0	4	1.5505556283590882
36	12.2368	24.8684	63	None	None	0	2	1.5105894774886803
37	12.2368	24.8684	66	None	None	0	4	1.5767622231827083
38	12.6316	25.6579	61	None	None	0	2	1.5362912579777013
39	12.6316	25.6579	68	None	None	0	4	1.5370356891164079
40	14.6053	29.6053	63	None	None	0	2	1.91584080330142
41	14.6053	29.6053	66	None	None	0	4	1.879883265878132
42	15.0000	30.3947	61	None	None	0	2	1.839917115007729
43	15.0000	30.3947	68	None	None	0	4	2.1625589342593234
44	15.3947	31.1842	63	None	None	0	1	1.7981722178530732
45	15.3947	31.1842	66	None	None	0	2	1.7876002407303593
46	16.1842	32.7632	63	None	None	0	2	2.0769844478255792
47	16.1842	32.7632	66	None	None	0	4	1.8798832658781324
48	16.5789	33.5526	61	None	None	0	2	1.8399171150077271
49	16.5789	33.5526	68	None	None	0	4	2.162558934259321
50	16.9737	34.3421	63	None	None	0	1	1.8965449989181549
51	16.9737	34.3421	66	None	None	0	4	1.7116916698179923
52	17.7632	35.9211	63	None	None	0	2	1.5667423883302523
53	17.7632	35.9211	66	None	None	0	4	1.3735101398095462
54	18.1579	36.7105	61	None	None	0	2	1.3330391746045394
55	18.1579	36.7105	68	None	None	0	3	1.1402856213617207
56	18.5526	37.5000	63	None	None	0	1	0.699181444578339
57	18.5526	37.5000	66	None	None	0	2	0.6886094674556251
58	19.3421	39.0789	64	None	None	0	1	0.5902366863905376
59	19.3421	39.0789	66	None	None	0	2	0.4511094674556266
60	20.1316	40.6579	64	None	None	0	1	0.3527366863905397
61	20.1316	40.6579	66	None	None	0	2	0.21360946745562934
62	20.9211	42.2368	63	None	None	0	1	0.21360946745562948
63	20.9211	42.2368	66	None	None	0	2	0.21360946745562953
64	21.7105	43.8158	63	None	None	0	1	0.9882320489112728
65	21.7105	43.8158	66	None	None	0	2	1.2675342939605334
66	22.5000	45.3947	63	None	None	0	1	1.4176971425685552
67	22.5000	45.3947	66	None	None	0	2	1.787600240730355
68	23.2895	46.9737	63	None	None	0	2	1.9875445320792564
69	23.2895	46.9737	66	None	None	0	4	1.925846892777808
70	24.0789	48.5526	63	None	None	0	2	2.246569345712843
71	24.0789	48.5526	66	None	None	0	4	2.09312026258523
72	24.4737	49.3421	61	None	None	0	1	1.89229486376037
73	24.4737	49.3421	68	None	None	0	3	1.8072647206562382
74	24.8684	50.1316	63	None	None	0	1	1.4814137937414875
75	24.8684	50.1316	66	None	None	0	3	1.0479080304484898
76	25.2632	26.8421	64	None	None	0	2	1.376197623516586
77	31.5789	33.2932	71	None	None	0	3	1.2954682427630235
78	32.4361	33.2932	73	None	None	0	4	1.362489555120157
79	33.2932	68.3008	71	None	None	0	2	1.306822714845107
80	33.2932	67.4436	75	None	None	0	4	1.6671508601545963
81	34.1504	34.5789	74	None	None	0	3	1.631344531437822
82	34.5789	35.0075	72	None	None	0	2	1.4603985854918782
83	35.0075	35.8647	74	None	None	0	3	1.4240230308327437
84	35.8647	36.7218	75	None	None	0	4	1.1649537936851442
85	36.7218	38.4361	71	None	None	0	2	1.224468719058278
86	37.1504	37.5789	73	None	None	0	3	1.183858018466233
87	37.5789	38.0075	75	None	None	0	4	1.172179362198025
88	38.0075	38.4361	74	None	None	0	3	0.9343415243601845
89	38.4361	39.2932	76	None	None	0	4	1.1160232060418598
90	39.2932	40.1504	76	None	None	0	4	1.1755381314149953
91	40.1504	41.0075	71	None	None	0	2	1.4221799224597718
92	41.0075	41.8647	72	None	None	0	3	1.3363590269373848
93	41.8647	85.4436	71	None	None	0	2	1.3468482475012316
94	41.8647	84.5865	75	None	None	0	4	1.6402845009188316
95	42.7218	43.1504	74	None	None	0	3	1.7861598538837355
96	43.1504	43.5789	72	None	None	0	2	1.7861598538837389
97	43.5789	44.4361	73	None	None	0	4	2.145321610620122
98	44.4361	89.7293	71	None	None	0	3	3.637075121173857
99	44.4361	89.7293	71	None	None	0	4	3.3909038922242107
100	45.2932	91.0150	71	None	None	0	4	3.9132611290045247
101	45.2932	92.3008	72	None	None	0	5	3.842579580972439
102	45.7218	46.1504	69	None	None	0	3	3.5582691928158936
103	46.1504	46.5789	70	None	None	0	5	1.5677293583887058
104	46.5789	47.0075	68	None	None	0	4	1.3443438423307745
105	47.0075	47.7970	67	None	None	0	3	0.9606304315237709
106	47.7970	96.3835	61	None	None	0	2	0.2605775997401715
107	47.7970	96.3835	68	None	None	0	5	0.2605775997401715
108	48.5865	97.9624	61	None	None	0	2	0.2605775997401715
109	48.5865	97.9624	68	None	None	0	5	0.2605775997401715
110	49.3759	99.5414	61	None	None	0	2	0.27948227959760374
111	49.3759	99.5414	68	None	None	0	5	0.3689842845065355
112	50.9549	102.6992	61	None	None	0	2	0.5640544111332493
113	50.9549	102.6992	68	None	None	0	5	0.6452349021417081
114	51.7444	104.2782	61	None	None	0	2	0.8090494836322313
115	51.7444	104.2782	68	None	None	0	5	1.335224429669227
116	52.5338	105.8571	61	None	None	0	2	1.5390051620301566
117	52.5338	105.8571	68	None	None	0	4	1.5705098883770714
118	54.5075	109.4098	63	None	None	0	2	1.7058847184827046
119	54.5075	109.4098	66	None	None	0	4	2.1583450659438617
120	54.9023	110.1992	61	None	None	0	2	2.0286216603892333
121	54.9023	110.1992	68	None	None	0	4	1.947104283586309
122	55.2970	110.9887	63	None	None	0	2	2.069575863053412
123	55.2970	110.9887	66	None	None	0	4	1.6516621059593584
124	55.6917	111.7782	61	None	None	0	2	1.611695955088955
125	55.6917	111.7782	68	None	None	0	4	1.9218767605532792
126	56.0865	112.5677	63	None	None	0	1	1.6162345509865457
127	56.0865	112.5677	66	None	None	0	2	1.6056625738638315
128	57.6654	115.7256	63	None	None	0	2	1.9442977269425765
129	57.6654	115.7256	66	None	None	0	4	1.8798832658781353
130	58.0602	116.5150	61	None	None	0	2	1.7109622932337536
131	58.0602	116.5150	68	None	None	0	4	1.6200244518977078
132	58.4549	117.3045	63	None	None	0	2	1.4479639224108238
133	58.4549	117.3045	66	None	None	0	4	1.1691571874563749
134	59.2444	118.8835	63	None	None	0	2	1.1962684354555153
135	59.2444	118.8835	66	None	None	0	4	0.9991672535080688
136	59.6391	119.6729	61	None	None	0	2	0.9592011026376657
137	59.6391	119.6729	68	None	None	0	5	1.447618987522112
138	60.0338	120.4624	64	None	None	0	3	1.6165399601664936
139	60.0338	120.4624	66	None	None	0	4	1.5417017358696827
140	60.8233	122.0414	64	None	None	0	3	1.6737961144861597
141	60.8233	122.0414	66	None	None	0	4	2.1583450659438728
142	61.2180	122.8308	61	None	None	0	2	2.1583450659438697
143	61.2180	122.8308	68	None	None	0	4	2.132138471120246
144	61.6128	123.6203	63	None	None	0	2	2.092172320249839
145	61.6128	123.6203	66	None	None	0	4	2.158345065943868
146	62.0075	124.4098	61	None	None	0	2	2.1583450659438683
147	62.0075	124.4098	68	None	None	0	4	2.132138471120245
148	62.4023	125.1992	63	None	None	0	2	2.092172320249838
149	62.4023	125.1992	66	None	None	0	4	2.1583450659438683
150	62.7970	125.9887	61	None	None	0	2	2.1583450659438714
151	62.7970	125.9887	68	None	None	0	4	2.13213847112025
152	63.1917	126.7782	63	None	None	0	2	2.0921723202498406
153	63.1917	126.7782	66	None	None	0	4	2.1583450659438617
154	63.5865	127.5677	61	None	None	0	2	2.158345065943862
155	63.5865	127.5677	68	None	None	0	4	2.1321384711202387
156	63.9812	128.3571	63	None	None	0	2	2.0921723202498317
157	63.9812	128.3571	66	None	None	0	4	2.1583450659438617
158	64.3759	129.1466	61	None	None	0	2	2.158345065943862
159	64.3759	129.1466	68	None	None	0	4	2.132138471120239
160	64.7707	129.9361	63	None	None	0	2	2.092172320249839
161	64.7707	129.9361	66	None	None	0	4	2.158345065943884
162	65.1654	130.7256	61	None	None	0	2	2.1178741007388737
163	65.1654	130.7256	68	None	None	0	4	1.9722151144000737
164	65.5602	131.5150	63	None	None	0	2	2.1765205023329974
165	65.5602	131.5150	66	None	None	0	3	2.0261483365258184
166	65.9549	132.3045	61	None	None	0	0	-1
167	65.9549	132.3045	68	None	None	0	0	-1
168	66.3496	133.0940	63	None	None	0	0	-1
169	66.3496	133.0940	66	None	None	0	0	-1
170	67.1391	134.6729	63	None	None	0	0	-1
171	67.1391	134.6729	66	None	None	0	0	-1
172	67.5338	69.1128	64	None	None	0	1	1.285604418553183
173	73.8496	75.5639	76	None	None	0	2	1.0890322649650923
174	74.7068	75.5639	78	None	None	0	3	1.128912715293304
175	75.5639	152.8421	76	None	None	0	2	1.3068227148450904
176	75.5639	151.9850	80	None	None	0	4	1.6671508601545786
177	76.4211	76.8496	79	None	None	0	3	1.827891077984351
178	76.8496	77.2782	77	None	None	0	2	1.8964346215278995
179	77.2782	78.1353	79	None	None	0	1	1.6033238292566583
180	78.1353	78.9925	80	None	None	0	2	1.2285103964208377
181	78.9925	80.7068	76	None	None	0	1	1.2189954710477005
182	79.4211	79.8496	78	None	None	0	2	1.0405955480582265
183	79.8496	80.2782	80	None	None	0	3	1.3015567127507404
184	80.2782	80.7068	79	None	None	0	2	1.260476640140818
185	80.7068	163.1278	76	None	None	0	1	1.8575706642870762
186	80.7068	162.2707	81	None	None	0	4	2.2664649215022377
187	81.5639	82.4211	81	None	None	0	4	2.522883840421155
188	82.4211	84.1353	76	None	None	0	2	2.532585332958466
189	83.2782	84.1353	78	None	None	0	3	4.333586469780513
190	84.1353	169.1278	80	None	None	0	4	4.651911511239887
191	84.1353	168.6992	80	None	None	0	5	6.776640086248272
192	84.9925	85.4211	79	None	None	0	3	6.594005959584296
193	85.4211	85.8496	77	None	None	0	2	6.594005959584296
194	85.8496	173.4135	76	None	None	0	1	6.594005959584297
195	85.8496	172.5564	78	None	None	0	5	2.2340880059163615
196	86.7068	87.5639	76	None	None	0	4	4.104598372586965
197	87.5639	175.5564	75	None	None	0	3	4.001612976707985
198	87.5639	176.8421	76	None	None	0	4	4.001142148636406
199	87.9925	88.4211	73	None	None	0	2	3.405604413505077
200	88.4211	88.8496	74	None	None	0	5	1.6952328895859095
201	88.8496	89.2782	72	None	None	0	4	1.5526151329571674
202	89.2782	90.1353	71	None	None	0	3	1.4237101502060339
203	90.1353	90.9925	71	None	None	0	5	0.4773897948324517
204	91.7820	184.3534	61	None	None	0	2	0.23735448782679902
205	91.7820	184.3534	68	None	None	0	5	0.2605775997401715
206	93.3609	187.5113	61	None	None	0	2	0.27303861352744546
207	93.3609	187.5113	68	None	None	0	5	0.2952904238618633
208	94.1504	189.0902	61	None	None	0	2	0.4591050053523895
209	94.1504	189.0902	68	None	None	0	5	0.985279951389394
210	94.9398	190.6692	61	None	None	0	2	1.1890606837503233
211	94.9398	190.6692	68	None	None	0	5	1.2268177449028734
212	95.7293	192.2481	61	None	None	0	2	1.3906323263933937
213	95.7293	192.2481	68	None	None	0	5	1.916807272430381
214	96.5188	193.4323	61	None	None	0	2	2.120588004791311
215	96.5188	193.4323	68	None	None	0	4	2.1321384711202387
216	96.9135	194.2218	63	None	None	0	2	2.0921723202498317
217	96.9135	194.2218	66	None	None	0	4	2.1583450659438617
218	97.3083	195.0113	61	None	None	0	2	2.158345065943862
219	97.3083	195.0113	68	None	None	0	4	2.132138471120239
220	97.7030	195.8008	63	None	None	0	2	1.9472624186167455
221	97.7030	195.8008	66	None	None	0	4	1.5767622231827185
222	98.0977	196.5902	61	None	None	0	2	1.555590603661223
223	98.0977	196.5902	68	None	None	0	4	1.5505556283590862
224	98.4925	197.3797	63	None	None	0	2	1.510589477488679
225	98.4925	197.3797	66	None	None	0	4	1.5767622231827092
226	98.8872	198.5639	61	None	None	0	2	1.5767622231827092
227	98.8872	198.5639	68	None	None	0	4	1.5705098883770732
228	100.8609	202.1165	63	None	None	0	2	1.7058847184827093
229	100.8609	202.1165	66	None	None	0	4	2.158345065943875
230	101.2556	202.9060	61	None	None	0	2	2.117874100738874
231	101.2556	202.9060	68	None	None	0	4	1.9722151144000744
232	101.6504	203.6955	63	None	None	0	2	2.3021284050685606
233	101.6504	203.6955	66	None	None	0	4	1.8798832658781348
234	102.0451	204.4850	61	None	None	0	2	1.8399171150077311
235	102.0451	204.4850	68	None	None	0	4	2.1625589342593283
236	102.4398	205.2744	63	None	None	0	1	1.7981722178530566
237	102.4398	205.2744	66	None	None	0	2	1.7876002407303424
238	103.2293	206.8534	63	None	None	0	2	2.076984447825577
239	103.2293	206.8534	66	None	None	0	4	1.8798832658781255
240	103.6241	207.6429	61	None	None	0	2	1.8399171150077285
241	103.6241	207.6429	68	None	None	0	4	2.1625589342593283
242	104.0188	208.4323	63	None	None	0	2	2.1625589342593248
243	104.0188	208.4323	66	None	None	0	4	1.8798832658781346
244	104.8083	210.0113	63	None	None	0	2	1.86702836300687
245	104.8083	210.0113	66	None	None	0	4	2.158345065943875
246	105.2030	210.8008	61	None	None	0	2	2.1583450659438816
247	105.2030	210.8008	68	None	None	0	4	2.1321384711202604
248	105.5977	211.5902	63	None	None	0	2	2.092172320249848
249	105.5977	211.5902	66	None	None	0	4	2.1583450659438617
250	105.9925	212.3797	61	None	None	0	2	2.158345065943862
251	105.9925	212.3797	68	None	None	0	4	2.1321384711202387
252	106.3872	213.1692	63	None	None	0	2	2.0921723202498317
253	106.3872	213.1692	66	None	None	0	4	2.1583450659438617
254	106.7820	213.9586	61	None	None	0	2	2.117874100738852
255	106.7820	213.9586	68	None	None	0	4	1.9722151144000573
256	107.1767	214.7481	63	None	None	0	2	1.7820861149216336
257	107.1767	214.7481	66	None	None	0	3	1.454081836058114
258	107.5714	215.5376	61	None	None	0	1	1.012977659274718
259	107.5714	215.5376	68	None	None	0	3	0.6652856213617293
260	107.9662	216.3271	63	None	None	0	1	0.9988040260339921
261	107.9662	216.3271	66	None	None	0	2	1.2675342939605403
262	108.7556	217.9060	63	None	None	0	1	1.4176971425685585
263	108.7556	217.9060	66	None	None	0	2	1.787600240730352
264	109.5451	219.4850	63	None	None	0	1	1.787600240730352
265	109.5451	219.4850	66	None	None	0	2	1.787600240730352
266	110.3346	221.0639	63	None	None	0	1	1.787600240730352
267	110.3346	221.0639	66	None	None	0	3	1.787600240730352
268	110.7293	221.8534	61	None	None	0	1	1.787600240730352
269	110.7293	221.8534	68	None	None	0	3	1.787600240730352
270	111.1241	222.6429	63	None	None	0	1	1.787600240730352
271	111.1241	222.6429	66	None	None	0	2	1.787600240730352
272	111.5188	113.0977	64	None	None	0	0	1.787600240730352
