0	0.0000	0.7895	60	None	None	1	-5	0.13192501487010483
1	0.0000	0.7895	67	None	None	1	-2	0.1560916327153222
2	0.7895	2.3684	60	None	None	1	-5	0.17072363778775118
3	0.7895	2.3684	67	None	None	1	-2	0.1824292418456944
4	2.3684	5.5263	60	None	None	1	-5	0.19800550907978715
5	2.3684	5.5263	67	None	None	1	-2	0.21046652286706133
6	3.1579	7.1053	60	None	None	1	-5	0.2104665228670613
7	3.1579	7.1053	67	None	None	1	-2	0.21046652286706133
8	3.9474	8.6842	60	None	None	1	-5	0.27591307365409024
9	3.9474	8.6842	67	None	None	1	-2	0.3901327915150433
10	5.5263	11.8421	60	None	None	1	-5	0.6284514804481851
11	5.5263	11.8421	67	None	None	1	-2	0.6979333848559482
12	6.3158	13.4211	60	None	None	1	-5	0.9206758065549971
13	6.3158	13.4211	67	None	None	1	-2	1.2594489401317306
14	7.1053	15.0000	60	None	None	1	-5	1.4821913618307807
15	7.1053	15.0000	67	None	None	1	-3	1.541060520025361
16	8.2895	16.9737	62	None	None	1	-5	1.686034881049273
17	8.2895	16.9737	65	None	None	1	-3	1.9233810368118918
18	8.6842	17.7632	60	None	None	1	-5	1.8913975430597811
19	8.6842	17.7632	67	None	None	1	-3	1.9221578436339115
20	9.0789	18.5526	62	None	None	1	-5	1.8901743498818004
21	9.0789	18.5526	65	None	None	1	-3	1.9233810368118918
22	9.4737	19.3421	60	None	None	1	-5	1.7461431174495217
23	9.4737	19.3421	67	None	None	1	-1	1.7780078057590825
24	9.8684	20.1316	62	None	None	1	-2	1.3618814970795818
25	9.8684	20.1316	65	None	None	1	-1	1.664412516184803
26	10.2632	20.9211	60	None	None	1	-5	1.4903581426623473
27	10.2632	20.9211	67	None	None	1	-1	1.7441406485725102
28	10.6579	21.7105	62	None	None	1	-2	1.3618814970795825
29	10.6579	21.7105	65	None	None	1	-1	1.6783877449688158
30	12.2368	24.8684	62	None	None	1	-5	1.6559579060175211
31	12.2368	24.8684	65	None	None	1	-3	1.9233810368118918
32	12.6316	25.6579	60	None	None	1	-5	1.8913975430597811
33	12.6316	25.6579	67	None	None	1	-3	1.9221578436339115
34	13.0263	26.4474	62	None	None	1	-5	1.8901743498818013
35	13.0263	26.4474	65	None	None	1	-3	1.923381036811894
36	13.4211	27.2368	60	None	None	1	-5	1.844320801834104
37	13.4211	27.2368	67	None	None	1	-1	1.7899024098287537
38	13.8158	28.0263	62	None	None	1	-2	1.373776101149253
39	13.8158	28.0263	65	None	None	1	-1	1.7491560403589812
40	14.2105	28.8158	60	None	None	1	-4	1.6625299005413523
41	14.2105	28.8158	67	None	None	1	-1	1.765037499325546
42	14.6053	29.6053	62	None	None	1	-2	1.2426494127803345
43	14.6053	29.6053	65	None	None	1	-1	1.2330385244869595
44	15.3947	31.1842	62	None	None	1	-2	1.364165212855876
45	15.3947	31.1842	65	None	None	1	-1	1.749156040358979
46	15.7895	31.9737	60	None	None	1	-4	1.66252990054135
47	15.7895	31.9737	67	None	None	1	-1	1.7650374993255438
48	16.1842	32.7632	62	None	None	1	-2	1.2426494127803345
49	16.1842	32.7632	65	None	None	1	-1	1.2330385244869595
50	16.9737	34.3421	62	None	None	1	-2	1.3641652128558772
51	16.9737	34.3421	65	None	None	1	-1	1.749156040358983
52	17.3684	35.1316	60	None	None	1	-4	1.6625299005413539
53	17.3684	35.1316	67	None	None	1	-1	1.7650374993255475
54	17.7632	35.9211	62	None	None	1	-2	1.3737761011492549
55	17.7632	35.9211	65	None	None	1	-1	1.6902823490384868
56	18.5526	37.5000	62	None	None	1	-5	1.7428073960500359
57	18.5526	37.5000	65	None	None	1	-3	1.923381036811893
58	18.9474	38.2895	60	None	None	1	-5	1.8913975430597803
59	18.9474	38.2895	67	None	None	1	-3	1.9221578436339102
60	19.3421	39.0789	62	None	None	1	-5	1.8901743498817996
61	19.3421	39.0789	65	None	None	1	-3	1.9233810368118904
62	19.7368	39.8684	60	None	None	1	-5	1.8913975430597798
63	19.7368	39.8684	67	None	None	1	-3	1.9221578436339102
64	20.1316	40.6579	62	None	None	1	-5	1.8901743498818013
65	20.1316	40.6579	65	None	None	1	-3	1.9233810368118949
66	20.5263	41.4474	60	None	None	1	-5	1.8913975430597842
67	20.5263	41.4474	67	None	None	1	-3	1.9221578436339146
68	20.9211	42.2368	62	None	None	1	-5	1.890174349881804
69	20.9211	42.2368	65	None	None	1	-3	1.9233810368118949
70	21.3158	43.0263	60	None	None	1	-5	1.8913975430597847
71	21.3158	43.0263	67	None	None	1	-3	1.9221578436339146
72	21.7105	43.8158	62	None	None	1	-5	1.8901743498818018
73	21.7105	43.8158	65	None	None	1	-3	1.9233810368118904
74	22.1053	44.6053	60	None	None	1	-5	1.8913975430597798
75	22.1053	44.6053	67	None	None	1	-3	1.9221578436339102
76	22.5000	45.3947	62	None	None	1	-5	1.8901743498818013
77	22.5000	45.3947	65	None	None	1	-3	1.9233810368118949
78	22.8947	46.1842	60	None	None	1	-5	1.8913975430597842
79	22.8947	46.1842	67	None	None	1	-3	1.9221578436339146
80	23.2895	46.9737	62	None	None	1	-5	1.890174349881804
81	23.2895	46.9737	65	None	None	1	-3	1.9233810368118949
82	23.6842	47.7632	60	None	None	1	-5	1.8015630276933527
83	23.6842	47.7632	67	None	None	1	-3	1.7647859866257019
84	24.0789	48.5526	62	None	None	1	-5	1.4930777515757934
85	24.0789	48.5526	65	None	None	1	-3	1.236304236148363
86	24.4737	49.3421	60	None	None	1	-5	1.0338380530091231
87	24.4737	49.3421	67	None	None	1	-2	1.2345145716318118
88	24.8684	50.1316	62	None	None	1	-4	1.5304708338869017
89	24.8684	50.1316	65	None	None	1	-2	1.378879710088328
90	25.2632	26.8421	64	None	None	1	-3	1.4027862153778115
91	31.5789	64.0150	59	None	None	1	-5	1.5359947087944685
92	31.5789	64.8722	64	None	None	1	-3	2.468994299591309
93	32.4361	33.2932	61	None	None	1	-4	2.429944755644378
94	33.2932	67.4436	63	None	None	1	-3	2.460134714938815
95	33.2932	68.3008	64	None	None	1	-2	2.3614947503473567
96	34.1504	34.5789	62	None	None	1	-4	1.950948179353023
97	34.5789	35.0075	60	None	None	1	-5	2.236890371545219
98	35.0075	70.8722	62	None	None	1	-4	2.1062287821207457
99	35.0075	71.7293	64	None	None	1	-2	1.4847395093428144
100	35.8647	36.7218	63	None	None	1	-3	1.4117710184638763
101	36.7218	73.8722	59	None	None	1	-4	1.362605693353696
102	36.7218	75.1579	64	None	None	1	-2	1.326235461181223
103	37.1504	37.5789	61	None	None	1	-3	1.3151881180443303
104	37.5789	38.0075	63	None	None	1	-2	1.3925630676207714
105	38.0075	38.4361	62	None	None	1	-3	1.1890031644340022
106	39.2932	79.4436	64	None	None	1	-2	1.2435417236117337
107	39.2932	79.4436	64	None	None	1	-3	1.3625860256457243
108	40.1504	81.1579	59	None	None	1	-5	1.321568982483156
109	40.1504	82.0150	64	None	None	1	-3	1.3456154169773518
110	41.0075	41.8647	61	None	None	1	-4	1.2629557984035555
111	41.8647	84.5865	63	None	None	1	-3	1.2707576979964978
112	41.8647	85.4436	64	None	None	1	-2	1.4498016673389769
113	42.7218	43.1504	63	None	None	1	-3	1.8691085675227437
114	43.1504	43.5789	60	None	None	1	-4	2.0546244405386185
115	43.5789	88.0150	61	None	None	1	-2	1.9531420879835089
116	43.5789	88.8722	64	None	None	1	-1	1.761992554349965
117	44.4361	45.2932	59	None	None	1	-3	1.7669422954404304
118	45.2932	91.0150	59	None	None	1	-3	1.977964179539237
119	45.2932	92.3008	60	None	None	1	-2	1.9740781458947199
120	45.7218	46.1504	57	None	None	1	-4	1.627323794332675
121	46.1504	46.5789	58	None	None	1	-3	1.2822025953653224
122	46.5789	47.0075	56	None	None	1	-4	1.0623269315241424
123	47.0075	47.7970	55	None	None	1	-5	0.5142886376884365
124	49.3759	99.5414	60	None	None	1	-4	0.572227863977027
125	49.3759	99.5414	67	None	None	1	-2	0.7719820781428481
126	50.1654	101.1203	60	None	None	1	-5	0.9947244998418954
127	50.1654	101.1203	67	None	None	1	-2	1.0579583308181553
128	50.9549	102.6992	60	None	None	1	-5	1.2807007525172063
129	50.9549	102.6992	67	None	None	1	-2	1.6194738860939424
130	52.5338	105.4624	60	None	None	1	-5	1.8577925750270823
131	52.5338	105.4624	67	None	None	1	-3	1.9221578436339142
132	52.9286	106.2519	62	None	None	1	-5	1.8901743498818033
133	52.9286	106.2519	65	None	None	1	-3	1.9233810368118947
134	53.3233	107.0414	60	None	None	1	-5	1.8913975430597878
135	53.3233	107.0414	67	None	None	1	-3	1.922157843633919
136	53.7180	107.8308	62	None	None	1	-5	1.7328784789697858
137	53.7180	107.8308	65	None	None	1	-3	1.5415317501840933
138	54.1128	108.6203	60	None	None	1	-5	1.5095482564319864
139	54.1128	108.6203	67	None	None	1	-3	1.534095616650346
140	54.5075	109.4098	62	None	None	1	-5	1.502112122898235
141	54.5075	109.4098	65	None	None	1	-3	1.5353188098283266
142	54.9023	110.5940	60	None	None	1	-5	1.5033353160762117
143	54.9023	110.5940	67	None	None	1	-3	1.5410605200253633
144	56.0865	112.5677	62	None	None	1	-5	1.6860348810492738
145	56.0865	112.5677	65	None	None	1	-3	1.9233810368118907
146	56.4812	113.3571	60	None	None	1	-5	1.844320801834101
147	56.4812	113.3571	67	None	None	1	-1	1.7899024098287468
148	56.8759	114.1466	62	None	None	1	-2	1.373776101149242
149	56.8759	114.1466	65	None	None	1	-1	1.749156040358967
150	57.2707	114.9361	60	None	None	1	-4	1.6625299005413405
151	57.2707	114.9361	67	None	None	1	-1	1.7650374993255393
152	57.6654	115.7256	62	None	None	1	-2	1.242649412780335
153	57.6654	115.7256	65	None	None	1	-1	1.2330385244869602
154	58.4549	117.3045	62	None	None	1	-2	1.3641652128558777
155	58.4549	117.3045	65	None	None	1	-1	1.7491560403589836
156	58.8496	118.0940	60	None	None	1	-4	1.6625299005413554
157	58.8496	118.0940	67	None	None	1	-1	1.7650374993255484
158	59.2444	118.8835	62	None	None	1	-2	1.2426494127803338
159	59.2444	118.8835	65	None	None	1	-1	1.2330385244869588
160	60.0338	120.4624	62	None	None	1	-2	1.2330385244869588
161	60.0338	120.4624	65	None	None	1	-1	1.2330385244869586
162	60.4286	121.2519	60	None	None	1	-4	1.0152856963004113
163	60.4286	121.2519	67	None	None	1	-1	0.7169210086149349
164	60.8233	122.0414	62	None	None	1	-2	0.11079432024602606
165	60.8233	122.0414	65	None	None	1	-1	0.10118343195265139
166	61.6128	123.6203	62	None	None	1	-2	0.1011834319526513
167	61.6128	123.6203	65	None	None	1	-1	0.10118343195265118
168	62.4023	125.1992	62	None	None	1	-2	0.10118343195265118
169	62.4023	125.1992	65	None	None	1	-1	0.10118343195265118
170	63.1917	126.7782	62	None	None	1	-2	0.1011834319526514
171	63.1917	126.7782	65	None	None	1	-1	0.10118343195265159
172	63.9812	128.3571	62	None	None	1	-2	0.23231012032156922
173	63.9812	128.3571	65	None	None	1	-1	0.6173009478246752
174	64.7707	129.9361	62	None	None	1	-2	0.7484276361935889
175	64.7707	129.9361	65	None	None	1	-1	1.1492999226632477
176	65.5602	131.5150	62	None	None	1	-2	1.545325242479555
177	65.5602	131.5150	65	None	None	1	-1	1.533279595818525
178	66.3496	133.0940	62	None	None	1	-5	1.4449416675200957
179	66.3496	133.0940	65	None	None	1	-3	1.3913570090990417
180	66.7444	133.8835	60	None	None	1	-5	1.1576100429419816
181	66.7444	133.8835	67	None	None	1	-2	1.34597312872885
182	67.1391	134.6729	62	None	None	1	-4	1.2800451186519122
183	67.1391	134.6729	65	None	None	1	-2	1.0701769678263233
184	69.1128	70.6917	64	None	None	1	-3	1.7589433084962143
185	75.5639	77.2782	64	None	None	1	-2	1.7813755890689125
186	76.4211	76.8496	63	None	None	1	-3	1.73422257461363
187	77.2782	155.4135	61	None	None	1	-4	2.46506302327124
188	77.2782	156.2707	64	None	None	1	-3	2.919989843420925
189	78.1353	78.5639	60	None	None	1	-5	2.8393877861397616
190	78.5639	78.9925	62	None	None	1	-3	2.7044718327414317
191	78.9925	159.6992	64	None	None	1	-2	2.811360938341875
192	78.9925	159.6992	64	None	None	1	-3	2.3031166866274795
193	80.7068	161.8421	63	None	None	1	-3	2.535635463537491
194	80.7068	163.1278	64	None	None	1	-2	2.8806369162476924
195	81.1353	81.5639	61	None	None	1	-4	2.329082329944972
196	81.5639	81.9925	60	None	None	1	-5	1.9569445671821954
197	81.9925	82.4211	62	None	None	1	-3	2.0412773560272197
198	83.2782	167.4135	64	None	None	1	-2	2.107075107468083
199	83.2782	167.4135	64	None	None	1	-3	1.9137761383959195
200	84.1353	169.1278	63	None	None	1	-3	1.9575171996742988
201	84.1353	169.9850	64	None	None	1	-2	2.123304613492176
202	84.9925	85.8496	61	None	None	1	-4	1.9399512508011254
203	85.8496	86.2782	60	None	None	1	-5	1.6741447259927382
204	86.2782	86.7068	62	None	None	1	-4	1.517330314370638
205	86.7068	87.5639	63	None	None	1	-3	1.172209115403286
206	88.4211	89.2782	64	None	None	1	-2	1.0743307067132486
207	89.7068	90.1353	62	None	None	1	-4	0.7196741992415171
208	90.1353	90.5639	64	None	None	1	-3	0.5973943221539437
209	90.5639	90.9925	66	None	None	1	-2	0.516124474537942
210	90.9925	182.7744	60	None	None	1	-5	0.2410217085946621
211	90.9925	182.7744	67	None	None	1	-2	0.21046652286706155
212	91.7820	184.3534	60	None	None	1	-5	0.19489025563296852
213	91.7820	184.3534	67	None	None	1	-2	0.18242924184569412
214	92.5714	185.9323	60	None	None	1	-5	0.21034835134914487
215	92.5714	185.9323	67	None	None	1	-2	0.2709944116535412
216	93.3609	187.5113	60	None	None	1	-5	0.49373683335259183
217	93.3609	187.5113	67	None	None	1	-2	0.5492754488628209
218	94.9398	190.6692	60	None	None	1	-5	0.7875941377959645
219	94.9398	190.6692	67	None	None	1	-2	1.138828285159975
220	96.5188	193.8271	60	None	None	1	-5	1.3771469740931113
221	96.5188	193.8271	67	None	None	1	-3	1.4501388235299184
222	98.4925	197.3797	62	None	None	1	-5	1.637331555997858
223	98.4925	197.3797	65	None	None	1	-3	1.9233810368118949
224	98.8872	198.1692	60	None	None	1	-5	1.8913975430597836
225	98.8872	198.1692	67	None	None	1	-3	1.9221578436339144
226	99.2820	198.9586	62	None	None	1	-5	1.8901743498818033
227	99.2820	198.9586	65	None	None	1	-3	1.9233810368118949
228	99.6767	199.7481	60	None	None	1	-5	1.8913975430597847
229	99.6767	199.7481	67	None	None	1	-3	1.9221578436339142
230	100.0714	200.5376	62	None	None	1	-5	1.7328784789697818
231	100.0714	200.5376	65	None	None	1	-3	1.5415317501840913
232	100.4662	201.3271	60	None	None	1	-5	1.50954825643198
233	100.4662	201.3271	67	None	None	1	-3	1.5340956166503392
234	100.8609	202.1165	62	None	None	1	-5	1.5021121228982282
235	100.8609	202.1165	65	None	None	1	-3	1.5353188098283197
236	101.2556	203.3008	60	None	None	1	-5	1.456258574850535
237	101.2556	203.3008	67	None	None	1	-1	1.447303127353302
238	102.4398	205.2744	62	None	None	1	-2	1.3604626575297492
239	102.4398	205.2744	65	None	None	1	-1	1.7491560403589912
240	102.8346	206.0639	60	None	None	1	-4	1.6625299005413616
241	102.8346	206.0639	67	None	None	1	-1	1.765037499325556
242	103.2293	206.8534	62	None	None	1	-2	1.2426494127803427
243	103.2293	206.8534	65	None	None	1	-1	1.2330385244869673
244	104.0188	208.4323	62	None	None	1	-2	1.2330385244869677
245	104.0188	208.4323	65	None	None	1	-1	1.2330385244869675
246	104.4135	209.2218	60	None	None	1	-4	1.0152856963004204
247	104.4135	209.2218	67	None	None	1	-1	0.7169210086149439
248	104.8083	210.0113	62	None	None	1	-2	0.11079432024602617
249	104.8083	210.0113	65	None	None	1	-1	0.10118343195265118
250	105.5977	211.5902	62	None	None	1	-2	0.23231012032156906
251	105.5977	211.5902	65	None	None	1	-1	0.6173009478246752
252	106.3872	213.1692	62	None	None	1	-2	0.7484276361935887
253	106.3872	213.1692	65	None	None	1	-1	1.1492999226632472
254	107.1767	214.7481	62	None	None	1	-2	1.3641652128558674
255	107.1767	214.7481	65	None	None	1	-1	1.6902823490384788
256	107.9662	216.3271	62	None	None	1	-5	1.7428073960500283
257	107.9662	216.3271	65	None	None	1	-3	1.9233810368118862
258	108.3609	217.1165	60	None	None	1	-5	1.8913975430597751
259	108.3609	217.1165	67	None	None	1	-3	1.9221578436339062
260	108.7556	217.9060	62	None	None	1	-5	1.8901743498818033
261	108.7556	217.9060	65	None	None	1	-3	1.9233810368119044
262	109.1504	218.6955	60	None	None	1	-5	1.8913975430597934
263	109.1504	218.6955	67	None	None	1	-3	1.922157843633924
264	109.5451	219.4850	62	None	None	1	-5	1.8901743498818055
265	109.5451	219.4850	65	None	None	1	-3	1.9233810368118867
266	109.9398	220.2744	60	None	None	1	-5	1.9233810368118867
267	109.9398	220.2744	67	None	None	1	-2	1.9233810368118867
268	110.3346	221.0639	62	None	None	1	-4	1.9233810368118867
269	110.3346	221.0639	65	None	None	1	-3	1.9233810368118867
270	110.7293	221.8534	60	None	None	1	-5	1.9233810368118867
271	110.7293	221.8534	67	None	None	1	-2	1.9233810368118867
272	111.1241	222.6429	62	None	None	1	-4	1.9233810368118867
273	111.1241	222.6429	65	None	None	1	-2	1.9233810368118867
274	111.5188	113.0977	64	None	None	1	0	1.9233810368118867
