0	0.0000	0.2586	54	None	None	1	-4	1.2972555599699933
1	0.2586	0.7759	56	None	None	1	-3	1.0890262892407223
2	0.7759	1.2931	57	None	None	1	-2	0.8838320174970814
3	1.8103	2.3276	56	None	None	1	-3	0.7273965314901101
4	2.3276	2.8448	54	None	None	1	-4	0.6456490601097693
5	2.8448	3.3621	52	None	None	1	-5	0.5390634118786172
6	3.3621	3.8793	56	None	None	1	-3	0.6583378326050536
7	3.8793	4.3966	59	None	None	1	-2	0.5974018451544777
8	4.3966	5.4310	54	None	None	1	-3	0.6044555348126812
9	5.4310	6.9828	54	None	None	1	-3	0.7874413688110853
10	6.9828	16.0345	53	None	None	1	-4	1.4006450908516022
11	6.9828	16.0345	58	None	None	1	-2	1.429610084261989
12	9.5690	20.6897	52	None	None	1	-5	2.242403326116394
13	9.5690	20.6897	59	None	None	1	-3	2.1926264975324674
14	11.1207	12.6724	61	None	None	1	-2	2.3229396317841964
15	12.6724	14.2241	59	None	None	1	-1	1.998493059413232
16	13.1897	13.7069	57	None	None	1	-2	2.2890207782277963
17	13.7069	14.2241	55	None	None	1	-1	2.290567503439533
18	14.2241	28.9655	54	None	None	1	-2	3.200027793968082
19	14.2241	30.0000	59	None	None	1	-1	3.097336673216053
20	14.7414	15.7759	52	None	None	1	-3	2.9417545148406004
21	15.7759	17.3276	53	None	None	1	-1	2.8116421914506002
22	16.2931	16.8103	51	None	None	1	-2	2.858220403741103
23	16.8103	17.3276	49	None	None	1	-3	2.833845462042738
24	17.3276	35.1724	48	None	None	1	-4	2.4059945265102374
25	17.3276	36.2069	54	None	None	1	-1	2.259309785876852
26	17.8448	18.8793	46	None	None	1	-5	3.986650596502783
27	18.8793	20.4310	49	None	None	1	-2	4.121576076263212
28	19.3966	19.9138	48	None	None	1	-3	4.104217736279173
29	19.9138	20.4310	43	None	None	1	-5	4.036592536758024
30	20.4310	20.9483	47	None	None	1	-3	3.8333926784241035
31	20.9483	21.9828	42	None	None	1	-5	3.780030105890162
32	21.9828	23.5345	42	None	None	1	-5	3.8957523724504157
33	24.0517	24.5690	59	None	None	1	-1	4.030633758917037
34	24.5690	25.0862	61	None	None	1	-4	1.935897162601199
35	25.0862	26.6379	62	None	None	1	-3	2.152876412401678
36	25.6034	26.6379	57	None	None	1	-5	3.4177063910860963
37	26.6379	54.8276	57	None	None	1	-5	3.6372893918841807
38	26.6379	54.8276	62	None	None	1	-3	3.6790760340342077
39	28.1897	28.7069	57	None	None	1	-5	3.7555106783385828
40	28.7069	29.2241	62	None	None	1	-4	3.0403631435332255
41	29.2241	29.7414	64	None	None	1	-3	2.995778218949657
42	29.7414	61.0345	65	None	None	1	-2	3.014190458147017
43	29.7414	61.0345	65	None	None	1	-3	2.9643577769466374
44	31.2931	32.8448	66	None	None	1	-1	2.2175944237008856
45	31.8103	32.3276	64	None	None	1	-2	2.1985002497184443
46	32.3276	32.8448	62	None	None	1	-1	2.3436663688741475
47	32.8448	33.3621	60	None	None	1	-2	1.9237259401225872
48	33.3621	34.3966	59	None	None	1	-3	1.9736311675767007
49	34.3966	35.9483	60	None	None	1	-1	2.2479729920652614
50	34.9138	35.4310	58	None	None	1	-2	2.212517749541113
51	35.4310	35.9483	56	None	None	1	-3	2.259332666467762
52	35.9483	73.4483	55	None	None	1	-4	2.3564394958346466
53	35.9483	73.4483	61	None	None	1	-2	2.482611193155643
54	37.5000	39.0517	54	None	None	1	-5	2.7068666573454943
55	39.0517	40.6034	57	None	None	1	-1	2.3218483616951575
56	39.5690	40.0862	55	None	None	1	0	-1
57	40.0862	40.6034	54	None	None	1	0	-1
58	40.6034	82.7586	52	None	None	1	0	-1
59	40.6034	82.7586	57	None	None	1	0	-1
60	42.1552	43.7069	51	None	None	1	0	-1
61	43.7069	88.9655	63	None	None	1	0	-1
62	43.7069	88.9655	69	None	None	1	0	-1
63	47.8448	48.3621	54	None	None	1	-1	1.0094411353843515
64	48.3621	48.8793	49	None	None	1	-3	0.980878568529137
65	48.8793	49.3966	51	None	None	1	-2	0.9246619343421544
66	49.3966	50.4310	44	None	None	1	0	-1
67	50.4310	51.9828	46	None	None	1	0	-1
68	51.9828	52.5000	49	None	None	1	0	-1
69	52.5000	53.0172	44	None	None	1	0	-1
70	53.0172	53.5345	46	None	None	1	0	-1
71	53.5345	55.0862	48	None	None	1	0	-1
72	55.0862	55.6034	43	None	None	1	0	-1
73	59.2241	59.7414	53	None	None	1	-3	0.6924462910069955
74	59.7414	121.0345	54	None	None	1	-2	0.5482002372770779
75	59.7414	121.0345	58	None	None	1	-1	0.5530441442594088
76	64.3966	129.8276	52	None	None	1	-4	0.5595405395872836
77	64.3966	129.8276	59	None	None	1	-1	0.6307081966398246
78	65.9483	133.4483	51	None	None	1	-3	0.8746512244424558
79	65.9483	133.4483	56	None	None	1	-1	0.7994772508864358
80	67.5000	136.0345	50	None	None	1	-4	0.8293432291148883
81	67.5000	136.0345	57	None	None	1	-1	0.7506375923716733
82	69.0517	139.6552	48	None	None	1	-3	0.5557714691652588
83	69.0517	139.6552	53	None	None	1	-1	0.5622581974682703
84	70.6034	142.2414	47	None	None	1	-4	0.5348397579282244
85	70.6034	142.2414	54	None	None	1	-1	0.5701203524207205
86	72.1552	145.8621	46	None	None	1	0	-1
87	72.1552	145.8621	51	None	None	1	0	-1
88	73.7069	148.4483	45	None	None	1	0	-1
89	73.7069	148.4483	52	None	None	1	0	-1
90	75.2586	152.0690	47	None	None	1	0	-1
91	75.2586	152.0690	48	None	None	1	0	-1
92	76.8103	154.6552	43	None	None	1	0	-1
93	76.8103	154.6552	49	None	None	1	-5	5.556448400811544
94	78.3621	78.8793	64	None	None	1	-1	5.556448400811544
95	78.8793	79.9138	59	None	None	1	-3	5.556448400811544
96	79.9138	81.4655	59	None	None	1	-4	5.556448400811544
97	82.5000	83.0172	61	None	None	1	-3	5.556448400811544
98	83.0172	83.5345	62	None	None	1	-2	5.556448400811544
99	83.5345	84.5690	57	None	None	1	-1	5.556448400811544
100	85.0862	85.6034	43	None	None	1	-5	5.556448400811544
101	85.6034	86.1207	44	None	None	1	-4	5.556448400811544
102	86.1207	87.6724	49	None	None	1	0	5.556448400811544
