0	0.0000	0.2500	60	None	None	0	2	1.2313279478458055
1	0.2500	0.5000	62	None	None	0	3	1.163962112622831
2	0.5000	1.0000	64	None	None	0	4	0.8771140400604696
3	1.0000	1.5000	65	None	None	0	5	0.6888699924414234
4	1.5000	1.7500	65	None	None	0	4	0.6297619047619075
5	1.7500	2.0000	65	None	None	0	4	0.8879251700680331
6	2.0000	2.2500	65	None	None	0	5	1.181727135298567
7	2.2500	2.5000	64	None	None	0	4	1.0317838246409716
8	2.5000	3.0000	62	None	None	0	3	0.7970899470899486
9	3.0000	3.5000	64	None	None	0	4	0.6297619047619043
10	3.5000	3.7500	64	None	None	0	4	0.6297619047619043
11	3.7500	4.0000	64	None	None	0	4	0.916609977324266
12	4.0000	4.2500	64	None	None	0	4	1.1513038548752892
13	4.2500	4.5000	62	None	None	0	3	1.0672052154195029
14	4.5000	5.0000	60	None	None	0	2	0.8090419501133825
15	5.0000	5.5000	62	None	None	0	3	0.6721371882086217
16	5.5000	5.7500	62	None	None	0	3	0.8906245831666043
17	5.7500	6.0000	62	None	None	0	2	1.4032563025210147
18	6.0000	6.2500	62	None	None	0	2	1.4706032412965275
19	6.2500	6.5000	64	None	None	0	3	2.372388955582244
20	6.5000	7.0000	62	None	None	0	2	2.181572629051631
21	7.0000	7.5000	60	None	None	0	1	2.8894807923169363
22	7.5000	7.7500	60	None	None	0	1	2.928766506602649
23	7.7500	8.0000	60	None	None	0	1	3.591712935174077
24	8.5000	17.2500	64	None	None	0	2	3.822931950557999
25	8.5000	17.2500	72	None	None	0	5	3.5877739984882786
26	8.7500	17.7500	65	None	None	0	1	2.4755291005290916
27	8.7500	17.7500	74	None	None	0	4	2.475529100529086
28	9.0000	18.5000	67	None	None	0	1	2.3632842025698997
29	9.0000	18.5000	76	None	None	0	4	2.3632842025698997
30	9.5000	19.5000	69	None	None	0	1	2.7260959939531233
31	9.5000	19.5000	77	None	None	0	4	2.8923847316704308
32	10.0000	20.2500	69	None	None	0	1	3.3206727135298486
33	10.0000	20.2500	77	None	None	0	4	3.4869614512471623
34	10.2500	20.7500	69	None	None	0	1	3.416383219954648
35	10.2500	20.7500	77	None	None	0	4	3.2500944822373405
36	10.5000	21.2500	69	None	None	0	1	3.1140400604686347
37	10.5000	21.2500	77	None	None	0	5	2.4208238851095967
38	10.7500	21.7500	67	None	None	0	1	2.655517762660615
39	10.7500	21.7500	76	None	None	0	5	2.1285903250188847
40	11.0000	22.5000	65	None	None	0	1	2.3632842025699032
41	11.0000	22.5000	74	None	None	0	4	2.363284202569897
42	11.5000	23.5000	67	None	None	0	1	2.7260959939531233
43	11.5000	23.5000	76	None	None	0	4	2.8923847316704365
44	12.0000	24.2500	67	None	None	0	1	3.3206727135298473
45	12.0000	24.2500	76	None	None	0	4	3.4869614512471605
46	12.2500	24.7500	67	None	None	0	1	3.4163832199546467
47	12.2500	24.7500	76	None	None	0	4	3.2500944822373423
48	12.5000	25.2500	67	None	None	0	1	3.1140400604686387
49	12.5000	25.2500	76	None	None	0	5	2.420823885109604
50	12.7500	25.7500	65	None	None	0	1	2.6555177626606272
51	12.7500	25.7500	74	None	None	0	5	2.1285903250189087
52	13.0000	26.5000	64	None	None	0	1	2.363284202569927
53	13.0000	26.5000	72	None	None	0	4	2.363284202569927
54	13.5000	27.5000	65	None	None	0	1	2.546107331821628
55	13.5000	27.5000	74	None	None	0	4	2.712396069538932
56	14.0000	28.2500	65	None	None	0	1	3.1406840513983476
57	14.0000	28.2500	74	None	None	0	4	3.3069727891156573
58	14.2500	28.7500	65	None	None	0	1	3.560941043083907
59	14.2500	28.7500	74	None	None	0	4	3.394652305366597
60	14.5000	29.2500	65	None	None	0	1	3.258597883597889
61	14.5000	29.2500	74	None	None	0	5	2.9313397581254748
62	14.7500	29.7500	67	None	None	0	1	2.9800642479213972
63	14.7500	29.7500	76	None	None	0	5	2.453136810279672
64	15.0000	30.5000	65	None	None	0	1	2.6624905517762727
65	15.0000	30.5000	74	None	None	0	5	2.3994165721844385
66	15.5000	31.5000	64	None	None	0	1	2.4131920823885205
67	15.5000	31.5000	72	None	None	0	4	3.3168674414210257
68	16.0000	32.2500	64	None	None	0	1	3.193738189720347
69	16.0000	32.2500	72	None	None	0	4	3.7829743008314503
70	16.2500	32.7500	64	None	None	0	1	3.838229875283466
71	16.2500	32.7500	72	None	None	0	2	2.7642668178382417
72	16.7500	33.7500	69	None	None	0	1	2.93688586545729
73	16.7500	33.7500	77	None	None	0	4	2.93688586545729
74	17.0000	34.2500	71	None	None	0	1	2.8246409674981034
75	17.0000	34.2500	79	None	None	0	4	2.8246409674980972
76	17.2500	34.7500	72	None	None	0	1	4.305650037792889
77	17.2500	34.7500	81	None	None	0	4	4.139361300075575
78	17.5000	35.5000	74	None	None	0	1	4.0753070672713445
79	17.5000	35.5000	83	None	None	0	4	4.13936130007558
80	18.0000	36.2500	74	None	None	0	1	4.387660619803473
81	18.0000	36.2500	83	None	None	0	4	4.553949357520786
82	18.2500	36.7500	74	None	None	0	1	4.666194255479972
83	18.2500	36.7500	83	None	None	0	5	4.139266817838247
84	18.7500	37.7500	67	None	None	0	1	2.936885865457297
85	18.7500	37.7500	76	None	None	0	4	2.9368858654573007
86	19.0000	38.2500	69	None	None	0	1	2.824640967498114
87	19.0000	38.2500	77	None	None	0	4	2.82464096749812
88	19.2500	38.7500	71	None	None	0	1	4.305650037792901
89	19.2500	38.7500	79	None	None	0	4	4.139361300075591
90	19.5000	39.5000	72	None	None	0	1	4.075307067271358
91	19.5000	39.5000	81	None	None	0	4	4.139361300075585
92	20.0000	40.2500	72	None	None	0	1	4.38766061980348
93	20.0000	40.2500	81	None	None	0	4	4.553949357520784
94	20.2500	40.7500	72	None	None	0	1	4.666194255479965
95	20.2500	40.7500	81	None	None	0	5	4.139266817838247
96	20.7500	41.7500	65	None	None	0	1	2.936885865457295
97	20.7500	41.7500	74	None	None	0	4	2.9368858654572945
98	21.0000	42.2500	67	None	None	0	1	2.8246409674981128
99	21.0000	42.2500	76	None	None	0	4	2.8246409674981185
100	21.2500	42.7500	69	None	None	0	1	2.6418178382464133
101	21.2500	42.7500	77	None	None	0	4	2.475529100529109
102	21.5000	43.5000	71	None	None	0	1	2.4359646636432446
103	21.5000	43.5000	79	None	None	0	4	2.4359646636432446
104	22.0000	44.2500	71	None	None	0	1	2.8642526455026474
105	22.0000	44.2500	79	None	None	0	4	3.030541383219952
106	22.2500	44.7500	71	None	None	0	1	3.322774943310659
107	22.2500	44.7500	79	None	None	0	5	3.22887613378685
108	22.7500	45.7500	72	None	None	0	1	3.2572987528344615
109	22.7500	45.7500	81	None	None	0	5	2.949924414210123
110	23.0000	46.2500	71	None	None	0	1	3.1846182917611365
111	23.0000	46.2500	79	None	None	0	5	2.657690854119412
112	23.2500	46.7500	69	None	None	0	1	4.039210128495836
113	23.2500	46.7500	77	None	None	0	5	3.345993953136798
114	23.5000	47.5000	67	None	None	0	1	3.628878495842777
115	23.5000	47.5000	76	None	None	0	4	3.692932728647009
116	24.0000	48.2500	67	None	None	0	1	3.9412320483749013
117	24.0000	48.2500	76	None	None	0	4	4.1075207860922145
118	24.2500	48.7500	67	None	None	0	1	4.219765684051401
119	24.2500	48.7500	76	None	None	0	5	3.6928382464096705
120	24.7500	49.7500	62	None	None	0	1	2.9590147169979084
121	24.7500	49.7500	71	None	None	0	4	3.1941726690676293
122	25.0000	50.2500	64	None	None	0	1	2.847233893557429
123	25.0000	50.2500	72	None	None	0	4	2.8472338935574286
124	25.2500	50.7500	65	None	None	0	1	3.027222555688942
125	25.2500	50.7500	74	None	None	0	4	3.0272225556889363
126	25.5000	51.2500	67	None	None	0	1	3.2072112178204617
127	25.5000	51.2500	76	None	None	0	2	2.9205515539549105
128	26.2500	52.7500	72	None	None	0	1	4.1029411764705905
129	26.2500	52.7500	81	None	None	0	5	3.8859710550887048
130	26.5000	53.2500	71	None	None	0	1	4.078451380552226
131	26.5000	53.2500	79	None	None	0	5	3.705982392957186
132	26.7500	53.7500	69	None	None	0	1	4.052921168467391
133	26.7500	53.7500	77	None	None	0	5	3.5259937308256664
134	27.0000	54.2500	67	None	None	0	1	3.8729325063358715
135	27.0000	54.2500	76	None	None	0	5	3.3460050686941414
136	27.7500	55.7500	62	None	None	0	1	3.116713352007472
137	27.7500	55.7500	71	None	None	0	4	3.3514739229024944
138	28.0000	56.2500	64	None	None	0	1	3.3514739229024944
139	28.0000	56.2500	72	None	None	0	4	3.3514739229024944
140	28.2500	56.7500	65	None	None	0	1	3.351473922902495
141	28.2500	56.7500	74	None	None	0	4	3.3514739229024944
142	28.5000	57.2500	67	None	None	0	1	3.2601010101010113
143	28.5000	57.2500	76	None	None	0	4	2.987992166563601
144	28.7500	57.7500	69	None	None	0	1	2.8087121212121198
145	28.7500	57.7500	77	None	None	0	4	2.8087121212121198
146	29.0000	58.2500	71	None	None	0	1	2.988700783343645
147	29.0000	58.2500	79	None	None	0	4	2.9887007833436394
148	29.2500	58.7500	72	None	None	0	1	3.168689445475165
149	29.2500	58.7500	81	None	None	0	5	2.850507627293347
150	30.2500	60.7500	71	None	None	0	1	3.440051020408166
151	30.2500	60.7500	79	None	None	0	5	3.544501133786854
152	30.5000	61.2500	69	None	None	0	1	3.6873582766439963
153	30.5000	61.2500	77	None	None	0	5	2.912075311711087
154	30.7500	61.7500	67	None	None	0	1	2.9435692123875046
155	30.7500	61.7500	76	None	None	0	5	2.3567080514925456
156	31.0000	62.2500	65	None	None	0	1	2.5355739535792763
157	31.0000	62.2500	74	None	None	0	5	2.0384768388713304
158	31.2500	62.7500	64	None	None	0	1	2.303494616520629
159	31.2500	62.7500	72	None	None	0	3	2.1574579508504628
160	31.5000	32.6321	71	None	None	0	2	2.094259818933121
161	32.0660	32.3491	72	None	None	0	3	2.0376203066654797
162	32.6321	66.3962	71	None	None	0	2	2.024869409242383
163	32.6321	66.1132	74	None	None	0	3	2.102889441617937
164	33.4811	33.7642	77	None	None	0	5	2.517350473330991
165	33.7642	34.3302	74	None	None	0	4	2.8385249201212046
166	34.3302	34.6132	73	None	None	0	3	2.805723625984978
167	34.6132	34.8962	72	None	None	0	2	2.6769979767138232
168	34.8962	35.7453	73	None	None	0	4	2.204262930430839
169	35.7453	36.0283	76	None	None	0	5	2.391355207385268
170	36.0283	36.5943	73	None	None	0	4	2.822033616614874
171	36.5943	36.8774	72	None	None	0	3	3.1871094375720266
172	36.8774	74.0377	71	None	None	0	2	3.165663272899257
173	36.8774	74.0377	71	None	None	0	3	2.489888488110445
174	37.1604	38.0094	72	None	None	0	4	2.4744299684061204
175	38.0094	38.2925	75	None	None	0	5	2.367247806276857
176	38.2925	77.7170	71	None	None	0	2	2.2459908751393605
177	38.2925	77.1509	72	None	None	0	3	2.0476158330252217
178	38.8585	39.1415	73	None	None	0	4	1.5519845658819167
179	39.1415	39.4245	72	None	None	0	2	1.0447606682868864
180	39.4245	40.5566	71	None	None	0	1	0.7594809805595013
181	40.2736	40.5566	74	None	None	0	2	0.7470626334990067
182	40.8396	41.1226	71	None	None	0	1	0.7617466129811974
183	41.1226	82.8113	71	None	None	0	1	0.7730360193998289
184	41.1226	82.8113	74	None	None	0	2	0.754683782364615
185	41.6887	42.5377	71	None	None	0	1	0.7498865841697291
186	42.5377	85.3585	71	None	None	0	1	0.7623049312302238
187	42.5377	85.3585	72	None	None	0	2	0.4755540081969944
188	43.1038	43.3868	71	None	None	0	1	0.10189384453308667
189	43.3868	87.0566	71	None	None	0	1	1.2849935677597026
190	43.3868	87.0566	74	None	None	0	2	1.5116580283141918
191	44.2358	88.7547	71	None	None	0	2	1.7946367246145651
192	44.2358	88.7547	74	None	None	0	5	2.2686683538188537
193	45.0849	90.4528	71	None	None	0	2	2.6833240897131505
194	45.0849	90.4528	74	None	None	0	5	2.9872946975002024
195	45.9340	92.1509	71	None	None	0	3	3.405818100408293
196	45.9340	92.1509	74	None	None	0	5	3.7059210411815573
197	46.3766	92.9127	64	None	None	0	1	3.7735689984259393
198	46.3766	92.9127	72	None	None	0	4	3.9591455482239484
199	46.5361	93.2318	65	None	None	0	1	3.4913469533761905
200	46.5361	93.2318	74	None	None	0	4	3.491346953376205
201	46.6957	93.5510	67	None	None	0	1	3.7340365838732037
202	46.6957	93.5510	76	None	None	0	4	3.7340365838731895
203	46.8553	93.8701	69	None	None	0	1	3.976726214370182
204	46.8553	93.8701	77	None	None	0	3	3.8473529069903547
205	47.6532	95.4659	72	None	None	0	1	5.4090598188619
206	47.6532	95.4659	81	None	None	0	5	5.203658009639004
207	47.8127	95.7850	71	None	None	0	1	5.376038741578526
208	47.8127	95.7850	79	None	None	0	5	4.960968379141957
209	47.9723	96.1042	69	None	None	0	1	5.428766973989742
210	47.9723	96.1042	77	None	None	0	5	4.718278748644985
211	48.1319	96.4233	67	None	None	0	1	5.186077343492766
212	48.1319	96.4233	76	None	None	0	5	4.475589118147974
213	48.9297	98.0191	60	None	None	0	1	3.671704554843976
214	48.9297	98.0191	69	None	None	0	4	3.959145548223947
215	49.0893	98.3382	62	None	None	0	1	3.491346953376183
216	49.0893	98.3382	71	None	None	0	4	3.4913469533761976
217	49.2489	98.6574	64	None	None	0	1	3.7340365838732126
218	49.2489	98.6574	72	None	None	0	4	3.734036583873198
219	49.4085	98.9765	65	None	None	0	1	3.9767262143701863
220	49.4085	98.9765	74	None	None	0	3	3.847352906990365
221	50.2063	100.5723	69	None	None	0	1	4.359427393377263
222	50.2063	100.5723	77	None	None	0	5	4.5365762425188745
223	50.3659	100.8914	67	None	None	0	1	4.685408551509709
224	50.3659	100.8914	76	None	None	0	5	3.770051826380875
225	50.5255	101.2106	65	None	None	0	1	3.918884135371713
226	50.5255	101.2106	74	None	None	0	5	3.003527410242921
227	50.6851	101.5297	64	None	None	0	1	3.4105041171832124
228	50.6851	101.5297	72	None	None	0	4	3.4713260050906873
229	50.8446	101.8489	65	None	None	0	1	3.7140156355877045
230	50.8446	101.8489	74	None	None	0	4	3.714015635587705
231	51.1638	102.4872	65	None	None	0	1	4.275671551941656
232	51.1638	102.4872	74	None	None	0	4	4.480540051725685
233	51.4829	103.1255	65	None	None	0	1	4.79950633758263
234	51.4829	103.1255	74	None	None	0	5	4.787330048139504
235	51.6425	103.4446	67	None	None	0	1	4.85302823315122
236	51.6425	103.4446	76	None	None	0	5	4.142540007806429
237	51.8021	103.7637	65	None	None	0	1	4.610338602654193
238	51.8021	103.7637	74	None	None	0	5	3.899850377309388
239	51.9617	104.0829	64	None	None	0	1	4.216302367941704
240	51.9617	104.0829	72	None	None	0	4	4.2163023679417115
241	52.1212	104.4020	65	None	None	0	1	4.216302367941717
242	52.1212	104.4020	74	None	None	0	4	4.21630236794171
243	52.2808	104.7212	65	None	None	0	1	4.61033860265418
244	52.2808	104.7212	74	None	None	0	4	4.610338602654157
245	52.4404	105.0403	67	None	None	0	1	4.853028233151173
246	52.4404	105.0403	76	None	None	0	4	4.853028233151195
247	52.6000	105.3595	67	None	None	0	1	5.199921432401995
248	52.6000	105.3595	76	None	None	0	5	4.77800814339078
249	52.7595	105.6786	69	None	None	0	1	4.93423104471048
250	52.7595	105.6786	77	None	None	0	5	4.284564707273136
251	52.9191	105.9978	67	None	None	0	1	4.752363302120919
252	52.9191	105.9978	76	None	None	0	5	4.041875076776156
253	53.0787	106.3169	65	None	None	0	1	4.5096736716239425
254	53.0787	106.3169	74	None	None	0	5	3.799185446279153
255	53.3978	106.9552	64	None	None	0	1	3.9199784335248067
256	53.3978	106.9552	72	None	None	0	4	3.8280888858275475
257	53.5574	107.2744	65	None	None	0	1	3.9614761745836753
258	53.5574	107.2744	74	None	None	0	4	3.612550285902516
259	53.7170	107.5935	67	None	None	0	1	3.3615276267167915
260	53.7170	107.5935	76	None	None	0	4	3.6125502859024854
261	53.8766	107.9127	69	None	None	0	1	3.6125502859024854
262	53.8766	107.9127	77	None	None	0	4	3.612550285902485
263	54.3553	108.8701	69	None	None	0	1	4.006698928966275
264	54.3553	108.8701	77	None	None	0	5	3.984782110667923
265	54.9936	110.1467	65	None	None	0	1	3.984782110667923
266	54.9936	110.1467	74	None	None	0	4	3.984782110667923
267	55.1532	110.4659	67	None	None	0	1	3.984782110667923
268	55.1532	110.4659	76	None	None	0	4	3.984782110667923
269	55.3127	110.7850	69	None	None	0	1	3.984782110667923
270	55.3127	110.7850	77	None	None	0	4	3.984782110667923
271	55.4723	111.2637	71	None	None	0	1	3.984782110667923
272	55.4723	111.2637	79	None	None	0	4	3.984782110667923
273	55.7914	56.4297	72	None	None	0	0	3.984782110667923
