0	0.0000	0.2500	48	None	None	1	-5	1.1936791383219925
1	0.2500	0.5000	50	None	None	1	-4	1.0437358276643944
2	0.5000	1.0000	52	None	None	1	-3	0.8090419501133759
3	1.0000	1.5000	53	None	None	1	-2	0.6584467120181376
4	1.5000	1.7500	53	None	None	1	-2	0.6584467120181376
5	1.7500	2.0000	53	None	None	1	-2	0.9452947845804935
6	2.0000	2.2500	53	None	None	1	-2	1.2679988662131472
7	2.2500	2.5000	52	None	None	1	-3	1.200633030990169
8	2.5000	3.0000	50	None	None	1	-4	0.913784958427813
9	3.0000	3.5000	52	None	None	1	-2	0.6584467120181395
10	3.5000	3.7500	52	None	None	1	-2	0.6584467120181395
11	3.7500	4.0000	52	None	None	1	-2	0.91660997732426
12	4.0000	4.2500	52	None	None	1	-2	1.1513038548752785
13	4.2500	4.5000	50	None	None	1	-3	1.0839380196523027
14	4.5000	5.0000	48	None	None	1	-4	0.7970899470899436
15	5.0000	5.5000	50	None	None	1	-3	0.6601851851851815
16	5.5000	5.7500	50	None	None	1	-3	0.7982160732160698
17	5.7500	6.0000	50	None	None	1	-3	0.9256292006291972
18	6.0000	6.2500	50	None	None	1	-3	1.0544074686931793
19	6.2500	6.5000	52	None	None	1	-2	1.4697135911421588
20	6.5000	7.0000	50	None	None	1	-3	1.5549176727748175
21	7.0000	7.5000	48	None	None	1	-4	1.9305034626463167
22	7.5000	7.7500	48	None	None	1	-2	2.2087674409102975
23	7.7500	8.0000	48	None	None	1	-2	2.3992436313864878
24	9.5000	19.2500	45	None	None	1	-4	2.523510755653612
25	9.5000	19.2500	53	None	None	1	-1	2.6522108843537406
26	9.7500	19.7500	47	None	None	1	-4	2.51502267573696
27	9.7500	19.7500	55	None	None	1	-1	2.5150226757369576
28	10.0000	20.5000	48	None	None	1	-4	2.3778344671201768
29	10.0000	20.5000	57	None	None	1	-1	2.377834467120177
30	10.5000	21.5000	50	None	None	1	-4	2.1912792894935693
31	10.5000	21.5000	59	None	None	1	-1	2.674272486772481
32	11.0000	22.2500	50	None	None	1	-4	2.567743764172332
33	11.0000	22.2500	59	None	None	1	-1	3.050736961451242
34	11.2500	22.7500	50	None	None	1	-4	2.936465419501133
35	11.2500	22.7500	59	None	None	1	-1	2.828420256991681
36	11.5000	23.2500	50	None	None	1	-4	2.6621315192743724
37	11.5000	23.2500	59	None	None	1	-1	2.5260770975056657
38	11.7500	23.7500	48	None	None	1	-4	2.451955782312922
39	11.7500	23.7500	57	None	None	1	-1	2.451955782312922
40	12.0000	24.5000	47	None	None	1	-4	2.377834467120179
41	12.0000	24.5000	55	None	None	1	-1	2.377834467120177
42	12.5000	25.5000	48	None	None	1	-4	2.1912792894935724
43	12.5000	25.5000	57	None	None	1	-1	2.674272486772482
44	13.0000	26.2500	48	None	None	1	-4	2.567743764172333
45	13.0000	26.2500	57	None	None	1	-1	3.050736961451245
46	13.2500	26.7500	48	None	None	1	-4	2.9364654195011313
47	13.2500	26.7500	57	None	None	1	-1	2.8284202569916856
48	13.5000	27.2500	48	None	None	1	-4	2.6621315192743786
49	13.5000	27.2500	57	None	None	1	-1	2.526077097505673
50	13.7500	27.7500	47	None	None	1	-4	2.4519557823129334
51	13.7500	27.7500	55	None	None	1	-1	2.4519557823129334
52	14.0000	28.5000	45	None	None	1	-4	2.377834467120189
53	14.0000	28.5000	53	None	None	1	-1	2.3778344671201914
54	14.5000	29.5000	47	None	None	1	-4	2.6012849584278257
55	14.5000	29.5000	55	None	None	1	-1	2.7373393801965316
56	15.0000	30.2500	47	None	None	1	-4	2.630810657596381
57	15.0000	30.2500	55	None	None	1	-1	3.113803854875289
58	15.2500	30.7500	47	None	None	1	-4	2.7883715986394604
59	15.2500	30.7500	55	None	None	1	-1	2.854698129251704
60	15.5000	31.2500	47	None	None	1	-4	2.688409391534392
61	15.5000	31.2500	55	None	None	1	-1	2.5523549697656827
62	15.7500	31.7500	48	None	None	1	-4	2.4151667611489023
63	15.7500	31.7500	57	None	None	1	-1	2.4151667611489023
64	16.0000	32.5000	47	None	None	1	-4	2.1747567082388506
65	16.0000	32.5000	55	None	None	1	-1	2.0387022864701416
66	16.5000	33.5000	45	None	None	1	-4	2.2989417989417946
67	16.5000	33.5000	53	None	None	1	-1	2.4349962207105045
68	17.0000	34.2500	45	None	None	1	-4	2.7384731670445936
69	17.0000	34.2500	53	None	None	1	-1	2.8745275888133013
70	17.2500	34.7500	45	None	None	1	-4	3.0117157974300817
71	17.2500	34.7500	53	None	None	1	-1	3.011715797430082
72	17.7500	35.7500	45	None	None	1	-4	3.0117157974300817
73	17.7500	35.7500	53	None	None	1	-1	3.0117157974300817
74	18.0000	36.2500	47	None	None	1	-4	2.874527588813301
75	18.0000	36.2500	55	None	None	1	-1	2.874527588813299
76	18.2500	36.7500	48	None	None	1	-4	4.253424981103548
77	18.2500	36.7500	57	None	None	1	-1	4.319751511715793
78	18.5000	37.5000	50	None	None	1	-4	4.005154006046858
79	18.5000	37.5000	59	None	None	1	-1	4.3197515117157925
80	19.0000	38.2500	50	None	None	1	-4	4.439186507936504
81	19.0000	38.2500	59	None	None	1	-1	4.759282879818591
82	19.2500	38.7500	50	None	None	1	-4	4.84298469387755
83	19.2500	38.7500	59	None	None	1	-1	4.896471088435373
84	19.7500	39.7500	43	None	None	1	-5	3.2140967498110347
85	19.7500	39.7500	52	None	None	1	-2	2.906557067271353
86	20.0000	40.2500	45	None	None	1	-4	2.874527588813301
87	20.0000	40.2500	53	None	None	1	-1	2.8745275888133017
88	20.2500	40.7500	47	None	None	1	-4	4.253424981103551
89	20.2500	40.7500	55	None	None	1	-1	4.319751511715795
90	20.5000	41.5000	48	None	None	1	-4	4.0051540060468565
91	20.5000	41.5000	57	None	None	1	-1	4.319751511715797
92	21.0000	42.2500	48	None	None	1	-4	4.439186507936502
93	21.0000	42.2500	57	None	None	1	-1	4.759282879818595
94	21.2500	42.7500	48	None	None	1	-4	4.842984693877545
95	21.2500	42.7500	57	None	None	1	-1	4.896471088435376
96	21.7500	43.7500	41	None	None	1	-5	3.214096749811039
97	21.7500	43.7500	50	None	None	1	-2	2.9065570672713523
98	22.0000	44.2500	43	None	None	1	-4	2.874527588813307
99	22.0000	44.2500	52	None	None	1	-1	2.8745275888133093
100	22.2500	44.7500	45	None	None	1	-4	3.3007464096749883
101	22.2500	44.7500	53	None	None	1	-1	4.2438586545729455
102	22.5000	45.5000	47	None	None	1	-4	3.8338529856387047
103	22.5000	45.5000	55	None	None	1	-1	4.180791761148905
104	23.0000	46.2500	47	None	None	1	-4	4.074263038548755
105	23.0000	46.2500	55	None	None	1	-1	4.557256235827667
106	23.2500	46.7500	47	None	None	1	-5	3.9920918367346943
107	23.2500	46.7500	55	None	None	1	-3	3.1730442176870772
108	23.7500	47.7500	55	None	None	1	-4	2.8225151171579763
109	23.7500	47.7500	64	None	None	1	-1	2.8225151171579776
110	24.0000	48.2500	53	None	None	1	-4	2.748393801965239
111	24.0000	48.2500	62	None	None	1	-1	2.7483938019652365
112	24.2500	48.7500	52	None	None	1	-4	3.5765188019652334
113	24.2500	48.7500	60	None	None	1	-1	3.6428453325774766
114	24.5000	49.5000	50	None	None	1	-4	3.391314720332573
115	24.5000	49.5000	59	None	None	1	-1	3.70591222600151
116	25.0000	50.2500	50	None	None	1	-4	3.825347222222221
117	25.0000	50.2500	59	None	None	1	-1	4.145443594104306
118	25.2500	50.7500	50	None	None	1	-4	4.229145408163264
119	25.2500	50.7500	59	None	None	1	-1	4.282631802721087
120	25.7500	51.7500	45	None	None	1	-5	2.9951580632252885
121	25.7500	51.7500	53	None	None	1	-2	3.3507836467920487
122	26.0000	52.2500	47	None	None	1	-4	3.1238078564759215
123	26.0000	52.2500	55	None	None	1	-1	3.4707466319861218
124	26.2500	52.7500	48	None	None	1	-4	3.060740963051883
125	26.2500	52.7500	57	None	None	1	-1	3.4076797385620905
126	26.5000	53.2500	50	None	None	1	-4	2.997674069627852
127	26.5000	53.2500	59	None	None	1	-1	3.344612845138059
128	27.2500	54.7500	55	None	None	1	-4	3.657696411898096
129	27.2500	54.7500	64	None	None	1	-1	3.697845804988666
130	27.5000	55.2500	53	None	None	1	-4	3.3699263038548817
131	27.5000	55.2500	62	None	None	1	-1	3.7168650793650837
132	27.7500	55.7500	52	None	None	1	-4	3.563548752834468
133	27.7500	55.7500	60	None	None	1	-1	3.7799319727891154
134	28.0000	56.2500	50	None	None	1	-4	3.7571712018140526
135	28.0000	56.2500	59	None	None	1	-1	3.842998866213149
136	29.2500	58.7500	41	None	None	1	-5	3.2552721088435344
137	29.2500	58.7500	50	None	None	1	-2	3.346088435374146
138	29.5000	59.2500	43	None	None	1	-4	3.4512471655328785
139	29.5000	59.2500	52	None	None	1	-1	3.4512471655328785
140	29.7500	59.7500	45	None	None	1	-4	3.451247165532881
141	29.7500	59.7500	53	None	None	1	-1	3.4512471655328834
142	30.0000	60.2500	47	None	None	1	-4	3.4512471655328834
143	30.0000	60.2500	55	None	None	1	-1	3.4512471655328834
144	30.2500	60.7500	48	None	None	1	-4	3.4512471655328834
145	30.2500	60.7500	57	None	None	1	-1	3.451247165532881
146	30.5000	61.2500	50	None	None	1	-4	3.11760389590707
147	30.5000	61.2500	59	None	None	1	-1	3.1479277960053573
148	30.7500	61.7500	52	None	None	1	-5	3.6254059651636585
149	30.7500	61.7500	60	None	None	1	-2	2.851426373326924
150	31.0000	62.2500	53	None	None	1	-5	3.300599490849798
151	31.0000	62.2500	62	None	None	1	-2	2.4027052237990376
152	31.2500	62.7500	55	None	None	1	-5	2.349292134425359
153	31.2500	62.7500	64	None	None	1	-1	1.9707438312513945
154	32.6321	33.7642	56	None	None	1	-4	2.639984267352822
155	33.1981	33.4811	57	None	None	1	-3	2.8284141425753484
156	33.4811	33.7642	58	None	None	1	-2	2.4231253790271556
157	33.7642	68.6604	55	None	None	1	-4	2.6671708655603354
158	33.7642	68.3774	59	None	None	1	-2	2.591860256474132
159	34.6132	34.8962	62	None	None	1	-1	3.6886781939782773
160	34.8962	35.4623	59	None	None	1	-2	4.695520027461419
161	35.4623	35.7453	58	None	None	1	-3	5.021139055477047
162	35.7453	36.0283	57	None	None	1	-4	4.342939447899269
163	36.0283	36.8774	58	None	None	1	-2	3.1326298068014604
164	36.8774	37.1604	61	None	None	1	-1	3.787548512849344
165	37.1604	37.7264	58	None	None	1	-3	4.722133712812877
166	37.7264	38.0094	57	None	None	1	-4	4.889756074186193
167	38.0094	76.3019	56	None	None	1	-5	4.643509997758925
168	38.0094	76.3019	56	None	None	1	-4	3.302002665180788
169	38.2925	39.1415	57	None	None	1	-3	2.8566629491602207
170	39.1415	39.4245	60	None	None	1	-2	3.2055389751996164
171	39.4245	79.9811	56	None	None	1	-4	3.5800822956700085
172	39.4245	79.4151	57	None	None	1	-3	3.0705203849387632
173	39.9906	40.2736	58	None	None	1	-1	2.865070973728062
174	40.2736	40.5566	57	None	None	1	-2	2.362484766831513
175	40.5566	41.4057	56	None	None	1	-3	2.362484766831513
176	41.4057	41.6887	59	None	None	1	-2	2.4511872458350394
177	41.9717	42.2547	56	None	None	1	-3	2.503416481593213
178	42.2547	42.8208	57	None	None	1	-2	2.503416481593224
179	42.8208	43.6698	56	None	None	1	-3	2.7213384652738615
180	43.6698	43.9528	59	None	None	1	-2	2.8100409442773913
181	43.9528	44.2358	56	None	None	1	-3	3.1999712110549408
182	44.2358	44.5189	57	None	None	1	0	-1
183	44.5189	44.8019	56	None	None	1	0	-1
184	44.8019	45.0849	59	None	None	1	0	-1
185	45.0849	45.3679	56	None	None	1	0	-1
186	45.3679	45.6509	57	None	None	1	0	-1
187	45.6509	45.9340	56	None	None	1	0	-1
188	45.9340	46.2170	59	None	None	1	0	-1
189	46.2170	46.3766	58	None	None	1	-1	4.3672791913005975
190	47.0149	94.1893	45	None	None	1	-4	3.6969826039342757
191	47.0149	94.1893	53	None	None	1	-1	4.086793030474563
192	47.1744	94.5084	47	None	None	1	-4	3.533957517854213
193	47.1744	94.5084	55	None	None	1	-1	4.001756112701993
194	47.3340	94.8276	48	None	None	1	-4	3.448920600081638
195	47.3340	94.8276	57	None	None	1	-1	3.9167191949293967
196	47.4936	95.1467	50	None	None	1	-4	3.3638836823090608
197	47.4936	95.1467	59	None	None	1	-1	3.8316822771568533
198	48.2914	96.7425	53	None	None	1	-4	4.6421299751934075
199	48.2914	96.7425	62	None	None	1	-1	4.777370327258403
200	48.4510	97.0616	52	None	None	1	-4	4.344700642085742
201	48.4510	97.0616	60	None	None	1	-1	4.81249923693352
202	48.6106	97.3808	50	None	None	1	-4	4.605773534357415
203	48.6106	97.3808	59	None	None	1	-1	4.897536154706117
204	48.7702	97.6999	48	None	None	1	-4	4.86684642662909
205	48.7702	97.6999	57	None	None	1	-1	4.9825730724786625
206	49.5680	99.2957	41	None	None	1	-5	4.027093615688051
207	49.5680	99.2957	50	None	None	1	-2	3.8701633317261255
208	49.7276	99.6148	43	None	None	1	-4	4.0119552260794995
209	49.7276	99.6148	52	None	None	1	-1	4.0119552260794995
210	49.8872	99.9340	45	None	None	1	-4	3.459119713459144
211	49.8872	99.9340	53	None	None	1	-1	3.926918308306924
212	50.0468	100.2531	47	None	None	1	-4	3.635155687958252
213	50.0468	100.2531	55	None	None	1	-1	3.9269183083069215
214	50.5255	101.2106	48	None	None	1	-4	3.7728514219895524
215	50.5255	101.2106	57	None	None	1	-1	4.483452055685662
216	50.6851	101.5297	50	None	None	1	-4	4.191689435336973
217	50.6851	101.5297	59	None	None	1	-1	4.483452055685663
218	50.8446	101.8489	48	None	None	1	-4	4.0156534608378776
219	50.8446	101.8489	57	None	None	1	-1	4.483452055685634
220	51.0042	102.1680	50	None	None	1	-4	3.930616543065302
221	51.0042	102.1680	59	None	None	1	-1	4.398415137913092
222	51.1638	102.4872	48	None	None	1	-4	4.191689435336984
223	51.1638	102.4872	57	None	None	1	-1	4.4834520556856665
224	51.3234	102.8063	50	None	None	1	-4	4.093604372971619
225	51.3234	102.8063	59	None	None	1	-1	3.9259846913301293
226	51.4829	103.1255	48	None	None	1	-4	3.3933644227225748
227	51.4829	103.1255	57	None	None	1	-1	3.515447424184793
228	51.6425	103.4446	47	None	None	1	-4	2.982827155577225
229	51.6425	103.4446	55	None	None	1	-1	3.1049101570394404
230	51.8021	103.7637	48	None	None	1	-4	2.6921470790058013
231	51.8021	103.7637	57	None	None	1	-1	3.104910157039411
232	52.1212	104.4020	48	None	None	1	-4	3.258030736218909
233	52.1212	104.4020	57	None	None	1	-1	3.662377521394948
234	52.4404	105.0403	47	None	None	1	-4	3.43749651205105
235	52.4404	105.0403	55	None	None	1	-1	4.072914788540315
236	52.7595	105.6786	45	None	None	1	-4	3.848033779196406
237	52.7595	105.6786	53	None	None	1	-1	4.483452055685671
238	52.9191	105.9978	47	None	None	1	-4	4.191689435336999
239	52.9191	105.9978	55	None	None	1	-1	4.483452055685672
240	53.0787	106.3169	48	None	None	1	-4	4.367725409836068
241	53.0787	106.3169	57	None	None	1	-1	4.483452055685672
242	53.2383	106.6361	47	None	None	1	-4	4.568488973458248
243	53.2383	106.6361	55	None	None	1	-1	4.568488973458245
244	53.3978	106.9552	45	None	None	1	-4	4.100690378610455
245	53.3978	106.9552	53	None	None	1	-1	4.568488973458211
246	53.5574	107.2744	47	None	None	1	-4	4.01565346083788
247	53.5574	107.2744	55	None	None	1	-1	4.4834520556856665
248	53.7170	107.5935	48	None	None	1	-4	3.9306165430653155
249	53.7170	107.5935	57	None	None	1	-1	4.398415137913096
250	53.8766	107.9127	50	None	None	1	-4	4.106652517564403
251	53.8766	107.9127	59	None	None	1	-1	4.398415137913067
252	54.0361	108.2318	48	None	None	1	-4	3.9306165430653084
253	54.0361	108.2318	57	None	None	1	-1	4.398415137913101
254	54.1957	108.5510	47	None	None	1	-4	4.191689435336988
255	54.1957	108.5510	55	None	None	1	-1	4.483452055685677
256	54.3553	108.8701	45	None	None	1	-4	4.45276232760865
257	54.3553	108.8701	53	None	None	1	-1	4.568488973458249
258	54.5149	109.1893	47	None	None	1	-4	4.015653460837912
259	54.5149	109.1893	55	None	None	1	-1	4.4834520556856745
260	54.6744	109.5084	45	None	None	1	-4	4.0156534608378935
261	54.6744	109.5084	53	None	None	1	-1	4.483452055685674
262	54.8340	109.8276	47	None	None	1	-4	3.930616543065318
263	54.8340	109.8276	55	None	None	1	-1	4.398415137913095
264	54.9936	110.1467	48	None	None	1	-4	4.398415137913095
265	54.9936	110.1467	57	None	None	1	-1	4.398415137913095
266	55.1532	110.4659	47	None	None	1	-5	4.398415137913095
267	55.1532	110.4659	55	None	None	1	-1	4.398415137913095
268	55.3127	110.7850	45	None	None	1	-5	4.398415137913095
269	55.3127	110.7850	53	None	None	1	-1	4.398415137913095
270	55.4723	111.2637	43	None	None	1	-5	4.398415137913095
271	55.4723	111.2637	52	None	None	1	-1	4.398415137913095
272	55.7914	56.4297	48	None	None	1	0	4.398415137913095
