0	0.0000	0.1749	58	None	None	0	3	1.1005729688328594
1	0.3499	0.5248	56	None	None	0	2	1.2347753872552736
2	0.6997	0.8746	58	None	None	0	3	3.6820010947072808
3	1.2245	1.3994	58	None	None	0	3	3.9051774466911535
4	1.5743	1.7493	56	None	None	0	2	4.0030992177105515
5	1.9242	2.0991	58	None	None	0	3	4.153671081847709
6	2.4490	2.6239	58	None	None	0	3	4.383904393578105
7	2.7988	2.9738	56	None	None	0	2	4.341827271089444
8	3.1487	3.3236	58	None	None	0	3	5.204672446125411
9	4.0233	4.3732	64	None	None	0	1	2.4389854974147114
10	4.3732	4.7230	69	None	None	0	3	2.3350285267707513
11	4.7230	4.8980	71	None	None	0	4	2.2980912535953864
12	4.8980	5.2478	69	None	None	0	3	2.7331243144331205
13	5.2478	5.5977	74	None	None	0	5	3.0769857045821767
14	5.5977	5.9475	69	None	None	0	3	3.594329873533278
15	5.9475	6.1224	64	None	None	0	1	3.6587246312203234
16	6.1224	6.4723	65	None	None	0	2	2.734532022024217
17	6.4723	6.8222	62	None	None	0	1	2.8496486778894163
18	9.7959	10.1458	69	None	None	0	2	3.7029264976035847
19	10.1458	10.4956	76	None	None	0	4	3.3429614059874897
20	10.4956	10.8455	75	None	None	0	3	3.055485997656917
21	10.8455	11.0204	76	None	None	0	4	2.6916115107266956
22	11.0204	11.3703	77	None	None	0	5	2.463387173436336
23	11.3703	11.7201	76	None	None	0	4	2.463387173436336
24	11.7201	12.0700	73	None	None	0	3	2.6575161559092164
25	12.0700	12.2449	67	None	None	0	2	2.1796084902413697
26	12.2449	12.5948	69	None	None	0	1	1.4226068486702346
27	12.5948	12.9446	72	None	None	0	2	1.4757986827596763
28	15.9184	16.2682	79	None	None	0	5	8.34936601648239
29	16.2682	16.6181	77	None	None	0	4	18.74588743756312
30	16.6181	16.9679	76	None	None	0	3	20.260166918013613
31	16.9679	17.1429	77	None	None	0	5	19.697672736832548
32	17.1429	17.4927	76	None	None	0	4	19.43966784700104
33	17.4927	17.8426	71	None	None	0	2	19.272148213641614
34	17.8426	18.1924	73	None	None	0	5	17.245508990495175
35	18.1924	18.3673	70	None	None	0	4	18.211446550606734
36	18.3673	18.5423	57	None	None	0	1	15.44577847001287
37	18.5423	18.7172	50	None	None	0	3	5.629865161423362
38	18.7172	18.8921	56	None	None	0	5	4.383106147637565
39	18.8921	19.0671	50	None	None	0	2	4.040158109461529
40	19.0671	19.2420	57	None	None	0	4	3.9597271763231454
41	19.2420	19.4169	50	None	None	0	1	3.6078039140075133
42	19.4169	19.5918	56	None	None	0	2	4.342945628072883
43	19.5918	19.7668	57	None	None	0	4	3.959727176323155
44	19.7668	19.9417	50	None	None	0	1	3.607803914007523
45	19.9417	20.1166	56	None	None	0	3	3.628470548539481
46	20.1166	20.2915	50	None	None	0	2	4.040158109461522
47	20.2915	20.4665	57	None	None	0	4	3.959727176323148
48	20.4665	20.6414	50	None	None	0	1	3.6078039140075187
49	20.6414	20.8163	56	None	None	0	0	-1
50	20.8163	20.9913	57	None	None	0	0	-1
51	20.9913	21.1662	50	None	None	0	0	-1
52	21.1662	21.3411	56	None	None	0	0	-1
53	21.3411	21.5160	50	None	None	0	0	-1
54	21.5160	21.6910	57	None	None	0	0	-1
55	21.6910	21.8659	50	None	None	0	0	-1
56	21.8659	22.0408	56	None	None	0	1	6.570391076917052
57	22.0408	22.3907	72	None	None	0	5	1.9034903080254018
58	22.3907	22.7405	67	None	None	0	3	1.8320385905918284
59	25.7143	26.0641	65	None	None	0	2	2.834490386291697
60	26.0641	26.4140	64	None	None	0	1	2.2866938859676513
61	26.4140	26.7638	69	None	None	0	3	2.70366646436946
62	26.7638	26.9388	71	None	None	0	4	2.720830619096208
63	26.9388	27.2886	73	None	None	0	5	2.516833535258544
64	27.2886	27.6385	71	None	None	0	4	2.376135400312188
65	27.6385	27.9883	69	None	None	0	3	2.3943952836563227
66	27.9883	28.1633	64	None	None	0	1	2.4016126288516384
67	28.1633	28.5131	65	None	None	0	5	1.3231644179074638
68	28.5131	28.8630	62	None	None	0	4	1.0194505128163753
69	31.8367	32.0117	58	None	None	0	3	1.1005729688328607
70	32.1866	32.3615	56	None	None	0	2	1.1005729688328607
71	32.5364	32.7114	58	None	None	0	3	1.1005729688328607
72	33.0612	33.2362	58	None	None	0	3	1.1005729688328607
73	33.4111	33.5860	56	None	None	0	2	1.1005729688328607
74	33.7609	33.9359	58	None	None	0	3	1.1005729688328607
75	34.2857	34.4606	58	None	None	0	3	1.1005729688328607
76	34.6356	34.8105	56	None	None	0	2	1.1005729688328607
77	34.9854	35.1603	58	None	None	0	3	1.1005729688328607
78	35.5102	35.8601	61	None	None	0	0	1.1005729688328607
