0	0.1749	0.3499	58	None	None	1	-4	6.638573726726734
1	0.5248	0.6997	56	None	None	1	-5	6.638573726726733
2	0.8746	1.0496	58	None	None	1	-4	6.638573726726732
3	1.0496	1.2245	56	None	None	1	-5	6.638573726726732
4	1.3994	1.5743	59	None	None	1	-1	5.868391937802151
5	1.7493	1.9242	56	None	None	1	-5	3.567296200552831
6	2.0991	2.2741	59	None	None	1	-2	2.432378235590825
7	2.2741	2.4490	56	None	None	1	-3	2.823789531744302
8	2.6239	2.7988	58	None	None	1	-2	2.708667824502825
9	2.9738	3.1487	56	None	None	1	-3	2.649840146940701
10	3.3236	3.4985	58	None	None	1	-2	2.899100730261262
11	3.4985	3.6735	56	None	None	1	-3	3.8272097633278745
12	3.6735	3.8484	57	None	None	1	-2	3.069866179022464
13	3.8484	4.0233	50	None	None	1	-5	3.4128142171985
14	4.0233	4.1983	56	None	None	1	-2	3.52534404222501
15	4.1983	4.3732	50	None	None	1	-5	3.0484319266364612
16	4.3732	4.5481	57	None	None	1	-2	3.0698661790224637
17	4.5481	4.7230	50	None	None	1	-5	3.4128142171984974
18	4.7230	4.8980	56	None	None	1	-3	3.8272097633278714
19	4.8980	5.0729	57	None	None	1	-2	3.0698661790224637
20	5.0729	5.2478	50	None	None	1	-5	3.4128142171984974
21	5.2478	5.4227	56	None	None	1	-2	3.525344042225009
22	5.4227	5.5977	50	None	None	1	-5	3.0484319266364617
23	5.5977	5.7726	57	None	None	1	-2	3.0698661790224633
24	5.7726	5.9475	50	None	None	1	-5	3.4128142171984988
25	5.9475	6.1224	56	None	None	1	-3	3.8272097633278768
26	6.1224	6.2974	57	None	None	1	-2	3.069866179022466
27	6.2974	6.4723	50	None	None	1	-5	3.4128142171985014
28	6.4723	6.6472	56	None	None	1	-2	3.525344042225014
29	6.6472	6.8222	50	None	None	1	-5	3.048431926636465
30	6.8222	6.9971	57	None	None	1	-2	3.0698661790224664
31	6.9971	7.1720	50	None	None	1	-5	3.4128142171985036
32	7.1720	7.3469	56	None	None	1	-3	3.827209763327877
33	7.3469	7.5219	57	None	None	1	-2	3.0698661790224664
34	7.5219	7.6968	50	None	None	1	-5	3.4128142171985036
35	7.6968	7.8717	56	None	None	1	-2	3.525344042225013
36	7.8717	8.0466	50	None	None	1	-5	3.048431926636464
37	8.0466	8.2216	57	None	None	1	-2	3.069866179022467
38	8.2216	8.3965	50	None	None	1	-5	3.412814217198501
39	8.3965	8.5714	56	None	None	1	-3	3.827209763327869
40	8.5714	8.7464	57	None	None	1	-2	3.069866179022463
41	8.7464	8.9213	50	None	None	1	-5	3.4128142171984965
42	8.9213	9.0962	56	None	None	1	-2	3.525344042225005
43	9.0962	9.2711	50	None	None	1	-5	3.048431926636458
44	9.2711	9.4461	57	None	None	1	-2	3.06986617902246
45	9.4461	9.6210	50	None	None	1	-5	3.4128142171984934
46	9.6210	9.7959	56	None	None	1	-3	3.827209763327873
47	9.7959	9.9708	57	None	None	1	-2	3.069866179022465
48	9.9708	10.1458	50	None	None	1	-5	3.4128142171984983
49	10.1458	10.3207	56	None	None	1	-2	3.525344042225013
50	10.3207	10.4956	50	None	None	1	-5	3.048431926636466
51	10.4956	10.6706	57	None	None	1	-2	3.0698661790224673
52	10.6706	10.8455	50	None	None	1	-5	3.4128142171985045
53	10.8455	11.0204	56	None	None	1	-3	3.8272097633278808
54	11.0204	11.1953	57	None	None	1	-2	3.0698661790224664
55	11.1953	11.3703	50	None	None	1	-5	3.4128142171985036
56	11.3703	11.5452	56	None	None	1	-2	3.5253440422250146
57	11.5452	11.7201	50	None	None	1	-5	3.048431926636464
58	11.7201	11.8950	57	None	None	1	-2	3.069866179022467
59	11.8950	12.0700	50	None	None	1	-5	3.412814217198501
60	12.0700	12.2449	56	None	None	1	-3	3.827209763327869
61	12.2449	12.4198	57	None	None	1	-2	3.069866179022463
62	12.4198	12.5948	50	None	None	1	-5	3.4128142171984965
63	12.5948	12.7697	56	None	None	1	-2	3.525344042225005
64	12.7697	12.9446	50	None	None	1	-5	3.048431926636458
65	12.9446	13.1195	57	None	None	1	-2	3.06986617902246
66	13.1195	13.2945	50	None	None	1	-5	3.4128142171984934
67	13.2945	13.4694	56	None	None	1	-3	2.678791250835756
68	13.4694	13.6443	57	None	None	1	-2	2.2365351104713156
69	13.6443	13.8192	50	None	None	1	-5	2.5794831486473515
70	13.8192	13.9942	56	None	None	1	-2	2.692012973673866
71	13.9942	14.1691	50	None	None	1	-5	2.2151008580853184
72	14.1691	14.3440	57	None	None	1	-2	2.2365351104713205
73	14.3440	14.5190	50	None	None	1	-5	2.5794831486473577
74	14.5190	14.6939	56	None	None	1	-3	2.993878694776728
75	22.0408	22.2157	57	None	None	1	-2	3.0698661790224646
76	22.2157	22.3907	50	None	None	1	-5	3.412814217198502
77	22.3907	22.5656	56	None	None	1	-2	3.5253440422250066
78	22.5656	22.7405	50	None	None	1	-5	3.0484319266364563
79	22.7405	22.9155	57	None	None	1	-2	3.0698661790224597
80	22.9155	23.0904	50	None	None	1	-5	3.4128142171984903
81	23.0904	23.2653	56	None	None	1	-3	3.8272097633278626
82	23.2653	23.4402	57	None	None	1	-2	3.0698661790224606
83	23.4402	23.6152	50	None	None	1	-5	3.412814217198491
84	23.6152	23.7901	56	None	None	1	-2	3.525344042225003
85	23.7901	23.9650	50	None	None	1	-5	3.0484319266364603
86	23.9650	24.1399	57	None	None	1	-2	3.069866179022461
87	24.1399	24.3149	50	None	None	1	-5	3.4128142171984974
88	24.3149	24.4898	56	None	None	1	-3	3.8272097633278843
89	24.4898	24.6647	57	None	None	1	-2	3.0698661790224695
90	24.6647	24.8397	50	None	None	1	-5	3.412814217198506
91	24.8397	25.0146	56	None	None	1	-2	3.5253440422250235
92	25.0146	25.1895	50	None	None	1	-5	3.048431926636472
93	25.1895	25.3644	57	None	None	1	-2	3.0698661790224744
94	25.3644	25.5394	50	None	None	1	-5	3.412814217198512
95	25.5394	25.7143	56	None	None	1	-3	3.8272097633278777
96	25.7143	25.8892	57	None	None	1	-2	3.0698661790224646
97	25.8892	26.0641	50	None	None	1	-5	3.412814217198502
98	26.0641	26.2391	56	None	None	1	-2	3.5253440422250066
99	26.2391	26.4140	50	None	None	1	-5	3.0484319266364563
100	26.4140	26.5889	57	None	None	1	-2	3.0698661790224597
101	26.5889	26.7638	50	None	None	1	-5	3.4128142171984903
102	26.7638	26.9388	56	None	None	1	-3	3.8272097633278626
103	26.9388	27.1137	57	None	None	1	-2	3.0698661790224606
104	27.1137	27.2886	50	None	None	1	-5	3.412814217198491
105	27.2886	27.4636	56	None	None	1	-2	3.525344042225003
106	27.4636	27.6385	50	None	None	1	-5	3.0484319266364603
107	27.6385	27.8134	57	None	None	1	-2	3.069866179022461
108	27.8134	27.9883	50	None	None	1	-5	3.4128142171984974
109	27.9883	28.1633	56	None	None	1	-3	3.8272097633278843
110	28.1633	28.3382	57	None	None	1	-2	3.0698661790224695
111	28.3382	28.5131	50	None	None	1	-5	3.412814217198506
112	28.5131	28.6880	56	None	None	1	-2	3.5253440422250235
113	28.6880	28.8630	50	None	None	1	-5	3.048431926636472
114	28.8630	29.0379	57	None	None	1	-2	3.0698661790224744
115	29.0379	29.2128	50	None	None	1	-5	3.412814217198512
116	29.2128	29.3878	56	None	None	1	-3	3.8272097633278777
117	29.3878	29.5627	57	None	None	1	-2	3.0698661790224646
118	29.5627	29.7376	50	None	None	1	-5	3.412814217198502
119	29.7376	29.9125	56	None	None	1	-2	3.5253440422250066
120	29.9125	30.0875	50	None	None	1	-5	3.0484319266364563
121	30.0875	30.2624	57	None	None	1	-2	3.0698661790224597
122	30.2624	30.4373	50	None	None	1	-5	3.4128142171984903
123	30.4373	30.6122	56	None	None	1	-3	3.163553633877923
124	30.6122	30.7872	57	None	None	1	-2	2.4141554435077066
125	30.7872	30.9621	50	None	None	1	-5	2.433612503029412
126	30.9621	31.1370	56	None	None	1	-2	2.171854814800346
127	31.1370	31.3120	50	None	None	1	-5	1.73583401111951
128	31.3120	31.4869	57	None	None	1	-2	1.8160959410676372
129	31.4869	31.6618	50	None	None	1	-5	1.9097833959231092
130	31.6618	31.8367	56	None	None	1	-3	1.396069908985878
131	32.0117	32.1866	58	None	None	1	-2	1.3960699089858797
132	32.3615	32.5364	55	None	None	1	-3	1.4469521926128186
133	32.7114	32.8863	58	None	None	1	-2	1.5211825879465855
134	32.8863	33.0612	55	None	None	1	-3	1.6044396013467672
135	33.2362	33.4111	58	None	None	1	-2	1.6044396013467672
136	33.5860	33.7609	56	None	None	1	-3	1.6044396013467672
137	33.9359	34.1108	58	None	None	1	-2	1.6044396013467672
138	34.1108	34.2857	56	None	None	1	-3	1.6044396013467672
139	34.4606	34.6356	58	None	None	1	-2	1.6044396013467672
140	34.8105	34.9854	56	None	None	1	-3	1.6044396013467672
141	35.1603	35.3353	58	None	None	1	-2	1.6044396013467672
142	35.3353	35.5102	56	None	None	1	-3	1.6044396013467672
143	35.8601	36.2099	57	None	None	1	0	1.6044396013467672
