0	0.3750	0.7500	50	None	None	1	-5	3.954472083889372
1	0.7500	1.1250	52	None	None	1	-4	4.007312518308756
2	1.1250	1.5000	54	None	None	1	-3	4.065412313250656
3	1.5000	1.8750	56	None	None	1	-1	2.855825847085242
4	1.8750	2.2500	45	None	None	1	-5	2.7103697323085068
5	2.2500	2.6250	47	None	None	1	-4	3.778104633286441
6	2.6250	3.0000	49	None	None	1	-3	4.539118872420752
7	3.0000	3.3750	50	None	None	1	-2	4.467314361142557
8	3.3750	3.7500	42	None	None	1	-5	5.577131239407185
9	3.7500	4.1250	44	None	None	1	-4	9.094606085943816
10	4.1250	4.5000	46	None	None	1	-3	10.131375380722265
11	4.5000	5.6250	47	None	None	1	-2	9.788210650715431
12	5.6250	6.0000	49	None	None	1	-1	9.4529336827854
13	6.3750	6.7500	50	None	None	1	-4	6.83619698810753
14	6.9375	7.1250	51	None	None	1	-3	7.3148362039597465
15	7.1250	7.3125	53	None	None	1	-2	8.389087812312978
16	7.3125	7.5000	55	None	None	1	-1	9.299189152620281
17	7.5000	7.8750	56	None	None	1	-4	4.21042154491744
18	7.8750	8.2500	58	None	None	1	-3	4.132384173284632
19	8.2500	9.0000	56	None	None	1	-5	3.4036680447408214
20	9.1875	9.3750	56	None	None	1	-5	4.113476523904986
21	9.3750	9.5625	58	None	None	1	-4	5.037217034602015
22	9.5625	9.7500	60	None	None	1	-3	6.569058686925596
23	9.7500	10.1250	61	None	None	1	-2	6.603979321846234
24	10.1250	10.5000	63	None	None	1	-1	4.963217337834811
25	10.5000	11.2500	60	None	None	1	-3	5.092271136116087
26	11.4375	11.6250	59	None	None	1	-4	4.99550311163722
27	11.6250	11.8125	61	None	None	1	-3	5.117468103167426
28	11.8125	12.0000	63	None	None	1	-2	5.152388738088055
29	12.0000	12.7500	64	None	None	1	-1	4.184997433740228
30	12.9375	13.1250	45	None	None	1	-5	4.143745257568061
31	13.1250	13.3125	47	None	None	1	-3	4.718219461697722
32	13.3125	13.5000	49	None	None	1	-2	5.590129238020701
33	13.5000	13.8750	50	None	None	1	-1	6.199249442339864
34	14.0625	14.2500	50	None	None	1	-1	7.034828957164661
35	14.2500	14.4375	48	None	None	1	-2	9.344204323389896
36	14.4375	14.6250	47	None	None	1	-1	8.593386583113597
37	14.6250	14.8125	45	None	None	1	-2	11.391212670070118
38	14.8125	15.0000	43	None	None	1	-3	11.244913186421236
39	15.0000	15.3750	44	None	None	1	-2	13.0500151300512
40	15.3750	15.7500	39	None	None	1	-4	15.164069542794662
41	16.1250	16.5000	38	None	None	1	-5	16.17479067907526
42	16.6875	16.8750	49	None	None	1	-1	18.093346502596333
43	16.8750	17.0625	51	None	None	1	-4	11.727455876618805
44	17.0625	17.2500	53	None	None	1	-3	11.66544556524788
45	17.2500	18.0000	54	None	None	1	-1	8.288012794673104
46	18.1875	18.3750	59	None	None	1	-4	6.686746525113076
47	18.3750	18.5625	61	None	None	1	-3	6.69721340862815
48	18.5625	18.7500	63	None	None	1	-1	5.481449399675281
49	18.7500	19.1250	64	None	None	1	-2	1.8899979449515125
50	19.1250	19.8750	65	None	None	1	-1	7.136657206742356
51	19.8750	20.6250	64	None	None	1	-2	7.015245835176186
52	20.6250	21.3750	62	None	None	1	-1	6.55907934944314
53	21.3750	21.7500	60	None	None	1	-2	6.726682180049065
54	22.1250	22.5000	57	None	None	1	-4	7.132908705747062
55	22.5000	22.8750	59	None	None	1	-3	7.224178547016901
56	22.8750	23.2500	61	None	None	1	-2	7.261464944829613
57	23.2500	23.6250	63	None	None	1	0	-1
58	23.6250	24.0000	45	None	None	1	0	-1
59	24.0000	24.3750	47	None	None	1	0	-1
60	24.3750	24.7500	49	None	None	1	0	-1
61	24.7500	25.1250	50	None	None	1	0	-1
62	25.1250	25.5000	42	None	None	1	0	-1
63	25.5000	25.8750	44	None	None	1	0	-1
64	25.8750	26.2500	46	None	None	1	-5	14.327853324505144
65	27.0000	27.1875	62	None	None	1	-1	13.89655658220574
66	27.1875	27.3750	67	None	None	1	-2	6.620918210915186
67	27.3750	27.5625	65	None	None	1	-1	2.838087687401435
68	27.5625	27.7500	63	None	None	1	-2	3.8405351881408607
69	27.7500	28.1250	62	None	None	1	-1	3.7732696316859746
70	28.1250	28.5000	60	None	None	1	-2	3.389142647558991
71	28.5000	29.2500	62	None	None	1	-1	6.850871769560782
72	29.2500	29.4375	57	None	None	1	-3	7.338266727543976
73	29.4375	29.6250	62	None	None	1	-1	7.287956168537766
74	29.6250	29.8125	60	None	None	1	-2	7.055658031891805
75	29.8125	30.0000	58	None	None	1	-3	7.082134301617501
76	30.0000	30.3750	57	None	None	1	-1	4.958448522611352
77	30.3750	30.7500	55	None	None	1	-2	4.535892131633907
78	30.7500	31.5000	57	None	None	1	-1	4.7010738606600295
79	31.6875	31.8750	40	None	None	1	-5	3.279800291241939
80	31.8750	32.0625	43	None	None	1	-4	3.4741412160176486
81	32.0625	32.2500	46	None	None	1	-3	4.175053575968911
82	32.2500	32.6250	45	None	None	1	-5	3.8308470451491052
83	32.6250	32.8125	47	None	None	1	-4	6.395608586684095
84	32.8125	33.0000	48	None	None	1	-3	6.581322872398382
85	33.1875	33.3750	47	None	None	1	-5	5.616097308488611
86	33.3750	33.5625	50	None	None	1	-4	5.974792960662521
87	33.5625	33.7500	53	None	None	1	-3	5.508954451345747
88	33.7500	34.1250	52	None	None	1	-5	3.7913906142166938
89	34.1250	34.3125	54	None	None	1	-4	4.0176855181431765
90	34.3125	34.5000	55	None	None	1	-3	5.596123849997662
91	34.6875	34.8750	61	None	None	1	-1	5.377679187617075
92	34.8750	35.0625	59	None	None	1	-2	5.299107759045647
93	35.0625	35.2500	57	None	None	1	-1	5.264803312629397
94	35.2500	35.4375	56	None	None	1	-2	5.015113871635609
95	35.4375	35.6250	59	None	None	1	-1	5.1579710144927535
96	35.6250	35.8125	57	None	None	1	-2	4.5233264320220785
97	35.8125	36.0000	55	None	None	1	-3	4.591427585526959
98	36.0000	36.1875	54	None	None	1	-4	5.145827636496214
99	36.1875	36.3750	57	None	None	1	-1	6.061834392319579
100	36.3750	36.5625	55	None	None	1	-2	5.173521046746186
101	36.5625	36.7500	53	None	None	1	-1	3.5550600391547493
102	36.7500	36.9375	52	None	None	1	-2	3.27501264146994
103	36.9375	37.1250	55	None	None	1	-1	4.149605398999526
104	37.1250	37.3125	53	None	None	1	-2	4.950682150454824
105	37.3125	37.5000	51	None	None	1	-3	6.649500668205647
106	37.8750	38.6250	50	None	None	1	-1	6.961650147328648
107	38.6250	39.0000	49	None	None	1	-2	7.320219364489195
108	39.1875	39.3750	52	None	None	1	-1	8.109987416695185
109	39.3750	39.5625	50	None	None	1	-2	7.219181597800126
110	39.5625	39.7500	48	None	None	1	-3	7.144829049763369
111	39.7500	40.5000	47	None	None	1	-4	6.894734115457913
112	40.5000	41.2500	46	None	None	1	-5	6.89578532541558
113	42.3750	42.7500	63	None	None	1	-1	12.172801050244669
114	42.7500	43.1250	64	None	None	1	-3	9.250912996777666
115	43.1250	43.5000	66	None	None	1	-2	9.288199394590379
116	43.5000	43.8750	67	None	None	1	-1	9.288199394590379
117	43.8750	44.2500	57	None	None	1	-5	9.288199394590379
118	44.2500	44.6250	59	None	None	1	-4	9.288199394590379
119	44.6250	45.0000	61	None	None	1	-2	9.288199394590379
120	45.0000	45.3750	62	None	None	1	-1	9.288199394590379
121	45.3750	45.7500	42	None	None	1	-5	9.288199394590379
122	45.7500	46.1250	44	None	None	1	-4	9.288199394590379
123	46.1250	46.5000	46	None	None	1	-3	9.288199394590379
124	46.5000	49.5000	47	None	None	1	0	9.288199394590379
