0	0.0000	0.7500	59	None	None	0	4	1.8945360218765783
1	0.7500	1.5000	60	None	None	0	5	2.3228823604120006
2	1.5000	2.2500	59	None	None	0	4	4.295957848841889
3	2.2500	3.0000	57	None	None	0	3	10.541334557877908
4	3.0000	3.7500	54	None	None	0	2	10.73371624739582
5	3.7500	4.5000	52	None	None	0	1	10.672791877647922
6	6.0000	6.1875	71	None	None	0	5	10.11880747167462
7	6.1875	6.3750	66	None	None	0	1	3.8071069676743945
8	6.3750	6.5625	68	None	None	0	2	3.3844805257933013
9	6.5625	6.7500	70	None	None	0	3	4.504577009709651
10	6.7500	7.1250	71	None	None	0	1	2.741102469002308
11	7.1250	7.5000	73	None	None	0	2	2.5890139142821766
12	7.5000	8.2500	71	None	None	0	1	2.991727192575949
13	8.2500	8.4375	76	None	None	0	3	3.2568999283369164
14	8.4375	8.6250	71	None	None	0	1	3.691682537032566
15	8.6250	8.8125	73	None	None	0	2	3.418390611566731
16	8.8125	9.0000	75	None	None	0	3	3.4443646375407524
17	9.0000	9.3750	76	None	None	0	4	2.7160256741903472
18	9.3750	9.7500	78	None	None	0	5	3.396284162024842
19	9.7500	10.5000	76	None	None	0	3	3.3639533349571793
20	10.5000	10.6875	81	None	None	0	5	3.9259888852566176
21	10.6875	10.8750	79	None	None	0	4	4.07988812611238
22	10.8750	11.0625	78	None	None	0	3	3.4376521012676555
23	11.0625	11.2500	76	None	None	0	2	3.7808688387635656
24	11.2500	11.6250	77	None	None	0	4	2.769009480222291
25	11.6250	11.8125	76	None	None	0	3	4.417423334356974
26	11.8125	12.0000	74	None	None	0	2	4.574566191499827
27	12.1875	12.3750	76	None	None	0	5	2.726968111979546
28	12.3750	12.5625	73	None	None	0	4	3.3703428531803765
29	12.5625	12.7500	69	None	None	0	2	4.576025148981991
30	12.7500	13.1250	72	None	None	0	5	3.9673040709245333
31	13.1250	13.3125	71	None	None	0	4	6.458379185180759
32	13.3125	13.5000	67	None	None	0	2	6.179014105815683
33	13.6875	13.8750	64	None	None	0	1	6.839687528502833
34	13.8750	14.0625	66	None	None	0	2	6.682544671359974
35	14.0625	14.2500	68	None	None	0	3	7.174357206650771
36	14.2500	14.6250	69	None	None	0	1	3.678305631940033
37	14.6250	15.0000	73	None	None	0	2	3.7719146544964257
38	15.0000	15.7500	71	None	None	0	1	3.797854504120486
39	15.7500	15.9375	83	None	None	0	5	3.4367839889579033
40	15.9375	16.1250	81	None	None	0	4	4.797353561770031
41	16.1250	16.3125	80	None	None	0	3	4.155117536925314
42	16.3125	16.5000	78	None	None	0	2	5.48033819727183
43	16.5000	16.8750	79	None	None	0	4	4.108052245237599
44	16.8750	17.0625	78	None	None	0	3	6.167115169346284
45	17.0625	17.2500	76	None	None	0	2	6.9528294550605665
46	17.4375	17.6250	78	None	None	0	5	5.507343870215724
47	17.6250	17.8125	75	None	None	0	4	5.477894340594562
48	17.8125	18.0000	71	None	None	0	3	4.538031178076938
49	18.0000	18.3750	74	None	None	0	5	4.188824828870593
50	18.3750	18.5625	73	None	None	0	4	3.955363705706959
51	18.5625	18.7500	69	None	None	0	2	4.872599730551677
52	18.9375	19.1250	66	None	None	0	1	4.103929041972522
53	19.1250	19.3125	68	None	None	0	2	3.556586046803437
54	19.3125	19.5000	70	None	None	0	3	3.858070276859099
55	19.5000	19.6875	71	None	None	0	4	5.030695150260369
56	19.6875	19.8750	66	None	None	0	1	4.089925654056094
57	19.8750	20.0625	68	None	None	0	2	3.269824016563155
58	20.0625	20.2500	70	None	None	0	3	3.4465916933308254
59	20.2500	20.4375	71	None	None	0	4	3.5614122592383475
60	20.4375	20.6250	66	None	None	0	1	4.64647073585692
61	20.6250	20.8125	68	None	None	0	2	3.7807337164114605
62	20.8125	21.0000	70	None	None	0	3	3.6176321121333834
63	21.0000	21.1875	71	None	None	0	4	2.766084391595896
64	21.1875	21.3750	64	None	None	0	1	2.376880884105944
65	21.3750	21.5625	66	None	None	0	2	1.9278437143791194
66	21.5625	21.7500	68	None	None	0	3	1.9823891689245798
67	21.7500	22.1250	69	None	None	0	4	1.4742714745250252
68	22.5000	23.2500	72	None	None	0	5	2.443174128040206
69	23.2500	24.0000	71	None	None	0	4	3.189721869943985
70	24.0000	24.7500	69	None	None	0	3	3.37842156034646
71	24.7500	25.5000	66	None	None	0	2	4.404778247599674
72	25.5000	26.2500	64	None	None	0	1	4.535010050465753
73	27.9375	28.1250	70	None	None	0	5	4.301259810557881
74	28.1250	28.3125	68	None	None	0	4	4.691459948584099
75	28.3125	28.5000	66	None	None	0	3	5.296381342979179
76	28.5000	28.8750	65	None	None	0	2	4.75501161430968
77	28.8750	29.2500	63	None	None	0	1	7.381284626156566
78	29.2500	30.0000	65	None	None	0	2	7.708262382248149
79	30.1875	30.3750	77	None	None	0	5	7.533453415532422
80	30.3750	30.5625	75	None	None	0	4	7.886835058044497
81	30.5625	30.7500	73	None	None	0	3	9.20472220299808
82	30.7500	31.1250	72	None	None	0	2	9.272066528540426
83	31.1250	31.5000	70	None	None	0	0	-1
84	31.5000	32.2500	72	None	None	0	0	-1
85	32.4375	32.6250	61	None	None	0	0	-1
86	32.6250	32.8125	63	None	None	0	0	-1
87	32.8125	33.0000	64	None	None	0	0	-1
88	33.0000	33.7500	60	None	None	0	0	-1
89	33.9375	34.1250	73	None	None	0	2	4.14836128102272
90	34.1250	34.3125	75	None	None	0	3	4.571850834947057
91	34.3125	34.5000	76	None	None	0	4	3.8734381365343644
92	34.5000	34.8750	77	None	None	0	5	4.956845412488224
93	35.0625	35.2500	71	None	None	0	2	5.351700680272119
94	35.2500	35.4375	72	None	None	0	3	5.74921620822243
95	35.4375	35.6250	74	None	None	0	4	5.836517795524026
96	35.6250	35.8125	75	None	None	0	5	5.393638469880715
97	35.8125	36.0000	69	None	None	0	2	5.323452134476984
98	36.0000	36.1875	70	None	None	0	3	4.9894286700187305
99	36.1875	36.3750	72	None	None	0	4	5.162133984028385
100	36.3750	36.5625	73	None	None	0	5	5.637599822537712
101	36.5625	36.7500	67	None	None	0	1	6.805858272162633
102	36.7500	36.9375	68	None	None	0	2	5.584774766296522
103	36.9375	37.1250	70	None	None	0	3	5.779921724601375
104	37.1250	37.3125	71	None	None	0	4	5.175642911626908
105	37.3125	37.5000	65	None	None	0	1	8.24396589299337
106	37.5000	37.6875	67	None	None	0	2	8.17796003871451
107	37.6875	37.8750	69	None	None	0	3	8.30804955684131
108	37.8750	38.0625	70	None	None	0	4	7.509050246972425
109	38.0625	38.2500	72	None	None	0	5	7.547093725233289
110	38.2500	38.6250	70	None	None	0	4	7.772279879023555
111	38.6250	38.8125	69	None	None	0	3	7.745964089549868
112	38.8125	39.0000	67	None	None	0	1	6.942246106235237
113	39.0000	39.7500	66	None	None	0	4	2.2518433244782377
114	39.9375	40.1250	65	None	None	0	2	2.130667543670632
115	40.1250	40.3125	67	None	None	0	4	1.858030819556596
116	40.3125	40.5000	69	None	None	0	5	1.6101316598927333
117	40.5000	40.8750	67	None	None	0	4	1.6101316598927333
118	40.8750	41.0625	66	None	None	0	3	1.6101316598927333
119	41.0625	41.2500	64	None	None	0	2	1.6101316598927333
120	42.7500	43.5000	72	None	None	0	5	1.6101316598927333
121	43.5000	44.2500	71	None	None	0	4	1.6101316598927333
122	44.2500	45.0000	69	None	None	0	3	1.6101316598927333
123	45.0000	45.7500	66	None	None	0	2	1.6101316598927333
124	45.7500	46.5000	64	None	None	0	1	1.6101316598927333
125	46.5000	49.5000	59	None	None	0	0	1.6101316598927333
