0	0.0000	0.4500	67	None	None	1	-1	2.521671731046734
1	0.4500	0.7500	62	None	None	1	-3	2.6199762043512083
2	0.7500	1.2000	61	None	None	1	-4	2.048905067563161
3	1.2000	1.5000	62	None	None	1	-3	2.481320742166335
4	1.5000	1.9500	67	None	None	1	-1	2.432213599309193
5	1.9500	2.2500	62	None	None	1	-3	2.595808980643541
6	2.2500	2.7000	57	None	None	1	-5	2.4995224546695143
7	3.4500	3.7500	64	None	None	1	-2	2.8215266409594184
8	3.7500	4.2000	63	None	None	1	-3	2.5901954721282534
9	4.2000	4.5000	61	None	None	1	-4	2.7021569233754184
10	4.9500	5.2500	62	None	None	1	-2	2.229334157905597
11	5.2500	5.7000	61	None	None	1	-3	2.730928545660701
12	5.7000	6.0000	59	None	None	1	-4	3.8736131557366154
13	6.0000	6.1500	66	None	None	1	-1	3.969662939286403
14	6.1500	6.3000	61	None	None	1	-3	4.111509981133438
15	6.7500	6.9000	66	None	None	1	-1	4.514231069568813
16	6.9000	7.0500	61	None	None	1	-3	4.702109857447598
17	7.5000	7.6500	66	None	None	1	-1	5.496894437946467
18	7.6500	7.8000	61	None	None	1	-2	5.242294870846901
19	8.2500	8.5500	53	None	None	1	-5	5.196869314260631
20	9.3000	9.4500	66	None	None	1	-1	4.106069624819631
21	9.4500	9.6000	61	None	None	1	-3	5.36058853844568
22	9.6000	9.7500	60	None	None	1	-4	5.36058853844568
23	10.0500	10.2000	66	None	None	1	-1	4.6181642960214395
24	10.2000	10.3500	61	None	None	1	-2	5.283820861677985
25	10.3500	10.5000	58	None	None	1	-4	4.608424036281166
26	10.8000	10.9500	66	None	None	1	-1	4.866497629354756
27	10.9500	11.1000	61	None	None	1	-2	3.9394846423417733
28	11.1000	11.2500	57	None	None	1	-3	3.769246547103683
29	12.7500	12.9000	50	None	None	1	-5	3.805981240981234
30	12.9000	13.0500	52	None	None	1	-4	3.72086219336219
31	13.0500	13.2000	54	None	None	1	-3	4.720943362193354
32	13.2000	13.3500	53	None	None	1	-4	4.066181457431452
33	13.3500	13.5000	55	None	None	1	-3	3.925921717171715
34	13.5000	13.6500	56	None	None	1	-2	4.031556637806632
35	13.6500	13.8000	54	None	None	1	-3	4.061426767676759
36	13.8000	13.9500	52	None	None	1	-4	4.75896645021644
37	13.9500	14.1000	53	None	None	1	-3	4.430395021645011
38	14.1000	14.2500	51	None	None	1	-4	4.856724878656689
39	14.2500	14.4000	50	None	None	1	-5	4.696903450085255
40	14.4000	14.5500	52	None	None	1	-4	5.8298786566968355
41	14.5500	14.7000	54	None	None	1	-3	5.869424111242295
42	14.7000	14.8500	53	None	None	1	-5	5.313154269972441
43	14.8500	15.0000	55	None	None	1	-4	7.563352682670859
44	15.0000	15.4500	56	None	None	1	-3	7.176798060822118
45	15.4500	15.7500	56	None	None	1	-4	6.522036156060213
46	15.9000	16.0500	58	None	None	1	-3	6.837561539767414
47	16.0500	16.2000	60	None	None	1	-2	6.502228551499648
48	16.2000	16.3500	59	None	None	1	-3	6.3363925069368925
49	16.3500	16.5000	61	None	None	1	-2	6.158485414029794
50	16.5000	16.9500	62	None	None	1	-1	5.054364534908927
51	17.2500	34.9500	41	None	None	1	-5	2.7517851698295597
52	17.2500	34.9500	51	None	None	1	-1	2.894044156757664
53	17.7000	35.7000	42	None	None	1	-5	2.673870481226845
54	17.7000	35.7000	52	None	None	1	-2	2.31759476936107
55	18.7500	37.9500	44	None	None	1	-5	2.216886551291233
56	18.7500	37.9500	54	None	None	1	-2	1.964071715516039
57	19.9500	40.0500	49	None	None	1	-5	1.908287222231544
58	19.9500	40.0500	59	None	None	1	-1	2.709008376077695
59	20.2500	40.9500	50	None	None	1	-5	2.8489637332205557
60	20.2500	40.9500	60	None	None	1	-1	2.80074944750627
61	20.7000	41.7000	51	None	None	1	-5	2.615800467914435
62	20.7000	41.7000	61	None	None	1	-1	2.615800467914435
63	21.4500	43.2000	52	None	None	1	-5	2.615800467914435
64	21.4500	43.2000	62	None	None	1	-1	2.615800467914435
65	21.7500	22.0500	57	None	None	1	-3	2.615800467914435
66	22.0500	22.5000	61	None	None	1	-2	2.615800467914435
67	22.9500	46.2000	50	None	None	1	-5	2.615800467914435
68	22.9500	46.2000	60	None	None	1	-1	2.615800467914435
69	23.2500	23.5500	55	None	None	1	-3	2.615800467914435
70	23.5500	24.0000	59	None	None	1	0	2.615800467914435
