0	0.0000	0.5556	41	None	None	1	-5	0.43917256258746645
1	0.5556	1.1111	48	None	None	1	-2	0.7954679621032064
2	1.1111	1.6667	41	None	None	1	-5	1.1520357587133758
3	1.6667	2.2222	48	None	None	1	-2	1.333316025057202
4	2.2222	2.5000	43	None	None	1	-4	3.7656813378437946
5	2.5000	3.3333	43	None	None	1	-4	4.026365357214255
6	3.3333	4.4444	43	None	None	1	-4	4.219464630822003
7	4.4444	5.0000	41	None	None	1	-5	4.210196703467577
8	5.0000	5.5556	48	None	None	1	-3	3.8739473817827523
9	5.5556	6.1111	50	None	None	1	-2	4.158713652620119
10	6.1111	6.6667	48	None	None	1	-1	2.6495364647958377
11	6.6667	7.7778	43	None	None	1	-2	2.442787070122716
12	7.7778	8.3333	34	None	None	1	-5	2.1486330164160212
13	8.3333	8.8889	41	None	None	1	-2	2.192936458131688
14	8.8889	10.0000	36	None	None	1	-4	2.0461446905772083
15	10.0000	10.5556	34	None	None	1	-5	2.130830376778294
16	10.5556	11.1111	41	None	None	1	-2	1.9746679825716604
17	11.1111	11.6667	43	None	None	1	-1	2.042737971742167
18	11.6667	12.2222	34	None	None	1	-5	1.7377505106560402
19	12.2222	12.7778	41	None	None	1	-2	3.0656473845456165
20	12.7778	13.3333	43	None	None	1	-1	2.908622841292258
21	13.3333	27.7778	34	None	None	1	-5	2.720716828169932
22	13.3333	27.7778	38	None	None	1	-4	3.188283454796607
23	14.4444	15.5556	41	None	None	1	-3	3.203427299516299
24	15.5556	16.0317	36	None	None	1	-5	3.724924978249243
25	16.5079	17.4603	48	None	None	1	-2	3.1595430183146753
26	17.4603	17.9365	48	None	None	1	-5	2.3696505983768343
27	17.9365	18.4127	57	None	None	1	-1	4.550049331019725
28	18.4127	19.3651	54	None	None	1	-3	5.099580837210267
29	19.3651	19.6032	57	None	None	1	-2	5.342400234741755
30	19.6032	19.8413	55	None	None	1	-3	5.275984696055092
31	19.8413	20.0794	58	None	None	1	-2	6.812271927016616
32	20.0794	20.3175	57	None	None	1	-1	3.9193994204842326
33	20.3175	20.5556	55	None	None	1	-2	3.877547403404372
34	20.5556	20.7937	53	None	None	1	-1	2.6111001035458004
35	20.7937	21.0317	52	None	None	1	-2	2.0714287420434463
36	21.0317	21.2698	50	None	None	1	-3	3.0838155629690016
37	21.2698	21.7460	52	None	None	1	-2	3.5976653282272144
38	21.7460	22.2222	49	None	None	1	-3	3.758917590108038
39	22.2222	23.1746	45	None	None	1	-5	3.9537279294166154
40	23.1746	23.4127	55	None	None	1	-1	4.166142689470147
41	23.4127	23.6508	53	None	None	1	-2	3.626471327967799
42	23.6508	23.8889	52	None	None	1	-3	3.717580482897374
43	23.8889	24.1270	50	None	None	1	-4	3.717580482897377
44	24.1270	24.3651	49	None	None	1	-5	3.6198272971160232
45	24.3651	24.6032	50	None	None	1	-3	4.365138787096637
46	24.6032	24.8413	52	None	None	1	-2	4.394833622777388
47	24.8413	25.0794	53	None	None	1	-1	3.877227988974567
48	25.0794	25.3175	52	None	None	1	-2	3.743601228411194
49	25.3175	25.5556	50	None	None	1	-1	3.7963589374240776
50	25.5556	25.7937	48	None	None	1	-3	5.645156392730416
51	25.7937	26.0317	50	None	None	1	-2	6.016987378645918
52	26.0317	26.9841	46	None	None	1	-3	5.6782114159314645
53	26.9841	27.2222	41	None	None	1	-5	7.785313967136129
54	27.2222	27.4603	43	None	None	1	-4	7.48836561032862
55	27.4603	27.6984	45	None	None	1	-3	7.245407863849747
56	27.6984	27.9365	46	None	None	1	-2	7.591057440039917
57	27.9365	28.1746	48	None	None	1	-1	11.09598701750472
58	28.1746	28.4127	49	None	None	1	-2	8.640793355532912
59	28.4127	28.6508	48	None	None	1	-1	9.07117072541409
60	28.6508	28.8889	44	None	None	1	-4	11.187242886049393
61	28.8889	29.1270	43	None	None	1	-5	11.776811548021161
62	29.1270	29.8413	43	None	None	1	-5	14.992568590274686
63	29.8413	30.3175	43	None	None	1	-5	15.14573760435919
64	30.7937	31.0317	60	None	None	1	-1	14.308362676056348
65	31.0317	31.2698	62	None	None	1	-4	7.429081306017943
66	31.2698	31.5079	64	None	None	1	-3	7.267829044137117
67	31.5079	31.7460	65	None	None	1	-2	7.0547044822863745
68	31.7460	31.9841	67	None	None	1	-1	6.537098848483565
69	31.9841	32.2222	69	None	None	1	-3	1.6351622287652374
70	32.2222	32.4603	70	None	None	1	-2	1.571253778061005
71	32.4603	32.6984	67	None	None	1	-3	1.7150331207840082
72	32.6984	33.1746	72	None	None	1	-1	1.8378324165586466
73	33.1746	33.6508	69	None	None	1	-2	4.729106728410878
74	33.6508	34.6032	66	None	None	1	-3	5.099580837210264
75	34.6032	34.8413	69	None	None	1	-2	5.342400234741759
76	34.8413	35.0794	67	None	None	1	-3	5.275984696055087
77	35.0794	35.3175	70	None	None	1	-2	6.812271927016609
78	35.3175	35.5556	69	None	None	1	-1	3.91939942048423
79	35.5556	35.7937	67	None	None	1	-2	3.8775474034043795
80	35.7937	36.0317	65	None	None	1	-1	2.507386915325575
81	36.0317	36.2698	64	None	None	1	-2	2.451870483400679
82	36.2698	36.5079	62	None	None	1	-3	3.464257304326214
83	36.5079	36.9841	64	None	None	1	-2	3.9781070695844214
84	36.9841	37.4603	61	None	None	1	-3	4.139359331465256
85	37.4603	38.4127	57	None	None	1	-5	4.3341696707738375
86	38.4127	38.6508	67	None	None	1	-1	4.546584430827369
87	38.6508	38.8889	65	None	None	1	-2	4.006913069325027
88	38.8889	39.1270	63	None	None	1	-3	5.123013078470795
89	39.1270	39.3651	62	None	None	1	-4	5.123013078470805
90	39.3651	39.6032	61	None	None	1	-5	4.937231723675383
91	39.6032	39.8413	62	None	None	1	-3	5.4803089748900815
92	39.8413	40.0794	64	None	None	1	-2	5.5100038105708276
93	40.0794	40.3175	65	None	None	1	-1	4.992398176767999
94	40.3175	40.5556	64	None	None	1	-2	4.858771416204623
95	40.5556	40.7937	62	None	None	1	-1	4.628225134607184
96	40.7937	41.0317	61	None	None	1	-3	6.080895829350199
97	41.0317	41.2698	62	None	None	1	-2	6.016987378645959
98	41.2698	42.2222	58	None	None	1	-3	5.678211415931518
99	42.2222	42.4603	53	None	None	1	-5	7.7853139671362
100	42.4603	42.6984	55	None	None	1	-4	7.488365610328686
101	42.6984	42.9365	57	None	None	1	-3	7.245407863849814
102	42.9365	43.1746	58	None	None	1	-2	8.375505537968044
103	43.1746	43.4127	60	None	None	1	-1	8.307659827340652
104	43.4127	43.6508	61	None	None	1	-2	5.243647380990184
105	43.6508	43.8889	60	None	None	1	-1	2.5134475741564137
106	43.8889	44.1270	56	None	None	1	-2	2.0428489826071123
107	44.1270	44.3651	55	None	None	1	-1	2.7096978422852747
108	44.3651	45.0794	55	None	None	1	-1	3.006288751376185
109	45.0794	46.0317	55	None	None	1	-1	3.4525697431117237
110	46.9841	47.4603	46	None	None	1	-4	3.610408737055226
111	47.4603	47.9365	53	None	None	1	-1	3.872908737055227
112	47.9365	48.1746	48	None	None	1	-2	3.5854344466397667
113	48.1746	48.8889	48	None	None	1	-1	3.1190535623022204
114	48.8889	49.3651	48	None	None	1	0	-1
115	49.8413	50.3175	34	None	None	1	0	-1
116	50.3175	50.7937	41	None	None	1	0	-1
117	50.7937	51.2698	43	None	None	1	0	-1
118	51.2698	51.7460	34	None	None	1	0	-1
119	51.7460	52.6984	41	None	None	1	0	-1
120	52.6984	53.6508	43	None	None	1	0	-1
121	53.6508	54.1270	36	None	None	1	0	-1
122	55.5556	111.5873	48	None	None	1	-5	0.4374304701283542
123	55.5556	111.5873	51	None	None	1	-4	0.4491022652769903
124	55.5556	111.5873	55	None	None	1	-2	0.7175694626229394
125	56.0317	113.0159	48	None	None	1	-5	1.020978553532032
126	56.0317	113.0159	51	None	None	1	-4	0.934804311107789
127	56.0317	113.0159	55	None	None	1	-2	1.161973732595392
128	56.9841	114.4444	48	None	None	1	-5	1.4885214495842871
129	56.9841	114.4444	51	None	None	1	-4	1.4413400770352676
130	56.9841	114.4444	55	None	None	1	-2	1.5657179050895653
131	57.4603	115.3968	48	None	None	1	-4	1.3504767959313422
132	57.4603	115.3968	52	None	None	1	-2	1.1354504999133117
133	57.4603	115.3968	55	None	None	1	-1	1.2157190949546353
134	57.9365	116.8254	48	None	None	1	-4	0.9085565605193734
135	57.9365	116.8254	52	None	None	1	-2	0.6935302645013429
136	57.9365	116.8254	55	None	None	1	-1	0.7737988595426665
137	58.8889	118.2540	48	None	None	1	-4	0.6140379430972597
138	58.8889	118.2540	52	None	None	1	-2	0.49630861360322553
139	58.8889	118.2540	55	None	None	1	-1	0.5402565774041308
140	59.3651	119.2063	49	None	None	1	-3	0.4518275052609112
141	59.3651	119.2063	52	None	None	1	-2	0.6787214446548495
142	59.3651	119.2063	55	None	None	1	-1	0.8578536760598083
143	59.8413	120.6349	49	None	None	1	-3	1.1079102158981857
144	59.8413	120.6349	52	None	None	1	-2	1.3797852158981834
145	59.8413	120.6349	55	None	None	1	-1	1.5409422406915718
146	60.7937	122.0635	49	None	None	1	-5	1.2109691500567197
147	60.7937	122.0635	52	None	None	1	-4	1.3538094592573222
148	60.7937	122.0635	55	None	None	1	-2	1.2805062918365087
149	61.2698	123.0159	48	None	None	1	-5	1.2834988874761633
150	61.2698	123.0159	53	None	None	1	-3	1.8181133371975609
151	61.2698	123.0159	56	None	None	1	-2	2.9250189316031503
152	61.7460	124.4444	48	None	None	1	-5	2.944551788452184
153	61.7460	124.4444	53	None	None	1	-3	2.8977889757301454
154	61.7460	124.4444	56	None	None	1	-2	2.825149115590284
155	62.6984	125.8730	48	None	None	1	-5	2.81730126491155
156	62.6984	125.8730	53	None	None	1	-4	2.566896155315264
157	62.6984	125.8730	56	None	None	1	-3	2.6116308324028834
158	63.6508	127.7778	47	None	None	1	-3	2.4239611491449677
159	63.6508	127.7778	53	None	None	1	-2	1.39203327309945
160	63.6508	127.7778	56	None	None	1	-1	1.0334925491175482
161	64.6032	129.6825	47	None	None	1	-4	0.8584989765136832
162	64.6032	129.6825	51	None	None	1	-2	0.9594982223658712
163	64.6032	129.6825	55	None	None	1	-1	0.8537855526826144
164	65.5556	132.0635	46	None	None	1	-4	0.6315610859728551
165	65.5556	132.0635	51	None	None	1	-2	0.7353358777011911
166	65.5556	132.0635	54	None	None	1	-1	0.7373556425823689
167	66.5079	133.4921	46	None	None	1	-4	0.6163886443097842
168	66.5079	133.4921	50	None	None	1	-2	0.6206142915439052
169	66.5079	133.4921	53	None	None	1	-1	0.7357359595070483
170	67.4603	135.8730	45	None	None	1	-4	1.024696639050571
171	67.4603	135.8730	49	None	None	1	-3	1.0610990948052952
172	67.4603	135.8730	52	None	None	1	-1	1.193042384403482
173	68.8889	69.4444	43	None	None	1	-5	2.639499383566204
174	69.4444	70.0000	50	None	None	1	-2	2.933143451362814
175	70.0000	70.5556	43	None	None	1	-5	3.041345630539571
176	70.5556	71.1111	50	None	None	1	-1	3.069370222043097
177	71.1111	72.2222	48	None	None	1	-2	5.123921376094874
178	72.2222	73.3333	41	None	None	1	-5	5.196142703593374
179	73.3333	73.8889	43	None	None	1	-4	5.238548905694802
180	73.8889	74.4444	50	None	None	1	-2	5.346889706745687
181	74.4444	75.0000	51	None	None	1	-1	3.511538617157316
182	75.0000	75.5556	50	None	None	1	-2	3.154970820547147
183	75.5556	76.1111	48	None	None	1	-1	1.7611474554057296
184	76.1111	76.6667	46	None	None	1	-2	1.7458326854299466
185	76.6667	77.2222	39	None	None	1	-4	1.3847119659557177
186	77.2222	77.7778	41	None	None	1	-3	1.6826863463858488
187	77.7778	78.8889	43	None	None	1	-2	1.6826863463858488
188	78.8889	79.4444	36	None	None	1	-4	1.6826863463858488
189	79.4444	80.0000	38	None	None	1	-3	1.6826863463858488
190	80.0000	81.1111	39	None	None	1	-2	1.6826863463858488
191	81.1111	81.6667	32	None	None	1	-5	1.6826863463858488
192	81.6667	82.2222	34	None	None	1	-4	1.6826863463858488
193	82.2222	82.5000	36	None	None	1	-3	1.6826863463858488
194	82.5000	84.4444	31	None	None	1	-5	1.6826863463858488
195	84.4444	85.5556	31	None	None	1	0	1.6826863463858488
