0	0.5556	1.6667	56	None	None	0	1	1.0592898649301383
1	0.5556	1.6667	65	None	None	0	4	1.2238794071084709
2	0.5556	1.6667	67	None	None	0	5	1.3676769331585856
3	1.6667	3.8889	56	None	None	0	1	1.000704456094363
4	1.6667	3.8889	65	None	None	0	3	0.9743201179554348
5	1.6667	3.8889	67	None	None	0	4	0.9112467234600223
6	2.7778	6.1111	60	None	None	0	1	0.8777031454783704
7	2.7778	6.1111	65	None	None	0	3	1.2758027522935746
8	2.7778	6.1111	67	None	None	0	4	1.4433977719528157
9	3.8889	8.3333	59	None	None	0	1	1.4422919397116611
10	3.8889	8.3333	65	None	None	0	4	1.5350180209698527
11	3.8889	8.3333	67	None	None	0	5	1.5007372214941004
12	5.0000	10.5556	58	None	None	0	1	1.303489515072084
13	5.0000	10.5556	65	None	None	0	4	2.8546444954128467
14	5.0000	10.5556	67	None	None	0	5	2.905553735255573
15	6.1111	12.7778	56	None	None	0	1	2.507269823066844
16	6.1111	12.7778	65	None	None	0	4	2.5369225098296213
17	6.1111	12.7778	67	None	None	0	5	2.5911082896461353
18	7.2222	15.0000	55	None	None	0	2	2.074889416775887
19	7.2222	15.0000	60	None	None	0	4	2.480258846657936
20	7.2222	15.0000	62	None	None	0	5	2.5311680865006623
21	8.3333	17.2222	49	None	None	0	1	1.3956626802097043
22	8.3333	17.2222	58	None	None	0	4	1.7085722477064293
23	8.3333	17.2222	60	None	None	0	5	1.793946592398433
24	9.4444	19.4444	51	None	None	0	1	1.5725958387942405
25	9.4444	19.4444	58	None	None	0	4	1.617250453855663
26	9.4444	19.4444	60	None	None	0	5	1.633645009625821
27	10.5556	21.6667	49	None	None	0	1	1.2072302772674008
28	10.5556	21.6667	58	None	None	0	4	1.0630625184207432
29	10.5556	21.6667	60	None	None	0	5	1.44149712386257
30	11.6667	23.8889	49	None	None	0	1	1.480370826295884
31	11.6667	23.8889	58	None	None	0	4	6.85518780923328
32	11.6667	23.8889	60	None	None	0	5	7.093342751886137
33	13.8889	28.3333	49	None	None	0	1	7.189029612282965
34	13.8889	28.3333	58	None	None	0	2	9.57435825078061
35	13.8889	28.3333	60	None	None	0	3	9.73926475519786
36	15.5556	15.7937	60	None	None	0	3	10.855315224681428
37	15.7937	16.0317	62	None	None	0	1	7.26968969464167
38	16.0317	16.2698	64	None	None	0	2	6.5319336126954415
39	16.2698	16.5079	65	None	None	0	1	3.06353612368903
40	16.5079	16.7460	67	None	None	0	2	2.4941699265059283
41	16.7460	16.9841	69	None	None	0	3	2.3904567382856974
42	16.9841	17.2222	70	None	None	0	4	2.1170705880509457
43	17.2222	17.4603	67	None	None	0	3	2.3403069459646253
44	17.4603	17.9365	72	None	None	0	5	2.679655537513921
45	17.9365	18.4127	69	None	None	0	4	3.12103466291075
46	18.4127	19.3651	66	None	None	0	3	6.83394023644129
47	19.3651	19.6032	69	None	None	0	5	6.762017940979208
48	19.6032	19.8413	67	None	None	0	4	6.563933220535333
49	19.8413	20.0794	70	None	None	0	5	6.514098572149152
50	20.0794	20.3175	69	None	None	0	4	5.774991892099019
51	20.3175	20.5556	67	None	None	0	3	5.828982502427657
52	20.5556	20.7937	65	None	None	0	2	5.80468672777977
53	20.7937	21.0317	64	None	None	0	1	5.311376868624842
54	21.0317	21.2698	62	None	None	0	2	5.29764447425865
55	21.2698	21.7460	64	None	None	0	3	5.919328879331616
56	21.7460	22.2222	61	None	None	0	2	6.117413599775496
57	22.2222	23.1746	57	None	None	0	1	6.200447443332705
58	23.1746	23.4127	67	None	None	0	4	6.053579812206579
59	23.4127	23.6508	65	None	None	0	3	6.0535798122065865
60	23.6508	23.8889	64	None	None	0	2	6.053579812206585
61	23.8889	24.1270	62	None	None	0	1	5.53597417840376
62	24.1270	24.3651	61	None	None	0	2	3.3601819248826277
63	24.3651	24.6032	62	None	None	0	3	2.858540856754407
64	24.6032	24.8413	64	None	None	0	4	3.3982122182567527
65	24.8413	25.0794	65	None	None	0	5	3.3071030633271756
66	25.0794	25.3175	64	None	None	0	4	3.986533814500897
67	25.3175	25.5556	62	None	None	0	3	3.9541834623882193
68	25.5556	25.7937	60	None	None	0	2	8.176498603233252
69	25.7937	26.0317	62	None	None	0	5	7.574598149365142
70	26.0317	26.9841	58	None	None	0	4	7.289364069029572
71	26.9841	27.2222	53	None	None	0	2	8.414323440643876
72	27.2222	27.4603	55	None	None	0	1	4.896717806841048
73	27.4603	27.6984	57	None	None	0	2	4.060098088531192
74	27.6984	27.9365	58	None	None	0	3	3.992246231009245
75	27.9365	28.1746	60	None	None	0	0	-1
76	28.1746	28.4127	61	None	None	0	0	-1
77	28.4127	28.6508	60	None	None	0	0	-1
78	28.6508	28.8889	56	None	None	0	0	-1
79	28.8889	29.1270	55	None	None	0	0	-1
80	29.1270	29.8413	55	None	None	0	0	-1
81	29.8413	30.3175	55	None	None	0	0	-1
82	32.6984	32.9365	72	None	None	0	1	8.19998323272967
83	32.9365	33.1746	74	None	None	0	2	7.363363514419817
84	33.1746	33.4127	76	None	None	0	1	4.304091213950361
85	33.4127	33.6508	77	None	None	0	2	4.222753185781346
86	33.6508	33.8889	78	None	None	0	3	3.8757754862508293
87	33.8889	34.1270	79	None	None	0	4	3.733756706908096
88	34.1270	34.3651	81	None	None	0	5	3.6669433266264124
89	34.3651	34.6032	78	None	None	0	1	3.5842484941093042
90	34.6032	36.2698	82	None	None	0	4	6.813409624413115
91	36.2698	36.5079	82	None	None	0	4	8.71745892018776
92	36.7460	36.9841	81	None	None	0	3	8.406055411415833
93	36.9841	37.2222	84	None	None	0	5	8.034869965406441
94	37.2222	37.4603	82	None	None	0	4	8.043819495922863
95	37.4603	37.6984	81	None	None	0	3	7.671988510007372
96	37.6984	37.9365	79	None	None	0	2	8.122817484830975
97	37.9365	38.1746	77	None	None	0	1	7.605211851028163
98	38.1746	38.4127	76	None	None	0	4	2.3398475894352484
99	38.4127	39.1270	75	None	None	0	3	2.09292857535073
100	39.1270	39.3651	77	None	None	0	4	2.312147887323934
101	39.3651	39.6032	79	None	None	0	5	2.221038732394363
102	39.6032	39.8413	77	None	None	0	4	2.1913438967136174
103	39.8413	40.0794	76	None	None	0	3	2.4976819248826243
104	40.0794	40.3175	74	None	None	0	2	2.497681924882613
105	40.3175	40.5556	76	None	None	0	3	2.4435152582159483
106	40.5556	40.7937	77	None	None	0	4	2.258651772257149
107	40.7937	41.0317	79	None	None	0	5	3.1969440257782775
108	41.0317	41.2698	77	None	None	0	4	3.053164683055276
109	41.2698	41.5079	76	None	None	0	3	3.786586044557612
110	41.5079	41.7460	74	None	None	0	2	4.158417030473098
111	41.7460	41.9841	77	None	None	0	4	3.7985285328205136
112	41.9841	42.2222	76	None	None	0	3	3.776441464958807
113	42.2222	43.1746	73	None	None	0	2	4.310948507212337
114	43.4127	43.6508	69	None	None	0	1	5.413652368757985
115	43.6508	43.8889	70	None	None	0	3	4.859968142186445
116	43.8889	44.1270	72	None	None	0	4	5.945120724346061
117	44.1270	44.3651	73	None	None	0	5	4.842945171026157
118	44.3651	44.6032	72	None	None	0	4	4.061841884641189
119	44.6032	44.8413	75	None	None	0	5	6.220716313430831
120	44.8413	45.0794	73	None	None	0	4	6.063955818688484
121	45.0794	45.3175	72	None	None	0	3	5.512316487084821
122	45.3175	45.5556	70	None	None	0	0	-1
123	45.5556	45.7937	69	None	None	0	0	-1
124	45.7937	46.0317	70	None	None	0	0	-1
125	46.0317	46.2698	72	None	None	0	0	-1
126	46.2698	46.9841	72	None	None	0	0	-1
127	46.9841	94.9206	61	None	None	0	0	-1
128	46.9841	94.9206	70	None	None	0	4	5.898896324821802
129	46.9841	94.9206	72	None	None	0	5	5.858034093308439
130	48.8889	49.1270	60	None	None	0	2	5.40536188428231
131	49.1270	49.8413	60	None	None	0	5	1.9954439269102282
132	49.8413	100.6349	49	None	None	0	1	1.914894730716013
133	49.8413	100.6349	58	None	None	0	4	7.219454521232967
134	49.8413	100.6349	60	None	None	0	5	7.428957702601882
135	51.2698	103.0159	49	None	None	0	1	7.400875071300046
136	51.2698	103.0159	58	None	None	0	2	9.58593668710086
137	51.2698	103.0159	60	None	None	0	3	9.739264755197917
138	53.6508	53.8889	60	None	None	0	3	10.855315224681497
139	53.8889	54.1270	62	None	None	0	1	7.2696896946416745
140	54.1270	54.3651	64	None	None	0	2	6.531933612695437
141	54.3651	54.6032	65	None	None	0	1	3.063536123689026
142	54.6032	54.8413	67	None	None	0	2	2.494169926505917
143	54.8413	55.0794	69	None	None	0	3	2.3904567382856876
144	55.0794	55.3175	70	None	None	0	4	2.1170705880509466
145	55.3175	55.5556	67	None	None	0	3	2.3403069459646235
146	55.5556	56.0317	72	None	None	0	5	2.6796555375139164
147	56.0317	56.5079	69	None	None	0	4	3.121034662910741
148	56.5079	57.4603	66	None	None	0	3	6.833940236441252
149	57.4603	57.6984	69	None	None	0	5	6.7620179409792405
150	57.6984	57.9365	67	None	None	0	4	6.563933220535363
151	57.9365	58.1746	70	None	None	0	5	6.514098572149185
152	58.1746	58.4127	69	None	None	0	4	5.774991892099051
153	58.4127	58.6508	67	None	None	0	3	5.82898250242769
154	58.6508	58.8889	65	None	None	0	2	5.804686727779803
155	58.8889	59.1270	64	None	None	0	1	5.31137686862488
156	59.1270	59.3651	62	None	None	0	2	5.297644474258689
157	59.3651	59.8413	64	None	None	0	3	5.919328879331641
158	59.8413	60.3175	61	None	None	0	2	6.117413599775525
159	60.3175	61.2698	57	None	None	0	1	6.200447443332731
160	61.2698	61.5079	67	None	None	0	4	6.053579812206604
161	61.5079	61.7460	65	None	None	0	3	6.05357981220661
162	61.7460	61.9841	64	None	None	0	2	6.05357981220661
163	61.9841	62.2222	62	None	None	0	1	5.535974178403795
164	62.2222	62.4603	61	None	None	0	2	3.360181924882619
165	62.4603	62.6984	62	None	None	0	3	3.092703752682003
166	62.6984	62.9365	64	None	None	0	4	4.549319927173077
167	62.9365	63.1746	65	None	None	0	5	5.0230421366813
168	63.1746	63.4127	64	None	None	0	4	5.3359103027599355
169	63.4127	63.6508	62	None	None	0	3	5.280159129051019
170	63.6508	63.8889	60	None	None	0	2	6.268250175328677
171	63.8889	64.1270	62	None	None	0	5	4.709297977291945
172	64.1270	65.0794	58	None	None	0	3	4.726439462567235
173	65.0794	65.3175	57	None	None	0	2	5.657281187122703
174	65.3175	65.5556	55	None	None	0	1	4.896717806841019
175	65.5556	65.7937	57	None	None	0	2	4.060098088531164
176	65.7937	66.0317	58	None	None	0	3	3.591425683191544
177	66.0317	66.2698	60	None	None	0	0	-1
178	66.2698	66.5079	61	None	None	0	0	-1
179	66.5079	66.7460	60	None	None	0	0	-1
180	66.7460	66.9841	56	None	None	0	0	-1
181	66.9841	67.2222	55	None	None	0	0	-1
182	67.2222	67.9365	55	None	None	0	0	-1
183	67.9365	68.8889	55	None	None	0	0	-1
184	71.6667	144.4444	56	None	None	0	1	1.3027481690482747
185	71.6667	144.4444	65	None	None	0	4	1.2430044343955993
186	71.6667	144.4444	67	None	None	0	5	1.3180373525556965
187	72.7778	146.1111	56	None	None	0	1	0.9542185452162456
188	72.7778	146.1111	65	None	None	0	4	0.8059059633027453
189	72.7778	146.1111	67	None	None	0	5	0.7432830930537292
190	73.8889	148.8889	58	None	None	0	1	0.5563974442988169
191	73.8889	148.8889	65	None	None	0	4	0.8167185452162482
192	73.8889	148.8889	67	None	None	0	5	0.7331913499344673
193	75.0000	150.5556	60	None	None	0	2	0.8414523263433793
194	75.0000	150.5556	65	None	None	0	4	1.0170748689383957
195	75.0000	150.5556	67	None	None	0	5	1.055189220183482
196	76.1111	153.3333	61	None	None	0	2	1.0575319462647408
197	76.1111	153.3333	65	None	None	0	4	1.097612221494098
198	76.1111	153.3333	67	None	None	0	5	1.1088753276539938
199	77.2222	155.0000	58	None	None	0	1	0.9219896788990783
200	77.2222	155.0000	61	None	None	0	2	1.1924025229357718
201	77.2222	155.0000	67	None	None	0	5	1.1182950077445406
202	78.3333	157.7778	58	None	None	0	1	0.8726159448349748
203	78.3333	157.7778	62	None	None	0	3	1.1601323275348507
204	78.3333	157.7778	67	None	None	0	5	1.0961616078875254
205	79.4444	159.4444	60	None	None	0	2	1.306732917312049
206	79.4444	159.4444	65	None	None	0	4	1.2954698111521539
207	79.4444	159.4444	67	None	None	0	5	1.2155536102075226
208	80.5556	162.2222	58	None	None	0	1	0.9819053993219944
209	80.5556	162.2222	63	None	None	0	3	1.0088991289349465
210	80.5556	162.2222	67	None	None	0	5	1.8391072046786578
211	81.6667	163.8889	56	None	None	0	1	1.5105114596470408
212	81.6667	163.8889	61	None	None	0	2	1.5105114596470408
213	81.6667	163.8889	65	None	None	0	4	1.5105114596470408
214	81.6667	163.8889	67	None	None	0	5	1.5105114596470408
215	83.3333	167.7778	60	None	None	0	1	1.5105114596470408
216	83.3333	167.7778	62	None	None	0	2	1.5105114596470408
217	83.3333	167.7778	67	None	None	0	3	1.5105114596470408
218	85.0000	170.5556	71	None	None	0	3	1.5105114596470408
219	85.0000	170.5556	74	None	None	0	4	1.5105114596470408
220	85.0000	170.5556	79	None	None	0	0	1.5105114596470408
