0	0.0000	0.5000	50	None	None	1	-5	3.3636155345976797
1	0.5000	0.7500	54	None	None	1	-4	3.7623558839120057
2	0.7500	1.0000	56	None	None	1	-3	4.635274943310658
3	1.0000	1.2500	57	None	None	1	-2	5.088591269841266
4	1.2500	1.5000	55	None	None	1	-1	7.326133786848071
5	1.5000	2.0000	54	None	None	1	-2	10.192006802721082
6	2.0000	2.5000	59	None	None	1	-1	10.029398577612858
7	2.5000	2.7500	57	None	None	1	-2	9.954100958565236
8	2.7500	3.0000	55	None	None	1	-1	7.142224541331683
9	3.0000	3.2500	54	None	None	1	-2	6.080470951006661
10	3.2500	3.5000	52	None	None	1	-1	2.186995378959659
11	3.5000	3.7500	50	None	None	1	-2	1.5949035422249667
12	3.7500	4.0000	48	None	None	1	0	-1
13	4.0000	4.5000	47	None	None	1	0	-1
14	4.5000	5.0000	49	None	None	1	0	-1
15	5.0000	5.5000	50	None	None	1	0	-1
16	5.5000	6.0000	48	None	None	1	0	-1
17	6.0000	6.5000	47	None	None	1	0	-1
18	6.5000	7.0000	49	None	None	1	0	-1
19	7.5000	7.7500	50	None	None	1	-5	5.1006931560503075
20	8.0000	8.5000	69	None	None	1	-1	2.9494872191300865
21	8.5000	8.7500	64	None	None	1	-4	2.271860612932057
22	8.7500	9.0000	66	None	None	1	-3	2.4600563457706484
23	9.0000	9.2500	67	None	None	1	-2	3.3737001943634644
24	9.2500	9.5000	66	None	None	1	-3	5.1747853903466225
25	9.5000	10.0000	64	None	None	1	-4	5.080681081956592
26	10.0000	10.5000	69	None	None	1	-1	4.785187884677686
27	10.5000	10.7500	64	None	None	1	-2	4.570391966310338
28	10.7500	11.0000	66	None	None	1	-1	3.655085843861364
29	11.0000	11.2500	64	None	None	1	-2	3.4023492946962417
30	11.2500	11.5000	62	None	None	1	-3	3.9783130135171056
31	11.5000	11.7500	61	None	None	1	-4	3.5175188473658014
32	11.7500	12.0000	58	None	None	1	-5	2.637999896928475
33	12.0000	12.2500	62	None	None	1	-3	2.6003723459080694
34	12.2500	12.5000	57	None	None	1	-5	2.4894029581529633
35	12.5000	12.7500	62	None	None	1	-3	2.45164785611215
36	12.7500	13.0000	64	None	None	1	-2	2.327992939600086
37	13.0000	13.2500	61	None	None	1	-3	2.3127447948876543
38	13.2500	13.5000	58	None	None	1	-5	1.7999999999999945
39	13.5000	13.7500	61	None	None	1	-3	2.3156771799628846
40	13.7500	14.0000	64	None	None	1	-2	2.287430426716131
41	14.2500	14.5000	57	None	None	1	-5	2.496486549165116
42	14.5000	14.7500	62	None	None	1	-3	3.317915120593688
43	14.7500	15.0000	64	None	None	1	-2	3.4469967532467507
44	15.0000	15.2500	61	None	None	1	-3	4.002065295815293
45	15.2500	15.5000	57	None	None	1	-5	5.000152030509174
46	15.5000	15.7500	63	None	None	1	-4	3.633098845598849
47	15.7500	16.0000	64	None	None	1	-3	3.163711090496812
48	16.0000	16.2500	61	None	None	1	-5	2.5426209877890575
49	16.2500	16.5000	63	None	None	1	-4	2.470908969648467
50	16.5000	16.7500	64	None	None	1	-3	2.0882559084239767
51	16.7500	17.0000	61	None	None	1	-4	2.962207155589512
52	17.0000	17.2500	63	None	None	1	-3	2.827966148580646
53	17.2500	17.5000	64	None	None	1	-2	2.3835783934786066
54	17.5000	17.7500	61	None	None	1	-3	2.92815167733761
55	17.7500	18.0000	59	None	None	1	-4	2.9606707455709618
56	18.5000	18.7500	57	None	None	1	-5	3.582327741702749
57	18.7500	19.0000	59	None	None	1	-4	4.002856369820658
58	19.0000	39.0000	60	None	None	1	-3	3.974412492269638
59	19.0000	39.0000	60	None	None	1	-2	3.10619159279874
60	20.5000	20.7500	55	None	None	1	-4	3.262764764996912
61	20.7500	21.0000	57	None	None	1	-3	3.609339109020236
62	21.0000	21.2500	58	None	None	1	-2	3.217105548929527
63	21.2500	21.5000	56	None	None	1	-3	3.2171055489295255
64	21.5000	22.0000	55	None	None	1	-4	2.643409403804811
65	22.0000	45.0000	54	None	None	1	-5	2.9876640555211957
66	22.0000	45.0000	60	None	None	1	-4	2.8513041769738177
67	23.2500	47.2500	63	None	None	1	-3	3.381907832577477
68	23.2500	46.7500	63	None	None	1	-2	3.2049477556174013
69	23.5000	23.7500	58	None	None	1	-4	2.903445488043706
70	23.7500	24.0000	60	None	None	1	-3	3.3205373247784022
71	24.0000	24.2500	61	None	None	1	-2	3.4738789897272055
72	24.2500	24.5000	59	None	None	1	-3	4.005001438706794
73	24.5000	25.0000	58	None	None	1	-4	3.196340853260494
74	25.0000	25.5000	57	None	None	1	-5	3.282445384358652
75	25.5000	26.0000	66	None	None	1	-2	2.775569224803922
76	26.0000	26.5000	61	None	None	1	-4	2.6624409179256165
77	26.5000	27.0000	63	None	None	1	-3	3.1897677577524557
78	27.0000	27.5000	64	None	None	1	-2	3.5106010910857903
79	27.5000	27.7500	63	None	None	1	-3	4.26817298347911
80	27.7500	28.0000	64	None	None	1	-2	3.72359969962011
81	28.0000	28.2500	61	None	None	1	-3	3.9281644800777533
82	28.2500	28.5000	56	None	None	1	-5	3.503822665429811
83	28.5000	29.0000	61	None	None	1	-4	2.5536912492269632
84	29.0000	29.5000	63	None	None	1	-3	3.2328038033395106
85	29.5000	30.0000	64	None	None	1	-2	6.0300818559747125
86	30.0000	30.2500	63	None	None	1	-3	7.142296691403833
87	30.2500	30.5000	64	None	None	1	-1	6.60459011887584
88	30.5000	31.0000	61	None	None	1	-2	6.966606971071256
89	31.0000	31.5000	56	None	None	1	-4	7.144847711811993
90	31.5000	32.0000	61	None	None	1	-2	7.022313698206553
91	32.0000	34.0000	62	None	None	1	-1	6.931752473716755
92	32.5000	32.7500	66	None	None	1	-4	2.6581619769119693
93	32.7500	33.0000	68	None	None	1	-3	2.6482477839620673
94	33.0000	33.5000	69	None	None	1	-2	2.1952149041434783
95	33.5000	33.7500	66	None	None	1	-3	2.734853960523598
96	33.7500	34.0000	68	None	None	1	-2	2.522686366213149
97	34.0000	69.0000	62	None	None	1	-5	2.338885345804986
98	34.0000	68.2500	69	None	None	1	-1	3.248861381673885
99	34.2500	34.5000	68	None	None	1	-2	2.8658434901738468
100	34.5000	34.7500	66	None	None	1	-3	3.0110455103758653
101	34.7500	35.0000	64	None	None	1	-4	3.033650385659312
102	35.0000	35.5000	66	None	None	1	-3	3.125190789699718
103	35.5000	36.5000	62	None	None	1	-5	3.2689804078196913
104	36.0000	36.2500	66	None	None	1	-4	3.1341566171923283
105	36.2500	36.5000	68	None	None	1	-3	3.48202303648732
106	36.5000	36.7500	69	None	None	1	-2	3.1615014945372053
107	36.7500	37.0000	68	None	None	1	-3	2.803720882292312
108	37.0000	37.2500	66	None	None	1	-4	2.6712095444238377
109	37.2500	37.5000	64	None	None	1	-5	2.6811237373737398
110	37.5000	37.7500	66	None	None	1	-4	3.1341566171923283
111	37.7500	38.0000	68	None	None	1	-3	6.645288342609788
112	38.0000	38.2500	69	None	None	1	-1	6.85702174809318
113	38.2500	38.5000	68	None	None	1	-2	6.571109049680478
114	38.5000	38.7500	66	None	None	1	-3	6.81875681008334
115	38.7500	39.0000	64	None	None	1	-5	7.195288342609796
116	39.0000	39.2500	66	None	None	1	-4	7.195288342609796
117	39.2500	39.5000	68	None	None	1	-3	7.195288342609794
118	39.5000	39.7500	69	None	None	1	-2	7.195288342609795
119	39.7500	40.0000	70	None	None	1	-1	4.032023036487327
120	40.0000	40.2500	69	None	None	1	-2	3.4820230364873206
121	40.2500	40.5000	68	None	None	1	-3	3.1554924242424214
122	40.5000	40.7500	66	None	None	1	-4	3.740101267779838
123	40.7500	41.0000	64	None	None	1	-5	3.75001546072974
124	41.0000	41.2500	66	None	None	1	-4	4.2785018552875576
125	41.2500	41.5000	68	None	None	1	-3	4.387847866419282
126	41.5000	41.7500	69	None	None	1	-2	5.003231292516992
127	41.7500	42.0000	68	None	None	1	-3	4.668055555555546
128	42.0000	42.2500	69	None	None	1	-1	3.9293509070294714
129	42.2500	42.5000	67	None	None	1	-2	3.866038666548862
130	42.5000	42.7500	66	None	None	1	-3	4.059349324145233
131	42.7500	43.0000	68	None	None	1	-1	3.919530214683275
132	43.0000	43.2500	67	None	None	1	-2	3.369530214683273
133	43.2500	43.5000	65	None	None	1	-3	4.252183275907766
134	43.5000	43.7500	64	None	None	1	-4	7.071712754365821
135	43.7500	44.0000	66	None	None	1	-3	7.043213475866535
136	44.0000	44.2500	65	None	None	1	-4	6.384086491739548
137	44.2500	44.5000	63	None	None	1	-5	6.445493197278906
138	44.5000	44.7500	64	None	None	1	-4	5.724631519274368
139	44.7500	45.0000	65	None	None	1	-3	5.622448979591823
140	45.0000	45.2500	66	None	None	1	-2	5.038775510204065
141	45.2500	45.5000	67	None	None	1	-1	4.902040816326519
142	45.5000	45.7500	68	None	None	1	-3	1.7533030744765123
143	45.7500	46.0000	64	None	None	1	-5	1.9208909429572418
144	46.0000	46.2500	68	None	None	1	-3	2.4032657110462985
145	46.2500	46.5000	71	None	None	1	-2	2.9195922416585445
146	46.5000	46.7500	67	None	None	1	-3	6.113469792678957
147	46.7500	47.0000	63	None	None	1	-5	6.322363945578222
148	47.0000	47.2500	67	None	None	1	-3	6.3310374149659765
149	47.2500	47.5000	70	None	None	1	-2	6.520323129251698
150	47.5000	47.7500	64	None	None	1	-4	5.740974584278151
151	47.7500	48.0000	65	None	None	1	-3	5.601688869992434
152	48.0000	48.2500	66	None	None	1	-2	5.903219482237339
153	48.2500	48.5000	67	None	None	1	-1	5.403219482237341
154	48.5000	48.7500	68	None	None	1	-3	2.023159528963086
155	48.7500	49.0000	64	None	None	1	-5	2.22660340651411
156	49.0000	49.2500	68	None	None	1	-2	3.712192595292104
157	49.2500	49.5000	71	None	None	1	-1	6.067774470899474
158	49.7500	50.0000	63	None	None	1	-5	5.2700770459699005
159	50.0000	50.2500	67	None	None	1	-3	5.441505617398474
160	50.2500	50.5000	70	None	None	1	-2	6.396097454133171
161	50.5000	50.7500	69	None	None	1	-1	3.9593627602556225
162	50.7500	51.0000	67	None	None	1	-2	3.989972428365288
163	51.0000	51.2500	65	None	None	1	-3	4.8726254895897805
164	51.2500	51.5000	63	None	None	1	-4	5.033821634714493
165	51.5000	105.0000	62	None	None	1	-5	4.874546485260759
166	51.5000	103.2500	66	None	None	1	-4	4.596626984126974
167	51.7500	52.0000	68	None	None	1	-3	4.770513811585232
168	52.0000	52.2500	69	None	None	1	-2	4.781009070294769
169	52.2500	52.5000	66	None	None	1	-5	3.6044140383426075
170	52.5000	52.7500	68	None	None	1	-4	3.369068233353948
171	52.7500	53.0000	69	None	None	1	-3	3.277756460711006
172	53.0000	53.2500	66	None	None	1	-5	3.401021696557403
173	53.2500	53.5000	68	None	None	1	-4	3.36984255823541
174	53.5000	53.7500	69	None	None	1	-3	3.4315772521129606
175	53.7500	54.0000	66	None	None	1	-5	2.946733920841056
176	54.0000	54.2500	68	None	None	1	-4	2.672357503607502
177	54.2500	54.5000	69	None	None	1	-3	2.672357503607502
178	55.2500	55.5000	66	None	None	1	-4	2.672357503607502
179	55.5000	55.7500	68	None	None	1	-3	2.672357503607502
180	55.7500	56.0000	69	None	None	1	-2	2.672357503607502
181	56.2500	56.5000	68	None	None	1	-3	2.672357503607502
182	56.5000	56.7500	69	None	None	1	-2	2.672357503607502
183	57.2500	57.5000	69	None	None	1	-2	2.672357503607502
184	57.5000	118.0000	62	None	None	1	-5	2.672357503607502
185	57.5000	118.0000	66	None	None	1	0	2.672357503607502
