0	0.0000	0.5000	74	None	None	0	4	1.8460634253701462
1	0.5000	0.7500	69	None	None	0	2	2.192738762171535
2	0.7500	1.0000	71	None	None	0	4	2.526187141523273
3	1.0000	1.2500	72	None	None	0	5	5.309860610911034
4	1.2500	1.5000	71	None	None	0	4	5.125053354675212
5	1.5000	2.0000	69	None	None	0	3	5.344951313858885
6	2.2500	2.5000	74	None	None	0	5	5.513633786848077
7	2.5000	2.7500	72	None	None	0	4	5.4308673469387845
8	2.7500	3.0000	71	None	None	0	3	5.483021541950122
9	3.0000	3.2500	69	None	None	0	2	5.359366625438062
10	3.2500	3.5000	67	None	None	0	1	5.2083462172748005
11	3.5000	3.7500	66	None	None	0	2	2.301530612244905
12	3.7500	4.0000	63	None	None	0	1	2.3474489795918423
13	4.0000	4.2500	67	None	None	0	3	2.0880952380952458
14	4.2500	4.5000	62	None	None	0	1	2.0880952380952458
15	4.5000	4.7500	67	None	None	0	2	1.4994331065759712
16	4.7500	5.0000	69	None	None	0	3	1.3992475778190183
17	5.0000	5.2500	66	None	None	0	2	1.3992475778190183
18	5.2500	5.5000	63	None	None	0	1	2.954235613164187
19	5.5000	5.7500	66	None	None	0	3	3.054632438561015
20	5.7500	6.0000	69	None	None	0	4	3.099842189127909
21	6.2500	6.5000	62	None	None	0	1	3.692741848991853
22	6.5000	6.7500	67	None	None	0	2	3.4717655039083586
23	6.7500	7.0000	69	None	None	0	3	3.399826728398159
24	7.0000	7.2500	66	None	None	0	2	3.769074048538344
25	7.2500	7.5000	64	None	None	0	1	3.6517271097628368
26	9.0000	9.5000	81	None	None	0	5	3.0688562925170224
27	9.5000	9.7500	76	None	None	0	3	3.183085317460328
28	9.7500	10.0000	78	None	None	0	4	3.5182610544217745
29	10.0000	10.2500	79	None	None	0	5	2.8321641156462682
30	10.2500	10.5000	78	None	None	0	4	2.0235035301999726
31	10.5000	10.7500	76	None	None	0	3	2.234104437229446
32	10.7500	11.0000	74	None	None	0	2	2.0713493351886214
33	11.0000	11.5000	76	None	None	0	3	2.0476342936164382
34	11.5000	11.7500	81	None	None	0	5	2.0449769806912617
35	11.7500	12.0000	79	None	None	0	4	2.437210540781966
36	12.0000	12.2500	78	None	None	0	3	2.228026867312579
37	12.2500	12.5000	76	None	None	0	2	2.8987302875695673
38	12.5000	12.7500	78	None	None	0	4	5.636990808228057
39	12.7500	13.0000	80	None	None	0	5	5.5892502834467175
40	13.0000	13.5000	76	None	None	0	3	5.621563208616791
41	13.5000	13.7500	81	None	None	0	5	6.063293650793655
42	13.7500	14.0000	79	None	None	0	4	6.1897108843537465
43	14.0000	14.2500	78	None	None	0	3	5.8325680272108915
44	14.2500	14.5000	76	None	None	0	2	6.348894557823132
45	14.5000	14.7500	74	None	None	0	1	6.027465986394553
46	14.7500	15.0000	73	None	None	0	4	2.954856386999245
47	15.0000	15.5000	69	None	None	0	1	3.3909863945578183
48	15.5000	15.7500	74	None	None	0	3	3.685204081632644
49	15.7500	16.0000	73	None	None	0	2	3.210204081632647
50	16.0000	16.2500	69	None	None	0	1	3.001020408163263
51	16.2500	16.5000	74	None	None	0	3	2.807653061224485
52	16.5000	16.7500	73	None	None	0	2	2.54534632034632
53	16.7500	17.0000	69	None	None	0	1	2.8950396825396827
54	17.0000	17.2500	74	None	None	0	5	3.2760487528344706
55	17.2500	17.5000	73	None	None	0	4	2.5462378890950395
56	17.5000	17.7500	69	None	None	0	2	3.1299113584827927
57	17.7500	18.0000	74	None	None	0	4	3.374508529865682
58	18.0000	18.5000	69	None	None	0	2	3.2209884977742207
59	19.0000	19.5000	72	None	None	0	3	3.520805476162628
60	19.5000	19.7500	67	None	None	0	1	3.688605929677365
61	19.7500	20.0000	69	None	None	0	2	3.3068755675898553
62	20.0000	20.2500	70	None	None	0	3	2.831960601603459
63	20.2500	20.5000	68	None	None	0	2	2.954931110543353
64	20.5000	21.0000	67	None	None	0	1	2.7996476764333904
65	22.2500	45.2500	75	None	None	0	3	2.7942364210221364
66	22.2500	44.7500	75	None	None	0	4	2.7143574348931523
67	22.5000	22.7500	70	None	None	0	2	2.8840109212877088
68	22.7500	23.0000	72	None	None	0	3	3.1318379371950815
69	23.0000	23.5000	73	None	None	0	4	3.5278129938844254
70	23.5000	24.0000	71	None	None	0	3	3.576011818868961
71	24.0000	24.5000	70	None	None	0	1	2.942187177901467
72	24.5000	25.0000	78	None	None	0	4	2.836710643853505
73	25.0000	25.5000	73	None	None	0	2	2.8559897443826077
74	25.5000	26.0000	75	None	None	0	3	3.226694560399921
75	26.0000	26.5000	76	None	None	0	4	3.3367309360612962
76	26.5000	26.7500	75	None	None	0	3	3.8582020244966695
77	26.7500	27.0000	76	None	None	0	4	3.3047172972724477
78	27.0000	27.2500	73	None	None	0	3	3.3675996598134317
79	27.2500	27.5000	68	None	None	0	1	2.744867233509571
80	27.5000	28.0000	73	None	None	0	2	2.026220841872108
81	28.0000	28.5000	75	None	None	0	3	2.0208095864608517
82	28.5000	29.0000	76	None	None	0	4	2.2318427497261624
83	29.0000	29.2500	75	None	None	0	3	2.191309869907567
84	29.2500	29.5000	76	None	None	0	5	1.7094475290116065
85	30.0000	30.5000	68	None	None	0	2	1.7430909863945632
86	30.5000	31.5000	73	None	None	0	4	1.766215513983374
87	31.5000	32.0000	76	None	None	0	5	2.0241874527588823
88	32.0000	34.0000	74	None	None	0	4	2.326247165532875
89	32.5000	32.7500	69	None	None	0	2	2.394529478458048
90	32.7500	33.0000	71	None	None	0	3	2.894529478458046
91	33.0000	33.5000	72	None	None	0	4	3.4158446712018122
92	33.5000	33.7500	69	None	None	0	2	3.3256330309901716
93	33.7500	34.0000	71	None	None	0	3	3.6742724867724816
94	34.0000	68.2500	72	None	None	0	4	3.5064720332577455
95	34.0000	69.0000	74	None	None	0	5	3.742937452758885
96	34.2500	34.5000	71	None	None	0	3	3.7572373393802043
97	34.5000	34.7500	69	None	None	0	2	3.785922146636435
98	34.7500	35.0000	67	None	None	0	1	3.567554799697655
99	35.0000	35.5000	69	None	None	0	2	3.0366449357520753
100	35.5000	72.0000	74	None	None	0	3	3.2093348450491286
101	35.5000	71.5000	74	None	None	0	4	3.304535147392288
102	36.0000	36.2500	69	None	None	0	2	3.3493480725623583
103	36.2500	36.5000	71	None	None	0	3	3.4015022675736915
104	36.5000	73.2500	72	None	None	0	4	3.349348072562354
105	36.5000	75.0000	74	None	None	0	5	3.2848072562358293
106	36.7500	37.0000	71	None	None	0	3	3.550113378684813
107	37.0000	37.2500	69	None	None	0	2	4.09333900226757
108	37.2500	37.5000	67	None	None	0	1	3.6001133786848123
109	37.5000	37.7500	69	None	None	0	3	2.2335034013605424
110	37.7500	38.0000	71	None	None	0	4	5.092606090055067
111	38.0000	38.2500	72	None	None	0	5	5.524437155814706
112	38.2500	38.5000	71	None	None	0	3	4.524437155814706
113	38.5000	38.7500	69	None	None	0	2	4.524437155814705
114	38.7500	39.0000	67	None	None	0	1	4.524437155814705
115	39.0000	39.2500	69	None	None	0	2	4.524437155814705
116	39.2500	39.5000	71	None	None	0	3	4.524437155814705
117	39.5000	39.7500	72	None	None	0	4	4.524437155814705
118	39.7500	40.0000	73	None	None	0	5	4.019168083900226
119	40.0000	40.2500	72	None	None	0	4	6.879908630118712
120	40.2500	40.5000	71	None	None	0	3	6.967918834200351
121	40.5000	40.7500	69	None	None	0	2	8.256228324663205
122	40.7500	41.0000	67	None	None	0	1	8.451834066960116
123	41.0000	41.2500	69	None	None	0	2	7.966374883286645
124	41.2500	41.5000	71	None	None	0	1	8.45183406696013
125	41.5000	41.7500	72	None	None	0	2	7.966374883286656
126	42.0000	42.2500	73	None	None	0	3	9.231590544019035
127	42.7500	43.0000	74	None	None	0	1	8.319669392579733
128	43.0000	43.2500	76	None	None	0	2	11.249261229314428
129	43.2500	43.5000	77	None	None	0	1	11.06312961354756
130	43.5000	43.7500	79	None	None	0	2	11.67333369518021
131	43.7500	44.0000	81	None	None	0	1	10.455731654363877
132	44.0000	44.2500	83	None	None	0	3	9.835740821151155
133	44.2500	44.5000	84	None	None	0	4	10.632226081922136
134	46.5000	47.5000	85	None	None	0	5	11.256976407584315
135	48.7500	49.0000	62	None	None	0	1	10.46311069882499
136	49.0000	49.2500	60	None	None	0	4	4.655031179138322
137	49.2500	49.5000	59	None	None	0	3	5.00401077097506
138	49.5000	50.0000	57	None	None	0	2	4.980541383219955
139	50.0000	50.5000	55	None	None	0	1	4.838818027210885
140	50.5000	51.0000	53	None	None	0	4	2.170239813096951
141	51.0000	51.5000	51	None	None	0	3	2.326470487184766
142	52.2500	52.5000	50	None	None	0	2	2.437260358688924
143	53.2500	53.5000	52	None	None	0	3	2.8789115646258434
144	53.5000	53.7500	53	None	None	0	4	2.826757369614503
145	53.7500	54.0000	50	None	None	0	2	2.5972789115646187
146	54.0000	54.2500	52	None	None	0	3	2.8789115646258434
147	54.2500	54.5000	53	None	None	0	4	2.826757369614503
148	54.5000	54.7500	50	None	None	0	2	2.5972789115646187
149	54.7500	55.0000	52	None	None	0	3	2.8789115646258434
150	55.0000	55.2500	53	None	None	0	4	2.826757369614503
151	55.2500	55.5000	50	None	None	0	2	2.5972789115646187
152	55.5000	55.7500	52	None	None	0	3	2.5972789115646187
153	55.7500	56.0000	53	None	None	0	4	2.5972789115646187
154	56.0000	56.2500	50	None	None	0	2	2.5972789115646187
155	56.2500	56.5000	52	None	None	0	3	2.5972789115646187
156	56.5000	56.7500	53	None	None	0	4	2.5972789115646187
157	56.7500	57.0000	50	None	None	0	2	2.5972789115646187
158	57.0000	57.2500	52	None	None	0	3	2.5972789115646187
159	57.2500	57.5000	53	None	None	0	4	2.5972789115646187
160	57.5000	60.5000	50	None	None	0	0	2.5972789115646187
