0	0.0000	0.1724	73	None	None	0	3	7.771096646848227
1	0.1724	0.3448	76	None	None	0	4	8.482694999269368
2	0.3448	0.5172	73	None	None	0	3	10.13221004118947
3	0.5172	0.6897	77	None	None	0	5	13.90289833232873
4	0.6897	0.8621	74	None	None	0	4	14.891998191681733
5	0.8621	1.0345	72	None	None	0	3	14.590461121157325
6	1.0345	1.2069	71	None	None	0	2	15.069349967296374
7	1.2069	1.3793	69	None	None	0	1	14.493953141899546
8	1.3793	1.5517	67	None	None	0	4	7.986944946755087
9	1.5517	1.7241	65	None	None	0	3	7.714093348464535
10	1.7241	1.8966	64	None	None	0	2	8.351836969119548
11	1.8966	2.0690	62	None	None	0	1	7.709431905828406
12	2.0690	2.2414	60	None	None	0	2	3.2388170776186347
13	3.1034	3.2759	60	None	None	0	2	3.278147999860948
14	3.2759	3.4483	62	None	None	0	3	3.1419911136683356
15	3.4483	3.6207	64	None	None	0	4	3.674605362084945
16	3.6207	4.1379	67	None	None	0	5	3.0387554525008507
17	4.4828	4.6552	63	None	None	0	3	3.378615288685723
18	4.6552	4.8276	64	None	None	0	4	3.346567870562363
19	4.8276	5.0000	62	None	None	0	3	3.107071472543732
20	5.0000	5.1724	60	None	None	0	2	3.0077244763612994
21	5.1724	5.6897	57	None	None	0	1	3.2699306246433957
22	6.0345	6.2069	61	None	None	0	3	3.407572619461795
23	6.2069	6.3793	60	None	None	0	2	3.479023794868669
24	6.3793	6.5517	62	None	None	0	3	4.610860252705096
25	6.5517	6.7241	64	None	None	0	4	8.555189155527705
26	6.7241	7.0690	67	None	None	0	5	10.47036648135688
27	7.0690	7.2414	63	None	None	0	4	9.479505356048074
28	7.2414	7.4138	65	None	None	0	0	-1
29	7.4138	7.5862	64	None	None	0	0	-1
30	7.5862	7.7586	62	None	None	0	0	-1
31	7.7586	7.9310	60	None	None	0	0	-1
32	7.9310	8.1034	59	None	None	0	0	-1
33	8.1034	8.2759	57	None	None	0	0	-1
34	8.2759	9.3103	56	None	None	0	0	-1
35	9.6552	9.8276	61	None	None	0	0	-1
36	10.8621	11.0345	74	None	None	0	0	-1
37	11.0345	11.2069	72	None	None	0	0	-1
38	11.2069	11.3793	71	None	None	0	0	-1
39	11.3793	11.8966	70	None	None	0	0	-1
40	11.8966	12.2414	75	None	None	0	0	-1
41	12.4138	12.5862	74	None	None	0	0	-1
42	12.5862	12.7586	72	None	None	0	0	-1
43	12.7586	12.9310	71	None	None	0	5	13.994183270169016
44	12.9310	13.4483	70	None	None	0	1	9.47768236600988
45	13.4483	13.7931	65	None	None	0	2	6.615872545023285
46	13.9655	14.1379	64	None	None	0	1	7.1432145192219165
47	14.1379	14.3103	66	None	None	0	2	8.205136177029654
48	14.3103	14.4828	68	None	None	0	3	7.9939729222166775
49	14.4828	15.0000	69	None	None	0	1	3.984335868211211
50	15.1724	15.3448	71	None	None	0	3	3.424574404342042
51	15.3448	15.5172	73	None	None	0	4	4.078086811414577
52	15.5172	15.6897	74	None	None	0	5	3.977971449824208
53	15.6897	15.8621	72	None	None	0	4	8.365175544587181
54	15.8621	16.0345	71	None	None	0	3	9.05413681048325
55	16.0345	16.2069	69	None	None	0	2	8.838168299466645
56	17.0690	17.2414	74	None	None	0	5	9.411986331257868
57	17.2414	17.4138	73	None	None	0	4	9.09922391604734
58	17.4138	17.5862	71	None	None	0	3	9.361430064329435
59	17.5862	17.7586	69	None	None	0	2	10.756507116585976
60	17.7586	17.9310	67	None	None	0	1	13.832044892539251
61	17.9310	18.1034	65	None	None	0	4	8.917475223509118
62	18.1034	18.2759	64	None	None	0	3	8.731660419544964
63	18.6207	18.7931	69	None	None	0	5	9.37343010899913
64	18.7931	18.9655	68	None	None	0	4	9.06066769378861
65	18.9655	19.1379	66	None	None	0	3	9.238848690007583
66	19.1379	19.3103	64	None	None	0	2	10.756507116585986
67	19.3103	19.4828	62	None	None	0	1	13.832044892539205
68	19.4828	19.6552	60	None	None	0	4	10.336666001085943
69	19.6552	19.8276	59	None	None	0	3	10.129695935608888
70	20.1724	20.3448	64	None	None	0	5	10.359656302177791
71	20.3448	20.5172	63	None	None	0	4	9.941036902941308
72	20.5172	20.6897	61	None	None	0	3	9.840583896161114
73	20.6897	20.8621	59	None	None	0	2	12.190779645921499
74	20.8621	21.0345	57	None	None	0	1	11.866597498954542
75	21.0345	21.2069	55	None	None	0	3	5.726876658086549
76	21.2069	21.7241	54	None	None	0	1	4.121248039166787
77	21.8966	22.0690	56	None	None	0	2	4.094735448059926
78	22.0690	22.2414	58	None	None	0	3	4.352306639175424
79	22.2414	22.4138	57	None	None	0	1	4.24608247323558
80	24.8276	25.0000	63	None	None	0	2	8.907058434708755
81	25.0000	25.1724	66	None	None	0	5	8.739537292667173
82	25.1724	25.3448	63	None	None	0	3	9.007590453252483
83	25.3448	25.5172	67	None	None	0	5	9.487879938217988
84	25.5172	25.6897	64	None	None	0	3	8.974289478724012
85	25.6897	25.8621	62	None	None	0	2	9.612033099379019
86	25.8621	26.0345	60	None	None	0	1	9.331472520717174
87	26.0345	26.2069	59	None	None	0	2	4.993854477719383
88	26.2069	26.3793	57	None	None	0	1	4.713293899057536
89	26.8966	27.0690	68	None	None	0	3	4.064052476345527
90	27.0690	27.2414	71	None	None	0	4	4.363404495634253
91	27.2414	27.4138	67	None	None	0	2	4.643965074296096
92	27.9310	28.1034	70	None	None	0	3	9.386652350813725
93	28.1034	28.2759	71	None	None	0	5	10.701689019489637
94	28.2759	28.4483	67	None	None	0	3	10.372739488008461
95	28.4483	28.6207	72	None	None	0	5	10.819400378102893
96	28.6207	28.7931	69	None	None	0	4	10.923554487003845
97	28.7931	28.9655	67	None	None	0	3	10.650702888713294
98	28.9655	29.1379	65	None	None	0	2	10.548442490883275
99	29.1379	29.3103	64	None	None	0	1	10.64283670426483
100	29.3103	29.4828	62	None	None	0	3	4.651426216018903
101	29.4828	29.6552	61	None	None	0	2	4.60816220155236
102	29.6552	29.8276	63	None	None	0	3	4.38697756011965
103	29.8276	30.0000	64	None	None	0	4	3.51894625876948
104	30.0000	30.5172	67	None	None	0	5	3.619895625858096
105	30.8621	31.0345	63	None	None	0	3	3.8927472241486467
106	31.0345	31.2069	57	None	None	0	2	3.470231150208535
107	31.2069	31.3793	59	None	None	0	3	3.461471414081567
108	31.3793	31.5517	60	None	None	0	4	3.394463176187253
109	31.5517	32.0690	64	None	None	0	5	2.8256215044974917
110	32.4138	32.5862	61	None	None	0	4	3.1579986022294886
111	32.5862	32.7586	53	None	None	0	1	3.130602787168375
112	32.7586	32.9310	55	None	None	0	2	2.5529480754946623
113	32.9310	33.1034	57	None	None	0	3	2.5127977590389774
114	33.1034	33.2759	59	None	None	0	4	4.119804321237322
115	33.6207	33.7931	55	None	None	0	1	3.876188808594233
116	33.7931	33.9655	57	None	None	0	2	3.206397769815862
117	33.9655	34.1379	59	None	None	0	3	3.278270347961048
118	34.1379	34.3103	60	None	None	0	4	4.479011790820862
119	34.6552	34.8276	56	None	None	0	1	5.663590454200972
120	34.8276	35.0000	58	None	None	0	2	7.612984481960015
121	35.0000	35.1724	60	None	None	0	1	8.12054898554757
122	35.1724	35.3448	61	None	None	0	2	6.909957765937386
123	35.6897	35.8621	57	None	None	0	1	7.090233648123934
124	35.8621	36.0345	59	None	None	0	2	7.2636902987166865
125	36.0345	36.2069	61	None	None	0	3	7.352752495008904
126	36.2069	36.7241	62	None	None	0	4	6.751863405195786
127	36.8966	37.0690	64	None	None	0	1	4.637153644225447
128	37.0690	37.2414	66	None	None	0	2	4.292844195762514
129	37.2414	37.4138	67	None	None	0	3	3.599862511675115
130	37.4138	37.5862	69	None	None	0	4	3.505441812824034
131	37.5862	37.7586	71	None	None	0	5	3.9633192992616575
132	37.7586	37.9310	70	None	None	0	4	3.053063371996217
133	38.7931	38.9655	71	None	None	0	5	3.1597287954822564
134	38.9655	39.1379	69	None	None	0	4	3.205796959034579
135	39.1379	39.3103	68	None	None	0	3	2.5849219657247557
136	39.3103	39.8276	72	None	None	0	5	2.7058198573900567
137	40.0000	40.1724	70	None	None	0	4	3.47811890133279
138	40.1724	40.3448	68	None	None	0	3	3.5055313622895565
139	40.3448	40.5172	67	None	None	0	2	3.001585712299592
140	40.5172	40.6897	69	None	None	0	3	3.1146621137462556
141	40.6897	40.8621	71	None	None	0	4	2.7461168053275204
142	40.8621	41.3793	72	None	None	0	5	2.6219330600994883
143	41.5517	41.7241	70	None	None	0	4	2.7958657552012025
144	41.7241	41.8966	68	None	None	0	3	3.394232104042237
145	41.8966	42.0690	67	None	None	0	2	3.4656832794491095
146	42.0690	42.2414	69	None	None	0	3	8.777652085959133
147	42.2414	42.4138	71	None	None	0	4	9.518566542459038
148	42.4138	42.5862	72	None	None	0	5	9.243429960534769
149	42.9310	43.1034	72	None	None	0	5	9.43352941803929
150	43.1034	43.2759	70	None	None	0	4	9.474790468873126
151	43.2759	43.4483	68	None	None	0	3	9.831645973126488
152	43.4483	43.6207	67	None	None	0	2	9.410471854302795
153	43.6207	43.7931	65	None	None	0	1	8.582251987047512
154	43.7931	43.9655	63	None	None	0	4	2.2546080836874802
155	43.9655	44.1379	61	None	None	0	3	2.3950969460908995
156	45.0000	45.1724	66	None	None	0	5	2.856829020236914
157	45.1724	45.3448	64	None	None	0	4	7.225504815485467
158	45.3448	45.5172	62	None	None	0	3	6.968678620677509
159	45.5172	46.0345	60	None	None	0	2	6.8460972463556375
160	46.0345	46.2069	55	None	None	0	1	7.338722540586209
161	46.5517	46.7241	60	None	None	0	2	7.9014146080732734
162	46.7241	46.8966	62	None	None	0	1	7.9050931011083705
163	46.8966	47.0690	64	None	None	0	2	7.128962902193374
164	47.0690	47.5862	66	None	None	0	3	7.324690521971614
165	47.5862	47.7586	71	None	None	0	5	7.671678794421542
166	48.1034	48.2759	66	None	None	0	3	8.79116321707759
167	48.2759	48.4483	64	None	None	0	2	8.872483540565643
168	48.4483	48.6207	62	None	None	0	1	8.202666016317727
169	48.6207	48.9655	60	None	None	0	2	8.202666016317727
170	48.9655	49.1379	55	None	None	0	1	8.202666016317727
171	49.1379	49.3103	60	None	None	0	2	8.202666016317727
172	49.3103	49.4828	62	None	None	0	3	8.202666016317727
173	49.4828	49.6552	64	None	None	0	4	8.202666016317727
174	49.6552	49.8276	65	None	None	0	5	8.202666016317727
175	49.8276	50.0000	63	None	None	0	4	8.202666016317727
176	50.0000	50.1724	61	None	None	0	3	8.202666016317727
177	50.1724	50.3448	60	None	None	0	0	8.202666016317727
