0	0.0000	0.7143	76	None	None	0	4	5.8464240704471395
1	0.7143	0.9524	74	None	None	0	3	6.201590755430868
2	0.9524	1.1905	73	None	None	0	2	5.71946847630155
3	1.1905	1.4286	69	None	None	0	1	6.072754861278078
4	1.4286	1.9048	68	None	None	0	2	3.1578655252619803
5	1.9048	2.3810	69	None	None	0	5	5.104839432827778
6	2.3810	2.8571	66	None	None	0	2	7.481117537334411
7	2.8571	3.3333	64	None	None	0	1	7.375532480679837
8	4.2857	4.5238	63	None	None	0	3	6.557174243952482
9	4.5238	4.7619	61	None	None	0	1	5.9042030221918465
10	4.7619	5.0000	63	None	None	0	2	5.10244245881156
11	5.0000	5.2381	64	None	None	0	1	2.3998976444709665
12	5.2381	5.4762	66	None	None	0	2	2.7801206491658013
13	5.4762	5.7143	68	None	None	0	3	2.8933168719571007
14	5.7143	6.6667	69	None	None	0	4	6.449140068713404
15	6.6667	7.1429	64	None	None	0	1	6.274931923917027
16	7.1429	7.3810	66	None	None	0	2	6.662555329922783
17	7.3810	7.6190	63	None	None	0	1	6.7681891327396775
18	7.6190	7.8571	66	None	None	0	2	6.944597583443898
19	7.8571	8.0952	68	None	None	0	3	7.020675261634258
20	8.0952	8.3333	69	None	None	0	1	2.845310573505489
21	8.3333	8.5714	71	None	None	0	3	2.7890761613421238
22	8.5714	9.5238	73	None	None	0	4	6.521323432849949
23	9.5238	10.0000	68	None	None	0	2	6.7267018779342775
24	10.0000	10.2381	69	None	None	0	3	6.370296919256591
25	10.2381	10.4762	64	None	None	0	1	6.300121950202364
26	10.4762	10.7143	69	None	None	0	2	5.666506554029016
27	10.7143	10.9524	71	None	None	0	1	2.39185866670507
28	10.9524	11.1905	73	None	None	0	2	2.6591121878318287
29	11.1905	11.4286	75	None	None	0	3	2.9241570021724086
30	11.4286	11.9048	76	None	None	0	4	2.4103072369141962
31	11.9048	12.3810	72	None	None	0	2	2.3396286197567076
32	12.3810	12.8571	69	None	None	0	1	2.4952760026768193
33	14.2857	15.0000	71	None	None	0	3	2.3349876298533543
34	15.0000	15.2381	69	None	None	0	2	2.3349876298533547
35	15.2381	15.4762	71	None	None	0	3	2.3349876298533543
36	15.4762	15.7143	74	None	None	0	5	1.963802183843967
37	15.7143	15.9524	71	None	None	0	3	1.8119535922946746
38	15.9524	16.1905	69	None	None	0	2	2.8529758386800155
39	16.1905	16.6667	71	None	None	0	3	5.673634840210836
40	16.6667	17.1429	72	None	None	0	4	5.622686762946971
41	17.1429	17.8571	71	None	None	0	3	5.723082525954771
42	17.8571	18.0952	69	None	None	0	2	6.075510936574426
43	18.0952	18.3333	71	None	None	0	1	2.785885219307861
44	18.3333	18.5714	72	None	None	0	2	2.354662674487278
45	18.5714	20.0000	74	None	None	0	1	2.1933495666453178
46	20.9524	21.4286	75	None	None	0	4	2.3843773399300607
47	21.4286	22.1429	76	None	None	0	5	1.9994741709159745
48	22.1429	22.3810	74	None	None	0	4	2.1101880398998616
49	22.3810	22.6190	72	None	None	0	3	2.0881009720381507
50	22.6190	22.8571	69	None	None	0	2	2.620239256289106
51	22.8571	23.5714	76	None	None	0	5	2.600698257326211
52	23.5714	23.8095	75	None	None	0	4	2.2757935080793583
53	23.8095	24.0476	73	None	None	0	3	2.3349552969946674
54	24.0476	24.2857	67	None	None	0	1	3.027319340698415
55	24.2857	24.5238	77	None	None	0	5	3.585684091530561
56	24.5238	24.7619	75	None	None	0	4	5.957340476119088
57	24.7619	25.2381	73	None	None	0	3	5.910712221744349
58	25.2381	25.7143	66	None	None	0	2	4.591254486497145
59	27.1429	27.6190	69	None	None	0	1	3.8978162442168593
60	27.6190	28.0952	73	None	None	0	2	4.325905232693172
61	28.0952	28.5714	75	None	None	0	3	4.662298462532645
62	28.5714	29.0476	76	None	None	0	1	3.4888314549412978
63	29.0476	29.5238	77	None	None	0	3	2.862685976088603
64	29.5238	30.0000	79	None	None	0	4	2.738762236851212
65	30.0000	30.7143	81	None	None	0	5	2.8355085019291066
66	30.7143	30.9524	78	None	None	0	4	2.7732063508157982
67	30.9524	31.1905	78	None	None	0	4	2.878840153632703
68	31.1905	31.4286	73	None	None	0	2	2.5563420068573164
69	31.9048	32.8571	69	None	None	0	1	2.4843442307268533
70	32.8571	33.8095	66	None	None	0	3	0.8647916209505484
71	33.8095	34.2857	61	None	None	0	1	0.7441810798760516
72	35.0000	35.2381	66	None	None	0	2	0.5415863602668852
73	35.2381	35.4762	63	None	None	0	1	0.541586360266883
74	35.4762	35.7143	66	None	None	0	2	0.5271817507918508
75	35.7143	36.4286	63	None	None	0	1	1.4314911297931308
76	36.4286	36.6667	66	None	None	0	2	1.7139658023901165
77	36.6667	36.9048	63	None	None	0	1	2.189317915066176
78	36.9048	37.1429	66	None	None	0	2	2.761853126333778
79	37.1429	37.3810	63	None	None	0	1	5.871976365770438
80	37.3810	37.6190	66	None	None	0	2	6.957915866410646
81	37.6190	38.0952	63	None	None	0	1	6.957915866410646
82	38.0952	38.3333	66	None	None	0	2	6.957915866410646
83	38.5714	38.8095	76	None	None	0	5	6.957915866410646
84	38.8095	39.0476	74	None	None	0	4	6.957915866410646
85	39.0476	39.2857	73	None	None	0	3	6.957915866410646
86	39.2857	39.5238	69	None	None	0	1	6.957915866410646
87	39.5238	39.7619	68	None	None	0	3	6.957915866410646
88	39.7619	40.0000	66	None	None	0	2	6.957915866410646
89	40.4762	40.9524	64	None	None	0	0	6.957915866410646
