0	0.0000	0.4286	53	None	None	1	-5	1.2745369436600755
1	0.4286	0.8571	55	None	None	1	-4	1.2745369436600773
2	0.8571	1.7143	57	None	None	1	-3	1.3328139706871025
3	1.7143	2.5714	59	None	None	1	-1	1.4305681614450252
4	2.5714	3.0000	57	None	None	1	-2	1.239937979023797
5	3.0000	3.4286	55	None	None	1	-3	1.2399379790237954
6	3.4286	3.8571	53	None	None	1	-4	1.2209439850298036
7	3.8571	4.2857	55	None	None	1	-3	1.5520250661108856
8	4.2857	4.7143	57	None	None	1	-2	1.9162142553000758
9	4.7143	5.1429	55	None	None	1	-3	1.9162142553000763
10	5.1429	6.0000	53	None	None	1	-4	1.916214255300076
11	6.0000	6.8571	52	None	None	1	-5	2.0118929563892256
12	6.8571	7.2857	53	None	None	1	-4	2.0969406906906913
13	7.2857	7.7143	55	None	None	1	-3	2.0273561808076743
14	7.7143	8.1429	57	None	None	1	-2	1.9613024405002013
15	8.1429	8.5714	59	None	None	1	-1	1.474815954013715
16	8.5714	9.0000	57	None	None	1	-2	1.0950862242839825
17	9.0000	9.4286	55	None	None	1	-3	1.110626764824523
18	9.4286	9.8571	53	None	None	1	-4	1.1893435413024953
19	9.8571	10.2857	52	None	None	1	-5	1.1714781725549723
20	10.2857	11.1429	53	None	None	1	-4	1.1714781725549726
21	11.1429	12.0000	55	None	None	1	-3	1.2993397094650154
22	12.0000	12.8571	53	None	None	1	-5	1.11913153825467
23	13.7143	14.1429	53	None	None	1	-5	1.274536943660075
24	14.1429	14.5714	55	None	None	1	-4	1.2745369436600775
25	14.5714	15.4286	57	None	None	1	-3	1.3328139706871016
26	15.4286	16.2857	59	None	None	1	-1	1.4305681614450243
27	16.2857	16.7143	57	None	None	1	-2	1.2074970906820002
28	16.7143	17.1429	55	None	None	1	-3	1.2074970906819986
29	17.1429	17.5714	53	None	None	1	-4	1.1885030966880066
30	17.5714	18.0000	55	None	None	1	-3	1.188503096688008
31	18.0000	18.4286	57	None	None	1	-2	1.2074970906820015
32	18.4286	18.8571	55	None	None	1	-3	1.2657741177090274
33	18.8571	19.7143	53	None	None	1	-4	1.2657741177090305
34	19.7143	20.5714	52	None	None	1	-5	1.2657741177090305
35	21.0000	21.4286	53	None	None	1	-4	1.2657741177090305
36	21.4286	21.8571	55	None	None	1	-3	1.2657741177090305
37	21.8571	22.2857	57	None	None	1	-2	1.2657741177090305
38	22.2857	22.7143	55	None	None	1	-3	1.2657741177090305
39	22.7143	23.1429	53	None	None	1	-4	1.2657741177090305
40	23.1429	23.5714	52	None	None	1	-5	1.2657741177090305
41	23.5714	24.0000	53	None	None	1	-4	1.2657741177090305
42	24.0000	25.7143	55	None	None	1	0	1.2657741177090305
