0	0.3750	1.1250	60	None	None	0	1	1.530988982356875
1	0.3750	1.1250	64	None	None	0	2	1.6801980198019741
2	0.3750	1.1250	67	None	None	0	4	1.6851294903926395
3	0.7500	1.8750	60	None	None	0	1	1.752798663324973
4	0.7500	1.8750	64	None	None	0	2	2.0003341687552134
5	0.7500	1.8750	67	None	None	0	4	1.6024227234753476
6	1.1250	2.6250	60	None	None	0	1	1.6700918964076812
7	1.1250	2.6250	64	None	None	0	2	3.133625730994142
8	1.1250	2.6250	67	None	None	0	3	3.077610693400156
9	1.5000	3.3750	62	None	None	0	1	3.318212197159552
10	1.5000	3.3750	65	None	None	0	2	3.443776106933992
11	1.5000	3.3750	69	None	None	0	4	3.0458646616541265
12	1.8750	4.1250	60	None	None	0	1	3.1962406015037517
13	1.8750	4.1250	64	None	None	0	3	2.604722744360893
14	1.8750	4.1250	67	None	None	0	5	2.1365249060150306
15	2.2500	4.8750	58	None	None	0	1	1.5383106203007526
16	2.2500	4.8750	62	None	None	0	2	1.593223945279861
17	2.2500	4.8750	65	None	None	0	3	1.5514685150375942
18	2.6250	6.3750	60	None	None	0	1	1.500203990088856
19	2.6250	6.3750	64	None	None	0	2	1.625951597744361
20	2.6250	6.3750	67	None	None	0	4	1.233000469924807
21	4.1250	8.6250	60	None	None	0	1	1.5279957706766891
22	4.1250	8.6250	64	None	None	0	2	1.792977234753544
23	4.1250	8.6250	67	None	None	0	4	1.6922932330826987
24	4.5000	9.3750	64	None	None	0	2	1.7028195488721778
25	4.5000	9.3750	67	None	None	0	3	2.800187969924799
26	4.5000	9.3750	70	None	None	0	4	2.96858813700918
27	4.8750	10.1250	62	None	None	0	1	3.318212197159552
28	4.8750	10.1250	65	None	None	0	2	3.443776106933992
29	4.8750	10.1250	69	None	None	0	4	3.0458646616541265
30	5.2500	10.8750	60	None	None	0	1	3.1962406015037517
31	5.2500	10.8750	64	None	None	0	3	2.6943731878716246
32	5.2500	10.8750	67	None	None	0	5	2.2326748243156778
33	5.6250	11.6250	58	None	None	0	1	1.7368765049879549
34	5.6250	11.6250	62	None	None	0	2	1.5450189599649287
35	5.6250	11.6250	65	None	None	0	3	1.1636625076095504
36	6.0000	12.7500	60	None	None	0	1	1.1648900663022002
37	6.0000	12.7500	64	None	None	0	2	1.3076200530337379
38	6.0000	12.7500	67	None	None	0	4	1.2307612393328229
39	6.7500	14.2500	60	None	None	0	1	1.240314534335033
40	6.7500	14.2500	64	None	None	0	2	1.4915283531959114
41	6.7500	14.2500	67	None	None	0	4	1.40567646858242
42	7.8750	16.1250	60	None	None	0	1	1.6972216580867938
43	7.8750	16.1250	64	None	None	0	2	1.745700461775048
44	7.8750	16.1250	67	None	None	0	3	2.0944729030823996
45	8.6250	9.0000	72	None	None	0	5	2.4682842697343235
46	9.0000	9.3750	69	None	None	0	4	2.5859116715722528
47	9.3750	9.7500	67	None	None	0	3	2.7141736143078834
48	9.7500	10.1250	62	None	None	0	1	2.5637976744582582
49	10.1250	10.8750	67	None	None	0	2	3.342437986278328
50	11.2500	11.6250	74	None	None	0	5	3.5069352735310733
51	11.6250	12.0000	70	None	None	0	4	2.478844212545271
52	12.0000	12.3750	69	None	None	0	3	2.185959940008257
53	12.3750	12.7500	67	None	None	0	2	2.157737321606586
54	12.7500	13.1250	69	None	None	0	5	1.1609922572755007
55	13.1250	13.8068	64	None	None	0	3	1.199114302078222
56	13.8068	14.1477	64	None	None	0	3	1.9184073801341839
57	14.1477	14.4886	62	None	None	0	2	2.0971945842989954
58	14.4886	15.1705	64	None	None	0	3	1.9259659477952427
59	15.1705	15.5114	64	None	None	0	3	2.1635074760344453
60	15.5114	15.8523	59	None	None	0	1	2.1669714925049335
61	15.8523	16.1932	64	None	None	0	2	1.4870536071057474
62	16.1932	16.5341	65	None	None	0	3	1.538291748010637
63	16.5341	16.8750	67	None	None	0	4	1.472590553443466
64	16.8750	17.2159	69	None	None	0	5	1.2431538818676218
65	17.5568	35.7955	57	None	None	0	1	1.2806406099561218
66	17.5568	35.7955	60	None	None	0	2	1.4275688046336568
67	17.5568	35.7955	64	None	None	0	4	1.197470202418056
68	18.2386	36.8182	55	None	None	0	1	1.472498458745759
69	18.2386	36.8182	59	None	None	0	2	1.6194266534232975
70	18.2386	36.8182	62	None	None	0	3	1.4086156111929278
71	18.5795	37.5000	57	None	None	0	1	1.6678203240058915
72	18.5795	37.5000	60	None	None	0	2	1.8030927835051556
73	18.5795	37.5000	64	None	None	0	3	1.408615611192929
74	18.9205	38.1818	59	None	None	0	1	1.6678203240058924
75	18.9205	38.1818	62	None	None	0	2	1.9344951726394988
76	18.9205	38.1818	65	None	None	0	3	1.5400180003272756
77	19.2614	38.8636	60	None	None	0	1	1.7992227131402376
78	19.2614	38.8636	64	None	None	0	2	1.9528722509542416
79	19.2614	38.8636	67	None	None	0	3	1.5467393434637435
80	19.6023	39.5455	62	None	None	0	1	1.6222779261948432
81	19.6023	39.5455	65	None	None	0	2	1.8740397129842052
82	19.6023	39.5455	69	None	None	0	4	1.445361918842497
83	19.9432	40.5682	60	None	None	0	1	1.6073648643505953
84	19.9432	40.5682	64	None	None	0	2	1.680920911293052
85	19.9432	40.5682	67	None	None	0	4	1.24205990907947
86	20.6250	41.5909	59	None	None	0	1	1.1064015491702828
87	20.6250	41.5909	62	None	None	0	2	1.4250579541186104
88	20.6250	41.5909	65	None	None	0	4	1.3102629340304461
89	20.9659	42.5441	57	None	None	0	1	1.0626313675100716
90	20.9659	42.5441	60	None	None	0	2	1.2182656109601517
91	20.9659	42.5441	64	None	None	0	3	0.9723237979240577
92	21.5782	43.7686	59	None	None	0	1	0.8885845429097283
93	21.5782	43.7686	62	None	None	0	2	1.1327822506461191
94	22.4965	22.8026	59	None	None	0	1	1.6271011516713143
95	22.8026	23.4149	61	None	None	0	2	1.4391303212991797
96	23.7210	47.7481	57	None	None	0	1	1.4109886186197276
97	23.7210	47.7481	60	None	None	0	2	1.537948013002986
98	23.7210	47.7481	64	None	None	0	4	1.7619793293765793
99	24.3333	48.9726	55	None	None	0	1	1.6180681545914786
100	24.3333	48.9726	59	None	None	0	2	1.8622658623278718
101	24.3333	48.9726	62	None	None	0	4	2.3786339971759496
102	24.6394	25.8639	61	None	None	0	3	1.8949656554674097
103	26.1700	52.6461	60	None	None	0	2	1.7492053300606516
104	26.1700	52.6461	64	None	None	0	3	1.66375563599863
105	26.1700	52.6461	67	None	None	0	5	1.9225220902976674
106	26.7822	53.8706	55	None	None	0	1	2.294341393476706
107	26.7822	53.8706	59	None	None	0	3	5.4107211868578915
108	26.7822	53.8706	62	None	None	0	4	5.359407715650115
109	27.0884	28.3128	57	None	None	0	2	5.4041004413420834
110	28.3128	29.5373	57	None	None	0	1	5.130639912124356
111	29.5373	30.7618	57	None	None	0	1	5.46595737244182
112	31.0679	31.3741	61	None	None	0	2	5.74561442143163
113	31.3741	31.6802	63	None	None	0	3	6.004922324583749
114	31.6802	31.9863	64	None	None	0	1	2.295888315251384
115	32.2748	64.8380	65	None	None	0	2	2.163006508957325
116	32.2748	64.8380	69	None	None	0	3	2.8781352718457263
117	32.2748	64.8380	72	None	None	0	4	2.5687545093795148
118	32.8517	65.9919	71	None	None	0	2	2.6172641594516692
119	32.8517	65.9919	74	None	None	0	3	2.4763956529581574
120	32.8517	65.9919	77	None	None	0	5	2.417040945165948
121	33.4286	67.1457	65	None	None	0	2	2.084537337662339
122	33.4286	67.1457	69	None	None	0	3	1.9331461940836927
123	33.4286	67.1457	72	None	None	0	5	1.934758297258301
124	34.0055	68.2996	60	None	None	0	1	1.8688086219336242
125	34.0055	68.2996	64	None	None	0	2	2.994539626486836
126	34.0055	68.2996	67	None	None	0	3	2.7323972867548503
127	34.5825	69.4534	65	None	None	0	1	2.3810229051327125
128	34.5825	69.4534	69	None	None	0	2	2.4376019461116543
129	34.5825	69.4534	72	None	None	0	3	2.1754596063796736
130	35.1594	70.6072	71	None	None	0	2	2.234350827210637
131	35.1594	70.6072	74	None	None	0	3	2.0934823207171274
132	35.1594	70.6072	77	None	None	0	5	2.0341276129249177
133	36.0248	72.6265	60	None	None	0	1	1.2246912512288501
134	36.0248	72.6265	64	None	None	0	2	1.6556647597919996
135	36.0248	72.6265	67	None	None	0	3	1.480702110389607
136	36.8902	74.0688	62	None	None	0	1	1.6810630044756003
137	36.8902	74.0688	65	None	None	0	2	3.0508960909608227
138	36.8902	74.0688	69	None	None	0	3	2.8759334415584283
139	37.4671	75.2226	67	None	None	0	2	3.0168019480519357
140	37.4671	75.2226	71	None	None	0	3	2.8479707792207662
141	37.4671	75.2226	74	None	None	0	5	2.6678402326839694
142	38.0440	76.3765	62	None	None	0	2	2.1029812635281253
143	38.0440	76.3765	65	None	None	0	3	2.061275088547808
144	38.0440	76.3765	69	None	None	0	5	2.146716556801781
145	38.6209	77.5303	55	None	None	0	1	1.4028548471730282
146	38.6209	77.5303	59	None	None	0	2	1.4593130320679373
147	38.6209	77.5303	62	None	None	0	3	1.3053756353001176
148	39.1979	78.6842	57	None	None	0	1	1.3463203514318667
149	39.1979	78.6842	61	None	None	0	2	1.360905311039147
150	39.1979	78.6842	64	None	None	0	3	1.315601166654122
151	39.7748	79.8380	63	None	None	0	1	0.9801497378593254
152	39.7748	79.8380	66	None	None	0	2	1.1518146538257124
153	39.7748	79.8380	69	None	None	0	3	1.106510509440681
154	41.2171	82.7120	64	None	None	0	1	1.5517943586412117
155	41.2171	82.7120	67	None	None	0	2	1.8865897231710569
156	41.2171	82.7120	71	None	None	0	3	1.797373949579826
157	41.4949	83.2675	65	None	None	0	1	2.099894957983184
158	41.4949	83.2675	69	None	None	0	2	2.4111344537815054
159	41.4949	83.2675	72	None	None	0	3	1.9507352941176432
160	41.7726	83.8231	67	None	None	0	1	2.2532563025210015
161	41.7726	83.8231	71	None	None	0	2	2.4363089303518004
162	41.7726	83.8231	74	None	None	0	4	1.9227745335422322
163	42.0504	84.3786	65	None	None	0	1	1.9035465033471064
164	42.0504	84.3786	69	None	None	0	2	1.9813078621279039
165	42.0504	84.3786	72	None	None	0	4	1.4677734653183332
166	42.3282	85.2120	64	None	None	0	1	1.448545435123202
167	42.3282	85.2120	67	None	None	0	2	1.6064235863837064
168	42.3282	85.2120	71	None	None	0	4	1.1061084603332876
169	42.8838	86.3231	62	None	None	0	1	1.423370958552912
170	42.8838	86.3231	65	None	None	0	2	1.5944683805725703
171	42.8838	86.3231	69	None	None	0	3	1.3423728813559268
172	43.4393	87.1564	64	None	None	0	1	1.7250106822389957
173	43.4393	87.1564	67	None	None	0	2	5.335403610596767
174	43.4393	87.1564	71	None	None	0	3	5.070088840620981
175	43.7171	87.7120	65	None	None	0	1	5.16430618857711
176	43.7171	87.7120	69	None	None	0	2	5.322184339837615
177	43.7171	87.7120	72	None	None	0	4	4.821869213787194
178	43.9949	88.5453	67	None	None	0	2	5.011890222190552
179	43.9949	88.5453	71	None	None	0	3	4.709369213787198
180	43.9949	88.5453	74	None	None	0	5	4.142615012106529
181	44.5504	89.3786	52	None	None	0	1	1.7250106822390068
182	44.5504	89.3786	55	None	None	0	2	2.049469448796471
183	44.5504	89.3786	59	None	None	0	3	1.7973739495798353
184	44.8282	89.9342	53	None	None	0	1	2.099894957983193
185	44.8282	89.9342	57	None	None	0	2	2.411134453781515
186	44.8282	89.9342	60	None	None	0	3	1.9507352941176528
187	45.1060	90.4897	55	None	None	0	1	2.253256302521007
188	45.1060	90.4897	59	None	None	0	2	2.436308930351805
189	45.1060	90.4897	62	None	None	0	4	1.9227745335422297
190	45.3838	91.0453	53	None	None	0	1	1.9035465033470995
191	45.3838	91.0453	57	None	None	0	2	1.9813078621279017
192	45.3838	91.0453	60	None	None	0	4	1.4677734653183312
193	45.6615	91.8786	52	None	None	0	1	1.4485454351232019
194	45.6615	91.8786	55	None	None	0	2	1.6064235863837062
195	45.6615	91.8786	59	None	None	0	4	1.1061084603332851
196	46.2171	92.9897	50	None	None	0	1	1.4233709585529104
197	46.2171	92.9897	53	None	None	0	2	1.5944683805725661
198	46.2171	92.9897	57	None	None	0	3	1.3423728813559268
199	46.7726	93.8231	52	None	None	0	1	1.7250106822389935
200	46.7726	93.8231	55	None	None	0	2	1.8961081042586505
201	46.7726	93.8231	59	None	None	0	3	1.6440126050420178
202	47.0504	94.3786	53	None	None	0	1	1.946533613445385
203	47.0504	94.3786	57	None	None	0	2	2.1044117647058913
204	47.0504	94.3786	60	None	None	0	3	1.6440126050420296
205	47.3282	94.9342	55	None	None	0	1	1.9465336134453874
206	47.3282	94.9342	59	None	None	0	2	2.129586241276186
207	47.3282	94.9342	62	None	None	0	3	1.6559678108531677
208	47.6060	95.4897	57	None	None	0	1	1.7501851588092954
209	47.6060	95.4897	60	None	None	0	2	1.9080633100697992
210	47.6060	95.4897	64	None	None	0	3	1.4476641504059278
211	47.8838	96.3231	59	None	None	0	1	1.7501851588092856
212	47.8838	96.3231	62	None	None	0	2	1.90806331006979
213	47.8838	96.3231	65	None	None	0	4	1.407748184019366
214	48.4393	97.1564	57	None	None	0	1	1.7250106822389957
215	48.4393	97.1564	60	None	None	0	2	1.7070324740065494
216	48.4393	97.1564	64	None	None	0	3	1.7699864691639342
217	48.7171	97.7120	59	None	None	0	1	1.9704386839481534
218	48.7171	97.7120	62	None	None	0	2	2.213400868822102
219	48.7171	97.7120	65	None	None	0	3	2.3226445663010926
220	48.9949	98.5453	60	None	None	0	1	2.809514314200248
221	48.9949	98.5453	64	None	None	0	2	3.028558965959263
222	48.9949	98.5453	67	None	None	0	3	2.568159806295397
223	49.5504	99.3786	67	None	None	0	1	1.7250106822390046
224	49.5504	99.3786	71	None	None	0	2	2.511286675687247
225	49.5504	99.3786	74	None	None	0	3	2.259191176470606
226	49.8282	99.9342	69	None	None	0	1	2.561712184873959
227	49.8282	99.9342	72	None	None	0	2	2.7195903361344715
228	49.8282	99.9342	76	None	None	0	4	2.219275210084049
229	50.1060	100.4897	71	None	None	0	2	2.4092962184874116
230	50.1060	100.4897	74	None	None	0	3	2.10677521008404
231	50.1060	100.4897	77	None	None	0	5	1.5400210084033579
232	50.3838	101.0453	67	None	None	0	1	1.946533613445375
233	50.3838	101.0453	71	None	None	0	2	2.1044117647058846
234	50.3838	101.0453	74	None	None	0	3	1.6440126050420225
235	50.6615	101.6008	69	None	None	0	1	1.9465336134453812
236	50.6615	101.6008	72	None	None	0	2	2.024294972226185
237	50.6615	101.6008	76	None	None	0	3	1.5506765418031594
238	50.9393	102.1564	71	None	None	0	1	1.6448938897592909
239	50.9393	102.1564	74	None	None	0	2	2.8391646489103946
240	50.9393	102.1564	77	None	None	0	3	2.3787654892465278
241	51.2171	102.9897	72	None	None	0	1	2.681286497649886
242	51.2171	102.9897	76	None	None	0	2	2.864339125480685
243	51.2171	102.9897	79	None	None	0	4	2.350804728671117
244	51.7726	103.8231	74	None	None	0	2	2.4603083606323803
245	51.7726	103.8231	77	None	None	0	3	2.913334995014957
246	51.7726	103.8231	81	None	None	0	5	2.7861896453496726
247	52.0504	104.6564	69	None	None	0	1	2.2014995192992575
248	52.0504	104.6564	72	None	None	0	2	2.22124029696626
249	52.0504	104.6564	76	None	None	0	4	1.9730206701324742
250	52.6060	105.7675	67	None	None	0	1	1.9673628075472278
251	52.6060	105.7675	71	None	None	0	3	1.571007541758742
252	52.6060	105.7675	74	None	None	0	4	1.7163572070485886
253	53.1615	54.2726	69	None	None	0	2	2.1434081969360825
254	53.4393	53.7171	71	None	None	0	1	2.384351197717486
255	53.7171	54.2726	73	None	None	0	2	2.299739853179672
256	54.2726	109.6564	69	None	None	0	1	2.679938542825026
257	54.2726	109.6564	72	None	None	0	2	3.33790571274384
258	55.3838	111.0453	69	None	None	0	1	3.6032187186801603
259	55.3838	111.0453	72	None	None	0	2	4.194327731092463
260	55.6615	111.6008	76	None	None	0	1	1.9465336134453861
261	55.6615	111.6008	79	None	None	0	2	2.1044117647058895
262	55.6615	111.6008	83	None	None	0	3	1.6440126050420134
263	55.9393	112.1564	77	None	None	0	1	1.9465336134453712
264	55.9393	112.1564	81	None	None	0	2	2.1044117647058753
265	55.9393	112.1564	84	None	None	0	3	1.6440126050420136
266	56.2171	112.7120	79	None	None	0	1	1.9465336134453715
267	56.2171	112.7120	83	None	None	0	2	2.10441176470588
268	56.2171	112.7120	86	None	None	0	3	1.6440126050420092
269	56.4949	113.2675	81	None	None	0	1	1.6440126050420092
270	56.4949	113.2675	84	None	None	0	2	1.6440126050420092
271	56.4949	113.2675	88	None	None	0	3	1.6440126050420092
272	56.7726	113.8231	83	None	None	0	1	1.6440126050420092
273	56.7726	113.8231	86	None	None	0	2	1.6440126050420092
274	56.7726	113.8231	89	None	None	0	3	1.6440126050420092
275	57.0504	114.6564	84	None	None	0	1	1.6440126050420092
276	57.0504	114.6564	88	None	None	0	2	1.6440126050420092
277	57.0504	114.6564	91	None	None	0	0	1.6440126050420092
