0	0.0000	0.3750	36	None	None	1	-5	4.297888102609468
1	0.7500	1.1250	48	None	None	1	-2	4.087219050299545
2	1.5000	1.8750	46	None	None	1	-4	5.980623014756141
3	2.2500	2.6250	50	None	None	1	-2	6.700044228217602
4	3.0000	3.3750	48	None	None	1	-1	5.521706226350189
5	3.3750	3.7500	43	None	None	1	-2	5.18667624944715
6	3.7500	4.1250	36	None	None	1	-5	5.2427600864907395
7	4.5000	4.8750	45	None	None	1	-3	4.703264288171412
8	4.8750	5.2500	46	None	None	1	-2	4.215493390338594
9	5.2500	5.6250	48	None	None	1	-1	4.022939813884089
10	5.6250	6.0000	50	None	None	1	-3	1.4387624587315004
11	6.3750	6.7500	55	None	None	1	-1	1.3673338873029297
12	7.1250	7.5000	48	None	None	1	-2	1.2595607780592333
13	7.5000	7.8750	43	None	None	1	-5	1.4168805480725024
14	8.2500	16.8750	45	None	None	1	-4	1.3213230268183873
15	8.2500	16.8750	48	None	None	1	-2	1.2590939246512036
16	8.2500	16.8750	52	None	None	1	-1	1.676564070604323
17	9.0000	18.3750	46	None	None	1	-4	1.2579057938965075
18	9.0000	18.3750	50	None	None	1	-2	1.302653693056173
19	9.0000	18.3750	53	None	None	1	-1	1.5303847854931476
20	9.3750	19.1250	48	None	None	1	-4	1.3429898275099499
21	9.3750	19.1250	52	None	None	1	-2	4.157087571870853
22	9.3750	19.1250	55	None	None	1	-1	4.327808491817778
23	9.7500	19.8750	50	None	None	1	-4	4.36814462627156
24	9.7500	19.8750	53	None	None	1	-2	4.000298540468817
25	9.7500	19.8750	57	None	None	1	-1	4.097359374371758
26	10.5000	21.3750	52	None	None	1	-4	4.67475797336478
27	10.5000	21.3750	55	None	None	1	-2	4.535771581359818
28	10.5000	21.3750	59	None	None	1	-1	4.673542479192637
29	10.8750	11.6250	41	None	None	1	-5	1.909068794982112
30	11.6250	23.6250	45	None	None	1	-4	1.7106167825982124
31	11.6250	23.6250	48	None	None	1	-2	1.7920802451762272
32	11.6250	23.6250	52	None	None	1	-1	2.1599263309789687
33	12.0000	24.3750	46	None	None	1	-4	1.3929406850459514
34	12.0000	24.3750	50	None	None	1	-2	1.8413615282402915
35	12.0000	24.3750	53	None	None	1	-1	2.0691831714848927
36	12.3750	25.1250	48	None	None	1	-4	1.8823148865664638
37	12.3750	25.1250	52	None	None	1	-2	1.593225884992764
38	12.3750	25.1250	55	None	None	1	-1	1.8319651750784431
39	12.7500	25.8750	47	None	None	1	-5	1.50648820746561
40	12.7500	25.8750	50	None	None	1	-4	1.2896631992085337
41	12.7500	25.8750	53	None	None	1	-3	1.1338410292319736
42	13.4659	27.6136	52	None	None	1	-4	1.0244963142563055
43	13.4659	27.6136	55	None	None	1	-2	0.9816717667611609
44	13.4659	27.6136	59	None	None	1	-1	1.1996862310815803
45	14.1477	28.6364	53	None	None	1	-4	1.0918789221114784
46	14.1477	28.6364	57	None	None	1	-2	1.100812107788851
47	14.1477	28.6364	60	None	None	1	-1	1.3182539682539678
48	14.8295	30.3409	52	None	None	1	-4	1.1532945736434104
49	14.8295	30.3409	55	None	None	1	-2	1.238954154346143
50	14.8295	30.3409	59	None	None	1	-1	1.6351172875447573
51	15.5114	31.3636	50	None	None	1	-4	1.480754015823539
52	15.5114	31.3636	53	None	None	1	-2	1.5664135965262767
53	15.5114	31.3636	57	None	None	1	-1	1.962576729724893
54	16.1932	32.7273	50	None	None	1	-4	1.7467978064717435
55	16.1932	32.7273	53	None	None	1	-2	2.6107465378863104
56	16.1932	32.7273	57	None	None	1	-1	2.5970422189494338
57	16.5341	33.4091	48	None	None	1	-4	2.485170184912455
58	16.5341	33.4091	52	None	None	1	-2	2.261606120111281
59	16.5341	33.4091	55	None	None	1	-1	2.465009818360336
60	16.8750	34.0909	47	None	None	1	-5	1.9860886107020164
61	16.8750	34.0909	50	None	None	1	-4	2.9835296529704376
62	16.8750	34.0909	53	None	None	1	-1	2.6648631613598095
63	17.2159	17.8977	52	None	None	1	-2	2.209634884482044
64	17.8977	18.2386	52	None	None	1	-2	2.4145686105497894
65	18.2386	18.5795	53	None	None	1	-1	1.8464009866633215
66	18.5795	18.9205	52	None	None	1	-2	3.0416171734541084
67	18.9205	19.2614	50	None	None	1	-3	2.9508881740670643
68	19.2614	19.6023	48	None	None	1	-4	2.9769089623585523
69	19.6023	19.9432	47	None	None	1	-5	2.7312628468580376
70	20.2841	20.6250	48	None	None	1	-4	3.002209826905716
71	20.6250	20.9659	50	None	None	1	-3	3.372125032536225
72	20.9659	21.5782	52	None	None	1	-2	3.7160395813035656
73	21.5782	22.1904	55	None	None	1	-1	3.931655627148836
74	22.1904	23.4149	57	None	None	1	-2	2.2491450642815627
75	23.4149	23.7210	52	None	None	1	-4	2.1799525858820297
76	24.0271	24.3333	55	None	None	1	-2	1.9262276575152666
77	24.9455	25.2516	59	None	None	1	-1	2.377878586397041
78	25.2516	25.5577	57	None	None	1	-2	1.8418546270587974
79	25.5577	25.8639	53	None	None	1	-3	2.034166717512399
80	25.8639	26.1700	48	None	None	1	-5	1.8303350592209409
81	26.4761	26.7822	52	None	None	1	-4	2.30022431088206
82	27.7006	28.0067	55	None	None	1	-2	2.5845750902023874
83	28.0067	28.3128	59	None	None	1	0	-1
84	28.9251	29.2312	59	None	None	1	0	-1
85	29.2312	29.5373	52	None	None	1	0	-1
86	29.8435	30.1496	60	None	None	1	0	-1
87	30.1496	30.4557	59	None	None	1	0	-1
88	30.4557	30.7618	54	None	None	1	0	-1
89	30.7618	31.0679	50	None	None	1	0	-1
90	31.0679	31.6802	58	None	None	1	-5	1.552370591652286
91	31.9863	64.2611	65	None	None	1	-3	1.0719560287602645
92	31.9863	64.2611	69	None	None	1	-2	1.0777040327046596
93	31.9863	64.2611	72	None	None	1	-1	1.1165133477633469
94	32.5632	65.4149	64	None	None	1	-5	1.0324175193493312
95	32.5632	65.4149	68	None	None	1	-3	1.097168109668107
96	32.5632	65.4149	71	None	None	1	-1	1.2681389790764859
97	33.1402	66.5688	65	None	None	1	-4	1.1436259920634915
98	33.1402	66.5688	69	None	None	1	-2	1.0830109126984129
99	33.1402	66.5688	72	None	None	1	-1	1.1165133477633469
100	33.7171	67.7226	64	None	None	1	-5	1.0324175193493312
101	33.7171	67.7226	68	None	None	1	-3	1.097168109668107
102	33.7171	67.7226	71	None	None	1	-1	1.2681389790764859
103	34.2940	68.8765	65	None	None	1	-4	1.1436259920634915
104	34.2940	68.8765	69	None	None	1	-2	0.9119103917129221
105	34.2940	68.8765	72	None	None	1	-1	1.0271078859364917
106	34.8709	70.0303	64	None	None	1	-5	0.9239182104186596
107	34.8709	70.0303	68	None	None	1	-3	1.1971672382236003
108	34.8709	70.0303	71	None	None	1	-1	1.333316679060546
109	35.4479	71.4726	65	None	None	1	-4	1.208803692047554
110	35.4479	71.4726	69	None	None	1	-2	1.047358886852751
111	35.4479	71.4726	72	None	None	1	-1	1.3333166790605457
112	36.6017	73.4919	62	None	None	1	-4	1.0649476248019227
113	36.6017	73.4919	65	None	None	1	-2	0.9861098454417142
114	36.6017	73.4919	69	None	None	1	-1	1.2202595147907667
115	37.1786	74.6457	60	None	None	1	-4	1.3156960227272723
116	37.1786	74.6457	64	None	None	1	-2	1.4545127615440139
117	37.1786	74.6457	67	None	None	1	-1	1.4880151966089488
118	37.7555	75.7996	62	None	None	1	-4	1.5296953914141465
119	37.7555	75.7996	65	None	None	1	-2	1.3682505862193397
120	37.7555	75.7996	69	None	None	1	-1	1.5586373065066246
121	38.3325	76.9534	59	None	None	1	-4	1.1756015922209084
122	38.3325	76.9534	62	None	None	1	-2	1.1153895386494823
123	38.3325	76.9534	65	None	None	1	-1	1.3422564217663662
124	38.9094	78.1072	57	None	None	1	-5	1.144971631903446
125	38.9094	78.1072	61	None	None	1	-3	1.4637815567270984
126	38.9094	78.1072	64	None	None	1	-2	1.8448348629505862
127	39.4863	79.2611	59	None	None	1	-4	1.6854122242581475
128	39.4863	79.2611	63	None	None	1	-2	1.7133351281556786
129	39.4863	79.2611	66	None	None	1	-1	1.7938851474433195
130	40.0632	80.4149	57	None	None	1	-4	1.8716044818767614
131	40.0632	80.4149	60	None	None	1	-2	1.791644164416446
132	40.0632	80.4149	64	None	None	1	-1	2.0427805280528135
133	40.3517	80.9919	55	None	None	1	-4	1.6990296351063752
134	40.3517	80.9919	59	None	None	1	-2	1.6035724423282673
135	40.3517	80.9919	62	None	None	1	-1	2.054352457304551
136	40.6402	81.8572	54	None	None	1	-3	1.4738257701820634
137	40.6402	81.8572	57	None	None	1	-2	1.6969329338396046
138	40.6402	81.8572	60	None	None	1	-1	2.147712948815891
139	41.2171	82.7120	55	None	None	1	-4	2.0357333842627936
140	41.2171	82.7120	59	None	None	1	-2	4.08346340847586
141	41.2171	82.7120	62	None	None	1	-1	4.31824081327445
142	41.4949	83.2675	53	None	None	1	-4	4.26011519014384
143	41.4949	83.2675	57	None	None	1	-2	4.116837879219479
144	41.4949	83.2675	60	None	None	1	-1	4.566837879219486
145	41.7726	84.1008	52	None	None	1	-4	4.225451324597639
146	41.7726	84.1008	55	None	None	1	-2	3.936165610311926
147	41.7726	84.1008	59	None	None	1	-1	4.448560568295122
148	42.3282	84.9342	41	None	None	1	-5	2.1622276029055816
149	42.3282	84.9342	45	None	None	1	-2	1.9024782794473827
150	42.3282	84.9342	48	None	None	1	-1	2.3644957983193375
151	42.6060	85.4897	43	None	None	1	-4	2.141386554621854
152	42.6060	85.4897	47	None	None	1	-2	2.032773109243692
153	42.6060	85.4897	50	None	None	1	-1	2.48277310924369
154	42.8838	86.0453	45	None	None	1	-4	2.2596638655462113
155	42.8838	86.0453	48	None	None	1	-2	2.1510504201680587
156	42.8838	86.0453	52	None	None	1	-1	2.6010504201680598
157	43.1615	86.6008	43	None	None	1	-4	2.2596638655462096
158	43.1615	86.6008	47	None	None	1	-2	2.1510504201680565
159	43.1615	86.6008	50	None	None	1	-1	2.6010504201680575
160	43.4393	87.1564	41	None	None	1	-4	2.2596638655462096
161	43.4393	87.1564	45	None	None	1	-2	1.7813025210083966
162	43.4393	87.1564	48	None	None	1	-1	2.554081632653054
163	43.7171	87.7120	40	None	None	1	-4	3.234573829531806
164	43.7171	87.7120	43	None	None	1	-2	3.198184273709469
165	43.7171	87.7120	47	None	None	1	-1	3.435579231692665
166	43.9949	88.5453	38	None	None	1	-5	3.1018532412965154
167	43.9949	88.5453	41	None	None	1	-4	2.7999887454981933
168	43.9949	88.5453	45	None	None	1	-3	5.906265006002394
169	45.1060	45.6615	45	None	None	1	-3	6.205240846338525
170	45.9393	46.2171	47	None	None	1	-2	6.9746523821392845
171	46.2171	46.4949	48	None	None	1	-1	7.04271960903004
172	46.4949	46.7726	47	None	None	1	-2	6.511417088021637
173	46.7726	47.0504	45	None	None	1	0	-1
174	47.0504	47.3282	43	None	None	1	0	-1
175	47.3282	47.6060	41	None	None	1	0	-1
176	47.6060	47.8838	40	None	None	1	0	-1
177	47.8838	48.4393	38	None	None	1	0	-1
178	48.4393	48.7171	52	None	None	1	0	-1
179	48.7171	48.9949	50	None	None	1	0	-1
180	48.9949	49.5504	48	None	None	1	0	-1
181	49.5504	99.3786	65	None	None	1	-4	2.044950861700614
182	49.5504	99.3786	69	None	None	1	-2	2.667394245833911
183	49.5504	99.3786	72	None	None	1	-1	3.1918067226890536
184	49.8282	99.9342	64	None	None	1	-4	2.8504201680672
185	49.8282	99.9342	67	None	None	1	-2	2.7418067226890614
186	49.8282	99.9342	71	None	None	1	-1	3.1918067226890687
187	50.1060	100.4897	62	None	None	1	-4	2.8504201680672145
188	50.1060	100.4897	65	None	None	1	-2	2.7418067226890503
189	50.1060	100.4897	69	None	None	1	-1	3.1918067226890487
190	50.3838	101.0453	65	None	None	1	-4	2.2596638655462074
191	50.3838	101.0453	69	None	None	1	-2	5.219634845463605
192	50.3838	101.0453	72	None	None	1	-1	5.441878827802306
193	50.6615	101.6008	64	None	None	1	-4	5.383753204671689
194	50.6615	101.6008	67	None	None	1	-2	5.481071962683365
195	50.6615	101.6008	71	None	None	1	-1	5.931071962683365
196	50.9393	102.1564	62	None	None	1	-4	5.589685408061523
197	50.9393	102.1564	65	None	None	1	-2	6.174273162654884
198	50.9393	102.1564	69	None	None	1	-1	6.6866681206380765
199	51.4949	103.2675	48	None	None	1	-5	3.276697140720694
200	51.4949	103.2675	52	None	None	1	-2	2.6447879575559026
201	51.4949	103.2675	55	None	None	1	-1	2.9400664079191
202	51.7726	103.8231	47	None	None	1	-5	2.0984795613160565
203	51.7726	103.8231	50	None	None	1	-4	2.2473970944310033
204	51.7726	103.8231	53	None	None	1	-3	1.9949811280444514
205	52.0504	104.6564	53	None	None	1	-5	2.4332253240279282
206	52.0504	104.6564	57	None	None	1	-4	2.1619854721549747
207	52.0504	104.6564	60	None	None	1	-3	1.8569058715073774
208	52.6060	105.7675	55	None	None	1	-5	1.7753179436134685
209	52.6060	105.7675	59	None	None	1	-3	5.069880683963905
210	52.6060	105.7675	62	None	None	1	-2	5.686235722713981
211	53.1615	54.2726	57	None	None	1	-4	5.819291911291115
212	53.4393	53.7171	59	None	None	1	-3	5.971602835660857
213	53.7171	54.2726	61	None	None	1	-2	6.2991763650726185
214	54.2726	55.3838	60	None	None	1	-3	5.997937225348935
215	55.3838	111.0453	57	None	None	1	-5	6.181168086500739
216	55.3838	111.0453	60	None	None	1	-4	6.472111344537894
217	55.6615	111.6008	69	None	None	1	-4	2.1674894957983204
218	55.6615	111.6008	73	None	None	1	-2	2.448844537815126
219	55.6615	111.6008	76	None	None	1	-1	2.601050420168053
220	55.9393	112.1564	67	None	None	1	-4	2.2596638655462056
221	55.9393	112.1564	71	None	None	1	-2	2.1510504201680503
222	55.9393	112.1564	74	None	None	1	-1	2.6010504201680495
223	56.2171	112.7120	65	None	None	1	-4	2.2596638655462007
224	56.2171	112.7120	69	None	None	1	-2	2.1510504201680547
225	56.2171	112.7120	72	None	None	1	-1	2.601050420168058
226	56.4949	113.2675	64	None	None	1	-4	2.601050420168058
227	56.4949	113.2675	67	None	None	1	-2	2.601050420168058
228	56.4949	113.2675	71	None	None	1	-1	2.601050420168058
229	56.7726	113.8231	62	None	None	1	-4	2.601050420168058
230	56.7726	113.8231	65	None	None	1	-2	2.601050420168058
231	56.7726	113.8231	69	None	None	1	-1	2.601050420168058
232	57.0504	114.6564	60	None	None	1	-4	2.601050420168058
233	57.0504	114.6564	64	None	None	1	-2	2.601050420168058
234	57.0504	114.6564	67	None	None	1	0	2.601050420168058
