0	0.0000	0.2778	62	None	None	1	-1	2.2828120316743523
1	0.2778	1.1111	62	None	None	1	-1	2.31400951066595
2	1.1111	3.3333	62	None	None	1	-1	2.5314464854558665
3	3.3333	3.6111	56	None	None	1	-3	3.380797603132166
4	3.6111	3.8889	52	None	None	1	-5	4.433712519098545
5	3.8889	4.1667	56	None	None	1	-4	5.5703853132162
6	4.1667	4.4444	58	None	None	1	-3	5.638471638655462
7	4.4444	4.7222	59	None	None	1	-2	5.097715336134456
8	4.7222	5.0000	62	None	None	1	-1	5.989335847975555
9	5.0000	5.2778	59	None	None	1	-2	6.99332744461421
10	5.2778	5.5556	57	None	None	1	-1	7.308138368983963
11	5.5556	5.8333	56	None	None	1	-2	6.850102654698248
12	5.8333	6.1111	52	None	None	1	-4	6.792319635830321
13	6.1111	6.3889	50	None	None	1	-5	6.8328597433827785
14	6.3889	6.6667	52	None	None	1	-4	6.665317726576056
15	6.6667	6.9444	56	None	None	1	-3	7.01960432758009
16	6.9444	7.2222	58	None	None	1	-1	7.45288013790422
17	7.2222	7.5000	59	None	None	1	-3	3.7191743619617657
18	7.5000	7.7778	60	None	None	1	-2	6.766918772225868
19	7.7778	8.3333	62	None	None	1	-1	6.42133053693175
20	9.4444	9.7222	57	None	None	1	-2	6.549456032412958
21	9.7222	10.0000	61	None	None	1	-1	5.953867797118837
22	10.0000	10.2778	57	None	None	1	-2	6.712822629051611
23	10.2778	10.5556	56	None	None	1	-3	8.696908763505412
24	10.5556	11.3889	54	None	None	1	-4	9.113452881152469
25	11.3889	11.6667	52	None	None	1	-1	6.636055672268917
26	11.6667	11.9444	50	None	None	1	-3	5.556433823529422
27	11.9444	12.2222	45	None	None	1	-5	5.640369897959194
28	12.2222	12.5000	50	None	None	1	-4	4.370602900251023
29	12.5000	12.7778	52	None	None	1	-3	4.263656996889676
30	12.7778	13.0556	54	None	None	1	-2	4.185921129815574
31	13.0556	13.3333	56	None	None	1	-1	2.1561942390592588
32	13.3333	13.6111	54	None	None	1	-2	2.4426438188911943
33	13.6111	13.8889	52	None	None	1	-3	3.7583070159882137
34	13.8889	14.7222	57	None	None	1	-1	6.447198822710898
35	14.7222	15.0000	56	None	None	1	-2	6.69402584480414
36	15.0000	15.2778	54	None	None	1	-3	6.496355867722398
37	15.2778	15.5556	50	None	None	1	-5	6.38586479629383
38	15.5556	15.8333	54	None	None	1	-4	5.200054483362688
39	15.8333	16.1111	56	None	None	1	-3	5.219821481070861
40	16.1111	16.3889	57	None	None	1	-2	4.8298529936759
41	16.3889	16.6667	59	None	None	1	-1	4.694715263210582
42	16.6667	17.5000	60	None	None	1	-3	1.67263371422599
43	17.7778	18.0556	61	None	None	1	-2	2.6332159746530954
44	18.0556	18.8889	61	None	None	1	-2	3.381955470451418
45	18.8889	20.0000	61	None	None	1	-2	3.9019134536446978
46	20.2778	20.5556	57	None	None	1	-4	3.9874844824293443
47	20.5556	20.8333	55	None	None	1	-5	4.911132066462961
48	20.8333	21.1111	57	None	None	1	-4	4.91113206646296
49	21.1111	21.3889	61	None	None	1	-3	4.2303308823529475
50	21.3889	21.6667	63	None	None	1	-2	4.9111320664629545
51	21.6667	21.9444	64	None	None	1	-1	4.911132066462955
52	21.9444	22.2222	62	None	None	1	-2	4.911132066462955
53	22.2222	22.5000	61	None	None	1	-3	4.911132066462951
54	22.5000	22.7778	57	None	None	1	-4	3.987484482429334
55	22.7778	23.0556	55	None	None	1	-5	4.911132066462953
56	23.0556	23.3333	57	None	None	1	-4	10.411578495034375
57	23.3333	23.6111	61	None	None	1	-3	9.881565126050416
58	23.6111	23.8889	63	None	None	1	-1	9.058823529411747
59	23.8889	24.1667	64	None	None	1	-2	7.111580882352933
60	24.1667	24.4444	62	None	None	1	-1	6.232379201680683
61	24.4444	24.7222	61	None	None	1	-2	7.971638655462194
62	24.7222	25.0000	57	None	None	1	-3	7.8061974789916055
63	25.0000	25.2778	55	None	None	1	-4	8.907694327731093
64	25.2778	25.5556	53	None	None	1	-5	8.71767732516736
65	25.5556	25.8333	55	None	None	1	-4	9.217069327731101
66	25.8333	26.1111	57	None	None	1	-3	9.097846638655472
67	26.1111	26.3889	61	None	None	1	-2	8.466097689075632
68	26.3889	26.6667	63	None	None	1	-1	7.181133703481385
69	26.6667	26.9444	64	None	None	1	-3	3.6844545081955142
70	26.9444	27.2222	65	None	None	1	-2	7.131476303926825
71	27.2222	27.5000	67	None	None	1	-1	8.112812588440631
72	27.7778	28.0556	62	None	None	1	-2	7.725736317254191
73	28.0556	28.3333	66	None	None	1	-1	6.68865648532143
74	28.3333	28.6111	62	None	None	1	-2	7.828677493724796
75	28.6111	28.8889	60	None	None	1	-1	4.878238227109034
76	28.8889	29.7222	58	None	None	1	-2	5.218521840554413
77	29.7222	30.0000	56	None	None	1	-3	5.8144579422678255
78	30.0000	30.2778	55	None	None	1	-4	5.550277269998915
79	30.2778	30.5556	51	None	None	1	-5	4.127449388846454
80	30.5556	30.8333	55	None	None	1	-4	3.8666825821237705
81	30.8333	31.1111	57	None	None	1	-3	3.781260913456302
82	31.1111	31.3889	58	None	None	1	-2	6.030079190767221
83	31.3889	31.6667	56	None	None	1	-3	5.943828781512609
84	31.6667	31.9444	55	None	None	1	-4	5.943828781512619
85	31.9444	32.2222	52	None	None	1	-5	5.4853203781512745
86	32.2222	32.5000	55	None	None	1	-4	5.513629201680684
87	32.5000	32.7778	57	None	None	1	-3	5.62234768907564
88	32.7778	33.6111	58	None	None	1	-1	7.54230942376951
89	33.6111	33.8889	60	None	None	1	-3	5.535430779454645
90	33.8889	34.1667	61	None	None	1	-2	5.605336241639518
91	34.1667	34.4444	54	None	None	1	-5	5.711353648602308
92	34.4444	34.7222	55	None	None	1	-4	5.641448186417426
93	34.7222	35.0000	57	None	None	1	-3	5.750166673812382
94	35.0000	35.2778	58	None	None	1	-2	7.998984951123301
95	35.2778	35.5556	60	None	None	1	-1	7.784249056765559
96	35.5556	36.3889	61	None	None	1	-2	5.605336241639509
97	36.3889	36.6667	54	None	None	1	-5	5.777674819927967
98	36.6667	36.9444	55	None	None	1	-4	5.707769357743098
99	36.9444	37.2222	57	None	None	1	-3	5.816487845138051
100	37.2222	37.5000	58	None	None	1	-2	8.065306122449025
101	37.5000	37.7778	60	None	None	1	-1	8.335700297068026
102	37.7778	38.0556	61	None	None	1	-2	5.457732860093238
103	38.0556	38.3333	54	None	None	1	-5	5.346313292266108
104	38.3333	38.6111	55	None	None	1	-4	4.695233084063426
105	38.6111	38.8889	57	None	None	1	-3	4.687223630281913
106	38.8889	39.1667	58	None	None	1	-2	4.2465592395256095
107	39.1667	39.4444	60	None	None	1	-1	4.271463194492941
108	39.4444	39.7222	61	None	None	1	-3	3.1385991944209994
109	40.0000	40.2778	62	None	None	1	-2	3.210912611313179
110	40.2778	41.1111	62	None	None	1	-2	3.4500932835820843
111	41.1111	42.2222	62	None	None	1	-2	3.74510378778377
112	42.5000	42.7778	57	None	None	1	-1	2.7327731092436944
113	42.7778	43.0556	54	None	None	1	-2	7.591780462184862
114	43.0556	43.3333	52	None	None	1	-3	7.552914915966372
115	43.3333	43.6111	50	None	None	1	-4	7.556422569027599
116	43.6111	43.8889	47	None	None	1	-5	7.048019207683061
117	43.8889	44.1667	50	None	None	1	-4	6.71644282713084
118	44.1667	44.4444	52	None	None	1	-1	7.024498663101683
119	44.4444	44.7222	54	None	None	1	-3	2.714756016042779
120	44.7222	45.0000	57	None	None	1	-2	4.512223071046597
121	45.0000	45.2778	61	None	None	1	-1	3.670836516424751
122	45.2778	45.5556	57	None	None	1	-2	3.488851222307103
123	45.5556	45.8333	54	None	None	1	-3	3.6592436974789955
124	45.8333	46.1111	57	None	None	1	-1	2.7327731092437033
125	46.1111	46.3889	54	None	None	1	-2	7.591780462184871
126	46.3889	46.6667	52	None	None	1	-3	7.55291491596638
127	46.6667	46.9444	50	None	None	1	-4	7.556422569027608
128	46.9444	47.2222	47	None	None	1	-5	7.048019207683069
129	47.2222	47.5000	50	None	None	1	-4	6.716442827130837
130	47.5000	47.7778	52	None	None	1	-1	7.024498663101599
131	47.7778	48.0556	54	None	None	1	-3	2.714756016042782
132	48.0556	48.3333	57	None	None	1	-2	4.512223071046599
133	48.3333	48.6111	61	None	None	1	-1	3.670836516424745
134	48.6111	48.8889	57	None	None	1	-2	3.488851222307097
135	48.8889	49.1667	54	None	None	1	-3	3.6592436974789866
136	49.1667	49.4444	57	None	None	1	-1	2.7327731092436944
137	49.4444	49.7222	54	None	None	1	-2	7.591780462184862
138	49.7222	50.0000	52	None	None	1	-3	7.552914915966369
139	50.0000	50.2778	50	None	None	1	-4	7.5564225690276015
140	50.2778	50.5556	47	None	None	1	-5	7.048019207683064
141	50.5556	50.8333	50	None	None	1	-4	6.716442827130843
142	50.8333	51.1111	52	None	None	1	-1	7.024498663101598
143	51.1111	51.3889	54	None	None	1	-3	2.7147560160427813
144	51.3889	51.6667	57	None	None	1	-2	4.5122230710465985
145	51.6667	51.9444	61	None	None	1	-1	3.6708365164247443
146	51.9444	52.2222	57	None	None	1	-2	3.488851222307097
147	52.2222	52.5000	54	None	None	1	-3	3.659243697478984
148	52.5000	52.7778	57	None	None	1	-1	3.1143502813969604
149	52.7778	53.0556	54	None	None	1	-2	2.7555792729936
150	53.0556	53.3333	52	None	None	1	-3	4.020157604326129
151	53.3333	53.6111	50	None	None	1	-4	4.0773043162219
152	53.6111	53.8889	47	None	None	1	-5	3.40135893807064
153	53.8889	54.1667	50	None	None	1	-4	3.217474802681704
154	54.1667	54.4444	52	None	None	1	-3	3.897752441260077
155	54.4444	55.0000	54	None	None	1	-1	3.739483902401664
156	55.5556	55.8333	56	None	None	1	-3	3.739483902401664
157	55.8333	56.6667	56	None	None	1	-3	3.739483902401664
158	56.6667	57.7778	58	None	None	1	-2	3.739483902401664
159	57.7778	58.0556	59	None	None	1	-1	3.739483902401664
160	58.0556	58.8889	59	None	None	1	-1	3.739483902401664
161	58.8889	60.0000	60	None	None	1	-3	3.739483902401664
162	60.0000	60.2778	61	None	None	1	-2	3.739483902401664
163	60.2778	60.8333	61	None	None	1	-2	3.739483902401664
164	60.8333	61.1111	61	None	None	1	0	3.739483902401664
