0	0.0000	0.1875	67	None	None	0	2	0.6192256114709218
1	0.0000	0.1875	69	None	None	0	3	0.6930802329579184
2	0.0000	0.1875	74	None	None	0	5	1.3033962614960364
3	0.1875	0.7500	67	None	None	0	1	1.9272114225152472
4	0.1875	0.7500	71	None	None	0	3	2.1395598831704
5	0.1875	0.7500	74	None	None	0	5	2.290126584577382
6	0.5625	1.3125	67	None	None	0	2	2.540314554502192
7	0.5625	1.3125	72	None	None	0	4	2.3234390323635132
8	0.5625	1.3125	74	None	None	0	5	2.8224991827394548
9	0.7500	1.8750	67	None	None	0	2	3.5040872107805705
10	0.7500	1.8750	71	None	None	0	3	3.0445815626021586
11	0.7500	1.8750	74	None	None	0	5	2.5445815626021626
12	1.1250	2.6250	67	None	None	0	2	2.990299117358618
13	1.1250	2.6250	69	None	None	0	3	2.899354364171306
14	1.1250	2.6250	74	None	None	0	5	2.885256619810401
15	1.5000	3.1875	67	None	None	0	3	2.5986433474991877
16	1.5000	3.1875	67	None	None	0	2	1.8701046093494693
17	1.5000	3.1875	74	None	None	0	5	2.0937888198757806
18	1.6875	3.5625	67	None	None	0	2	2.507142857142859
19	1.6875	3.5625	69	None	None	0	3	2.2710526315789528
20	1.6875	3.5625	74	None	None	0	5	1.9486433474991864
21	1.8750	3.9375	67	None	None	0	2	2.1664677999346202
22	1.8750	3.9375	69	None	None	0	3	1.9303775743707148
23	1.8750	3.9375	74	None	None	0	5	1.6079682902909478
24	2.0625	4.3125	67	None	None	0	2	1.8257927427263816
25	2.0625	4.3125	69	None	None	0	3	1.5897025171624761
26	2.0625	4.3125	74	None	None	0	5	1.2672932330827091
27	2.4375	5.0625	67	None	None	0	2	1.5174812030075198
28	2.4375	5.0625	69	None	None	0	3	1.4265364498202084
29	2.4375	5.0625	74	None	None	0	5	1.412438705459303
30	2.8125	5.8125	67	None	None	0	2	1.8581562602157582
31	2.8125	5.8125	69	None	None	0	3	1.7672115070284469
32	2.8125	5.8125	74	None	None	0	5	1.7531137626675417
33	3.1875	6.5625	67	None	None	0	2	2.1988313174239966
34	3.1875	6.5625	69	None	None	0	3	2.0755230467473083
35	3.1875	6.5625	74	None	None	0	5	1.9486433474991864
36	3.3750	6.9375	67	None	None	0	2	2.1664677999346202
37	3.3750	6.9375	69	None	None	0	3	1.9627410918600916
38	3.3750	6.9375	74	None	None	0	5	2.1133622098725113
39	3.5625	7.3125	67	None	None	0	2	2.817088917947036
40	3.5625	7.3125	69	None	None	0	3	2.6133622098725073
41	3.5625	7.3125	74	None	None	0	5	2.5583242526606367
42	3.9375	8.0625	67	None	None	0	2	2.9015573353673987
43	3.9375	8.0625	69	None	None	0	3	2.810612582180087
44	3.9375	8.0625	74	None	None	0	5	3.1567632850241516
45	4.1250	8.4375	67	None	None	0	1	3.092339544513445
46	4.1250	8.4375	71	None	None	0	3	3.2641513203298014
47	4.1250	8.4375	74	None	None	0	5	2.651369365442588
48	4.3125	8.8125	67	None	None	0	2	2.869193817878022
49	4.3125	8.8125	72	None	None	0	4	2.478514220333437
50	4.3125	8.8125	74	None	None	0	5	2.352156659765354
51	4.5000	9.3750	67	None	None	0	2	2.5079510370128153
52	4.5000	9.3750	71	None	None	0	3	1.943975881733317
53	4.5000	9.3750	74	None	None	0	5	1.5985652537140003
54	4.8750	10.1250	67	None	None	0	2	1.9417983364207623
55	4.8750	10.1250	69	None	None	0	3	1.8184900657440737
56	4.8750	10.1250	74	None	None	0	5	1.7851776179579417
57	5.2500	10.6875	67	None	None	0	2	1.9733355126947802
58	5.2500	10.6875	72	None	None	0	4	1.7888235080454784
59	5.2500	10.6875	74	None	None	0	5	1.991345210853225
60	5.4375	11.0625	67	None	None	0	2	2.3022147760706098
61	5.4375	11.0625	72	None	None	0	4	1.911535178526025
62	5.4375	11.0625	74	None	None	0	5	1.7851776179579417
63	5.8125	11.8125	67	None	None	0	2	1.9733355126947802
64	5.8125	11.8125	72	None	None	0	4	1.7888235080454784
65	5.8125	11.8125	74	None	None	0	5	1.991345210853225
66	6.0000	12.3750	67	None	None	0	2	2.3022147760706098
67	6.0000	12.3750	72	None	None	0	4	1.911535178526025
68	6.0000	12.3750	74	None	None	0	5	1.7851776179579417
69	6.3750	12.9375	67	None	None	0	2	1.9733355126947802
70	6.3750	12.9375	72	None	None	0	4	1.7888235080454784
71	6.3750	12.9375	74	None	None	0	5	1.991345210853225
72	6.5625	13.3125	67	None	None	0	2	2.3022147760706098
73	6.5625	13.3125	72	None	None	0	4	1.911535178526025
74	6.5625	13.3125	74	None	None	0	5	1.7851776179579417
75	6.9375	14.0625	67	None	None	0	2	1.9733355126947802
76	6.9375	14.0625	72	None	None	0	4	1.7888235080454784
77	6.9375	14.0625	74	None	None	0	5	1.991345210853225
78	7.1250	14.6250	67	None	None	0	2	2.3022147760706098
79	7.1250	14.6250	72	None	None	0	4	1.911535178526025
80	7.1250	14.6250	74	None	None	0	5	1.7851776179579417
81	7.5000	15.1875	67	None	None	0	2	1.9733355126947802
82	7.5000	15.1875	72	None	None	0	4	1.7564599905561016
83	7.5000	15.1875	74	None	None	0	5	1.7851776179579417
84	7.6875	15.5625	67	None	None	0	2	1.9409719952054032
85	7.6875	15.5625	72	None	None	0	4	1.5826559151501953
86	7.6875	15.5625	74	None	None	0	5	1.6301024299880185
87	8.0625	16.3125	67	None	None	0	2	1.97333551269478
88	8.0625	16.3125	72	None	None	0	4	2.338414877774145
89	8.0625	16.3125	74	None	None	0	5	2.251008862736554
90	8.4375	17.0625	67	None	None	0	2	2.4127465402637016
91	8.4375	17.0625	72	None	None	0	4	2.6804084486578743
92	8.4375	17.0625	74	None	None	0	5	2.691073698739604
93	8.6250	17.6250	67	None	None	0	2	3.394800406814136
94	8.6250	17.6250	72	None	None	0	4	3.198893974065592
95	8.6250	17.6250	74	None	None	0	5	2.9564127710580776
96	9.0000	18.1875	62	None	None	0	1	2.624645853764845
97	9.0000	18.1875	67	None	None	0	3	2.5860711561512435
98	9.0000	18.1875	69	None	None	0	4	2.623156623442664
99	9.1875	18.7500	62	None	None	0	1	2.8747094184737216
100	9.1875	18.7500	67	None	None	0	2	2.7795621299625846
101	9.1875	18.7500	71	None	None	0	4	2.2315253713995102
102	9.5625	19.3125	62	None	None	0	1	2.2022856053176394
103	9.5625	19.3125	67	None	None	0	3	2.375217936144706
104	9.5625	19.3125	72	None	None	0	5	2.2257818459191423
105	9.7500	19.8750	62	None	None	0	1	2.9245069194725923
106	9.7500	19.8750	67	None	None	0	2	3.0712941774726663
107	9.7500	19.8750	71	None	None	0	5	2.724066506846831
108	10.1250	20.6250	62	None	None	0	2	2.4033480440231028
109	10.1250	20.6250	67	None	None	0	4	2.6710099524172755
110	10.1250	20.6250	69	None	None	0	5	2.6816752024990054
111	10.5000	21.1875	62	None	None	0	2	2.981257491554974
112	10.5000	21.1875	67	None	None	0	3	3.127154843630817
113	10.5000	21.1875	67	None	None	0	4	2.666873706004143
114	10.6875	21.5625	62	None	None	0	2	2.6634575569358168
115	10.6875	21.5625	67	None	None	0	4	2.2727779593912314
116	10.6875	21.5625	69	None	None	0	5	2.1464203988231483
117	10.8750	21.9375	62	None	None	0	2	2.3022147760706098
118	10.8750	21.9375	67	None	None	0	4	1.911535178526025
119	10.8750	21.9375	69	None	None	0	5	1.7851776179579417
120	11.0625	22.3125	62	None	None	0	2	1.9409719952054032
121	11.0625	22.3125	67	None	None	0	4	1.5502923976608185
122	11.0625	22.3125	69	None	None	0	5	1.4239348370927352
123	11.4375	23.0625	62	None	None	0	2	1.6120927318295735
124	11.4375	23.0625	67	None	None	0	4	1.395217209690895
125	11.4375	23.0625	69	None	None	0	5	1.4239348370927352
126	11.8125	23.8125	62	None	None	0	2	1.6120927318295735
127	11.8125	23.8125	67	None	None	0	3	2.037761069340011
128	11.8125	23.8125	69	None	None	0	4	2.9034252297410155
129	12.1875	24.5625	62	None	None	0	1	3.568316624895568
130	12.1875	24.5625	67	None	None	0	3	4.2378164614434555
131	12.1875	24.5625	69	None	None	0	4	4.067448512585807
132	12.5625	25.3125	62	None	None	0	1	4.184443899604078
133	12.5625	25.3125	67	None	None	0	2	4.0734926083324225
134	12.5625	25.3125	69	None	None	0	3	4.4723684210526296
135	12.9375	26.0625	69	None	None	0	1	3.3526724419745015
136	12.9375	26.0625	74	None	None	0	2	3.5011441647597326
137	12.9375	26.0625	79	None	None	0	4	3.2756383712905532
138	13.1250	26.4375	71	None	None	0	1	3.3184265010352036
139	13.1250	26.4375	74	None	None	0	3	3.4640695942755446
140	13.1250	26.4375	79	None	None	0	5	3.119103919218337
141	13.3125	26.8125	72	None	None	0	2	3.33692837165377
142	13.3125	26.8125	74	None	None	0	3	3.1008381460898646
143	13.3125	26.8125	79	None	None	0	5	2.7784288620100983
144	13.5000	27.3750	71	None	None	0	2	2.1815299117358675
145	13.5000	27.3750	74	None	None	0	3	1.6175547564563637
146	13.5000	27.3750	79	None	None	0	5	1.4079274272638143
147	13.8750	28.1250	69	None	None	0	1	1.8355998692383173
148	13.8750	28.1250	74	None	None	0	3	1.73484798953907
149	13.8750	28.1250	79	None	None	0	5	1.6079682902909478
150	14.2500	28.6875	72	None	None	0	2	1.8581562602157584
151	14.2500	28.6875	74	None	None	0	3	1.7348479895390698
152	14.2500	28.6875	79	None	None	0	5	1.6079682902909478
153	14.4375	29.0625	72	None	None	0	2	1.8257927427263816
154	14.4375	29.0625	74	None	None	0	3	1.5897025171624761
155	14.4375	29.0625	79	None	None	0	5	1.2672932330827091
156	14.8125	29.8125	72	None	None	0	2	1.5174812030075198
157	14.8125	29.8125	74	None	None	0	3	1.3941729323308316
158	14.8125	29.8125	79	None	None	0	5	1.2672932330827091
159	15.1875	30.5625	72	None	None	0	2	1.5174812030075198
160	15.1875	30.5625	74	None	None	0	3	1.4265364498202084
161	15.1875	30.5625	79	None	None	0	5	1.412438705459303
162	15.5625	31.3125	72	None	None	0	2	1.8581562602157582
163	15.5625	31.3125	74	None	None	0	3	1.7208034442134914
164	15.5625	31.3125	79	None	None	0	5	1.544980632467143
165	15.9375	32.0625	72	None	None	0	2	1.710316141049919
166	15.9375	32.0625	74	None	None	0	3	1.5870078703732307
167	15.9375	32.0625	79	None	None	0	5	1.4601281711251084
168	16.1250	32.6250	72	None	None	0	2	1.6779526235605422
169	16.1250	32.6250	74	None	None	0	3	1.4418623979966367
170	16.1250	32.6250	79	None	None	0	5	1.1194531139168697
171	16.6875	33.5625	72	None	None	0	2	1.383685629167259
172	16.6875	33.5625	74	None	None	0	3	1.3416839884781737
173	16.6875	33.5625	79	None	None	0	5	1.412438705459303
174	17.0625	34.3125	72	None	None	0	2	1.8581562602157582
175	17.0625	34.3125	74	None	None	0	3	1.8415581611946223
176	17.0625	34.3125	79	None	None	0	5	1.6932885090769079
177	17.4375	35.0625	72	None	None	0	2	2.029109192861842
178	17.4375	35.0625	74	None	None	0	3	2.2164253092397455
179	17.4375	35.0625	79	None	None	0	5	2.2658196283709104
180	17.6250	35.6250	72	None	None	0	2	3.0720308084951364
181	17.6250	35.6250	74	None	None	0	3	6.877960727632605
182	17.6250	35.6250	79	None	None	0	5	6.400408870138172
183	18.1875	36.5625	74	None	None	0	2	8.267462270661616
184	18.1875	36.5625	76	None	None	0	3	8.214534066790016
185	18.1875	36.5625	79	None	None	0	4	7.934921907460873
186	18.3750	37.1250	74	None	None	0	2	7.62063619317516
187	18.3750	37.1250	76	None	None	0	3	7.98088464038013
188	18.3750	37.1250	79	None	None	0	5	7.980884640380138
189	18.9375	38.0625	52	None	None	0	1	3.9388644956787626
190	18.9375	38.0625	55	None	None	0	2	4.187574320555424
191	19.5000	39.1875	64	None	None	0	2	2.2016365988927813
192	19.5000	39.1875	66	None	None	0	3	2.212563162075294
193	19.5000	39.1875	71	None	None	0	4	2.533769205622756
194	19.6875	39.7500	64	None	None	0	1	2.6455704478587796
195	19.6875	39.7500	67	None	None	0	3	2.902908539464625
196	19.6875	39.7500	71	None	None	0	5	2.2163056686512275
197	20.0625	40.3125	64	None	None	0	2	2.254557548350474
198	20.0625	40.3125	69	None	None	0	4	2.0376820262117916
199	20.0625	40.3125	71	None	None	0	5	2.5367421765877283
200	20.2500	40.8750	64	None	None	0	1	3.027292869855805
201	20.2500	40.8750	67	None	None	0	3	2.758824556450426
202	20.2500	40.8750	71	None	None	0	5	2.136859564920219
203	20.6250	41.6250	64	None	None	0	2	2.232421840173568
204	20.6250	41.6250	66	None	None	0	3	2.2152980029124323
205	20.6250	41.6250	71	None	None	0	4	2.7200013373354506
206	21.0000	42.1875	64	None	None	0	1	3.182407352373046
207	21.0000	42.1875	64	None	None	0	2	2.0486054563285885
208	21.0000	42.1875	71	None	None	0	5	2.426879038835586
209	21.1875	42.5625	64	None	None	0	2	2.737748604052979
210	21.1875	42.5625	66	None	None	0	3	2.6559868875086536
211	21.1875	42.5625	71	None	None	0	4	2.980538302277436
212	21.3750	42.9375	64	None	None	0	1	3.09233954451346
213	21.3750	42.9375	67	None	None	0	3	3.2641513203298373
214	21.3750	42.9375	71	None	None	0	5	2.5775484495164402
215	21.5625	43.3125	64	None	None	0	1	2.557980095165452
216	21.5625	43.3125	69	None	None	0	4	2.225120731671095
217	21.5625	43.3125	71	None	None	0	5	3.0496548931617733
218	21.7500	43.8750	64	None	None	0	1	4.071506665213767
219	21.7500	43.8750	67	None	None	0	3	3.837853650925747
220	21.7500	43.8750	71	None	None	0	5	3.215888659395539
221	22.1250	44.4375	64	None	None	0	2	3.3114509346488887
222	22.1250	44.4375	66	None	None	0	3	3.294327097387753
223	22.1250	44.4375	71	None	None	0	4	3.282001693958233
224	22.3125	44.8125	64	None	None	0	1	2.893026538678731
225	22.3125	44.8125	64	None	None	0	2	0.9339549466551937
226	22.3125	44.8125	71	None	None	0	5	0.9305818895063908
227	22.5000	45.1875	64	None	None	0	2	0.9364702517162603
228	22.5000	45.1875	66	None	None	0	3	0.8223450176825585
229	22.5000	45.1875	71	None	None	0	5	0.9436582645678921
230	22.6875	45.5625	64	None	None	0	2	1.0994526418153583
231	22.6875	45.5625	66	None	None	0	3	1.0176909252710333
232	22.6875	45.5625	71	None	None	0	5	1.036253884051386
233	23.0625	46.3125	64	None	None	0	2	1.1318161593047351
234	23.0625	46.3125	66	None	None	0	3	1.0823288045542228
235	23.0625	46.3125	71	None	None	0	5	1.3854303083136232
236	23.4375	47.0625	64	None	None	0	2	1.8113701579376826
237	23.4375	47.0625	69	None	None	0	4	1.6268581532883764
238	23.4375	47.0625	71	None	None	0	5	1.5528254925852356
239	23.6250	47.6250	64	None	None	0	2	1.6160242503492077
240	23.6250	47.6250	66	None	None	0	3	1.534262533804883
241	23.6250	47.6250	71	None	None	0	5	1.8293798560961254
242	24.0000	48.1875	64	None	None	0	2	2.172612938802895
243	24.0000	48.1875	67	None	None	0	3	1.8636230728336245
244	24.0000	48.1875	71	None	None	0	5	1.5518084572432675
245	24.1875	48.5625	64	None	None	0	2	1.6150072150072399
246	24.1875	48.5625	66	None	None	0	3	1.500881980973538
247	24.1875	48.5625	71	None	None	0	5	1.6221952278588716
248	24.3750	48.9375	64	None	None	0	2	1.7779896051063377
249	24.3750	48.9375	69	None	None	0	4	1.4196735250511228
250	24.3750	48.9375	71	None	None	0	5	1.190565676378055
251	24.5625	49.3125	64	None	None	0	2	1.2537644341420273
252	24.5625	49.3125	66	None	None	0	3	5.170179978932845
253	24.5625	49.3125	71	None	None	0	4	4.6607288147906
254	24.9375	50.0625	64	None	None	0	1	5.262702499001126
255	24.9375	50.0625	69	None	None	0	3	5.194314136791259
256	24.9375	50.0625	71	None	None	0	4	5.628915132032987
257	25.1250	50.6250	64	None	None	0	1	5.880467927064045
258	25.1250	50.6250	66	None	None	0	2	5.458663415785852
259	25.1250	50.6250	71	None	None	0	3	4.6133617558388895
260	25.5000	51.1875	76	None	None	0	1	2.3220642185173097
261	25.5000	51.1875	78	None	None	0	3	2.2374337110893383
262	25.5000	51.1875	83	None	None	0	4	2.533769205622756
263	25.6875	51.7500	76	None	None	0	1	2.6455704478587796
264	25.6875	51.7500	79	None	None	0	3	2.902908539464625
265	25.6875	51.7500	83	None	None	0	5	2.2163056686512275
266	26.0625	52.3125	76	None	None	0	2	2.254557548350474
267	26.0625	52.3125	81	None	None	0	4	2.0376820262117916
268	26.0625	52.3125	83	None	None	0	5	2.5367421765877283
269	26.2500	52.8750	76	None	None	0	1	3.027292869855805
270	26.2500	52.8750	79	None	None	0	3	2.758824556450426
271	26.2500	52.8750	83	None	None	0	5	2.136859564920219
272	26.6250	53.6250	76	None	None	0	2	2.232421840173568
273	26.6250	53.6250	78	None	None	0	3	2.2152980029124323
274	26.6250	53.6250	83	None	None	0	4	2.7200013373354506
275	27.0000	54.1875	76	None	None	0	1	3.182407352373046
276	27.0000	54.1875	76	None	None	0	2	2.0486054563285885
277	27.0000	54.1875	83	None	None	0	5	2.426879038835586
278	27.1875	54.5625	76	None	None	0	2	2.737748604052979
279	27.1875	54.5625	78	None	None	0	3	2.6559868875086536
280	27.1875	54.5625	83	None	None	0	4	2.980538302277436
281	27.3750	54.9375	76	None	None	0	1	3.09233954451346
282	27.3750	54.9375	79	None	None	0	3	3.2641513203298373
283	27.3750	54.9375	83	None	None	0	5	2.5775484495164402
284	27.5625	55.3125	76	None	None	0	1	2.557980095165452
285	27.5625	55.3125	81	None	None	0	4	2.192757214181718
286	27.5625	55.3125	83	None	None	0	5	2.5367421765877283
287	27.7500	55.8750	76	None	None	0	1	3.027292869855805
288	27.7500	55.8750	79	None	None	0	3	2.758824556450426
289	27.7500	55.8750	83	None	None	0	5	2.136859564920219
290	28.1250	56.6250	76	None	None	0	2	2.232421840173568
291	28.1250	56.6250	78	None	None	0	3	2.2152980029124323
292	28.1250	56.6250	83	None	None	0	4	2.7200013373354506
293	28.5000	57.1875	76	None	None	0	1	3.182407352373046
294	28.5000	57.1875	76	None	None	0	2	2.0486054563285885
295	28.5000	57.1875	83	None	None	0	5	2.426879038835586
296	28.6875	57.5625	76	None	None	0	2	2.737748604052979
297	28.6875	57.5625	78	None	None	0	3	2.6559868875086536
298	28.6875	57.5625	83	None	None	0	5	2.61328502415462
299	28.8750	57.9375	76	None	None	0	2	2.61328502415462
300	28.8750	57.9375	79	None	None	0	3	2.069806763285055
301	28.8750	57.9375	83	None	None	0	5	1.3337165377211457
302	29.0625	58.3125	76	None	None	0	2	1.3137590352693633
303	29.0625	58.3125	81	None	None	0	4	0.9230794377247713
304	29.0625	58.3125	83	None	None	0	5	0.5922523700555963
305	29.2500	58.6875	76	None	None	0	2	0.5598888525662195
306	29.2500	58.6875	83	None	None	0	5	0.5194344557044984
307	29.4375	59.0625	76	None	None	0	2	0.48707093821512154
308	29.4375	59.0625	83	None	None	0	5	0.44661654135340045
309	29.8125	59.8125	76	None	None	0	2	0.4789800588427773
310	29.8125	59.8125	83	None	None	0	5	0.5194344557044983
311	30.1875	60.5625	76	None	None	0	2	2.5398912580878137
312	30.1875	60.5625	83	None	None	0	5	2.761179541689898
313	30.5625	61.3125	76	None	None	0	2	3.034863752216212
314	30.5625	61.3125	83	None	None	0	5	3.3679882300775295
315	30.9375	62.0625	76	None	None	0	2	3.523009430878277
316	30.9375	62.0625	83	None	None	0	5	3.523009430878277
317	31.1250	62.6250	76	None	None	0	2	3.523009430878277
318	31.1250	62.6250	83	None	None	0	5	3.523009430878277
319	31.6875	63.5625	64	None	None	0	1	3.5230094308782762
320	31.6875	63.5625	71	None	None	0	5	2.7611795416898968
321	32.0625	64.3125	64	None	None	0	2	3.2457169722227515
322	32.0625	64.3125	71	None	None	0	5	3.5958273452293636
323	32.4375	65.0625	64	None	None	0	2	3.5817827999037823
324	32.4375	65.0625	71	None	None	0	5	3.5642271182468055
325	32.6250	65.6250	64	None	None	0	2	3.5642271182467984
326	32.6250	65.6250	71	None	None	0	5	3.564227118246791
327	33.1875	66.5625	52	None	None	0	1	1.5297257705378966
328	33.1875	66.5625	59	None	None	0	5	0.5290519160904523
329	33.3750	67.1250	52	None	None	0	2	0.4826438532755004
330	33.3750	67.1250	59	None	None	0	5	0.42463377475681047
331	33.9375	68.0625	52	None	None	0	2	0.8974576212765517
332	33.9375	68.0625	59	None	None	0	5	0.9710971399771168
333	34.1250	68.6250	52	None	None	0	2	1.5389578349797597
334	34.1250	68.6250	59	None	None	0	4	1.4958969464187089
335	34.6875	69.5625	52	None	None	0	1	1.9100537494188232
336	34.6875	69.5625	59	None	None	0	4	2.4124496763430536
337	35.2500	70.6875	52	None	None	0	1	2.2302678065742896
338	35.2500	70.6875	59	None	None	0	3	2.2002714319900316
339	36.0000	72.1875	57	None	None	0	2	2.331750865868849
340	36.0000	72.1875	59	None	None	0	3	2.317099788046411
341	36.0000	72.1875	64	None	None	0	5	2.777661545167265
342	36.1875	72.7500	57	None	None	0	1	2.645570447858784
343	36.1875	72.7500	60	None	None	0	3	2.902908539464601
344	36.1875	72.7500	64	None	None	0	5	2.2901265845773837
345	36.5625	73.3125	57	None	None	0	2	2.540314554502198
346	36.5625	73.3125	62	None	None	0	4	2.3234390323635155
347	36.5625	73.3125	64	None	None	0	5	2.8224991827394543
348	36.7500	73.8750	57	None	None	0	2	3.504087210780576
349	36.7500	73.8750	60	None	None	0	3	3.044581562602153
350	36.7500	73.8750	64	None	None	0	5	2.5445815626021555
351	37.1250	74.6250	57	None	None	0	2	2.9902991173586146
352	37.1250	74.6250	59	None	None	0	3	2.899354364171293
353	37.1250	74.6250	64	None	None	0	5	3.2455050670153582
354	37.5000	75.1875	57	None	None	0	3	3.2492644655116
355	37.5000	75.1875	57	None	None	0	2	2.5207257273618753
356	37.5000	75.1875	64	None	None	0	5	2.89899930986887
357	37.6875	75.5625	57	None	None	0	2	3.2098688750862694
358	37.6875	75.5625	59	None	None	0	3	5.901509207802112
359	37.6875	75.5625	64	None	None	0	5	5.958625730994156
360	37.8750	75.9375	57	None	None	0	1	5.26255947840617
361	37.8750	75.9375	60	None	None	0	2	5.867528422505546
362	37.8750	75.9375	64	None	None	0	4	5.954830009807134
363	38.0625	76.3125	57	None	None	0	1	5.5026560967636495
364	38.0625	76.3125	62	None	None	0	2	4.877121245141838
365	38.0625	76.3125	64	None	None	0	3	4.984264102284697
366	38.4375	77.0625	71	None	None	0	3	2.8106125821800836
367	38.4375	77.0625	76	None	None	0	5	3.156763285024149
368	38.6250	77.4375	69	None	None	0	1	3.0923395445134645
369	38.6250	77.4375	72	None	None	0	3	3.264151320329809
370	38.6250	77.4375	76	None	None	0	5	2.651369365442591
371	38.8125	77.8125	69	None	None	0	2	2.869193817878031
372	38.8125	77.8125	74	None	None	0	4	2.4785142203334423
373	38.8125	77.8125	76	None	None	0	5	2.8224991827394526
374	39.0000	78.3750	69	None	None	0	2	3.504087210780578
375	39.0000	78.3750	72	None	None	0	3	3.044581562602151
376	39.0000	78.3750	76	None	None	0	5	2.5445815626021537
377	39.3750	79.1250	69	None	None	0	2	2.990299117358613
378	39.3750	79.1250	71	None	None	0	3	2.899354364171291
379	39.3750	79.1250	76	None	None	0	5	3.2455050670153565
380	39.7500	79.6875	69	None	None	0	3	3.2492644655116
381	39.7500	79.6875	69	None	None	0	2	2.5207257273618753
382	39.7500	79.6875	76	None	None	0	5	2.89899930986887
383	39.9375	80.0625	69	None	None	0	2	3.2098688750862694
384	39.9375	80.0625	71	None	None	0	3	5.590245541389709
385	39.9375	80.0625	76	None	None	0	5	5.3062656641604065
386	40.1250	80.4375	69	None	None	0	1	5.841181758744696
387	40.1250	80.4375	72	None	None	0	2	5.8821755475645725
388	40.1250	80.4375	76	None	None	0	4	5.829725582071126
389	40.3125	80.8125	69	None	None	0	1	6.081278377102178
390	40.3125	80.8125	74	None	None	0	2	5.097427445425159
391	40.3125	80.8125	76	None	None	0	3	5.252016817405833
392	40.6875	81.5625	81	None	None	0	1	3.267371326867912
393	40.6875	81.5625	83	None	None	0	3	2.8106125821800836
394	40.6875	81.5625	88	None	None	0	5	3.156763285024149
395	40.8750	81.9375	81	None	None	0	1	3.0923395445134645
396	40.8750	81.9375	84	None	None	0	3	3.264151320329809
397	40.8750	81.9375	88	None	None	0	5	2.651369365442591
398	41.0625	82.3125	81	None	None	0	2	2.869193817878031
399	41.0625	82.3125	86	None	None	0	4	4.0946583542531485
400	41.0625	82.3125	88	None	None	0	5	3.8096179229862988
401	41.2500	82.8750	81	None	None	0	2	4.119614407223961
402	41.2500	82.8750	84	None	None	0	3	3.514645463124579
403	41.2500	82.8750	88	None	None	0	5	3.6233411152984965
404	41.6250	83.6250	81	None	None	0	2	3.989866123471097
405	41.6250	83.6250	83	None	None	0	3	4.500163606308617
406	41.6250	83.6250	88	None	None	0	5	4.2413453650533
407	42.1875	84.5625	71	None	None	0	1	3.221539903902473
408	42.1875	84.5625	76	None	None	0	2	3.134764447350243
409	42.3750	84.9375	72	None	None	0	2	3.525698303730358
410	42.3750	84.9375	76	None	None	0	5	2.7780965093894214
411	42.5625	85.3125	74	None	None	0	4	2.4785142203334423
412	42.5625	85.3125	76	None	None	0	5	2.1476871526642625
413	42.7500	85.8750	69	None	None	0	2	2.147687152664262
414	42.7500	85.8750	72	None	None	0	3	1.7874387054592988
415	42.7500	85.8750	76	None	None	0	5	1.4970660346518447
416	43.1250	86.6250	69	None	None	0	2	1.5294295521412191
417	43.1250	86.6250	71	None	None	0	3	2.0024599542334025
418	43.1250	86.6250	76	None	None	0	5	2.488362209872501
419	43.5000	87.1875	69	None	None	0	2	2.5207257273618753
420	43.5000	87.1875	76	None	None	0	5	2.89899930986887
421	43.6875	87.5625	69	None	None	0	2	3.2098688750862694
422	43.6875	87.5625	71	None	None	0	3	3.542132505175985
423	43.6875	87.5625	76	None	None	0	5	3.8213595583160758
424	43.8750	87.9375	69	None	None	0	1	3.6928916494133937
425	43.8750	87.9375	72	None	None	0	2	4.04475500345067
426	43.8750	87.9375	76	None	None	0	4	4.166218081435488
427	44.0625	88.3125	69	None	None	0	1	4.204727398205664
428	44.0625	88.3125	74	None	None	0	3	4.8077639751552885
429	44.0625	88.3125	76	None	None	0	4	4.851414768806083
430	44.2500	88.6875	67	None	None	0	1	4.950139842359538
431	44.2500	88.6875	69	None	None	0	2	4.312905452035898
432	44.2500	88.6875	74	None	None	0	3	3.921962514983118
433	44.2500	88.6875	76	None	None	0	4	3.8105381206639857
434	44.4375	89.0625	67	None	None	0	1	3.90926319421744
435	44.4375	89.0625	69	None	None	0	2	3.272028803893801
436	44.4375	89.0625	74	None	None	0	3	3.0478070175438674
437	44.4375	89.0625	76	None	None	0	4	2.936382623224735
438	44.8125	89.8125	67	None	None	0	1	3.515656895862857
439	44.8125	89.8125	69	None	None	0	2	3.492838981511755
440	44.8125	89.8125	74	None	None	0	3	3.795763866187215
441	44.8125	89.8125	76	None	None	0	4	3.977259271366832
442	45.1875	90.5625	67	None	None	0	1	5.035310058712559
443	45.1875	90.5625	69	None	None	0	2	4.563810555236889
444	45.1875	90.5625	74	None	None	0	3	4.191148057455653
445	45.1875	90.5625	76	None	None	0	4	4.150271494980277
446	45.3750	91.1250	67	None	None	0	1	4.9482446888344835
447	45.3750	91.1250	69	None	None	0	2	3.964393757157464
448	45.3750	91.1250	74	None	None	0	3	3.494795952144521
449	45.3750	91.1250	76	None	None	0	4	3.412089185227224
450	45.9375	92.0625	74	None	None	0	2	2.9323509244810206
451	45.9375	92.0625	76	None	None	0	3	3.3046023076559394
452	45.9375	92.0625	79	None	None	0	4	3.3086012988445974
453	45.9375	92.0625	81	None	None	0	5	3.65348788638263
454	46.3125	46.5000	67	None	None	0	1	2.6957811194653387
455	46.6875	93.5625	67	None	None	0	1	3.1920217209691
456	46.6875	93.5625	69	None	None	0	2	2.943149540517968
457	46.6875	93.5625	74	None	None	0	3	2.9099624060150435
458	46.6875	93.5625	76	None	None	0	4	2.936382623224735
459	47.0625	94.3125	67	None	None	0	1	3.515656895862857
460	47.0625	94.3125	69	None	None	0	2	3.492838981511755
461	47.0625	94.3125	74	None	None	0	3	3.795763866187215
462	47.0625	94.3125	76	None	None	0	4	3.977259271366832
463	47.4375	95.0625	67	None	None	0	1	10.390493443754327
464	47.4375	95.0625	69	None	None	0	2	10.390493443754327
465	47.4375	95.0625	74	None	None	0	3	9.941712978097422
466	47.4375	95.0625	76	None	None	0	4	9.968133195307114
467	47.6250	95.6250	67	None	None	0	1	12.04501119835411
468	47.6250	95.6250	69	None	None	0	2	11.488114444574666
469	47.6250	95.6250	74	None	None	0	3	10.101549865229119
470	47.6250	95.6250	76	None	None	0	4	9.922828691224925
471	48.0000	96.1875	79	None	None	0	1	4.8589189167888325
472	48.0000	96.1875	81	None	None	0	2	4.6100467363377025
473	48.0000	96.1875	86	None	None	0	4	4.858918916788834
474	48.0000	96.1875	88	None	None	0	5	4.858918916788834
475	48.5625	97.3125	67	None	None	0	1	2.880765987295292
476	48.5625	97.3125	69	None	None	0	2	2.800428350751097
477	48.5625	97.3125	74	None	None	0	3	2.8501430462949884
478	48.5625	97.3125	76	None	None	0	4	2.936382623224735
479	48.9375	98.0625	67	None	None	0	1	3.1920217209691
480	48.9375	98.0625	69	None	None	0	2	2.943149540517968
481	48.9375	98.0625	74	None	None	0	3	2.9099624060150435
482	48.9375	98.0625	76	None	None	0	4	2.936382623224735
483	49.3125	98.8125	67	None	None	0	1	3.1920217209691
484	49.3125	98.8125	69	None	None	0	2	2.943149540517968
485	49.3125	98.8125	74	None	None	0	3	2.9099624060150435
486	49.3125	98.8125	76	None	None	0	4	2.936382623224735
487	49.6875	99.5625	67	None	None	0	1	3.1920217209691
488	49.6875	99.5625	69	None	None	0	2	2.943149540517968
489	49.6875	99.5625	74	None	None	0	3	2.9099624060150435
490	49.6875	99.5625	76	None	None	0	4	2.936382623224735
491	50.0625	100.3125	67	None	None	0	1	3.1920217209691
492	50.0625	100.3125	69	None	None	0	2	2.943149540517968
493	50.0625	100.3125	74	None	None	0	3	2.9099624060150435
494	50.0625	100.3125	76	None	None	0	4	2.936382623224735
495	50.4375	101.0625	67	None	None	0	1	8.917898913951555
496	50.4375	101.0625	69	None	None	0	2	8.917898913951555
497	50.4375	101.0625	74	None	None	0	3	8.6358395989975
498	50.4375	101.0625	76	None	None	0	4	8.66225981620719
499	50.8125	101.8125	67	None	None	0	1	9.241534088845313
500	50.8125	101.8125	69	None	None	0	2	9.218716174494212
501	50.8125	101.8125	74	None	None	0	3	9.115312738367672
502	50.8125	101.8125	76	None	None	0	4	9.29680814354729
503	51.1875	102.5625	79	None	None	0	1	4.556533544004955
504	51.1875	102.5625	81	None	None	0	2	4.533715629653853
505	51.1875	102.5625	86	None	None	0	3	4.669919363626465
506	51.1875	102.5625	88	None	None	0	4	4.851414768806083
507	51.3750	102.9375	79	None	None	0	1	5.273775017253295
508	51.3750	102.9375	81	None	None	0	2	4.862594893029686
509	51.3750	102.9375	86	None	None	0	3	4.8077639751552885
510	51.3750	102.9375	88	None	None	0	4	4.851414768806083
511	51.5625	103.3125	79	None	None	0	1	5.273775017253295
512	51.5625	103.3125	81	None	None	0	2	4.862594893029686
513	51.5625	103.3125	86	None	None	0	3	4.8077639751552885
514	51.5625	103.3125	88	None	None	0	4	4.851414768806083
515	51.7500	103.6875	79	None	None	0	1	5.273775017253295
516	51.7500	103.6875	81	None	None	0	2	4.862594893029686
517	51.7500	103.6875	86	None	None	0	3	4.8077639751552885
518	51.7500	103.6875	88	None	None	0	4	4.851414768806083
519	51.9375	104.0625	79	None	None	0	1	5.273775017253295
520	51.9375	104.0625	81	None	None	0	2	4.862594893029686
521	51.9375	104.0625	86	None	None	0	3	4.8077639751552885
522	51.9375	104.0625	88	None	None	0	4	4.851414768806083
523	52.1250	104.4375	79	None	None	0	1	5.273775017253295
524	52.1250	104.4375	81	None	None	0	2	4.862594893029686
525	52.1250	104.4375	86	None	None	0	3	4.8077639751552885
526	52.1250	104.4375	88	None	None	0	4	4.851414768806083
527	52.3125	104.8125	79	None	None	0	1	5.273775017253295
528	52.3125	104.8125	81	None	None	0	2	4.862594893029686
529	52.3125	104.8125	86	None	None	0	3	4.8077639751552885
530	52.3125	104.8125	88	None	None	0	4	4.851414768806083
531	52.5000	105.1875	79	None	None	0	1	5.273775017253295
532	52.5000	105.1875	81	None	None	0	2	4.862594893029686
533	52.5000	105.1875	86	None	None	0	3	4.8077639751552885
534	52.5000	105.1875	88	None	None	0	4	4.851414768806083
535	52.6875	105.5625	79	None	None	0	1	5.273775017253295
536	52.6875	105.5625	81	None	None	0	2	4.862594893029686
537	52.6875	105.5625	86	None	None	0	3	4.8077639751552885
538	52.6875	105.5625	88	None	None	0	4	4.851414768806083
539	52.8750	105.9375	79	None	None	0	1	5.273775017253295
540	52.8750	105.9375	81	None	None	0	2	4.862594893029686
541	52.8750	105.9375	86	None	None	0	3	4.8077639751552885
542	52.8750	105.9375	88	None	None	0	4	4.851414768806083
543	53.0625	106.3125	79	None	None	0	1	5.273775017253295
544	53.0625	106.3125	81	None	None	0	2	4.862594893029686
545	53.0625	106.3125	86	None	None	0	3	4.8077639751552885
546	53.0625	106.3125	88	None	None	0	4	4.8077639751552885
547	53.2500	106.6875	79	None	None	0	1	4.8077639751552885
548	53.2500	106.6875	81	None	None	0	2	4.8077639751552885
549	53.2500	106.6875	86	None	None	0	4	4.8077639751552885
550	53.2500	106.6875	88	None	None	0	5	4.8077639751552885
551	53.4375	107.0625	79	None	None	0	1	4.8077639751552885
552	53.4375	107.0625	81	None	None	0	2	4.8077639751552885
553	53.4375	107.0625	86	None	None	0	4	4.8077639751552885
554	53.4375	107.0625	88	None	None	0	0	4.8077639751552885
