0	0.0000	0.1875	48	None	None	1	-5	0.5975605831259825
1	0.0000	0.1875	54	None	None	1	-3	0.6786679174619006
2	0.0000	0.1875	55	None	None	1	-2	1.226563957065859
3	0.1875	0.7500	48	None	None	1	-5	1.934205707265725
4	0.1875	0.7500	52	None	None	1	-4	1.9776360653391263
5	0.1875	0.7500	55	None	None	1	-2	2.220269877592533
6	0.5625	1.3125	48	None	None	1	-5	2.8526348810101667
7	0.5625	1.3125	50	None	None	1	-4	2.7033032185206096
8	0.5625	1.3125	55	None	None	1	-2	2.8093182561145933
9	0.7500	1.8750	48	None	None	1	-5	3.136908972034829
10	0.7500	1.8750	52	None	None	1	-4	2.585977295016197
11	0.7500	1.8750	55	None	None	1	-2	2.387840649053464
12	1.1250	2.6250	48	None	None	1	-5	3.4730720080834487
13	1.1250	2.6250	54	None	None	1	-3	3.1210110255876833
14	1.1250	2.6250	55	None	None	1	-2	3.0510698683467568
15	1.5000	3.1875	48	None	None	1	-5	4.136301227376741
16	1.5000	3.1875	52	None	None	1	-4	3.843296977621921
17	1.5000	3.1875	55	None	None	1	-2	3.893280632411067
18	1.6875	3.5625	48	None	None	1	-5	4.938057594579333
19	1.6875	3.5625	54	None	None	1	-3	4.249099527474811
20	1.6875	3.5625	55	None	None	1	-2	3.682917768730125
21	1.8750	3.9375	48	None	None	1	-5	4.274828375286041
22	1.8750	3.9375	54	None	None	1	-3	3.585870308181519
23	1.8750	3.9375	55	None	None	1	-2	3.019688549436833
24	2.0625	4.3125	48	None	None	1	-5	3.6115991559927476
25	2.0625	4.3125	54	None	None	1	-3	2.9226410888882266
26	2.0625	4.3125	55	None	None	1	-2	2.3564593301435406
27	2.4375	5.0625	48	None	None	1	-5	2.9888243335611753
28	2.4375	5.0625	54	None	None	1	-3	2.6367633510654094
29	2.4375	5.0625	55	None	None	1	-2	2.5668221938244824
30	2.8125	5.8125	48	None	None	1	-5	3.6520535528544675
31	2.8125	5.8125	54	None	None	1	-3	3.299992570358702
32	2.8125	5.8125	55	None	None	1	-2	3.2300514131177747
33	3.1875	6.5625	48	None	None	1	-5	4.31528277214776
34	3.1875	6.5625	54	None	None	1	-3	3.922767392790275
35	3.1875	6.5625	55	None	None	1	-2	3.682917768730125
36	3.3750	6.9375	48	None	None	1	-5	4.274828375286041
37	3.3750	6.9375	54	None	None	1	-3	3.6263247050432383
38	3.3750	6.9375	55	None	None	1	-2	3.3710452019376476
39	3.5625	7.3125	48	None	None	1	-5	3.97911973609914
40	3.5625	7.3125	54	None	None	1	-3	3.3306160658563386
41	3.5625	7.3125	55	None	None	1	-2	2.853114340528528
42	3.9375	8.0625	48	None	None	1	-5	3.1873575572660244
43	3.9375	8.0625	54	None	None	1	-3	2.835296574770259
44	3.9375	8.0625	55	None	None	1	-2	2.906349206349205
45	4.1250	8.4375	48	None	None	1	-4	3.1715665976535523
46	4.1250	8.4375	52	None	None	1	-2	2.9381497221314157
47	4.1250	8.4375	55	None	None	1	-1	3.450882641386073
48	4.3125	8.8125	48	None	None	1	-5	3.146903160404305
49	4.3125	8.8125	50	None	None	1	-4	2.8597268863859253
50	4.3125	8.8125	55	None	None	1	-2	2.8093182561145933
51	4.5000	9.3750	48	None	None	1	-5	3.136908972034829
52	4.5000	9.3750	52	None	None	1	-4	2.585977295016197
53	4.5000	9.3750	55	None	None	1	-2	2.5288344378733374
54	4.8750	10.1250	48	None	None	1	-5	3.177363368896549
55	4.8750	10.1250	54	None	None	1	-3	2.784847989539063
56	4.8750	10.1250	55	None	None	1	-2	2.6303367113435745
57	5.2500	10.6875	48	None	None	1	-4	2.5198721441284353
58	5.2500	10.6875	52	None	None	1	-2	2.6599506011405336
59	5.2500	10.6875	55	None	None	1	-1	3.2088227815916586
60	5.4375	11.0625	48	None	None	1	-4	2.782703134648213
61	5.4375	11.0625	52	None	None	1	-2	2.549286259126076
62	5.4375	11.0625	55	None	None	1	-1	2.892470306200281
63	5.8125	11.8125	48	None	None	1	-4	2.5198721441284353
64	5.8125	11.8125	52	None	None	1	-2	2.6599506011405336
65	5.8125	11.8125	55	None	None	1	-1	3.2088227815916586
66	6.0000	12.3750	48	None	None	1	-4	2.782703134648213
67	6.0000	12.3750	52	None	None	1	-2	2.549286259126076
68	6.0000	12.3750	55	None	None	1	-1	2.892470306200281
69	6.3750	12.9375	48	None	None	1	-4	2.5198721441284353
70	6.3750	12.9375	52	None	None	1	-2	2.6599506011405336
71	6.3750	12.9375	55	None	None	1	-1	3.2088227815916586
72	6.5625	13.3125	48	None	None	1	-4	2.782703134648213
73	6.5625	13.3125	52	None	None	1	-2	2.549286259126076
74	6.5625	13.3125	55	None	None	1	-1	2.892470306200281
75	6.9375	14.0625	48	None	None	1	-4	2.5198721441284353
76	6.9375	14.0625	52	None	None	1	-2	2.6599506011405336
77	6.9375	14.0625	55	None	None	1	-1	3.2088227815916586
78	7.1250	14.6250	48	None	None	1	-4	2.782703134648213
79	7.1250	14.6250	52	None	None	1	-2	2.549286259126076
80	7.1250	14.6250	55	None	None	1	-1	2.892470306200281
81	7.5000	15.1875	48	None	None	1	-4	2.5198721441284353
82	7.5000	15.1875	52	None	None	1	-2	2.5345755693581773
83	7.5000	15.1875	55	None	None	1	-1	2.8924703062002806
84	7.6875	15.5625	48	None	None	1	-4	2.2621626530093333
85	7.6875	15.5625	52	None	None	1	-2	2.154120809269553
86	7.6875	15.5625	55	None	None	1	-1	2.688282299952779
87	8.0625	16.3125	48	None	None	1	-4	2.5198721441284357
88	8.0625	16.3125	52	None	None	1	-2	2.1977300542097624
89	8.0625	16.3125	55	None	None	1	-1	2.582462292969928
90	8.4375	17.0625	48	None	None	1	-4	2.4147129877340485
91	8.4375	17.0625	52	None	None	1	-2	2.5201141718537676
92	8.4375	17.0625	55	None	None	1	-1	3.126129209447753
93	8.6250	17.6250	48	None	None	1	-4	2.7391036745961337
94	8.6250	17.6250	52	None	None	1	-2	2.230149470905089
95	8.6250	17.6250	55	None	None	1	-1	2.6932583300093693
96	9.7500	19.6875	50	None	None	1	-5	2.7295787228281503
97	9.7500	19.6875	55	None	None	1	-3	3.130882929811149
98	9.7500	19.6875	60	None	None	1	-1	3.7011453204817037
99	9.9375	20.2500	52	None	None	1	-5	3.406597356368525
100	9.9375	20.2500	55	None	None	1	-3	2.9282138977219088
101	9.9375	20.2500	60	None	None	1	-1	2.8978118055349182
102	10.3125	20.8125	54	None	None	1	-4	2.446991573135743
103	10.3125	20.8125	55	None	None	1	-3	2.2861728596854505
104	10.3125	20.8125	60	None	None	1	-1	2.516248047655375
105	10.5000	21.3750	52	None	None	1	-5	2.116763829864523
106	10.5000	21.3750	55	None	None	1	-3	1.7429637169339731
107	10.5000	21.3750	60	None	None	1	-1	2.321224586499187
108	10.8750	22.1250	50	None	None	1	-5	3.197123573096111
109	10.8750	22.1250	55	None	None	1	-3	3.176706918812178
110	10.8750	22.1250	60	None	None	1	-1	3.8530390534967127
111	11.2500	22.6875	52	None	None	1	-5	4.482801866325886
112	11.2500	22.6875	55	None	None	1	-3	4.334565663169772
113	11.2500	22.6875	60	None	None	1	-1	5.010897797854307
114	11.4375	23.0625	54	None	None	1	-4	4.986561264822124
115	11.4375	23.0625	55	None	None	1	-3	4.354625694671452
116	11.4375	23.0625	60	None	None	1	-1	4.606554429552129
117	11.6250	23.4375	54	None	None	1	-4	4.1997399625546
118	11.6250	23.4375	55	None	None	1	-3	3.5678043924039278
119	11.6250	23.4375	60	None	None	1	-1	3.819733127284605
120	11.8125	23.8125	54	None	None	1	-4	3.4129186602870756
121	11.8125	23.8125	55	None	None	1	-3	2.780983090136403
122	11.8125	23.8125	60	None	None	1	-1	3.0329118250170803
123	12.1875	24.5625	54	None	None	1	-4	3.0181818181818123
124	12.1875	24.5625	55	None	None	1	-3	4.348483675766952
125	12.1875	24.5625	60	None	None	1	-1	4.319956475413126
126	12.5625	25.3125	54	None	None	1	-4	3.8250628241727282
127	12.5625	25.3125	55	None	None	1	-3	3.472660078177302
128	12.5625	25.3125	60	None	None	1	-1	3.682532585532646
129	12.9375	26.0625	54	None	None	1	-4	3.7012121896813612
130	12.9375	26.0625	55	None	None	1	-3	3.7321772835755165
131	12.9375	26.0625	60	None	None	1	-1	3.978074635651358
132	13.6875	27.5625	43	None	None	1	-5	3.522975277067342
133	13.6875	27.5625	48	None	None	1	-3	3.881859620278311
134	13.6875	27.5625	50	None	None	1	-2	3.9936022120518624
135	13.8750	27.9375	43	None	None	1	-4	3.71972185899531
136	13.8750	27.9375	48	None	None	1	-2	3.617517071664664
137	13.8750	27.9375	52	None	None	1	-1	3.8200996149794744
138	14.0625	28.3125	43	None	None	1	-5	2.7153268134103326
139	14.0625	28.3125	48	None	None	1	-3	2.649146870800183
140	14.0625	28.3125	54	None	None	1	-1	2.1643588137009173
141	14.4375	29.0625	43	None	None	1	-4	1.3753550543024198
142	14.4375	29.0625	48	None	None	1	-2	1.4295739348370888
143	14.4375	29.0625	52	None	None	1	-1	1.646867167919797
144	14.8125	29.8125	43	None	None	1	-4	1.3753550543024198
145	14.8125	29.8125	48	None	None	1	-2	1.4295739348370888
146	14.8125	29.8125	52	None	None	1	-1	1.646867167919797
147	15.1875	30.5625	43	None	None	1	-4	1.3753550543024198
148	15.1875	30.5625	48	None	None	1	-2	1.6213577421815366
149	15.1875	30.5625	52	None	None	1	-1	1.9950746431295605
150	15.5625	31.3125	43	None	None	1	-4	1.7382732192800807
151	15.5625	31.3125	48	None	None	1	-2	4.692493676082465
152	15.5625	31.3125	52	None	None	1	-1	5.423037015563244
153	15.9375	32.0625	43	None	None	1	-4	5.145141017706966
154	15.9375	32.0625	48	None	None	1	-2	5.199359898241633
155	15.9375	32.0625	52	None	None	1	-1	5.416653131324341
156	16.1250	32.6250	43	None	None	1	-5	4.708561189684625
157	16.1250	32.6250	48	None	None	1	-4	3.0744033312704704
158	16.1250	32.6250	52	None	None	1	-3	2.668290222411365
159	16.6875	33.5625	55	None	None	1	-3	1.8822212764615827
160	16.6875	33.5625	60	None	None	1	-2	1.6149738579426258
161	16.6875	33.5625	64	None	None	1	-1	1.9950746431295494
162	17.0625	34.3125	55	None	None	1	-4	1.7382732192800692
163	17.0625	34.3125	60	None	None	1	-2	3.666655427192534
164	17.0625	34.3125	64	None	None	1	-1	4.064584211417248
165	17.4375	35.0625	55	None	None	1	-4	4.018962911791377
166	17.4375	35.0625	60	None	None	1	-2	4.027560492700172
167	17.4375	35.0625	64	None	None	1	-1	10.186944802531354
168	17.6250	35.6250	55	None	None	1	-5	9.215949841790698
169	17.6250	35.6250	60	None	None	1	-4	9.827223719676553
170	17.6250	35.6250	64	None	None	1	-3	10.156732684870509
171	18.1875	36.5625	67	None	None	1	-3	10.126004922067274
172	18.1875	36.5625	72	None	None	1	-1	10.671052254645366
173	18.3750	37.1250	67	None	None	1	-3	11.051176478247852
174	18.3750	37.1250	72	None	None	1	-1	10.839996354024247
175	18.9375	38.0625	43	None	None	1	-5	5.053210206264914
176	18.9375	38.0625	48	None	None	1	-4	4.848065268448675
177	19.5000	39.1875	55	None	None	1	-4	3.0218014958095276
178	19.5000	39.1875	61	None	None	1	-2	3.2154081882310406
179	19.5000	39.1875	62	None	None	1	-1	3.1965402637027394
180	19.6875	39.7500	55	None	None	1	-4	2.703003886527917
181	19.6875	39.7500	59	None	None	1	-2	2.469587011005777
182	19.6875	39.7500	62	None	None	1	-1	2.9823199302604344
183	20.0625	40.3125	55	None	None	1	-5	2.852634881010173
184	20.0625	40.3125	57	None	None	1	-4	2.7033032185206154
185	20.0625	40.3125	62	None	None	1	-2	2.809318256114601
186	20.2500	40.8750	55	None	None	1	-5	3.136908972034839
187	20.2500	40.8750	59	None	None	1	-4	2.5859772950161948
188	20.2500	40.8750	62	None	None	1	-2	2.387840649053464
189	20.6250	41.6250	55	None	None	1	-5	3.4730720080834523
190	20.6250	41.6250	61	None	None	1	-3	3.121011025587687
191	20.6250	41.6250	62	None	None	1	-2	3.1920636571666363
192	21.0000	42.1875	55	None	None	1	-5	3.8405925881898506
193	21.0000	42.1875	59	None	None	1	-4	3.547588338435023
194	21.0000	42.1875	62	None	None	1	-2	3.5163435598218262
195	21.1875	42.5625	55	None	None	1	-5	3.8101323796976034
196	21.1875	42.5625	61	None	None	1	-3	3.1616287094548015
197	21.1875	42.5625	62	None	None	1	-2	2.9063492063492142
198	21.3750	42.9375	55	None	None	1	-4	3.171566597653556
199	21.3750	42.9375	59	None	None	1	-2	2.9381497221314157
200	21.3750	42.9375	62	None	None	1	-1	3.450882641386074
201	21.5625	43.3125	55	None	None	1	-5	3.146903160404311
202	21.5625	43.3125	57	None	None	1	-4	2.9001812832476506
203	21.5625	43.3125	62	None	None	1	-2	3.0753365627507567
204	21.7500	43.8750	55	None	None	1	-5	3.6834110969122515
205	21.7500	43.8750	59	None	None	1	-4	3.132479419893608
206	21.7500	43.8750	62	None	None	1	-2	2.9343427739308776
207	22.1250	44.4375	55	None	None	1	-5	4.019574132960866
208	22.1250	44.4375	61	None	None	1	-3	3.6675131504650995
209	22.1250	44.4375	62	None	None	1	-2	3.59757199322417
210	22.3125	44.8125	55	None	None	1	-5	4.642348955392438
211	22.3125	44.8125	59	None	None	1	-4	4.050962881512075
212	22.3125	44.8125	62	None	None	1	-2	3.6829177687301233
213	22.5000	45.1875	55	None	None	1	-5	4.274828375286041
214	22.5000	45.1875	61	None	None	1	-3	3.585870308181519
215	22.5000	45.1875	62	None	None	1	-2	2.9705239713248863
216	22.6875	45.5625	55	None	None	1	-5	3.107889123335348
217	22.6875	45.5625	61	None	None	1	-3	2.459385453092546
218	22.6875	45.5625	62	None	None	1	-2	2.0631121611670795
219	23.0625	46.3125	55	None	None	1	-5	3.1483435201970673
220	23.0625	46.3125	61	None	None	1	-3	2.7558281408395824
221	23.0625	46.3125	62	None	None	1	-2	2.6013168626440955
222	23.4375	47.0625	55	None	None	1	-5	2.9693619754260525
223	23.4375	47.0625	57	None	None	1	-4	2.8604847097982145
224	23.4375	47.0625	62	None	None	1	-2	3.051069868346757
225	23.6250	47.6250	55	None	None	1	-5	4.0958468305150255
226	23.6250	47.6250	61	None	None	1	-3	3.447343160272223
227	23.6250	47.6250	62	None	None	1	-2	2.9698414349444135
228	24.0000	48.1875	55	None	None	1	-5	3.30408465168191
229	24.0000	48.1875	59	None	None	1	-4	3.011080401927082
230	24.0000	48.1875	62	None	None	1	-2	3.061064056716229
231	24.1875	48.5625	55	None	None	1	-5	4.105841018884497
232	24.1875	48.5625	61	None	None	1	-3	3.4168829517799764
233	24.1875	48.5625	62	None	None	1	-2	2.801536614923344
234	24.3750	48.9375	55	None	None	1	-5	2.9389017669338053
235	24.3750	48.9375	57	None	None	1	-4	2.6921798897771447
236	24.3750	48.9375	62	None	None	1	-2	2.7263413804603718
237	24.5625	49.3125	55	None	None	1	-5	3.7711183426286405
238	24.5625	49.3125	61	None	None	1	-3	4.50798158945336
239	24.5625	49.3125	62	None	None	1	-2	3.7270239669987655
240	24.9375	50.0625	55	None	None	1	-5	3.806042716403924
241	24.9375	50.0625	57	None	None	1	-4	4.247545022894788
242	24.9375	50.0625	62	None	None	1	-2	4.636266827406067
243	25.1250	50.6250	55	None	None	1	-5	4.57104943610172
244	25.1250	50.6250	61	None	None	1	-4	3.0590807876414576
245	25.1250	50.6250	62	None	None	1	-3	2.857527992610403
246	27.0000	54.1875	67	None	None	1	-3	3.213136529554573
247	27.0000	54.1875	69	None	None	1	-2	3.2698705495247005
248	27.0000	54.1875	74	None	None	1	-1	3.7002502963601454
249	27.1875	54.7500	67	None	None	1	-5	3.6834110969122578
250	27.1875	54.7500	71	None	None	1	-4	3.092025023031897
251	27.1875	54.7500	74	None	None	1	-2	2.6748153321379986
252	27.5625	55.3125	67	None	None	1	-5	2.852634881010177
253	27.5625	55.3125	73	None	None	1	-3	2.460119501652694
254	27.5625	55.3125	74	None	None	1	-2	2.8603283571247085
255	27.7500	55.8750	67	None	None	1	-4	2.842237840979263
256	27.7500	55.8750	71	None	None	1	-2	2.3161508844575263
257	27.7500	55.8750	74	None	None	1	-1	2.6280901529185297
258	28.1250	56.6250	67	None	None	1	-4	2.6292088917947067
259	28.1250	56.6250	69	None	None	1	-3	2.558761033017334
260	28.1250	56.6250	74	None	None	1	-1	2.979813664596281
261	28.5000	57.1875	67	None	None	1	-4	3.295218117758176
262	28.5000	57.1875	67	None	None	1	-5	2.3845446950710274
263	28.5000	57.1875	74	None	None	1	-2	2.765355417529343
264	28.6875	57.5625	67	None	None	1	-5	3.810132379697607
265	28.6875	57.5625	69	None	None	1	-4	3.563410502540955
266	28.6875	57.5625	74	None	None	1	-2	3.7385657820440605
267	28.8750	57.9375	67	None	None	1	-5	4.346640316205551
268	28.8750	57.9375	71	None	None	1	-4	3.7552542423251905
269	28.8750	57.9375	74	None	None	1	-2	3.3380445514312926
270	29.0625	58.3125	67	None	None	1	-5	3.47540970344175
271	29.0625	58.3125	73	None	None	1	-3	2.786451636337231
272	29.0625	58.3125	74	None	None	1	-2	2.009367621953449
273	29.2500	58.8750	67	None	None	1	-5	2.009367621953449
274	29.2500	58.8750	71	None	None	1	-4	1.4379390505248704
275	29.2500	58.8750	74	None	None	1	-2	0.871397697141419
276	29.6250	59.6250	67	None	None	1	-5	0.8589916821038245
277	29.6250	59.6250	69	None	None	1	-4	0.7096600196142714
278	29.6250	59.6250	74	None	None	1	-2	0.5194344557044983
279	30.0000	60.1875	67	None	None	1	-5	0.5194344557044984
280	30.0000	60.1875	74	None	None	1	-2	0.5194344557044983
281	30.1875	60.5625	67	None	None	1	-5	0.4789800588427773
282	30.1875	60.5625	74	None	None	1	-2	0.44661654135340045
283	30.5625	61.3125	67	None	None	1	-5	0.48707093821512154
284	30.5625	61.3125	74	None	None	1	-2	0.5194344557044983
285	30.9375	62.0625	67	None	None	1	-5	4.9733307838916545
286	30.9375	62.0625	74	None	None	1	-2	4.959286238566075
287	31.3125	62.8125	67	None	None	1	-5	4.959286238566073
288	31.3125	62.8125	74	None	None	1	-1	4.899083194724577
289	31.6875	63.5625	67	None	None	1	-4	4.565958716863257
290	31.6875	63.5625	74	None	None	1	-1	4.292274506336943
291	31.8750	64.1250	67	None	None	1	-4	3.7418949342182417
292	31.8750	64.1250	74	None	None	1	-1	3.289721021174767
293	32.4375	65.0625	55	None	None	1	-5	4.959286238566067
294	32.4375	65.0625	62	None	None	1	-2	4.959286238566064
295	32.8125	65.8125	55	None	None	1	-5	4.999740635427781
296	32.8125	65.8125	62	None	None	1	-1	4.971901109075661
297	33.1875	66.5625	55	None	None	1	-4	4.621220949557367
298	33.1875	66.5625	62	None	None	1	-1	4.333492193705472
299	33.3750	67.1250	55	None	None	1	-4	3.783112621586765
300	33.3750	67.1250	62	None	None	1	-1	3.330938708543284
301	33.9375	68.0625	43	None	None	1	-5	0.5290519160904523
302	33.9375	68.0625	50	None	None	1	-2	0.5290519160904524
303	34.1250	68.6250	43	None	None	1	-5	0.5290519160904524
304	34.1250	68.6250	50	None	None	1	-2	0.5290519160904524
305	34.6875	69.5625	43	None	None	1	-5	0.5870619946091423
306	34.6875	69.5625	50	None	None	1	-2	0.6334700574240943
307	34.8750	70.1250	43	None	None	1	-5	0.6334700574240943
308	34.8750	70.1250	50	None	None	1	-2	0.6334700574240943
309	35.4375	71.0625	43	None	None	1	-5	0.6914801359427843
310	35.4375	71.0625	50	None	None	1	-2	0.7378881987577364
311	35.6250	71.4375	43	None	None	1	-5	0.6935579618534364
312	35.6250	71.4375	50	None	None	1	-2	0.6621392843401106
313	35.8125	71.8125	43	None	None	1	-5	0.6006486011102993
314	35.8125	71.8125	50	None	None	1	-2	0.5559281042158938
315	36.0000	72.1875	43	None	None	1	-5	1.0489323539707214
316	36.0000	72.1875	50	None	None	1	-2	1.5082981597896197
317	36.1875	72.5625	43	None	None	1	-5	1.4468074765598082
318	36.1875	72.5625	50	None	None	1	-2	1.4020869796654027
319	37.5000	75.1875	48	None	None	1	-3	1.4943086843696423
320	37.5000	75.1875	53	None	None	1	-1	1.5941157240928447
321	37.6875	75.7500	50	None	None	1	-2	1.94827648832226
322	37.6875	75.7500	53	None	None	1	-1	2.2343176782536087
323	38.0625	76.3125	52	None	None	1	-2	1.8872761614180416
324	38.0625	76.3125	53	None	None	1	-1	1.5943699829283409
325	38.2500	76.8750	50	None	None	1	-2	1.5943699829283404
326	38.2500	76.8750	53	None	None	1	-1	1.5943699829283406
327	38.6250	77.6250	48	None	None	1	-3	2.4278449747557374
328	38.6250	77.6250	53	None	None	1	-2	2.875215211942902
329	39.0000	78.1875	47	None	None	1	-5	2.8131851367549325
330	39.0000	78.1875	53	None	None	1	-2	3.2294068504594833
331	39.1875	78.5625	48	None	None	1	-5	3.0142929788238733
332	39.1875	78.5625	53	None	None	1	-2	2.889724310776946
333	39.3750	78.9375	50	None	None	1	-5	2.1577712396934405
334	39.3750	78.9375	53	None	None	1	-3	1.623609749010211
335	39.5625	79.3125	52	None	None	1	-5	2.2315208310631696
336	39.5625	79.3125	53	None	None	1	-4	2.776724419745019
337	39.9375	80.0625	53	None	None	1	-4	2.927100359594644
338	39.9375	80.0625	60	None	None	1	-1	2.7541680287675776
339	40.1250	80.4375	55	None	None	1	-4	2.891636700446765
340	40.1250	80.4375	60	None	None	1	-2	2.544987468671676
341	40.3125	80.8125	57	None	None	1	-4	2.2868784279539427
342	40.3125	80.8125	60	None	None	1	-2	2.054580291307979
343	40.5000	81.3750	59	None	None	1	-3	2.4148287385129517
344	40.5000	81.3750	60	None	None	1	-1	1.5943699829283406
345	40.8750	82.1250	55	None	None	1	-3	2.4278449747557342
346	40.8750	82.1250	60	None	None	1	-2	2.875215211942898
347	41.2500	82.6875	53	None	None	1	-5	3.0557226399331587
348	41.2500	82.6875	60	None	None	1	-3	3.759344012204413
349	41.4375	83.0625	55	None	None	1	-5	3.512449602266521
350	41.4375	83.0625	60	None	None	1	-3	3.400648360030492
351	41.6250	83.4375	57	None	None	1	-5	2.655927863136086
352	41.6250	83.4375	60	None	None	1	-4	1.9036849369801192
353	41.8125	83.8125	59	None	None	1	-5	1.7592749990919199
354	41.8125	83.8125	60	None	None	1	-4	1.658515854854514
355	42.1875	84.5625	62	None	None	1	-4	1.7905125131669632
356	42.1875	84.5625	69	None	None	1	-1	1.7905125131669632
357	42.3750	84.9375	64	None	None	1	-3	4.388426494181853
358	42.3750	84.9375	69	None	None	1	-1	4.175558804037711
359	42.5625	85.3125	65	None	None	1	-2	4.574868672912792
360	42.5625	85.3125	69	None	None	1	-1	4.933874884092912
361	42.7500	85.8750	64	None	None	1	-3	5.111267230148113
362	42.7500	85.8750	69	None	None	1	-1	4.900087105924513
363	43.1250	86.6250	62	None	None	1	-4	4.7533797578441686
364	43.1250	86.6250	69	None	None	1	-1	4.678518692136423
365	43.6875	87.5625	50	None	None	1	-5	2.227312059201882
366	43.6875	87.5625	57	None	None	1	-1	1.7905125131669828
367	43.8750	87.9375	52	None	None	1	-3	1.8361338127928566
368	43.8750	87.9375	57	None	None	1	-1	1.7606189386509787
369	44.0625	88.3125	53	None	None	1	-2	2.386166503214561
370	44.0625	88.3125	57	None	None	1	-1	2.890252805927869
371	44.2500	88.8750	52	None	None	1	-4	2.823750499436996
372	44.2500	88.8750	57	None	None	1	-2	2.7131914932258194
373	44.6250	89.6250	50	None	None	1	-5	3.7524036540626957
374	44.6250	89.6250	57	None	None	1	-1	4.442114343830598
375	45.0000	90.1875	48	None	None	1	-5	4.0538520213577485
376	45.0000	90.1875	50	None	None	1	-4	4.015422614507289
377	45.0000	90.1875	55	None	None	1	-2	4.442114343830598
378	45.0000	90.1875	57	None	None	1	-1	4.442114343830598
379	45.1875	90.5625	48	None	None	1	-5	3.608853655878834
380	45.1875	90.5625	50	None	None	1	-4	3.432579637499552
381	45.1875	90.5625	55	None	None	1	-2	3.7028476989575454
382	45.1875	90.5625	57	None	None	1	-1	3.349791144527992
383	45.5625	91.3125	48	None	None	1	-5	3.8460317460317506
384	45.5625	91.3125	50	None	None	1	-4	3.7862123863116954
385	45.5625	91.3125	55	None	None	1	-2	3.8191390425749954
386	45.5625	91.3125	57	None	None	1	-1	3.4217209690893933
387	45.9375	92.0625	48	None	None	1	-5	3.5366348260588625
388	45.9375	92.0625	50	None	None	1	-4	3.4492623067101755
389	45.9375	92.0625	55	None	None	1	-2	3.9625124131082474
390	45.9375	92.0625	57	None	None	1	-1	3.8092991913746674
391	46.5000	93.1875	43	None	None	1	-5	2.9247962673980594
392	46.5000	93.1875	45	None	None	1	-4	2.9461862202676548
393	46.5000	93.1875	48	None	None	1	-3	3.3324041235163433
394	46.5000	93.1875	50	None	None	1	-2	3.7373693668132666
395	47.0625	94.3125	48	None	None	1	-5	2.6806142715278805
396	47.0625	94.3125	50	None	None	1	-4	2.702004224397476
397	47.0625	94.3125	55	None	None	1	-2	3.1965779227944124
398	47.0625	94.3125	57	None	None	1	-1	3.349791144527992
399	47.4375	95.0625	48	None	None	1	-5	2.9615288220551426
400	47.4375	95.0625	50	None	None	1	-4	2.9230994152046827
401	47.4375	95.0625	55	None	None	1	-2	3.349791144527992
402	47.4375	95.0625	57	None	None	1	-1	3.349791144527992
403	47.8125	95.8125	48	None	None	1	-5	2.9615288220551426
404	47.8125	95.8125	50	None	None	1	-4	2.9230994152046827
405	47.8125	95.8125	55	None	None	1	-2	3.349791144527992
406	47.8125	95.8125	57	None	None	1	-1	3.349791144527992
407	48.1875	96.5625	48	None	None	1	-5	7.412761069340021
408	48.1875	96.5625	50	None	None	1	-4	7.412761069340021
409	48.1875	96.5625	55	None	None	1	-2	7.412761069340021
410	48.1875	96.5625	57	None	None	1	-1	7.412761069340021
411	48.5625	97.3125	48	None	None	1	-5	10.528049289891399
412	48.5625	97.3125	50	None	None	1	-4	10.413326207676059
413	48.5625	97.3125	55	None	None	1	-2	10.760451373531874
414	48.5625	97.3125	57	None	None	1	-1	10.521618998476587
415	48.9375	98.0625	36	None	None	1	-5	6.07038675119171
416	48.9375	98.0625	38	None	None	1	-4	6.03195734434125
417	48.9375	98.0625	43	None	None	1	-2	6.458649073664559
418	48.9375	98.0625	45	None	None	1	-1	6.458649073664558
419	49.6875	99.5625	48	None	None	1	-4	2.955098530640331
420	49.6875	99.5625	50	None	None	1	-3	3.0313922060052136
421	49.6875	99.5625	55	None	None	1	-2	3.110958769472706
422	49.6875	99.5625	57	None	None	1	-1	3.349791144527992
423	50.0625	100.3125	48	None	None	1	-5	3.15331262939959
424	50.0625	100.3125	50	None	None	1	-4	3.2276651774363483
425	50.0625	100.3125	55	None	None	1	-2	4.0890577894010445
426	50.0625	100.3125	57	None	None	1	-1	4.442114343830598
427	50.4375	101.0625	48	None	None	1	-5	3.9706250860950636
428	50.4375	101.0625	50	None	None	1	-4	3.883252566746377
429	50.4375	101.0625	55	None	None	1	-2	4.121300516810217
430	50.4375	101.0625	57	None	None	1	-1	3.968087295076637
431	50.6250	101.6250	48	None	None	1	-5	3.3266104144693203
432	50.6250	101.6250	50	None	None	1	-4	3.2631183509772566
433	50.6250	101.6250	55	None	None	1	-2	3.9680872950766366
434	50.6250	101.6250	57	None	None	1	-1	3.9680872950766366
435	51.1875	102.5625	48	None	None	1	-5	3.6897105355678015
436	51.1875	102.5625	50	None	None	1	-4	3.66215737593917
437	51.1875	102.5625	55	None	None	1	-2	3.968087295076637
438	51.1875	102.5625	57	None	None	1	-1	3.968087295076637
439	51.3750	103.1250	48	None	None	1	-5	7.713174993814869
440	51.3750	103.1250	50	None	None	1	-4	7.4879578629373595
441	51.3750	103.1250	55	None	None	1	-2	7.8447843014701135
442	51.3750	103.1250	57	None	None	1	-1	7.338514525306979
443	51.9375	104.0625	48	None	None	1	-5	7.33514850840528
444	51.9375	104.0625	50	None	None	1	-4	7.469320416162091
445	51.9375	104.0625	55	None	None	1	-2	8.398594997200405
446	51.9375	104.0625	57	None	None	1	-1	8.904864773363535
447	52.5000	105.1875	60	None	None	1	-4	4.518300194017992
448	52.5000	105.1875	62	None	None	1	-3	4.680025261403435
449	52.5000	105.1875	67	None	None	1	-2	5.028167766970053
450	52.5000	105.1875	69	None	None	1	-1	5.534437543133183
451	52.6875	105.5625	60	None	None	1	-5	4.892960662525875
452	52.6875	105.5625	62	None	None	1	-4	4.829468599033812
453	52.6875	105.5625	67	None	None	1	-2	5.534437543133184
454	52.6875	105.5625	69	None	None	1	-1	5.534437543133183
455	52.8750	105.9375	60	None	None	1	-5	4.892960662525875
456	52.8750	105.9375	62	None	None	1	-4	4.829468599033812
457	52.8750	105.9375	67	None	None	1	-2	5.534437543133184
458	52.8750	105.9375	69	None	None	1	-1	5.534437543133183
459	53.0625	106.3125	60	None	None	1	-5	4.892960662525875
460	53.0625	106.3125	62	None	None	1	-4	4.829468599033812
461	53.0625	106.3125	67	None	None	1	-2	5.534437543133184
462	53.0625	106.3125	69	None	None	1	-1	5.534437543133183
463	53.2500	106.6875	60	None	None	1	-5	4.892960662525875
464	53.2500	106.6875	62	None	None	1	-4	4.829468599033812
465	53.2500	106.6875	67	None	None	1	-2	5.534437543133184
466	53.2500	106.6875	69	None	None	1	-1	5.534437543133183
467	53.4375	107.0625	60	None	None	1	-5	4.892960662525875
468	53.4375	107.0625	62	None	None	1	-4	4.829468599033812
469	53.4375	107.0625	67	None	None	1	-2	5.534437543133184
470	53.4375	107.0625	69	None	None	1	-1	5.534437543133183
471	53.6250	107.4375	60	None	None	1	-5	4.892960662525875
472	53.6250	107.4375	62	None	None	1	-4	4.829468599033812
473	53.6250	107.4375	67	None	None	1	-2	5.534437543133184
474	53.6250	107.4375	69	None	None	1	-1	5.534437543133183
475	53.8125	107.8125	60	None	None	1	-5	4.892960662525875
476	53.8125	107.8125	62	None	None	1	-4	4.829468599033812
477	53.8125	107.8125	67	None	None	1	-2	5.534437543133184
478	53.8125	107.8125	69	None	None	1	-1	5.534437543133184
479	54.0000	108.1875	60	None	None	1	-5	5.534437543133184
480	54.0000	108.1875	62	None	None	1	-4	5.534437543133184
481	54.0000	108.1875	67	None	None	1	-2	5.534437543133184
482	54.0000	108.1875	69	None	None	1	-1	5.534437543133184
483	54.1875	108.5625	60	None	None	1	-5	5.534437543133184
484	54.1875	108.5625	62	None	None	1	-4	5.534437543133184
485	54.1875	108.5625	67	None	None	1	-2	5.534437543133184
486	54.1875	108.5625	69	None	None	1	0	5.534437543133184
