0	0.2381	0.4762	60	None	None	0	2	3.1561913145539866
1	0.4762	0.7143	62	None	None	0	3	3.3934967259698525
2	0.7143	0.9524	64	None	None	0	4	3.9331680874721964
3	0.9524	1.1905	65	None	None	0	5	3.8420589325426246
4	1.1905	1.4286	64	None	None	0	4	3.8420589325426246
5	1.4286	1.9048	63	None	None	0	3	3.5040307635285393
6	1.9048	2.1429	64	None	None	0	5	2.921727514208052
7	2.1429	2.3810	62	None	None	0	4	3.0831124907338694
8	2.3810	2.8571	61	None	None	0	3	2.7450843217197884
9	3.0952	3.3333	60	None	None	0	2	3.156191314553986
10	3.3333	3.5714	62	None	None	0	3	4.069923708920186
11	3.5714	3.8095	64	None	None	0	4	4.0987329278702465
12	3.8095	4.0476	65	None	None	0	5	4.076765898420824
13	4.0476	4.2857	64	None	None	0	4	4.113884443021769
14	4.2857	4.7619	63	None	None	0	3	4.444929806109393
15	4.7619	5.0000	64	None	None	0	4	4.767699759161034
16	5.0000	5.2381	62	None	None	0	3	4.6639865709408035
17	5.2381	5.4762	61	None	None	0	2	4.373493613194328
18	5.4762	5.7143	60	None	None	0	1	3.4597612188281337
19	5.9524	6.1905	67	None	None	0	2	2.58506531613927
20	6.1905	6.4286	69	None	None	0	3	2.8223707275551364
21	6.4286	6.6667	71	None	None	0	4	3.362042089057478
22	6.6667	6.9048	73	None	None	0	5	3.304132129298925
23	6.9048	7.1429	72	None	None	0	4	2.7570370588763944
24	7.1429	7.6190	70	None	None	0	3	3.2568770076600035
25	7.6190	7.8571	69	None	None	0	2	3.111630528786759
26	7.8571	8.0952	71	None	None	0	4	2.9989583233050636
27	8.0952	8.5714	68	None	None	0	3	4.0164039058914955
28	8.8095	9.0476	67	None	None	0	2	6.940274983232748
29	9.0476	9.2857	69	None	None	0	3	7.854007377598946
30	9.2857	9.5238	71	None	None	0	4	10.772816063044964
31	9.5238	9.7619	73	None	None	0	5	11.150667365071998
32	9.7619	10.0000	72	None	None	0	4	12.171678937259946
33	10.0000	10.2381	71	None	None	0	3	15.217973751600542
34	10.2381	10.4762	70	None	None	0	2	15.671670934699137
35	10.4762	10.7143	69	None	None	0	1	15.78733994878364
36	10.7143	10.9524	68	None	None	0	4	10.50583168432082
37	10.9524	11.1905	67	None	None	0	3	10.27214435076785
38	11.1905	11.4286	66	None	None	0	1	9.082633889238329
39	11.6667	11.9048	65	None	None	0	4	7.049631195822838
40	11.9048	12.1429	63	None	None	0	3	7.049631195822837
41	12.1429	12.3810	61	None	None	0	2	7.049631195822838
42	12.3810	12.6190	60	None	None	0	1	7.049631195822837
43	12.6190	12.8571	61	None	None	0	2	6.0714069905878825
44	12.8571	13.3333	62	None	None	0	1	3.4449398544376386
45	13.5714	13.8095	63	None	None	0	3	2.7562935226991994
46	13.8095	14.2857	64	None	None	0	4	2.2091984522766692
47	14.5238	14.7619	65	None	None	0	5	2.2913629905429516
48	14.7619	15.0000	63	None	None	0	4	2.760347732326985
49	15.0000	15.2381	61	None	None	0	3	2.7824348001886974
50	15.2381	15.4762	60	None	None	0	2	2.376390199249734
51	15.4762	15.7143	62	None	None	0	3	2.1334324527708617
52	15.7143	16.1905	64	None	None	0	4	2.417470011456306
53	16.4286	16.6667	65	None	None	0	5	2.5460173922321907
54	16.6667	16.9048	63	None	None	0	4	3.468699317114819
55	16.9048	17.1429	61	None	None	0	3	3.2826877934272343
56	17.1429	17.3810	60	None	None	0	2	4.206040248669053
57	17.3810	17.6190	62	None	None	0	4	3.676445795988063
58	17.6190	18.0952	64	None	None	0	5	3.3666519994601884
59	18.3333	18.5714	64	None	None	0	5	3.505896557718834
60	18.5714	18.8095	63	None	None	0	4	2.7967709708643778
61	18.8095	19.0476	61	None	None	0	3	3.645144651896091
62	19.0476	19.2857	60	None	None	0	2	2.9513730056250216
63	19.2857	19.5238	64	None	None	0	4	2.794124528374352
64	19.5238	19.7619	63	None	None	0	3	2.547205514289849
65	19.7619	20.0000	61	None	None	0	2	2.6495490839042506
66	21.1905	21.4286	65	None	None	0	4	2.922224335831176
67	21.4286	21.6667	63	None	None	0	3	3.363965693065489
68	21.6667	21.9048	61	None	None	0	2	3.555045505272058
69	21.9048	22.8571	60	None	None	0	1	2.6413131109058727
70	25.0000	25.2381	67	None	None	0	2	3.156191314553984
71	25.2381	25.4762	69	None	None	0	3	3.3934967259698507
72	25.4762	25.7143	71	None	None	0	4	3.9331680874721875
73	25.7143	25.9524	72	None	None	0	5	3.8420589325426153
74	25.9524	26.1905	71	None	None	0	4	3.8420589325426184
75	26.1905	26.6667	70	None	None	0	3	3.504030763528532
76	26.6667	26.9048	71	None	None	0	5	2.9217275142080448
77	26.9048	27.1429	69	None	None	0	4	3.0831124907338627
78	27.1429	27.6190	68	None	None	0	3	2.7450843217197876
79	27.8571	28.0952	67	None	None	0	2	3.1561913145539786
80	28.0952	28.3333	69	None	None	0	3	4.069923708920183
81	28.3333	28.5714	71	None	None	0	4	4.098732927870244
82	28.5714	28.8095	72	None	None	0	5	4.076765898420826
83	28.8095	29.0476	71	None	None	0	4	4.080685247850743
84	29.0476	29.5238	70	None	None	0	3	4.558360389610396
85	29.5238	29.7619	71	None	None	0	4	4.881130342662039
86	29.7619	30.0000	69	None	None	0	3	4.8811303426620345
87	30.0000	30.2381	68	None	None	0	2	4.3349555667337425
88	30.2381	30.4762	67	None	None	0	1	3.317509984147312
89	30.7143	30.9524	74	None	None	0	2	2.878553518078179
90	30.9524	31.1905	76	None	None	0	3	3.1158589294940406
91	31.1905	31.4286	78	None	None	0	4	3.7184704318414554
92	31.4286	31.6667	80	None	None	0	5	3.380476559516604
93	31.6667	31.9048	79	None	None	0	4	3.3804765595165955
94	31.9048	32.3810	77	None	None	0	3	3.3804765595165986
95	32.3810	32.6190	76	None	None	0	2	3.3921442931913774
96	32.6190	32.8571	78	None	None	0	5	3.228520354583646
97	32.8571	33.3333	75	None	None	0	3	3.547342377631029
98	33.5714	33.8095	74	None	None	0	2	7.12482260990182
99	33.8095	34.0476	76	None	None	0	3	8.495421201451103
100	34.0476	34.2857	78	None	None	0	4	10.587581623915831
101	34.2857	34.5238	79	None	None	0	5	12.24405169433841
102	34.5238	34.7619	77	None	None	0	3	13.00474951984641
103	34.7619	35.0000	75	None	None	0	1	13.826052336747715
104	35.0000	35.2381	74	None	None	0	3	9.988904449423819
105	35.2381	35.4762	72	None	None	0	2	10.127048101786336
106	35.4762	35.7143	71	None	None	0	1	10.24522591868774
107	35.9524	36.1905	70	None	None	0	4	7.413360142692076
108	36.1905	36.4286	68	None	None	0	3	7.41336014269208
109	36.4286	36.6667	66	None	None	0	2	7.413360142692075
110	36.6667	36.9048	65	None	None	0	1	7.413360142692099
111	36.9048	37.1429	66	None	None	0	2	6.591103017627339
112	37.1429	37.6190	67	None	None	0	1	3.964635881477059
113	37.8571	38.0952	68	None	None	0	3	3.275989549738624
114	38.0952	38.5714	69	None	None	0	4	2.7918346201611746
115	38.8095	39.0476	70	None	None	0	5	2.5135674292966836
116	39.0476	39.2857	68	None	None	0	4	2.845374941033771
117	39.2857	39.5238	66	None	None	0	3	2.845374941033771
118	39.5238	39.7619	65	None	None	0	2	2.513567429296675
119	39.7619	40.0000	67	None	None	0	0	-1
120	40.0000	40.4762	69	None	None	0	0	-1
121	40.7143	40.9524	71	None	None	0	0	-1
122	40.9524	41.1905	69	None	None	0	0	-1
123	41.1905	41.4286	67	None	None	0	0	-1
124	41.4286	41.6667	66	None	None	0	0	-1
125	41.6667	41.9048	68	None	None	0	0	-1
126	41.9048	42.3810	70	None	None	0	1	22.739948573016985
127	42.6190	42.8571	71	None	None	0	5	25.40598591549293
128	42.8571	43.0952	70	None	None	0	1	25.405985915492924
129	43.0952	43.3333	68	None	None	0	2	25.405985915492927
130	43.3333	43.5714	67	None	None	0	1	25.25665813060174
131	43.5714	43.8095	71	None	None	0	5	23.014580665813032
132	43.8095	44.0476	70	None	None	0	1	23.014580665813032
133	44.0476	44.2857	68	None	None	0	2	23.014580665813032
134	44.2857	44.5238	67	None	None	0	1	23.014580665813032
135	44.5238	44.7619	71	None	None	0	5	23.014580665813032
136	44.7619	45.0000	70	None	None	0	1	23.014580665813032
137	45.0000	45.2381	68	None	None	0	3	23.014580665813032
138	45.2381	45.4762	66	None	None	0	2	23.014580665813032
139	45.4762	45.7143	65	None	None	0	1	23.014580665813032
140	45.7143	46.6667	60	None	None	0	0	23.014580665813032
