0	0.2381	0.4762	51	None	None	1	-4	0.37499999999999917
1	0.4762	0.7143	51	None	None	1	-3	0.7534090909090896
2	0.7143	0.9524	51	None	None	1	-3	0.7534090909090896
3	1.1905	1.4286	52	None	None	1	-2	0.34090909090909044
4	1.4286	1.6667	52	None	None	1	-2	0.34090909090909044
5	1.6667	1.9048	52	None	None	1	-2	0.34090909090909044
6	1.9048	2.1429	52	None	None	1	-2	0.34090909090909044
7	2.1429	2.3810	52	None	None	1	-2	0.34090909090909044
8	2.3810	2.6190	52	None	None	1	-2	0.34090909090909044
9	2.8571	3.0952	51	None	None	1	-3	0.0
10	3.0952	3.3333	51	None	None	1	-1	0.0
11	3.3333	3.5714	51	None	None	1	-1	0.0
12	3.5714	3.8095	51	None	None	1	-1	0.0
13	3.8095	4.0476	51	None	None	1	-1	0.0
14	4.0476	4.2857	51	None	None	1	-1	0.0
15	4.2857	4.5238	51	None	None	1	-1	0.0
16	4.5238	4.7619	51	None	None	1	-1	0.0
17	4.7619	5.0000	51	None	None	1	-1	0.0
18	5.0000	5.2381	51	None	None	1	-1	0.0
19	5.2381	5.4762	51	None	None	1	-1	0.0
20	5.4762	5.7143	51	None	None	1	-1	0.0
21	5.7143	5.9524	51	None	None	1	-1	0.0
22	5.9524	6.1905	51	None	None	1	-1	0.0
23	6.1905	6.4286	51	None	None	1	-1	0.0
24	6.4286	6.6667	51	None	None	1	-1	0.0
25	6.6667	6.9048	51	None	None	1	-1	0.0
26	6.9048	7.1429	51	None	None	1	-1	0.0
27	7.1429	7.3810	51	None	None	1	-1	0.0
28	7.3810	7.6190	51	None	None	1	-1	0.0
29	7.6190	7.8571	51	None	None	1	-1	0.0
30	7.8571	8.0952	51	None	None	1	-1	0.0
31	8.0952	8.3333	51	None	None	1	-1	0.0
32	8.3333	8.5714	51	None	None	1	-1	0.0
33	8.5714	8.8095	51	None	None	1	-1	0.0
34	8.8095	9.0476	51	None	None	1	-1	0.0
35	9.0476	9.2857	51	None	None	1	-1	0.0
36	9.2857	9.5238	51	None	None	1	-1	0.0
37	9.5238	9.7619	51	None	None	1	-1	0.0
38	9.7619	10.0000	51	None	None	1	-1	0.0
39	10.0000	10.2381	51	None	None	1	-1	0.0
40	10.2381	10.4762	51	None	None	1	-1	0.0
41	10.4762	10.7143	51	None	None	1	-1	0.0
42	10.7143	10.9524	51	None	None	1	-1	0.0
43	10.9524	11.1905	51	None	None	1	-1	0.0
44	11.1905	11.4286	51	None	None	1	-1	0.0
45	11.4286	11.6667	51	None	None	1	-1	0.0
46	11.6667	11.9048	51	None	None	1	-1	0.0
47	11.9048	12.1429	51	None	None	1	-1	0.0
48	12.1429	12.3810	51	None	None	1	-1	0.0
49	12.3810	12.6190	51	None	None	1	-1	0.0
50	12.6190	12.8571	51	None	None	1	-1	0.0
51	12.8571	13.0952	51	None	None	1	-1	0.0
52	13.0952	13.3333	51	None	None	1	-1	0.0
53	13.3333	13.5714	51	None	None	1	-1	0.0
54	13.5714	13.8095	51	None	None	1	-1	0.0
55	13.8095	14.0476	51	None	None	1	-1	0.0
56	14.0476	14.2857	51	None	None	1	-1	0.0
57	14.2857	14.5238	51	None	None	1	-1	0.0
58	14.5238	14.7619	51	None	None	1	-1	0.0
59	14.7619	15.0000	51	None	None	1	-1	0.0
60	15.0000	15.2381	51	None	None	1	-1	0.0
61	15.2381	15.4762	51	None	None	1	-1	0.0
62	15.4762	15.7143	51	None	None	1	-1	0.0
63	15.7143	15.9524	51	None	None	1	-1	0.0
64	15.9524	16.1905	51	None	None	1	-1	0.0
65	16.1905	16.4286	51	None	None	1	-1	0.032390412437918306
66	16.4286	16.6667	51	None	None	1	-2	0.7180136440177025
67	16.6667	16.9048	51	None	None	1	-3	0.9813512109872122
68	16.9048	17.1429	51	None	None	1	-3	2.1552817778595306
69	17.1429	17.3810	51	None	None	1	-3	3.2470522353150013
70	17.3810	17.6190	51	None	None	1	-3	3.423422959661074
71	17.6190	17.8571	51	None	None	1	-3	4.640200380383763
72	17.8571	18.0952	51	None	None	1	-3	5.421303666768732
73	19.7619	20.0000	46	None	None	1	-5	5.41859095343409
74	20.0000	20.2381	47	None	None	1	-4	4.790656681133628
75	20.2381	20.4762	51	None	None	1	-3	4.6341746068698635
76	20.7143	20.9524	56	None	None	1	-1	5.377641607219063
77	20.9524	21.1905	55	None	None	1	-2	5.992214270471307
78	21.1905	21.4286	51	None	None	1	-3	5.560556139869513
79	21.6667	21.9048	46	None	None	1	-5	5.242330879214672
80	21.9048	22.1429	47	None	None	1	-4	5.221790973111387
81	22.1429	22.3810	51	None	None	1	-2	6.9804366708641545
82	22.3810	22.6190	48	None	None	1	-5	6.208751685536465
83	22.6190	22.8571	49	None	None	1	-4	6.504731732484809
84	22.8571	23.0952	50	None	None	1	-3	6.108604971921427
85	23.3333	23.5714	51	None	None	1	-2	5.993053328728942
86	23.5714	23.8095	55	None	None	1	-1	6.820580994724915
87	23.8095	24.0476	52	None	None	1	-5	6.406162511408176
88	24.0476	24.2857	53	None	None	1	-3	8.93947770833995
89	24.2857	24.5238	54	None	None	1	-2	9.735321521217209
90	26.9048	27.1429	56	None	None	1	-1	11.23602728630737
91	27.1429	27.3810	55	None	None	1	-2	10.440906561961306
92	27.3810	27.6190	53	None	None	1	-1	7.38163426149181
93	27.6190	27.8571	52	None	None	1	-2	7.80035911058636
94	27.8571	28.0952	51	None	None	1	-3	7.941750849449296
95	28.3333	28.5714	50	None	None	1	-1	6.659154548503141
96	28.5714	28.8095	49	None	None	1	-2	6.167898679958538
97	28.8095	29.0476	47	None	None	1	-1	4.960936070971275
98	29.0476	29.2857	46	None	None	1	-2	3.7072390940276563
99	29.2857	29.5238	44	None	None	1	-3	3.4863684154104977
100	29.7619	30.0000	45	None	None	1	-2	3.073868415410497
101	30.0000	30.2381	44	None	None	1	-3	2.4928824999175454
102	30.2381	30.4762	42	None	None	1	-4	2.121697053908154
103	30.4762	30.7143	39	None	None	1	-5	1.0427232108497992
104	30.7143	30.9524	40	None	None	1	-4	0.26161992446482235
105	30.9524	31.1905	41	None	None	1	-2	0.01451502732240402
106	34.0476	34.2857	37	None	None	1	-4	0.2208706786171586
107	34.2857	34.5238	37	None	None	1	-3	0.48812419974391585
108	34.5238	34.7619	37	None	None	1	-3	0.5581426499284172
109	34.7619	35.0000	37	None	None	1	-4	0.8184085278752852
110	35.0000	35.2381	37	None	None	1	-4	0.955585757922232
111	35.2381	35.4762	37	None	None	1	-4	1.1087547720067406
112	35.4762	35.7143	37	None	None	1	-4	1.144029895856706
113	35.7143	35.9524	37	None	None	1	-4	1.3649005744738598
114	35.9524	36.1905	39	None	None	1	-3	1.3125158113496576
115	36.1905	36.4286	37	None	None	1	-5	1.886695307183627
116	37.3810	37.6190	39	None	None	1	-4	4.324658727310775
117	37.6190	37.8571	41	None	None	1	-3	5.0081094315361385
118	37.8571	38.0952	37	None	None	1	-5	5.470823214232311
119	38.0952	38.3333	40	None	None	1	-4	5.517624857424797
120	40.2381	40.4762	37	None	None	1	-5	5.625440140845066
121	40.4762	40.7143	39	None	None	1	-4	5.4306254191817525
122	40.7143	40.9524	41	None	None	1	-3	5.367245137491614
123	40.9524	41.1905	42	None	None	1	-2	5.367245137491599
124	41.1905	41.4286	44	None	None	1	-1	2.99946929424022
125	41.4286	41.6667	42	None	None	1	-2	2.3392203002764207
126	41.6667	41.9048	41	None	None	1	-3	1.789924525628541
127	41.9048	42.1429	39	None	None	1	-4	2.258909267412573
128	42.1429	42.3810	41	None	None	1	-3	2.3000628654138353
129	42.3810	42.6190	37	None	None	1	-5	2.2224597467015688
130	42.6190	42.8571	41	None	None	1	-3	2.2698482443541455
131	42.8571	43.0952	42	None	None	1	-2	1.9038271175935864
132	44.0476	44.2857	41	None	None	1	-3	1.9437282163653402
133	44.2857	44.5238	37	None	None	1	-5	2.4703504497657565
134	44.5238	44.7619	41	None	None	1	-3	2.5198062756300326
135	44.7619	45.0000	42	None	None	1	-2	2.28553970018945
136	45.4762	45.7143	37	None	None	1	-4	2.2365646607502767
137	45.7143	45.9524	41	None	None	1	-2	2.388739739882686
138	45.9524	46.1905	37	None	None	1	-5	2.2650152429604558
139	46.1905	46.4286	42	None	None	1	-2	2.3935631293415427
140	46.9048	47.1429	39	None	None	1	-4	3.3576864168247162
141	47.1429	47.3810	40	None	None	1	-3	2.8283436938200186
142	47.3810	47.6190	37	None	None	1	-4	2.6445790832168936
143	47.6190	47.8571	42	None	None	1	-1	2.983683992820667
144	51.4286	51.6667	34	None	None	1	-5	4.2913089753590326
145	52.3810	52.6190	35	None	None	1	-4	4.316502654229181
146	53.3333	53.5714	39	None	None	1	-3	4.503572460010627
147	55.9524	56.1905	50	None	None	1	-1	4.355421218346507
148	56.1905	56.4286	49	None	None	1	-3	2.45265960735828
149	56.4286	56.6667	45	None	None	1	-5	3.032193058062496
150	60.2381	60.4762	46	None	None	1	-4	3.635702091335903
151	60.4762	60.7143	47	None	None	1	-3	3.126219387449176
152	60.7143	60.9524	51	None	None	1	-2	2.7892475564632533
153	61.1905	61.4286	47	None	None	1	-5	3.8821916346564116
154	61.4286	61.6667	48	None	None	1	-4	3.5852432778488983
155	61.6667	61.9048	51	None	None	1	-3	4.602688860435364
156	62.1429	62.3810	48	None	None	1	-5	3.9138204225352404
157	62.3810	62.6190	49	None	None	1	-4	3.7965238903997576
158	62.6190	62.8571	51	None	None	1	-3	3.575653211782599
159	63.0952	63.3333	49	None	None	1	-5	4.250204671555523
160	63.3333	63.5714	50	None	None	1	-4	3.469101385170539
161	63.5714	63.8095	51	None	None	1	-3	4.044805610522648
162	64.0476	64.2857	51	None	None	1	-5	2.883744131455407
163	64.2857	64.5238	52	None	None	1	-4	3.5115910149098783
164	64.7619	65.0000	52	None	None	1	-5	2.891358204322343
165	65.0000	65.2381	53	None	None	1	-4	2.891358204322343
166	65.4762	65.7143	53	None	None	1	-4	2.891358204322343
167	65.7143	65.9524	54	None	None	1	-3	2.891358204322343
168	66.1905	66.4286	54	None	None	1	-3	2.891358204322343
169	66.4286	66.6667	55	None	None	1	-2	2.891358204322343
170	66.9048	67.1429	55	None	None	1	-3	2.891358204322343
171	67.1429	67.3810	56	None	None	1	-2	2.891358204322343
172	67.3810	67.6190	56	None	None	1	-2	2.891358204322343
173	67.6190	67.8571	57	None	None	1	0	2.891358204322343
