0	1.9048	2.1429	51	None	None	0	1	3.3723798765705184
1	5.4762	5.7143	62	None	None	0	3	3.640363461762301
2	5.7143	5.9524	61	None	None	0	2	2.972229658945401
3	5.9524	6.1905	57	None	None	0	1	3.304976137818643
4	6.4286	6.6667	62	None	None	0	5	3.8424695902688755
5	6.6667	6.9048	61	None	None	0	4	2.8660904822876567
6	6.9048	7.1429	57	None	None	0	3	2.669371532223642
7	7.3810	7.6190	62	None	None	0	5	2.7191607981220614
8	7.6190	7.8571	61	None	None	0	4	2.9981262575452634
9	7.8571	8.0952	57	None	None	0	2	4.511810446009379
10	8.0952	8.3333	60	None	None	0	3	4.93889377934271
11	8.3333	8.5714	59	None	None	0	2	5.310724765258204
12	8.5714	8.8095	57	None	None	0	1	4.817414906103272
13	9.2857	9.5238	57	None	None	0	1	5.577978286384966
14	9.5238	9.7619	59	None	None	0	2	6.013717723004691
15	9.7619	10.0000	60	None	None	0	3	6.40984448356807
16	10.0000	10.2381	61	None	None	0	4	5.730413732394363
17	10.2381	10.4762	62	None	None	0	5	4.990917093469909
18	10.4762	10.7143	61	None	None	0	4	4.717530943235175
19	10.7143	10.9524	60	None	None	0	3	4.394235909877132
20	10.9524	11.1905	59	None	None	0	2	4.126982388750374
21	11.1905	11.4286	57	None	None	0	1	3.366419008468679
22	11.4286	11.6667	58	None	None	0	2	2.0940598535390977
23	11.6667	11.9048	59	None	None	0	4	1.3181245366938517
24	11.9048	12.1429	60	None	None	0	5	0.9840576352854028
25	12.1429	12.3810	58	None	None	0	4	0.7500494193229581
26	12.3810	12.6190	57	None	None	0	3	0.11096491228070182
27	13.0952	13.3333	55	None	None	0	1	0.0
28	13.3333	13.5714	55	None	None	0	1	0.0
29	13.5714	13.8095	55	None	None	0	2	0.2429577464788743
30	13.8095	14.0476	55	None	None	0	2	0.5399061032863888
31	14.0476	14.2857	55	None	None	0	2	1.0744131455399124
32	14.2857	14.5238	55	None	None	0	2	1.3173708920187854
33	14.5238	14.7619	55	None	None	0	2	1.4283358042994871
34	14.7619	15.0000	55	None	None	0	2	1.4283358042994871
35	15.0000	15.2381	55	None	None	0	2	1.6712935507783615
36	15.2381	15.4762	55	None	None	0	2	1.9682419075858744
37	15.4762	15.7143	57	None	None	0	3	2.0593510625154487
38	15.7143	15.9524	59	None	None	0	4	2.0593510625154448
39	15.9524	16.1905	55	None	None	0	2	1.7678017667407953
40	16.1905	16.4286	57	None	None	0	3	1.792097541388681
41	16.9048	17.1429	55	None	None	0	2	1.9240903755868537
42	17.3810	17.6190	55	None	None	0	2	2.2210387323943697
43	17.6190	17.8571	57	None	None	0	3	2.312147887323944
44	17.8571	18.0952	59	None	None	0	4	4.350645539906102
45	18.0952	18.3333	60	None	None	0	5	4.0843356478434485
46	18.3333	18.5714	59	None	None	0	3	2.8061666337589406
47	18.5714	18.8095	57	None	None	0	2	2.538913112632179
48	18.8095	19.0476	55	None	None	0	1	1.7783497323504946
49	19.0476	19.2857	57	None	None	0	2	0.9417300140406306
50	19.2857	19.5238	59	None	None	0	3	0.6987722675617538
51	19.5238	19.7619	60	None	None	0	4	0.4018239107542438
52	19.7619	20.0000	62	None	None	0	5	0.06775700934579493
53	21.1905	21.4286	57	None	None	0	1	0.0
54	21.4286	21.6667	57	None	None	0	1	0.0
55	21.6667	21.9048	57	None	None	0	1	0.0
56	22.1429	22.3810	57	None	None	0	1	0.0
57	22.3810	22.6190	57	None	None	0	1	0.0
58	22.6190	22.8571	57	None	None	0	1	0.0
59	23.0952	23.3333	57	None	None	0	1	0.0
60	23.5714	23.8095	57	None	None	0	1	0.0
61	23.8095	24.0476	57	None	None	0	1	0.0
62	24.0476	24.2857	57	None	None	0	1	0.0
63	24.5238	24.7619	57	None	None	0	1	0.0
64	25.0000	25.2381	57	None	None	0	1	0.0
65	25.2381	25.4762	57	None	None	0	1	0.0
66	25.4762	25.7143	57	None	None	0	1	0.0
67	25.7143	25.9524	57	None	None	0	1	0.0
68	25.9524	26.1905	57	None	None	0	1	0.0
69	26.1905	26.4286	57	None	None	0	1	0.0
70	26.4286	26.6667	57	None	None	0	1	0.0
71	26.6667	26.9048	57	None	None	0	1	0.0
72	26.9048	27.1429	57	None	None	0	1	0.0
73	27.1429	27.3810	57	None	None	0	1	0.0
74	27.3810	27.6190	57	None	None	0	1	0.0
75	27.6190	27.8571	57	None	None	0	1	0.0
76	27.8571	28.0952	57	None	None	0	1	0.0
77	28.3333	28.5714	57	None	None	0	1	0.0
78	28.5714	28.8095	57	None	None	0	1	0.0
79	28.8095	29.0476	57	None	None	0	1	0.0
80	29.0476	29.2857	57	None	None	0	1	0.0
81	29.2857	29.5238	57	None	None	0	1	0.0
82	29.7619	30.0000	57	None	None	0	1	0.0
83	30.0000	30.2381	57	None	None	0	1	0.0
84	30.2381	30.4762	57	None	None	0	1	0.0
85	30.4762	30.7143	57	None	None	0	1	0.0
86	30.7143	30.9524	57	None	None	0	1	0.0
87	31.1905	31.4286	57	None	None	0	1	0.0
88	31.6667	31.9048	57	None	None	0	1	0.0
89	32.1429	32.3810	57	None	None	0	1	0.0
90	32.3810	32.6190	57	None	None	0	1	0.0
91	32.6190	32.8571	57	None	None	0	1	0.0
92	32.8571	33.0952	57	None	None	0	1	0.0
93	33.0952	33.3333	57	None	None	0	4	0.24295774647887172
94	33.3333	33.5714	57	None	None	0	3	0.5102112676056357
95	33.5714	33.8095	57	None	None	0	5	0.764773219999405
96	33.8095	34.0476	57	None	None	0	5	0.764773219999405
97	34.0476	34.2857	57	None	None	0	5	1.7961964728925697
98	34.2857	34.5238	57	None	None	0	5	2.5810556278221304
99	34.5238	34.7619	57	None	None	0	5	7.812187160005869
100	34.7619	35.0000	57	None	None	0	5	7.812187160005869
101	35.0000	35.2381	55	None	None	0	4	7.515238803198359
102	35.2381	35.4762	57	None	None	0	5	7.181171901789903
103	37.3810	37.6190	45	None	None	0	2	6.950796491637422
104	37.6190	37.8571	45	None	None	0	3	8.57609043851427
105	37.8571	38.0952	43	None	None	0	2	8.337057016467478
106	38.0952	38.3333	45	None	None	0	1	5.349179610488818
107	39.5238	39.7619	69	None	None	0	5	3.4243861064740693
108	40.0000	40.2381	69	None	None	0	2	2.4386917751971566
109	40.4762	40.7143	69	None	None	0	2	4.279223560712608
110	40.9524	41.1905	69	None	None	0	2	4.490491166346411
111	41.4286	41.6667	67	None	None	0	1	4.2554777802446795
112	41.9048	42.1429	78	None	None	0	4	4.433666086722541
113	44.0476	44.2857	76	None	None	0	3	4.726366388432229
114	44.2857	44.5238	79	None	None	0	5	4.093091740544912
115	44.5238	44.7619	76	None	None	0	4	3.453420379042548
116	44.7619	45.0000	77	None	None	0	5	3.3306210832679053
117	45.9524	46.1905	55	None	None	0	1	1.9206346078375403
118	46.1905	46.4286	60	None	None	0	4	1.6916883625829193
119	46.4286	46.6667	55	None	None	0	2	1.3733115729193106
120	46.6667	46.9048	57	None	None	0	3	1.4561114021980157
121	47.3810	47.6190	55	None	None	0	1	0.8971489508207038
122	47.6190	47.8571	59	None	None	0	2	1.0540815825358572
123	47.8571	48.0952	55	None	None	0	1	1.1895207934314862
124	48.0952	48.3333	60	None	None	0	3	1.924702023591792
125	49.0476	49.2857	55	None	None	0	1	7.477735410565278
126	49.5238	49.7619	59	None	None	0	2	9.761315276895441
127	50.0000	50.2381	55	None	None	0	1	12.958477277826628
128	50.4762	50.7143	62	None	None	0	3	13.045385088325984
129	51.4286	51.6667	61	None	None	0	2	16.125137321387047
130	52.3810	52.6190	57	None	None	0	1	16.768797168858008
131	57.3810	57.6190	70	None	None	0	4	17.068467220759832
132	57.6190	57.8571	71	None	None	0	1	11.85999178134641
133	57.8571	58.0952	75	None	None	0	5	13.10146410563027
134	60.7143	60.9524	62	None	None	0	1	13.715288355477174
135	60.9524	61.1905	61	None	None	0	2	11.854644949587314
136	61.1905	61.4286	57	None	None	0	1	12.4032071561601
137	61.6667	61.9048	73	None	None	0	5	9.736691013851678
138	61.9048	62.1429	72	None	None	0	4	10.691124917549365
139	62.1429	62.3810	69	None	None	0	3	11.414188297831052
140	62.6190	62.8571	60	None	None	0	1	13.420903173864083
141	62.8571	63.0952	59	None	None	0	2	10.332640263066018
142	63.0952	63.3333	57	None	None	0	1	10.70017605633804
143	63.5714	63.8095	71	None	None	0	5	10.61742157490397
144	63.8095	64.0476	70	None	None	0	4	12.453542466922784
145	64.0476	64.2857	69	None	None	0	3	12.59556124626552
146	64.5238	64.7619	57	None	None	0	1	13.845561246265474
147	64.7619	65.0000	58	None	None	0	2	15.788959133589401
148	65.2381	65.4762	70	None	None	0	0	-1
149	65.4762	65.7143	69	None	None	0	0	-1
150	65.9524	66.1905	57	None	None	0	0	-1
151	66.1905	66.4286	58	None	None	0	0	-1
152	66.6667	66.9048	70	None	None	0	0	-1
153	66.9048	67.1429	69	None	None	0	0	-1
154	67.3810	67.6190	58	None	None	0	0	-1
155	67.6190	67.8571	57	None	None	0	0	-1
156	67.8571	68.0952	70	None	None	0	0	-1
157	68.0952	68.3333	69	None	None	0	0	-1
158	68.3333	68.5714	82	None	None	0	0	-1
159	68.5714	68.8095	81	None	None	0	0	-1
