0	3.3621	3.6207	63	None	None	0	1	2.5180686791958387
1	3.6207	3.8793	68	None	None	0	2	2.367293085356527
2	3.8793	4.1379	73	None	None	0	5	2.1896183448633706
3	4.1379	4.6552	70	None	None	0	2	1.798837497390278
4	5.6897	5.9483	71	None	None	0	3	2.0351846187858915
5	5.9483	6.2069	68	None	None	0	2	2.084571169734943
6	6.2069	6.4655	70	None	None	0	5	2.429336876298697
7	6.4655	6.7241	66	None	None	0	2	1.9840745862659068
8	6.7241	7.2414	68	None	None	0	3	1.8968276851223582
9	7.2414	7.5000	66	None	None	0	2	2.3177344457101365
10	7.7586	8.5345	70	None	None	0	4	2.3275578005055535
11	8.5345	8.7931	68	None	None	0	3	2.4942559891279563
12	8.7931	9.0517	66	None	None	0	2	2.4505278422748145
13	9.0517	9.3103	68	None	None	0	3	2.8119414286884012
14	9.3103	9.8276	63	None	None	0	1	2.356251285498266
15	10.0862	10.6034	66	None	None	0	2	2.692736012767938
16	10.6034	10.8621	68	None	None	0	3	3.042532863961439
17	10.8621	11.1207	73	None	None	0	5	2.7166023212898245
18	11.1207	11.3793	70	None	None	0	3	2.3809957927676075
19	11.3793	11.6379	68	None	None	0	2	2.3101073062541158
20	11.6379	11.8966	70	None	None	0	4	2.60344544133332
21	11.8966	12.1552	66	None	None	0	2	2.5159891476270237
22	12.1552	12.4138	68	None	None	0	3	2.3550587422922886
23	12.4138	12.6724	70	None	None	0	4	2.2133471552681994
24	12.6724	12.9310	66	None	None	0	2	1.9426719151539795
25	12.9310	13.9655	68	None	None	0	3	1.9426719151539804
26	15.7759	16.0345	63	None	None	0	1	4.749829975196807
27	16.0345	16.2931	68	None	None	0	0	-1
28	16.2931	16.5517	73	None	None	0	0	-1
29	16.5517	17.0690	70	None	None	0	0	-1
30	18.3621	18.6207	68	None	None	0	0	-1
31	18.6207	19.3966	70	None	None	0	0	-1
32	19.3966	19.6552	66	None	None	0	0	-1
33	19.6552	19.9138	68	None	None	0	1	1.2357104829403551
34	20.4310	20.6897	78	None	None	0	4	0.5691336487946264
35	20.6897	20.9483	80	None	None	0	5	0.11920968882602509
36	21.9828	22.2414	69	None	None	0	2	0.7170329670329704
37	22.2414	22.5000	69	None	None	0	4	0.6230908659010106
38	22.5000	22.7586	69	None	None	0	5	1.0322083253004204
39	22.7586	23.0172	69	None	None	0	5	1.7492412923333953
40	23.0172	23.2759	69	None	None	0	5	2.0533336927945105
41	23.2759	23.5345	69	None	None	0	5	2.186414299338803
42	23.5345	23.7931	69	None	None	0	5	2.580452967437617
43	23.7931	24.0517	69	None	None	0	5	3.7018278331733976
44	24.0517	24.1810	67	None	None	0	4	4.22301400839514
45	24.1810	24.3103	65	None	None	0	3	4.65353330113249
46	24.3103	24.5690	64	None	None	0	2	4.259494633033676
47	24.5690	24.8276	62	None	None	0	1	3.5424616660007024
48	25.0862	25.6034	69	None	None	0	5	2.4206789445322276
49	25.6034	25.7328	67	None	None	0	4	2.2580248698669814
50	25.7328	25.8621	65	None	None	0	3	1.89980789886806
51	25.8621	26.1207	64	None	None	0	2	1.50576923076924
52	26.1207	26.3793	62	None	None	0	1	0.7887362637362724
53	26.3793	27.4138	64	None	None	0	4	0.2290521978022015
54	27.6724	27.9310	64	None	None	0	4	0.6230908659010151
55	27.9310	28.1897	64	None	None	0	5	1.032208325300426
56	28.1897	28.4483	64	None	None	0	5	1.550065468157574
57	28.7069	28.9655	64	None	None	0	5	1.8020228857399907
58	28.9655	29.2241	64	None	None	0	5	2.215204563606807
59	29.2241	29.4828	64	None	None	0	5	3.336579429342574
60	29.4828	29.7414	64	None	None	0	5	4.125315693078841
61	29.7414	29.8707	62	None	None	0	4	4.088520488582643
62	29.8707	30.0000	60	None	None	0	3	3.9593557153859225
63	30.0000	30.2586	59	None	None	0	2	3.845269733489791
64	30.2586	30.5172	62	None	None	0	5	2.188375846127147
65	30.5172	30.6466	60	None	None	0	4	2.1972281049794136
66	30.6466	30.7759	59	None	None	0	3	2.1189638201831804
67	30.7759	31.0345	57	None	None	0	2	2.0398719240623806
68	31.0345	31.8103	59	None	None	0	3	2.5069392317546897
69	31.8103	32.0690	57	None	None	0	2	2.5184018614259793
70	32.0690	32.3276	59	None	None	0	3	2.518401861425977
71	32.3276	32.5862	60	None	None	0	4	2.3848378424220167
72	32.5862	32.8448	62	None	None	0	5	2.4864912300609205
73	32.8448	33.1034	57	None	None	0	2	1.9297948014894828
74	33.1034	33.3621	59	None	None	0	3	2.097849403137831
75	33.3621	33.6207	60	None	None	0	4	2.475176936715378
76	33.6207	34.1379	62	None	None	0	5	2.359405988913174
77	34.3966	34.6552	60	None	None	0	4	2.5247323784029527
78	34.6552	35.1724	59	None	None	0	3	2.614361499282068
79	35.1724	35.4310	57	None	None	0	2	2.667148656259174
80	35.6897	35.9483	55	None	None	0	1	2.647655296092801
81	35.9483	36.2069	60	None	None	0	2	2.7230378128815578
82	36.2069	36.4655	65	None	None	0	4	2.5692298153235575
83	36.4655	36.7241	57	None	None	0	1	2.530501182844928
84	36.7241	36.9828	62	None	None	0	3	2.6500066773504223
85	36.9828	37.2414	64	None	None	0	4	2.5692298153235593
86	37.2414	37.5000	55	None	None	0	1	2.6476552960928013
87	37.5000	37.7586	60	None	None	0	2	2.723037812881561
88	37.7586	38.0172	65	None	None	0	4	2.56922981532356
89	38.0172	38.2759	57	None	None	0	1	2.530501182844932
90	38.2759	38.5345	62	None	None	0	3	2.650006677350432
91	38.5345	38.7931	64	None	None	0	4	2.5692298153235638
92	38.7931	39.0517	55	None	None	0	1	2.6476552960927977
93	39.0517	39.3103	60	None	None	0	2	2.7230378128815604
94	39.3103	39.5690	65	None	None	0	4	2.569229815323557
95	39.5690	39.8276	57	None	None	0	1	2.5305011828449295
96	39.8276	40.0862	62	None	None	0	3	2.6490107982295474
97	40.0862	40.3448	64	None	None	0	4	2.722041933760687
98	40.3448	40.6034	55	None	None	0	1	3.132537774725296
99	40.6034	40.8621	60	None	None	0	2	3.0271682310745036
100	40.8621	41.1207	65	None	None	0	4	3.1154141865079588
101	41.1207	41.3793	57	None	None	0	1	3.2037280427905723
102	41.3793	41.6379	62	None	None	0	2	3.448242952484028
103	41.6379	41.8966	64	None	None	0	3	3.6957189140224886
104	41.8966	42.1552	59	None	None	0	1	3.6258690590163827
105	42.1552	42.4138	64	None	None	0	2	3.0863515452801114
106	42.4138	42.6724	69	None	None	0	4	2.9959176735962343
107	42.6724	42.9310	61	None	None	0	1	2.9297332070211466
108	42.9310	43.1897	66	None	None	0	2	3.7406164643887827
109	43.1897	43.4483	68	None	None	0	3	3.9138918868829577
110	43.4483	43.7069	73	None	None	0	5	3.5276653901653923
111	43.7069	43.9655	65	None	None	0	1	2.8468713578088694
112	43.9655	44.2241	70	None	None	0	2	3.231654153138555
113	44.2241	44.4828	72	None	None	0	3	3.923098559426703
114	44.4828	44.7414	66	None	None	0	1	3.4674084162365593
115	44.7414	45.0000	71	None	None	0	2	3.3425727050727243
116	45.0000	45.2586	76	None	None	0	4	3.113816001706649
117	45.2586	45.5172	68	None	None	0	1	3.888277998043641
118	45.5172	45.7759	73	None	None	0	3	3.915438337703982
119	45.7759	46.0345	75	None	None	0	4	4.301894763222914
120	46.0345	46.2931	76	None	None	0	5	3.757095533434838
121	46.2931	46.5517	75	None	None	0	4	3.8583277957162143
122	46.5517	46.8103	73	None	None	0	3	3.7347482502616676
123	46.8103	47.0690	75	None	None	0	4	3.605422281091953
124	47.0690	47.3276	71	None	None	0	2	3.9830868040689746
125	47.3276	47.5862	68	None	None	0	1	2.9705493415314863
126	47.5862	47.8448	70	None	None	0	2	2.181813077795222
127	47.8448	48.1034	71	None	None	0	3	2.2244548110619586
128	48.1034	48.3621	73	None	None	0	4	2.353780780231678
129	48.3621	48.6207	75	None	None	0	5	2.6421301788489235
130	48.6207	48.8793	71	None	None	0	2	2.6101400558628187
131	48.8793	49.1379	73	None	None	0	4	2.713679150696545
132	49.1379	49.3966	70	None	None	0	2	3.2018637423510032
133	49.3966	49.6552	66	None	None	0	1	8.143710144597057
134	49.9138	50.1724	66	None	None	0	1	8.560168686055592
135	50.1724	50.4310	68	None	None	0	2	8.023389839901757
136	50.4310	50.6897	70	None	None	0	3	8.810063929700837
137	50.6897	51.2069	71	None	None	0	4	8.254735577497472
138	51.2069	51.4655	68	None	None	0	1	4.376367264927525
139	53.5345	53.7931	75	None	None	0	2	4.391316768548903
140	53.7931	54.0517	80	None	None	0	3	3.5914699140145534
141	54.0517	54.3103	85	None	None	0	5	3.161151405374093
142	54.3103	54.5690	82	None	None	0	4	8.892989012211785
143	54.5690	54.8276	80	None	None	0	3	8.86582867255144
144	54.8276	55.0862	75	None	None	0	1	8.865828672551455
145	55.0862	55.3448	80	None	None	0	3	9.473496005218793
146	55.3448	55.6034	85	None	None	0	5	8.975747507774669
147	55.6034	55.8621	80	None	None	0	3	9.280492985511216
148	55.8621	56.3793	82	None	None	0	4	9.193102077807806
149	57.9310	58.1897	83	None	None	0	5	9.406066016415137
150	58.1897	58.4483	68	None	None	0	1	2.9683170036168267
151	58.4483	58.7069	73	None	None	0	3	3.2563511383906243
152	58.7069	58.9655	68	None	None	0	1	4.673804218681168
153	58.9655	59.4828	70	None	None	0	2	4.093297225674175
154	61.2931	61.5517	73	None	None	0	3	4.771313099981209
155	61.5517	61.8103	78	None	None	0	5	4.385086603263639
156	61.8103	62.0690	73	None	None	0	4	3.0200999034555194
157	62.0690	62.5862	75	None	None	0	5	2.9866344849454407
158	62.8448	63.1034	73	None	None	0	4	3.0756300569275163
159	63.1034	63.3621	70	None	None	0	3	4.045433039573229
160	63.3621	63.6207	68	None	None	0	2	8.180603822148012
161	63.6207	63.8793	70	None	None	0	4	8.225728480953766
162	64.3966	64.6552	63	None	None	0	0	-1
163	64.6552	64.9138	68	None	None	0	0	-1
164	64.9138	65.1724	73	None	None	0	0	-1
165	65.1724	65.4310	70	None	None	0	0	-1
166	65.9483	66.2069	75	None	None	0	0	-1
167	66.2069	66.4655	80	None	None	0	0	-1
168	66.4655	66.7241	85	None	None	0	0	-1
169	66.7241	66.9828	82	None	None	0	0	-1
170	68.0172	68.2759	68	None	None	0	0	-1
171	68.2759	68.5345	73	None	None	0	0	-1
172	68.5345	68.7931	68	None	None	0	0	-1
173	68.7931	69.8276	70	None	None	0	0	-1
174	69.8276	70.3448	59	None	None	0	0	-1
175	70.3448	142.2414	59	None	None	0	0	-1
176	70.3448	142.2414	71	None	None	0	0	-1
