0	0.0000	0.2586	55	None	None	1	-5	3.303939636752148
1	0.2586	0.5172	60	None	None	1	-3	3.404634081196591
2	0.5172	0.7759	65	None	None	1	-1	3.523143696581206
3	0.7759	1.0345	57	None	None	1	-5	3.5621212988400535
4	1.0345	1.2931	62	None	None	1	-3	3.6628157432844937
5	1.2931	1.5517	64	None	None	1	-1	3.5231436965812026
6	1.5517	1.8103	55	None	None	1	-5	3.3039396367521476
7	1.8103	2.0690	60	None	None	1	-3	3.4046340811965914
8	2.0690	2.3276	65	None	None	1	-1	3.5231436965812057
9	2.3276	2.5862	57	None	None	1	-5	3.5621212988400535
10	2.5862	2.8448	62	None	None	1	-3	3.6628157432844937
11	2.8448	3.1034	64	None	None	1	-1	3.5231436965812026
12	3.1034	3.3621	55	None	None	1	-5	3.3039396367521485
13	3.3621	3.6207	60	None	None	1	-3	3.4046340811965914
14	3.6207	3.8793	65	None	None	1	-1	3.5231436965812057
15	3.8793	4.1379	57	None	None	1	-5	3.562121298840053
16	4.1379	4.3966	62	None	None	1	-3	3.6628157432844937
17	4.3966	4.6552	64	None	None	1	-1	3.5231436965812026
18	4.6552	4.9138	55	None	None	1	-5	3.303939636752148
19	4.9138	5.1724	60	None	None	1	-3	3.4046340811965905
20	5.1724	5.4310	65	None	None	1	-1	3.5231436965812053
21	5.4310	5.6897	57	None	None	1	-5	3.562121298840053
22	5.6897	5.9483	62	None	None	1	-3	3.6628157432844946
23	5.9483	6.2069	64	None	None	1	-1	3.523143696581203
24	6.2069	6.4655	55	None	None	1	-5	3.3039396367521494
25	6.4655	6.7241	60	None	None	1	-3	3.404634081196592
26	6.7241	6.9828	65	None	None	1	-1	3.5231436965812066
27	6.9828	7.2414	57	None	None	1	-5	3.562121298840055
28	7.2414	7.5000	62	None	None	1	-3	3.6628157432844954
29	7.5000	7.7586	64	None	None	1	-1	3.523143696581204
30	7.7586	8.0172	55	None	None	1	-5	3.3039396367521476
31	8.0172	8.2759	60	None	None	1	-3	3.4046340811965905
32	8.2759	8.5345	65	None	None	1	-1	3.5231436965812053
33	8.5345	8.7931	57	None	None	1	-5	3.5621212988400535
34	8.7931	9.0517	62	None	None	1	-3	3.6628157432844937
35	9.0517	9.3103	64	None	None	1	-1	3.523143696581202
36	9.3103	9.5690	55	None	None	1	-5	3.3039396367521476
37	9.5690	9.8276	60	None	None	1	-3	3.404634081196591
38	9.8276	10.0862	65	None	None	1	-1	3.5231436965812044
39	10.0862	10.3448	57	None	None	1	-5	3.562121298840052
40	10.3448	10.6034	62	None	None	1	-3	3.6628157432844928
41	10.6034	10.8621	64	None	None	1	-1	3.5231436965812026
42	10.8621	11.1207	55	None	None	1	-5	3.3039396367521485
43	11.1207	11.3793	60	None	None	1	-3	3.404634081196591
44	11.3793	11.6379	65	None	None	1	-1	3.523143696581206
45	11.6379	11.8966	57	None	None	1	-5	3.562121298840054
46	11.8966	12.1552	62	None	None	1	-3	3.6628157432844946
47	12.1552	12.4138	64	None	None	1	-1	3.523143696581203
48	12.4138	12.6724	55	None	None	1	-5	3.303939636752148
49	12.6724	12.9310	60	None	None	1	-3	3.4046340811965896
50	12.9310	13.1897	65	None	None	1	-1	3.5231436965812044
51	13.1897	13.4483	57	None	None	1	-5	3.5621212988400557
52	13.4483	13.7069	62	None	None	1	-3	3.6628157432844963
53	13.7069	13.9655	64	None	None	1	-1	3.523143696581205
54	13.9655	14.2241	55	None	None	1	-5	3.3039396367521503
55	14.2241	14.4828	60	None	None	1	-3	3.4046340811965914
56	14.4828	14.7414	65	None	None	1	-1	3.523143696581207
57	14.7414	15.0000	57	None	None	1	-5	3.5621212988400566
58	15.0000	15.2586	62	None	None	1	-3	3.662815743284495
59	15.2586	15.5172	64	None	None	1	-1	3.523143696581204
60	15.5172	15.7759	55	None	None	1	-5	3.303939636752146
61	15.7759	16.0345	60	None	None	1	-3	3.404634081196591
62	16.0345	16.2931	65	None	None	1	-1	3.5231436965812035
63	16.2931	16.5517	57	None	None	1	-5	3.562121298840054
64	16.5517	16.8103	62	None	None	1	-3	3.6628157432844906
65	16.8103	17.0690	64	None	None	1	-1	3.5231436965812004
66	17.0690	17.3276	55	None	None	1	-5	3.3039396367521476
67	17.3276	17.5862	60	None	None	1	-3	3.404634081196591
68	17.5862	17.8448	65	None	None	1	-1	3.5231436965812075
69	17.8448	18.1034	57	None	None	1	-5	3.562121298840047
70	18.1034	18.3621	62	None	None	1	-3	3.6628157432844906
71	18.3621	18.6207	64	None	None	1	-1	3.5231436965811973
72	18.6207	18.8793	55	None	None	1	-5	3.303939636752151
73	18.8793	19.1379	60	None	None	1	-3	3.086737844131361
74	19.1379	19.3966	65	None	None	1	-1	3.1763669650104807
75	19.3966	19.6552	57	None	None	1	-5	2.697487424412185
76	19.6552	19.9138	62	None	None	1	-3	2.7811289481022174
77	19.9138	20.1724	64	None	None	1	-1	2.4084211871132113
78	20.1724	20.4310	55	None	None	1	-5	1.6635036046956246
79	20.4310	20.6897	60	None	None	1	-3	1.9703588588165024
80	20.6897	20.9483	65	None	None	1	-1	1.848137330344972
81	21.2069	21.4655	55	None	None	1	-5	2.4404535918302304
82	21.4655	21.7241	60	None	None	1	-3	2.788388859687374
83	21.7241	21.9828	65	None	None	1	-1	2.8780179805664887
84	22.5000	22.7586	54	None	None	1	-5	2.757528929403932
85	22.7586	23.0172	59	None	None	1	-3	3.523822345808948
86	23.0172	23.2759	61	None	None	1	-2	3.6275295760786745
87	23.2759	23.5345	53	None	None	1	-5	3.6957887908222595
88	23.5345	23.7931	58	None	None	1	-3	4.009094625612467
89	23.7931	24.0517	63	None	None	1	-1	3.6339801567479952
90	24.0517	24.3103	52	None	None	1	-5	3.2491973614183274
91	24.3103	24.5690	57	None	None	1	-3	4.06955278724251
92	24.5690	24.8276	59	None	None	1	-2	4.1064003147150325
93	24.8276	25.0862	51	None	None	1	-5	3.454632997211118
94	25.0862	25.3448	56	None	None	1	-3	4.101711922749864
95	25.3448	25.6034	61	None	None	1	-1	3.700342458880409
96	25.6034	25.8621	52	None	None	1	-5	3.5620397459683253
97	25.8621	26.1207	57	None	None	1	-3	3.8688950000891995
98	26.1207	26.3793	59	None	None	1	-1	3.7003424588804092
99	26.3793	26.6379	50	None	None	1	-5	3.7770251511880915
100	26.6379	26.8966	55	None	None	1	-3	4.806155569381004
101	26.8966	27.1552	60	None	None	1	-1	4.924665184765616
102	27.1552	27.4138	49	None	None	1	-5	4.4784376895425995
103	27.4138	27.6724	54	None	None	1	-3	5.838548282075056
104	27.6724	27.9310	56	None	None	1	-1	5.446126461584039
105	27.9310	28.1897	48	None	None	1	-5	5.478911434547592
106	28.1897	28.4483	53	None	None	1	-4	5.212407068378059
107	28.4483	28.7069	58	None	None	1	-1	5.0884136510810745
108	28.7069	28.9655	49	None	None	1	-5	3.9561702248644277
109	28.9655	29.2241	54	None	None	1	-3	4.3380486467219
110	29.2241	29.4828	56	None	None	1	-1	3.142495762106519
111	29.4828	29.7414	47	None	None	1	-5	2.951411455787839
112	29.7414	30.0000	52	None	None	1	-3	2.8617823349087144
113	30.0000	30.2586	57	None	None	1	-1	3.0597133101834344
114	30.2586	30.5172	46	None	None	1	-5	2.6380349339434046
115	30.5172	30.7759	51	None	None	1	-3	2.7658299732506015
116	30.7759	31.0345	53	None	None	1	-1	2.7396060836625367
117	31.2931	31.5517	45	None	None	1	-5	2.65574607631265
118	31.5517	31.8103	50	None	None	1	-3	5.7848024117539945
119	31.8103	32.0690	55	None	None	1	-1	5.84817653762812
120	32.0690	32.3276	50	None	None	1	-3	6.312920127371711
121	32.3276	32.5862	45	None	None	1	-5	5.948677338910178
122	33.3621	33.6207	56	None	None	1	-1	11.612660472877723
123	33.6207	33.8793	54	None	None	1	-2	16.93663025309747
124	33.8793	34.1379	56	None	None	1	-1	15.48041355313077
125	34.1379	34.6552	51	None	None	1	-2	14.6588132784055
126	37.5000	37.7586	39	None	None	1	0	-1
127	37.7586	38.0172	44	None	None	1	0	-1
128	38.0172	38.2759	49	None	None	1	0	-1
129	38.2759	38.7931	46	None	None	1	0	-1
130	39.5690	39.8276	63	None	None	1	0	-1
131	39.8276	40.0862	68	None	None	1	0	-1
132	40.0862	40.3448	73	None	None	1	0	-1
133	40.3448	40.6034	70	None	None	1	0	-1
134	40.6034	40.8621	51	None	None	1	0	-1
135	40.8621	41.1207	56	None	None	1	0	-1
136	41.1207	41.3793	61	None	None	1	0	-1
137	41.3793	41.8966	58	None	None	1	-1	3.276941989823396
138	42.1552	42.4138	43	None	None	1	-5	2.4793137069324285
139	42.4138	42.6724	48	None	None	1	-3	2.466858744398705
140	42.6724	42.9310	53	None	None	1	-2	3.3806466310178074
141	42.9310	43.4483	50	None	None	1	-3	2.9060535029010333
142	43.4483	43.7069	50	None	None	1	-3	2.938530290651481
143	43.7069	43.9655	47	None	None	1	-5	2.7364876822279425
144	43.9655	44.2241	52	None	None	1	-4	1.8291031144787095
145	44.2241	44.4828	57	None	None	1	-2	1.8457056631809905
146	44.7414	44.9138	50	None	None	1	-5	2.1874696177242794
147	44.9138	45.0862	55	None	None	1	-3	2.1249561398693473
148	45.0862	45.2586	60	None	None	1	-1	2.579782961939279
149	45.2586	46.0345	57	None	None	1	-3	2.837609303377632
150	51.2069	51.4655	56	None	None	1	-4	3.1007156968574625
151	51.7241	51.9828	55	None	None	1	-5	3.303939636752144
152	51.9828	52.2414	60	None	None	1	-3	3.404634081196587
153	52.2414	52.5000	65	None	None	1	-1	3.5231436965812004
154	52.5000	52.7586	57	None	None	1	-5	3.5621212988400544
155	52.7586	53.0172	62	None	None	1	-3	3.6628157432844946
156	53.0172	53.2759	64	None	None	1	-1	3.523143696581204
157	53.2759	53.5345	55	None	None	1	-5	3.303939636752154
158	53.5345	53.7931	60	None	None	1	-3	3.4046340811965905
159	53.7931	54.0517	65	None	None	1	-1	3.523143696581205
160	54.0517	54.3103	57	None	None	1	-5	3.5621212988400437
161	54.3103	54.5690	62	None	None	1	-3	3.662815743284491
162	54.5690	54.8276	64	None	None	1	-1	3.5231436965811955
163	54.8276	55.0862	55	None	None	1	-5	3.303939636752152
164	55.0862	55.3448	60	None	None	1	-3	3.0867378441313655
165	55.3448	55.6034	65	None	None	1	-1	3.176366965010481
166	55.6034	55.8621	57	None	None	1	-5	2.6974874244121905
167	55.8621	56.1207	62	None	None	1	-3	2.5681625443491223
168	56.1207	56.3793	64	None	None	1	-1	2.4284904976458273
169	56.3793	56.6379	55	None	None	1	-5	1.9583706418345255
170	56.6379	56.8966	60	None	None	1	-3	2.342457606925431
171	56.8966	57.1552	65	None	None	1	-1	2.4609672223100443
172	57.4138	57.6724	55	None	None	1	-5	2.9959278602794788
173	57.6724	57.9310	60	None	None	1	-3	2.78867522118629
174	57.9310	58.1897	65	None	None	1	-1	2.7886752211862937
175	58.7069	58.9655	57	None	None	1	-5	2.889596199813962
176	58.9655	59.2241	62	None	None	1	-3	2.6777455504633147
177	59.2241	59.4828	64	None	None	1	-1	2.336781436452328
178	59.4828	59.7414	55	None	None	1	-5	1.7129738204572098
179	59.7414	60.0000	60	None	None	1	-3	1.6492557186502033
180	60.0000	60.2586	65	None	None	1	-1	1.4867784321571682
181	60.7759	61.0345	60	None	None	1	-3	2.1939623899316723
182	61.0345	61.2931	65	None	None	1	-1	2.5126437086129845
183	61.8103	62.0690	53	None	None	1	-4	2.167210723803815
184	62.0690	62.3276	58	None	None	1	-2	3.215008865622634
185	62.3276	62.5862	53	None	None	1	-4	9.22425413424287
186	62.5862	63.6207	55	None	None	1	-3	10.10436230731979
187	63.6207	63.8793	52	None	None	1	-5	10.194051967963096
188	64.3966	64.6552	62	None	None	1	-2	10.125311347592007
189	64.6552	64.9138	60	None	None	1	-3	11.939895682055656
190	64.9138	65.1724	57	None	None	1	-5	11.778839075879931
191	65.1724	65.4310	62	None	None	1	-4	11.564989978761165
192	65.9483	66.2069	72	None	None	1	-1	17.753602068297873
193	66.2069	66.4655	77	None	None	1	-2	17.753602068297873
194	66.4655	66.7241	69	None	None	1	-5	17.753602068297873
195	66.7241	66.9828	74	None	None	1	-1	17.753602068297873
196	68.0172	68.2759	65	None	None	1	-2	17.753602068297873
197	68.2759	68.5345	62	None	None	1	-3	17.753602068297873
198	68.5345	68.7931	60	None	None	1	-4	17.753602068297873
199	68.7931	69.8276	59	None	None	1	-1	17.753602068297873
200	70.3448	140.9483	43	None	None	1	-5	17.753602068297873
201	70.3448	140.9483	50	None	None	1	0	17.753602068297873
