0	0.0000	0.4800	48	None	None	1	-5	1.0064539604677667
1	0.0000	0.4800	52	None	None	1	-3	1.4733813254731734
2	0.4800	1.4400	48	None	None	1	-3	1.8963152690232778
3	0.4800	1.4400	54	None	None	1	-2	2.347960232943754
4	0.9600	2.4000	48	None	None	1	-5	2.3765424273157554
5	0.9600	2.4000	55	None	None	1	-2	2.8674146382691
6	1.4400	3.1200	48	None	None	1	-3	2.6788249782671727
7	1.4400	3.1200	53	None	None	1	-1	3.221638655462193
8	1.6800	3.6000	48	None	None	1	-2	2.663068675746162
9	1.6800	3.6000	52	None	None	1	-1	2.7873442480440485
10	1.9200	4.0800	48	None	None	1	-4	2.3452340706397536
11	1.9200	4.0800	50	None	None	1	-3	2.704477768118745
12	2.1600	4.5600	48	None	None	1	-4	2.485185453491742
13	2.1600	4.5600	52	None	None	1	-2	1.9721457548536674
14	2.4000	5.2800	48	None	None	1	-3	1.6667592324286031
15	2.4000	5.2800	53	None	None	1	-1	1.7917592324286018
16	2.8800	6.0000	48	None	None	1	-3	2.2218740944653703
17	2.8800	6.0000	50	None	None	1	-1	2.1730476673427983
18	3.1200	6.7200	48	None	None	1	-2	1.6933316430020289
19	3.1200	6.7200	52	None	None	1	-1	1.7147747029846425
20	3.6000	7.6800	48	None	None	1	-2	2.0848485946102606
21	3.6000	7.6800	52	None	None	1	-1	2.189528397565927
22	4.0800	4.3200	43	None	None	1	-5	1.982939727615189
23	4.3200	9.1200	48	None	None	1	-4	1.7510826169548284
24	4.3200	9.1200	50	None	None	1	-3	2.215368331240546
25	4.8000	10.0800	48	None	None	1	-4	2.2838669950738955
26	4.8000	10.0800	52	None	None	1	-2	1.972290640394093
27	5.2800	11.0400	48	None	None	1	-3	1.9178498985801262
28	5.2800	11.0400	53	None	None	1	-1	2.0362938278759817
29	5.7600	11.7600	48	None	None	1	-4	2.473341060562158
30	5.7600	11.7600	52	None	None	1	-2	2.2377571718342515
31	6.0000	12.2400	48	None	None	1	-3	2.063854277343121
32	6.0000	12.2400	50	None	None	1	-2	2.1581697334106065
33	6.2400	6.4800	48	None	None	1	-4	1.9275743343314296
34	6.4800	13.2000	48	None	None	1	-4	1.968214728420098
35	6.4800	13.2000	50	None	None	1	-1	3.642371172606976
36	6.7200	13.9200	48	None	None	1	-2	3.6927913406742023
37	6.7200	13.9200	52	None	None	1	-1	4.656968390804604
38	7.2000	7.4400	48	None	None	1	-2	5.116943760262731
39	7.4400	15.3600	43	None	None	1	-4	4.867780876718509
40	7.4400	15.3600	50	None	None	1	-1	4.754770155188516
41	7.9200	16.3200	43	None	None	1	-4	4.754770155188514
42	7.9200	16.3200	50	None	None	1	-1	4.628196537235585
43	8.4000	8.6400	36	None	None	1	-5	3.4920675166618422
44	8.6400	9.1200	48	None	None	1	-2	2.214865256447409
45	9.1200	18.7200	48	None	None	1	-3	2.0142350043465655
46	9.1200	18.7200	53	None	None	1	-1	2.546544479860918
47	9.6000	19.6800	48	None	None	1	-5	2.3765424273157585
48	9.6000	19.6800	55	None	None	1	-2	2.8674146382691035
49	10.0800	20.4000	48	None	None	1	-3	2.6788249782671754
50	10.0800	20.4000	53	None	None	1	-1	3.2216386554621947
51	10.3200	20.8800	48	None	None	1	-2	2.663068675746165
52	10.3200	20.8800	52	None	None	1	-1	2.7873442480440507
53	10.5600	21.3600	48	None	None	1	-4	2.3452340706397536
54	10.5600	21.3600	50	None	None	1	-3	2.704477768118744
55	10.8000	21.8400	48	None	None	1	-4	2.485185453491741
56	10.8000	21.8400	52	None	None	1	-2	1.9721457548536658
57	11.0400	22.5600	48	None	None	1	-3	1.6667592324286031
58	11.0400	22.5600	53	None	None	1	-1	1.791759232428602
59	11.5200	23.2800	48	None	None	1	-3	2.2218740944653717
60	11.5200	23.2800	50	None	None	1	-1	2.1730476673428
61	11.7600	24.0000	48	None	None	1	-2	1.6933316430020298
62	11.7600	24.0000	52	None	None	1	-1	1.7147747029846432
63	12.2400	24.9600	48	None	None	1	-2	2.0848485946102606
64	12.2400	24.9600	52	None	None	1	-1	2.189528397565928
65	12.7200	12.9600	43	None	None	1	-5	1.982939727615189
66	12.9600	26.4000	48	None	None	1	-4	1.7510826169548286
67	12.9600	26.4000	50	None	None	1	-3	2.2153683312405454
68	13.4400	27.3600	48	None	None	1	-4	2.2838669950738955
69	13.4400	27.3600	52	None	None	1	-2	1.9722906403940936
70	13.9200	28.3200	48	None	None	1	-3	1.9178498985801267
71	13.9200	28.3200	53	None	None	1	-1	2.0362938278759826
72	14.4000	29.0400	48	None	None	1	-4	2.473341060562158
73	14.4000	29.0400	52	None	None	1	-2	2.2377571718342506
74	14.6400	29.5200	48	None	None	1	-3	2.0638542773431223
75	14.6400	29.5200	50	None	None	1	-2	2.1581697334106074
76	14.8800	15.1200	48	None	None	1	-4	1.927574334331431
77	15.1200	30.4800	48	None	None	1	-4	1.9682147284200995
78	15.1200	30.4800	50	None	None	1	-1	3.6423711726069805
79	15.3600	31.2000	48	None	None	1	-2	3.6927913406742023
80	15.3600	31.2000	52	None	None	1	0	-1
81	15.8400	16.0800	48	None	None	1	0	-1
82	16.0800	32.6400	43	None	None	1	0	-1
83	16.0800	32.6400	50	None	None	1	0	-1
84	16.5600	33.6000	43	None	None	1	0	-1
85	16.5600	33.6000	50	None	None	1	0	-1
86	17.0400	17.2800	36	None	None	1	0	-1
87	17.2800	17.7600	48	None	None	1	-5	2.258060172867472
88	17.7600	36.0000	54	None	None	1	-4	1.8845327185210476
89	17.7600	36.0000	57	None	None	1	-3	2.2881934252279743
90	18.2400	36.9600	56	None	None	1	-3	2.2644318307260156
91	18.2400	36.9600	58	None	None	1	-1	2.1686829904375604
92	18.7200	37.6800	54	None	None	1	-4	2.6964573708271136
93	18.7200	37.6800	57	None	None	1	-1	2.7019114463967404
94	18.9600	38.1600	52	None	None	1	-5	2.497484247094867
95	18.9600	38.1600	55	None	None	1	-3	2.3665077185524166
96	19.2000	38.6400	51	None	None	1	-5	2.2095979718951373
97	19.2000	38.6400	54	None	None	1	-4	1.9406599042438308
98	19.4400	39.1200	52	None	None	1	-5	2.7377561656846727
99	19.4400	39.1200	55	None	None	1	-4	2.432550750185141
100	19.6800	39.8400	54	None	None	1	-5	1.810808388141048
101	19.6800	39.8400	57	None	None	1	-4	1.672232320305346
102	20.1600	40.5600	55	None	None	1	-5	1.5757113843447534
103	20.1600	40.5600	59	None	None	1	-4	3.7193506713030136
104	20.1600	40.5600	62	None	None	1	0	-1
105	20.4000	41.2800	57	None	None	1	0	-1
106	20.4000	41.2800	61	None	None	1	0	-1
107	20.4000	41.2800	64	None	None	1	0	-1
108	20.8800	42.2400	57	None	None	1	0	-1
109	20.8800	42.2400	61	None	None	1	0	-1
110	20.8800	42.2400	64	None	None	1	0	-1
111	21.3600	21.6000	48	None	None	1	-1	4.73395964427263
112	21.8400	22.0800	43	None	None	1	-2	4.328787230479529
113	22.3200	22.5600	36	None	None	1	-5	4.488070771482137
114	23.0400	23.2800	43	None	None	1	-4	3.622854766380911
115	23.5200	23.7600	48	None	None	1	-2	3.59396821175906
116	23.7600	24.0000	43	None	None	1	-5	3.8042747873673504
117	24.2400	24.4800	48	None	None	1	-4	3.2855282082759456
118	24.7200	24.9600	55	None	None	1	-2	2.777523282167571
119	25.4400	25.6800	60	None	None	1	-1	2.4562749342161094
120	25.9200	26.1600	55	None	None	1	-4	2.2794139599413414
121	26.1600	26.4000	60	None	None	1	-2	2.2275811578549902
122	26.4000	53.2800	55	None	None	1	-4	1.978418274310764
123	26.4000	53.2800	58	None	None	1	-3	2.1079900350944976
124	26.4000	53.2800	64	None	None	1	-2	2.4054782832673287
125	26.8800	54.2400	57	None	None	1	-4	2.2938258636788094
126	26.8800	54.2400	62	None	None	1	-2	2.195359674695378
127	26.8800	54.2400	65	None	None	1	-1	2.7831059801141014
128	27.3600	54.9600	53	None	None	1	-5	2.2336208908850925
129	27.3600	54.9600	57	None	None	1	-4	2.345317728296817
130	27.3600	54.9600	62	None	None	1	-2	2.2453733806390535
131	27.6000	55.6800	55	None	None	1	-5	2.4690635126415965
132	27.6000	55.6800	59	None	None	1	-4	1.8605113968772249
133	27.6000	55.6800	64	None	None	1	-2	1.7039987918352062
134	28.0800	56.6400	58	None	None	1	-5	1.6238948417249501
135	28.0800	56.6400	62	None	None	1	-3	2.2827618367988443
136	28.0800	56.6400	67	None	None	1	-1	2.44286035896633
137	28.8000	58.0800	55	None	None	1	-4	1.7897618804893778
138	28.8000	58.0800	58	None	None	1	-3	2.945585074511995
139	28.8000	58.0800	64	None	None	1	-2	3.3506773399014644
140	29.2800	59.0400	57	None	None	1	-4	3.311562268585583
141	29.2800	59.0400	62	None	None	1	-2	3.1877058294582055
142	29.2800	59.0400	65	None	None	1	-1	3.2215728245320996
143	29.7600	59.7600	53	None	None	1	-5	2.633518637339982
144	29.7600	59.7600	57	None	None	1	-3	4.727004738677085
145	29.7600	59.7600	62	None	None	1	-1	4.6561919307953135
146	30.0000	60.4800	50	None	None	1	-5	3.7816265874165866
147	30.0000	60.4800	53	None	None	1	-4	5.410507306370824
148	30.0000	60.4800	58	None	None	1	-2	5.616914869396033
149	30.4800	61.4400	51	None	None	1	-5	6.068502400960383
150	30.4800	61.4400	55	None	None	1	-3	7.997381711305209
151	30.4800	61.4400	60	None	None	1	-1	8.052800430517031
152	30.9600	62.1600	46	None	None	1	-5	5.983329107505051
153	30.9600	62.1600	50	None	None	1	-4	5.9528488119385505
154	30.9600	62.1600	57	None	None	1	-1	5.866641915386826
155	31.2000	62.8800	43	None	None	1	-5	3.8343575936121534
156	31.2000	62.8800	48	None	None	1	-2	3.2117683280208604
157	31.2000	62.8800	52	None	None	1	-1	3.4848775717183367
158	31.6800	63.8400	36	None	None	1	-5	1.943007662835246
159	31.6800	63.8400	41	None	None	1	-2	1.7992610837438403
160	31.6800	63.8400	45	None	None	1	-1	1.9772167487684729
161	32.1600	64.5600	38	None	None	1	-4	1.672071702244114
162	32.1600	64.5600	43	None	None	1	-2	1.7992610837438383
163	32.1600	64.5600	47	None	None	1	-1	2.231219211822654
164	32.4000	65.2800	40	None	None	1	-4	1.8916034804726403
165	32.4000	65.2800	45	None	None	1	-2	1.6447839193148457
166	32.4000	65.2800	48	None	None	1	-1	2.3816536672139987
167	32.8800	66.2400	41	None	None	1	-5	1.8955485930004106
168	32.8800	66.2400	47	None	None	1	-4	1.9171687353102058
169	32.8800	66.2400	50	None	None	1	-2	1.9642062284683905
170	33.3600	66.9600	43	None	None	1	-5	1.9318786422614969
171	33.3600	66.9600	49	None	None	1	-2	2.0632342017266563
172	33.3600	66.9600	52	None	None	1	-1	2.145438635224195
173	33.6000	67.6800	44	None	None	1	-5	2.3276392453533066
174	33.6000	67.6800	50	None	None	1	-2	2.067531466609632
175	33.6000	67.6800	53	None	None	1	-1	2.5675314666096374
176	34.0800	68.6400	45	None	None	1	-5	2.5675314666096374
177	34.0800	68.6400	52	None	None	1	-2	2.5675314666096374
178	34.0800	68.6400	55	None	None	1	-1	2.5675314666096374
179	34.5600	69.3600	46	None	None	1	-5	2.5675314666096374
180	34.5600	69.3600	53	None	None	1	-2	2.5675314666096374
181	34.5600	69.3600	56	None	None	1	-1	2.5675314666096374
182	34.8000	71.0400	48	None	None	1	-4	2.5675314666096374
183	34.8000	71.0400	52	None	None	1	-2	2.5675314666096374
184	34.8000	71.0400	55	None	None	1	0	2.5675314666096374
