0	4.2857	4.5536	67	None	None	0	2	1.0895785174911328
1	4.5536	4.8214	67	None	None	0	2	1.8074857451071016
2	4.8214	5.0893	69	None	None	0	3	1.8074857451071016
3	5.0893	5.3571	67	None	None	0	2	1.7167090460779801
4	5.3571	5.8929	72	None	None	0	4	1.372588226229004
5	5.8929	6.1607	72	None	None	0	4	1.372588226229004
6	6.1607	6.4286	72	None	None	0	4	3.6530342265397384
7	6.4286	6.6964	72	None	None	0	4	3.6530342265397384
8	6.6964	6.9643	75	None	None	0	5	3.7449551696742756
9	6.9643	7.2321	74	None	None	0	4	3.3315786863948857
10	7.2321	7.5000	72	None	None	0	3	3.5384287403323276
11	7.5000	8.0357	70	None	None	0	2	3.383574371400286
12	8.0357	8.3036	70	None	None	0	5	0.7898597626753119
13	8.3036	8.5714	70	None	None	0	5	2.178113206351742
14	8.5714	8.8393	63	None	None	0	2	2.386958945294563
15	8.8393	9.1071	63	None	None	0	2	2.514937762593771
16	9.1071	9.3750	65	None	None	0	3	2.619792131525811
17	9.3750	9.6429	63	None	None	0	1	2.7739053152888156
18	9.6429	10.1786	68	None	None	0	2	2.1301497989604816
19	10.1786	10.4464	68	None	None	0	2	2.1301497989604816
20	10.4464	10.7143	68	None	None	0	2	2.1301497989604816
21	10.7143	10.9821	74	None	None	0	5	2.478572129057572
22	10.9821	11.2500	72	None	None	0	4	2.8140756865039664
23	11.2500	11.5179	70	None	None	0	3	2.9708737864077754
24	11.5179	11.7857	68	None	None	0	2	2.8496965261869303
25	11.7857	12.3214	67	None	None	0	1	1.9273664290995478
26	12.3214	12.5893	67	None	None	0	2	2.17088043118778
27	12.5893	12.8571	67	None	None	0	2	2.3859559435933937
28	13.1250	13.3929	67	None	None	0	2	2.9733345843700967
29	13.3929	13.6607	69	None	None	0	3	2.9956646814574737
30	13.6607	13.9286	67	None	None	0	1	3.011131261893514
31	13.9286	14.4643	72	None	None	0	3	3.0672374034883645
32	14.4643	14.7321	75	None	None	0	4	3.8510072361005028
33	14.7321	15.0000	72	None	None	0	3	4.140381561882599
34	15.0000	15.2679	77	None	None	0	5	4.340624280329205
35	15.2679	15.5357	75	None	None	0	4	4.371179835884755
36	15.5357	15.8036	74	None	None	0	3	4.868915864688755
37	15.8036	16.0714	72	None	None	0	2	6.9533818841062285
38	16.0714	16.6071	70	None	None	0	1	6.057031524119315
39	16.6071	16.8750	74	None	None	0	5	5.196717629197593
40	16.8750	17.1429	70	None	None	0	3	7.3144140104862085
41	17.1429	17.4107	75	None	None	0	5	7.530294731706735
42	17.4107	17.6786	74	None	None	0	4	7.34636808661504
43	17.6786	17.9464	72	None	None	0	3	7.295127525665744
44	17.9464	18.2143	70	None	None	0	2	7.447311991685156
45	18.2143	18.7500	68	None	None	0	1	5.11721490430652
46	18.7500	19.0179	77	None	None	0	5	4.897060409924496
47	19.0179	19.2857	68	None	None	0	2	3.695604099244885
48	19.2857	19.5536	60	None	None	0	1	2.0693905070118714
49	19.5536	19.8214	62	None	None	0	2	2.197842502696873
50	19.8214	20.0893	63	None	None	0	3	1.85742988133765
51	20.0893	20.3571	65	None	None	0	4	3.1794352932620633
52	20.3571	20.8929	67	None	None	0	5	2.9094751099960035
53	20.8929	21.1607	67	None	None	0	4	2.459867216949688
54	21.1607	21.4286	67	None	None	0	4	3.357251251469651
55	21.4286	21.6964	60	None	None	0	1	3.1333434844793615
56	21.6964	21.9643	62	None	None	0	2	3.587226525096062
57	21.9643	22.2321	63	None	None	0	3	3.0903245942571864
58	22.2321	22.5000	65	None	None	0	4	3.1415651552064805
59	22.5000	23.0357	67	None	None	0	5	3.731910354774989
60	23.0357	23.3036	60	None	None	0	1	3.1333434844793664
61	23.3036	23.5714	62	None	None	0	2	3.5872265250960647
62	23.5714	23.8393	63	None	None	0	3	3.053245942571789
63	23.8393	24.1071	65	None	None	0	4	2.8811855326473
64	24.1071	24.6429	67	None	None	0	5	2.5741466976958454
65	24.6429	24.9107	60	None	None	0	1	1.7820118662351705
66	24.9107	25.1786	62	None	None	0	2	1.0130798274002175
67	25.1786	25.4464	63	None	None	0	3	0.47909924487594213
68	25.4464	25.7143	65	None	None	0	1	0.8429871971597657
69	25.7143	26.2500	67	None	None	0	2	0.2289095272568572
70	26.2500	26.5179	67	None	None	0	2	0.32012014085553037
71	26.5179	26.7857	67	None	None	0	2	0.6786802315584823
72	26.7857	27.3214	67	None	None	0	2	0.8920383020594125
73	27.3214	27.5893	67	None	None	0	2	1.4733065236337575
74	27.5893	27.8571	67	None	None	0	1	2.3314822165743556
75	27.8571	28.3929	67	None	None	0	1	2.7581983575762075
76	28.3929	28.6607	70	None	None	0	2	2.8031593756913193
77	28.6607	28.9286	67	None	None	0	1	3.486425812598535
78	30.7143	30.9643	68	None	None	0	2	3.6914364735793446
79	30.9643	31.2143	70	None	None	0	3	4.286241668384537
80	31.2143	31.4643	68	None	None	0	1	3.986944272658567
81	31.4643	32.4643	73	None	None	0	3	4.256007352435928
82	32.7143	32.9643	78	None	None	0	5	4.222518648312303
83	32.9643	33.2143	75	None	None	0	4	3.559820235613883
84	33.2143	33.4643	73	None	None	0	3	3.509217267153772
85	33.4643	34.4643	72	None	None	0	2	3.2052240087954424
86	34.7143	34.9643	65	None	None	0	1	3.600882272100765
87	34.9643	35.2143	67	None	None	0	3	2.8118087133843495
88	35.2143	35.4643	65	None	None	0	1	3.545316409392051
89	35.4643	36.4643	70	None	None	0	3	3.4640187388086647
90	36.7143	36.9643	75	None	None	0	5	3.7424912389198193
91	36.9643	37.2143	72	None	None	0	4	3.9202123273552
92	37.2143	37.4643	70	None	None	0	3	3.9990620490620605
93	37.4643	38.2143	68	None	None	0	2	4.419980416408995
94	38.2143	38.4643	60	None	None	0	1	4.577543441619078
95	38.4643	38.7143	63	None	None	0	3	3.3820888961645306
96	38.7143	38.9643	61	None	None	0	1	3.906306461978734
97	38.9643	39.4643	66	None	None	0	3	3.826786775316184
98	39.7143	39.9643	70	None	None	0	5	4.0032290188802815
99	39.9643	40.2143	68	None	None	0	4	4.262015866952839
100	40.2143	40.4643	66	None	None	0	3	4.211412898492732
101	40.4643	41.2143	65	None	None	0	2	4.069439225906813
102	41.2143	41.4643	57	None	None	0	1	4.228802971405015
103	41.4643	41.7143	60	None	None	0	3	7.2487009305887025
104	41.7143	41.9643	58	None	None	0	1	7.631317548664501
105	41.9643	42.2143	62	None	None	0	3	7.799118002179242
106	42.2143	42.4643	66	None	None	0	5	7.763254630856688
107	42.4643	42.7143	65	None	None	0	4	7.2668827487705245
108	42.7143	42.9643	63	None	None	0	3	8.24972133875197
109	42.9643	43.2143	61	None	None	0	1	10.996967120181429
110	43.2143	43.4643	60	None	None	0	2	7.976332199546503
111	43.4643	43.7143	59	None	None	0	1	7.858985260770992
112	43.7143	43.9643	66	None	None	0	5	7.763254630856688
113	43.9643	44.2143	65	None	None	0	4	7.2668827487705245
114	44.2143	44.4643	63	None	None	0	3	8.24972133875197
115	44.4643	44.7143	61	None	None	0	1	11.435742630385509
116	44.7143	44.9643	60	None	None	0	3	7.763751950996864
117	44.9643	45.2143	59	None	None	0	2	8.369109093854007
118	45.2143	45.4643	66	None	None	0	5	7.760930306466029
119	45.4643	45.7143	65	None	None	0	4	7.51127797157374
120	45.7143	45.9643	63	None	None	0	3	7.376769622779674
121	45.9643	46.2143	61	None	None	0	1	6.422595225748132
122	46.2143	46.4643	60	None	None	0	4	1.1612779715737336
123	46.4643	46.7143	58	None	None	0	3	1.0267696227796685
124	46.7143	46.9643	58	None	None	0	3	1.0267696227796685
125	46.9643	47.4643	56	None	None	0	1	0.31232667072510695
126	47.4643	47.9643	61	None	None	0	2	0.0966796874999995
127	48.9643	49.9643	67	None	None	0	3	0.2356252024619377
128	50.2143	50.7143	67	None	None	0	2	0.5362907500662515
129	50.7143	50.9643	67	None	None	0	2	0.8485693805267002
130	51.2143	51.4643	67	None	None	0	2	2.103529697987035
131	51.4643	51.9643	67	None	None	0	2	2.3742277499350934
132	52.2143	52.7143	67	None	None	0	2	2.3742277499350934
133	52.7143	52.9643	67	None	None	0	2	2.3742277499350934
134	53.2904	53.6165	67	None	None	0	2	2.559910654049122
135	53.6165	53.7795	69	None	None	0	3	2.6378244494374132
136	53.7795	53.9425	67	None	None	0	1	2.843191020997165
137	53.9425	54.1056	69	None	None	0	2	3.778448947755834
138	54.1056	54.2686	70	None	None	0	3	4.58143793551321
139	54.2686	54.9208	72	None	None	0	1	4.385668202677008
140	54.9208	55.2469	72	None	None	0	2	4.439322207631585
141	55.2469	55.5730	72	None	None	0	2	4.782828701138079
142	55.5730	55.7360	70	None	None	0	1	5.380300570641506
143	55.7360	55.8991	72	None	None	0	2	4.865040830381763
144	55.8991	56.0621	74	None	None	0	3	4.552762199921323
145	56.0621	56.2252	75	None	None	0	4	3.2978018824609876
146	56.2252	56.3882	77	None	None	0	5	6.573822044861224
147	56.3882	56.5512	75	None	None	0	4	8.078793840742108
148	56.5512	56.7143	74	None	None	0	3	8.764920774611053
149	56.7143	56.8773	72	None	None	0	2	8.662034771725056
150	56.8773	57.5295	70	None	None	0	1	7.279615538066147
151	57.5295	57.8556	70	None	None	0	5	3.594214577892289
152	57.8556	58.1817	70	None	None	0	5	4.023597694775406
153	58.1817	58.3447	70	None	None	0	5	5.817213180037877
154	58.3447	58.5078	63	None	None	0	3	5.330088688367934
155	58.5078	58.6708	62	None	None	0	1	4.240884962800545
156	58.6708	58.8339	63	None	None	0	2	3.225292080626048
157	58.8339	58.9969	65	None	None	0	3	4.5592269241867385
158	58.9969	59.1599	63	None	None	0	1	4.287177632488012
159	59.1599	59.3230	65	None	None	0	2	4.04261594417634
160	59.3230	59.4860	67	None	None	0	1	6.326630483326388
161	59.4860	60.1382	68	None	None	0	2	5.695209126905023
162	60.1382	60.4643	68	None	None	0	2	5.874183045548367
163	60.4643	60.7904	68	None	None	0	2	6.2176895390548585
164	60.7904	60.9534	67	None	None	0	1	6.786586666973341
165	60.9534	61.1165	68	None	None	0	2	6.786586666973341
166	61.1165	61.2795	70	None	None	0	3	6.786586666973333
167	61.2795	61.4425	72	None	None	0	4	6.786586666973333
168	61.4425	61.6056	73	None	None	0	5	6.786586666973377
169	61.6056	61.7686	72	None	None	0	4	6.78658666697335
170	61.7686	61.9317	70	None	None	0	3	6.78658666697335
171	61.9317	62.0947	68	None	None	0	2	6.786586666973359
172	62.0947	62.2578	67	None	None	0	1	6.786586666973319
173	62.2578	62.4208	68	None	None	0	2	6.786586666973319
174	62.4208	62.5839	70	None	None	0	3	6.786586666973326
175	62.5839	62.7469	72	None	None	0	4	6.786586666973319
176	62.7469	62.9099	73	None	None	0	5	6.786586666973363
177	62.9099	63.0730	72	None	None	0	4	13.128600944509966
178	63.0730	63.2360	70	None	None	0	3	13.19024751648711
179	63.2360	63.3991	68	None	None	0	2	13.02571494162396
180	63.3991	63.5621	67	None	None	0	1	11.882503607503558
181	63.5621	63.7252	68	None	None	0	2	10.531003661168885
182	63.7252	63.8882	70	None	None	0	3	10.590620490620436
183	63.8882	64.0512	72	None	None	0	1	4.796494162403304
184	64.0512	64.2143	73	None	None	0	3	4.558402278391918
185	64.2143	64.3773	75	None	None	0	4	4.5965696665593265
186	64.3773	64.5404	77	None	None	0	5	5.740215210802552
187	64.5404	64.7034	75	None	None	0	4	6.934132393252809
188	64.7034	64.8665	73	None	None	0	3	8.136960556824828
189	64.8665	65.0295	75	None	None	0	5	7.302423213838647
190	65.0295	65.1925	73	None	None	0	4	6.8753473961378075
191	65.1925	65.3556	72	None	None	0	3	6.110041273688844
192	65.3556	65.5186	70	None	None	0	2	5.979225462515889
193	65.5186	65.6817	72	None	None	0	5	4.885738663034089
194	65.6817	65.8447	70	None	None	0	4	4.984835498738064
195	65.8447	66.0078	68	None	None	0	3	4.740231548968827
196	66.0078	66.5078	67	None	None	0	2	4.345269814274925
197	66.5078	133.2655	60	None	None	0	1	3.715659081092763
198	66.5078	133.2655	68	None	None	0	5	2.980904127524046
199	66.7578	133.7655	60	None	None	0	2	3.792082725947562
200	66.7578	133.7655	68	None	None	0	5	3.3200528425656275
201	67.0078	134.5155	58	None	None	0	1	3.05321610787174
202	67.0078	134.5155	67	None	None	0	5	3.5252459912536738
203	67.5078	135.2655	60	None	None	0	2	3.553307215743471
204	67.5078	135.2655	68	None	None	0	5	4.668239795918393
205	67.7578	135.7655	60	None	None	0	2	4.470790816326554
206	67.7578	135.7655	68	None	None	0	5	3.684631114350519
207	68.0078	136.5155	58	None	None	0	1	4.087692338840306
208	68.0078	136.5155	67	None	None	0	5	4.086912860382261
209	68.5078	68.7578	60	None	None	0	2	4.2381033365727365
210	68.7578	69.0078	68	None	None	0	5	3.599005237015449
211	69.0078	69.2578	61	None	None	0	2	3.599005237015449
212	69.2578	69.5078	70	None	None	0	5	3.599005237015449
213	69.5078	69.7578	60	None	None	0	1	3.599005237015449
214	69.7578	70.0078	68	None	None	0	4	3.599005237015449
215	70.0078	140.5155	59	None	None	0	1	3.599005237015449
216	70.0078	140.5155	67	None	None	0	4	3.599005237015449
217	70.5078	141.5155	59	None	None	0	1	3.599005237015449
218	70.5078	141.5155	67	None	None	0	4	3.599005237015449
219	71.0078	72.0078	62	None	None	0	0	3.599005237015449
