0	0.0000	0.5357	54	None	None	1	-2	4.9992244489296445
1	0.0000	0.5357	55	None	None	1	-1	6.156291022360661
2	0.5357	1.0714	43	None	None	1	-5	6.730617977528089
3	1.0714	2.6786	54	None	None	1	-2	6.1837078651685395
4	1.0714	2.6786	55	None	None	1	-1	6.53258426966292
5	1.6071	2.1429	43	None	None	1	-5	6.28820224719101
6	2.1429	4.8214	54	None	None	1	-2	5.74129213483146
7	2.1429	4.8214	55	None	None	1	-1	5.626685393258425
8	2.6786	3.2143	43	None	None	1	-5	4.994662921348313
9	3.2143	6.9643	54	None	None	1	-2	4.447752808988764
10	3.2143	6.9643	55	None	None	1	-1	4.101404494382022
11	3.7500	4.2857	43	None	None	1	-5	3.5087078651685406
12	4.2857	9.1071	53	None	None	1	-2	2.9038623595505633
13	4.2857	9.1071	55	None	None	1	-1	2.5364466292134833
14	4.8214	5.3571	43	None	None	1	-5	1.904424157303371
15	5.3571	11.2500	52	None	None	1	-2	1.473384831460674
16	5.3571	11.2500	55	None	None	1	-1	1.4936095505617952
17	5.8929	6.4286	43	None	None	1	-5	1.7658005617977497
18	6.4286	13.3929	51	None	None	1	-2	1.8330056179775245
19	6.4286	13.3929	54	None	None	1	-1	1.9397471910112307
20	6.9643	7.5000	43	None	None	1	-5	1.670154494382018
21	7.5000	15.5357	50	None	None	1	-2	1.969101123595501
22	7.5000	15.5357	53	None	None	1	-1	2.115168539325838
23	8.0357	8.5714	43	None	None	1	-5	2.158005617977525
24	8.5714	17.6786	50	None	None	1	-3	1.6432584269662893
25	8.5714	17.6786	51	None	None	1	-2	1.5278089887640438
26	9.1071	9.6429	43	None	None	1	-5	1.5131320224719118
27	9.6429	19.8214	48	None	None	1	-3	1.3965589887640444
28	9.6429	19.8214	51	None	None	1	0	-1
29	10.1786	10.7143	43	None	None	1	0	-1
30	10.7143	21.9643	48	None	None	1	0	-1
31	10.7143	21.9643	53	None	None	1	0	-1
32	11.2500	11.7857	43	None	None	1	0	-1
33	11.7857	24.1071	47	None	None	1	0	-1
34	11.7857	24.1071	50	None	None	1	0	-1
35	12.3214	12.8571	43	None	None	1	0	-1
36	12.8571	26.2500	62	None	None	1	-2	1.452416622079539
37	12.8571	26.2500	65	None	None	1	-1	1.6704962952153946
38	13.3929	13.9286	55	None	None	1	-5	1.8648854110932713
39	13.9286	28.3929	60	None	None	1	-3	1.980811526176693
40	13.9286	28.3929	63	None	None	1	-2	2.0204182677497275
41	14.4643	15.0000	56	None	None	1	-4	2.243469810464191
42	15.0000	30.5357	57	None	None	1	-2	1.4310792515848707
43	15.0000	30.5357	60	None	None	1	-1	1.5623356356502411
44	15.5357	16.0714	54	None	None	1	-4	1.7589137766104037
45	16.0714	32.6786	58	None	None	1	-2	4.470731593624855
46	16.0714	32.6786	62	None	None	1	-1	4.243203503737213
47	16.6071	17.1429	53	None	None	1	-4	4.049392794562706
48	17.1429	34.8214	55	None	None	1	-3	4.013979471930281
49	17.1429	34.8214	61	None	None	1	-1	3.7858271623172977
50	17.6786	18.2143	51	None	None	1	-4	4.612678921897206
51	18.2143	36.9643	56	None	None	1	-2	4.644600793492616
52	18.2143	36.9643	60	None	None	1	-1	5.285680126144983
53	18.7500	19.2857	44	None	None	1	-5	2.387907252950754
54	19.8214	40.1786	44	None	None	1	-2	2.4977462049536556
55	19.8214	40.1786	48	None	None	1	-1	2.7102958760964326
56	20.3571	41.2500	44	None	None	1	-3	2.4537075206316743
57	20.3571	41.7857	47	None	None	1	-2	2.827583925126057
58	20.8929	21.4286	39	None	None	1	-5	2.7857500567472475
59	21.4286	43.3929	46	None	None	1	-4	2.258403558052437
60	21.4286	43.3929	51	None	None	1	-2	2.205282459425719
61	21.9643	44.4643	45	None	None	1	-4	1.9683910736579304
62	21.9643	44.4643	49	None	None	1	-2	2.157436017478153
63	22.5000	45.5357	41	None	None	1	-5	2.7755617977528093
64	22.5000	45.5357	48	None	None	1	-4	2.6893258426966264
65	23.0357	46.6071	50	None	None	1	-3	2.6184769038701594
66	23.0357	46.6071	55	None	None	1	-1	2.7500000000000044
67	23.5714	47.6786	48	None	None	1	-3	2.5303881511746713
68	23.5714	47.6786	53	None	None	1	-1	2.864761377823169
69	24.1071	48.7500	45	None	None	1	-5	2.7294617523549993
70	24.1071	48.7500	52	None	None	1	-4	1.6173533912034297
71	24.6429	49.8214	55	None	None	1	-3	1.3591049818039838
72	24.6429	49.8214	58	None	None	1	-2	1.3551880431444032
73	25.1786	50.8929	53	None	None	1	-4	1.5994616897795768
74	25.1786	50.8929	57	None	None	1	-2	1.5935465277429337
75	25.7143	52.5000	51	None	None	1	-5	1.4806280457433911
76	25.7143	52.5000	56	None	None	1	-3	1.536599361746813
77	25.7143	52.5000	61	None	None	1	-1	2.6221865741598753
78	28.3929	57.3214	51	None	None	1	-5	2.747422658310757
79	28.3929	57.3214	56	None	None	1	-4	2.784877700310419
80	28.3929	57.3214	61	None	None	1	-2	3.0345092404035086
81	29.7143	29.9643	60	None	None	1	-3	4.173195389266819
82	29.9643	30.2143	62	None	None	1	-2	4.273592214663651
83	30.2143	30.4643	60	None	None	1	-4	3.399904168016424
84	30.4643	31.4643	65	None	None	1	-2	3.3434106615229178
85	31.7143	31.9643	70	None	None	1	-1	3.162634647413574
86	31.9643	32.2143	67	None	None	1	-2	2.8090632188421427
87	32.2143	32.4643	65	None	None	1	-1	1.9304050383982445
88	32.4643	33.4643	63	None	None	1	-2	2.2976952878313504
89	33.7143	33.9643	56	None	None	1	-5	6.00029299358032
90	33.9643	34.2143	58	None	None	1	-4	6.158059433489615
91	34.2143	34.4643	56	None	None	1	-5	5.931747480136842
92	34.4643	35.4643	61	None	None	1	-3	5.824578855111073
93	35.7143	35.9643	66	None	None	1	-1	5.690228818800253
94	35.9643	36.2143	63	None	None	1	-2	6.8264031370123845
95	36.2143	36.4643	61	None	None	1	-3	6.806787260358694
96	36.4643	37.2143	60	None	None	1	-1	2.841367759224906
97	37.2143	37.4643	52	None	None	1	-5	5.5324880709859725
98	37.4643	37.7143	55	None	None	1	-4	5.110010746722932
99	37.7143	37.9643	53	None	None	1	-5	5.248312495994069
100	37.9643	38.4643	58	None	None	1	-4	5.410748379438353
101	38.7143	38.9643	61	None	None	1	-2	5.438479471875328
102	38.9643	39.2143	60	None	None	1	-1	2.827857950539519
103	39.2143	39.4643	58	None	None	1	-2	2.799173143283284
104	39.4643	40.2143	56	None	None	1	-3	3.434667113598681
105	40.2143	40.4643	48	None	None	1	-5	3.5673602557906223
106	40.4643	40.7143	51	None	None	1	-3	6.672190997611164
107	40.7143	40.9643	49	None	None	1	-4	7.0681660543005105
108	40.9643	41.4643	54	None	None	1	-2	7.065359931851528
109	41.7143	41.9643	58	None	None	1	-1	7.511608431251293
110	41.9643	42.2143	56	None	None	1	-2	7.320792104720677
111	42.2143	42.4643	54	None	None	1	-3	7.3334827870542165
112	42.4643	42.7143	53	None	None	1	-1	3.4705090261212663
113	42.7143	42.9643	51	None	None	1	-2	5.957980313337459
114	42.9643	43.2143	49	None	None	1	-3	6.0673263244691835
115	43.2143	43.4643	48	None	None	1	-4	9.500206143063286
116	43.4643	43.7143	47	None	None	1	-5	10.026354102246962
117	43.7143	43.9643	54	None	None	1	-1	10.229703374856431
118	43.9643	44.2143	53	None	None	1	-2	12.880035044320755
119	44.2143	44.4643	51	None	None	1	-3	13.500061842918981
120	44.4643	44.7143	49	None	None	1	-4	13.43213586300321
121	44.7143	44.9643	48	None	None	1	-1	7.608156271166481
122	44.9643	45.2143	47	None	None	1	-2	8.788776614541927
123	45.2143	45.4643	42	None	None	1	-3	8.115461834084291
124	45.4643	45.7143	41	None	None	1	-1	3.895648908914221
125	45.7143	45.9643	39	None	None	1	0	-1
126	45.9643	46.2143	37	None	None	1	0	-1
127	46.2143	46.4643	36	None	None	1	0	-1
128	46.4643	46.7143	34	None	None	1	0	-1
129	46.7143	46.9643	34	None	None	1	0	-1
130	46.9643	47.4643	32	None	None	1	0	-1
131	47.4643	47.9643	37	None	None	1	0	-1
132	47.9643	48.9643	43	None	None	1	-5	4.855984632125723
133	49.9643	50.9643	66	None	None	1	-1	3.251452551922048
134	50.9643	51.9643	65	None	None	1	0	-1
135	54.9208	55.5730	63	None	None	1	0	-1
136	55.5730	56.2252	63	None	None	1	0	-1
137	56.2252	56.8773	57	None	None	1	0	-1
138	56.8773	57.5295	62	None	None	1	0	-1
139	57.5295	58.1817	56	None	None	1	0	-1
140	58.1817	59.4860	61	None	None	1	0	-1
141	60.1382	60.7904	59	None	None	1	0	-1
142	60.7904	61.4425	58	None	None	1	-1	4.814709121974801
143	61.4425	61.7686	49	None	None	1	-5	5.203114676874966
144	62.7469	62.9099	49	None	None	1	-5	6.8166350850382855
145	62.9099	63.0730	50	None	None	1	-4	11.405390683696405
146	63.0730	63.2360	51	None	None	1	-3	11.040311318617023
147	63.2360	63.3991	53	None	None	1	-2	11.136031507519037
148	63.3991	63.5621	55	None	None	1	-1	11.062035049431671
149	63.5621	63.7252	53	None	None	1	-2	10.808138945535545
150	63.7252	63.8882	51	None	None	1	-3	11.532736455463665
151	63.8882	64.0512	50	None	None	1	-1	7.266059950150874
152	64.0512	64.2143	49	None	None	1	-3	6.193639315230164
153	64.2143	64.3773	48	None	None	1	-4	6.264995736586638
154	64.3773	64.5404	47	None	None	1	-5	6.813180506362307
155	64.5404	64.7034	48	None	None	1	-4	7.759011380034044
156	64.7034	64.8665	49	None	None	1	-3	9.020194641217428
157	64.8665	65.0295	48	None	None	1	-5	7.362524186672026
158	65.0295	65.1925	49	None	None	1	-4	6.673040059687853
159	65.1925	65.3556	50	None	None	1	-3	6.2514839372388895
160	65.3556	65.5186	52	None	None	1	-2	6.877365198834444
161	65.5186	65.6817	50	None	None	1	-4	4.938022795206256
162	65.6817	65.8447	52	None	None	1	-3	5.620032713498647
163	65.8447	66.0078	53	None	None	1	-2	5.964026219992159
164	66.0078	66.5078	55	None	None	1	-1	5.551934523809519
165	66.5078	133.2655	41	None	None	1	-5	4.650467687074824
166	66.5078	133.2655	51	None	None	1	-1	5.054379251700672
167	66.7578	133.7655	41	None	None	1	-5	4.7231009070294725
168	66.7578	133.7655	51	None	None	1	-2	4.387287414965978
169	67.0078	134.5155	43	None	None	1	-5	4.0028486394557765
170	67.0078	134.5155	53	None	None	1	-1	5.573639455782308
171	67.5078	135.2655	41	None	None	1	-5	5.3744047619047555
172	67.5078	135.2655	51	None	None	1	-1	7.935750728862965
173	67.7578	135.7655	41	None	None	1	-5	10.128735422740515
174	67.7578	135.7655	51	None	None	1	-2	9.462791545189496
175	68.0078	136.5155	43	None	None	1	-5	9.139307985098792
176	68.0078	136.5155	53	None	None	1	-1	9.486246760609
177	68.5078	68.7578	51	None	None	1	-2	9.573184591296831
178	68.7578	69.0078	41	None	None	1	-5	9.573184591296831
179	69.0078	69.2578	49	None	None	1	-2	9.573184591296831
180	69.2578	69.5078	39	None	None	1	-5	9.573184591296831
181	69.5078	69.7578	51	None	None	1	-1	9.573184591296831
182	69.7578	70.0078	41	None	None	1	-5	9.573184591296831
183	70.0078	140.5155	43	None	None	1	-4	9.573184591296831
184	70.0078	140.5155	50	None	None	1	-1	9.573184591296831
185	70.5078	141.5155	43	None	None	1	-4	9.573184591296831
186	70.5078	141.5155	50	None	None	1	0	9.573184591296831
