0	0.1875	0.5625	71	None	None	0	2	1.4006585915211263
1	0.1875	0.5625	74	None	None	0	4	1.4217718208564838
2	0.5625	1.3125	67	None	None	0	1	1.6398169336384387
3	0.5625	1.3125	71	None	None	0	2	1.6398169336384385
4	0.9375	2.0625	67	None	None	0	1	1.6172605426609976
5	0.9375	2.0625	71	None	None	0	2	1.8727719627205852
6	1.3125	2.8125	67	None	None	0	2	1.8729768775233104
7	1.3125	2.8125	71	None	None	0	3	1.506811463989474
8	1.5000	3.3750	65	None	None	0	1	1.2809206499979693
9	1.5000	3.3750	69	None	None	0	2	1.2647388912532767
10	1.8750	4.1250	67	None	None	0	1	0.7459418987720714
11	1.8750	4.1250	71	None	None	0	2	0.7459418987720715
12	2.4375	5.0625	71	None	None	0	2	1.6838627879515489
13	2.4375	5.0625	74	None	None	0	4	1.4217718208564838
14	2.8125	5.8125	67	None	None	0	1	1.6849297155933278
15	2.8125	5.8125	71	None	None	0	2	1.6849297155933314
16	3.1875	6.5625	67	None	None	0	1	1.9426967747506607
17	3.1875	6.5625	71	None	None	0	2	2.2588550950797854
18	3.5625	7.3125	67	None	None	0	2	1.9626144935760275
19	3.5625	7.3125	71	None	None	0	3	1.871780490328917
20	3.7500	7.8750	65	None	None	0	1	1.6458896763374122
21	3.7500	7.8750	69	None	None	0	3	1.1936176920288057
22	4.1250	8.6250	64	None	None	0	1	1.065798143156625
23	4.1250	8.6250	67	None	None	0	2	1.0657981431566212
24	4.6875	9.5625	71	None	None	0	2	1.6838627879515489
25	4.6875	9.5625	74	None	None	0	4	1.4217718208564838
26	5.0625	10.3125	67	None	None	0	1	1.6398169336384387
27	5.0625	10.3125	71	None	None	0	2	1.6398169336384385
28	5.4375	11.0625	67	None	None	0	1	1.6172605426609976
29	5.4375	11.0625	71	None	None	0	2	1.8727719627205852
30	5.8125	11.8125	67	None	None	0	2	1.8729768775233104
31	5.8125	11.8125	71	None	None	0	3	1.506811463989474
32	6.0000	12.3750	65	None	None	0	1	1.2809206499979693
33	6.0000	12.3750	69	None	None	0	2	1.2647388912532767
34	6.3750	13.1250	67	None	None	0	1	0.7459418987720714
35	6.3750	13.1250	71	None	None	0	2	0.7459418987720715
36	6.9375	14.0625	71	None	None	0	2	1.6838627879515489
37	6.9375	14.0625	74	None	None	0	4	1.4217718208564838
38	7.3125	14.8125	67	None	None	0	1	1.6849297155933278
39	7.3125	14.8125	71	None	None	0	2	1.6849297155933314
40	7.6875	15.5625	67	None	None	0	1	2.0828584998180455
41	7.6875	15.5625	71	None	None	0	2	2.0758362271552575
42	8.0625	16.3125	67	None	None	0	2	1.7525279564785625
43	8.0625	16.3125	71	None	None	0	3	1.3863625429447262
44	8.2500	16.8750	65	None	None	0	1	1.1604717289532214
45	8.2500	16.8750	69	None	None	0	3	0.7081997446446154
46	8.6250	17.6250	64	None	None	0	1	0.5803801957724346
47	8.6250	17.6250	67	None	None	0	3	0.2677117321605729
48	9.1875	18.5625	62	None	None	0	1	0.18245141154771669
49	9.1875	18.5625	65	None	None	0	2	0.18947368421050495
50	9.5625	19.3125	62	None	None	0	1	1.0613272311212627
51	9.5625	19.3125	65	None	None	0	2	1.077508989865955
52	9.9375	20.0625	62	None	None	0	1	1.475437774090669
53	9.9375	20.0625	65	None	None	0	2	1.4684155014278808
54	10.3125	20.8125	62	None	None	0	1	1.4458591104504397
55	10.3125	20.8125	65	None	None	0	2	2.067009813294513
56	10.6875	21.5625	62	None	None	0	1	3.0780354632822053
57	10.6875	21.5625	65	None	None	0	3	2.7213237496256237
58	10.8750	22.1250	64	None	None	0	1	2.199159643708663
59	10.8750	22.1250	67	None	None	0	4	1.7559937579798501
60	11.4375	23.0625	62	None	None	0	2	1.6065824939707698
61	11.4375	23.0625	65	None	None	0	3	1.3510710739111884
62	11.6250	23.6250	65	None	None	0	3	2.245481011799387
63	11.6250	23.6250	69	None	None	0	5	1.5007605149049859
64	12.1875	24.5625	57	None	None	0	1	1.4684155014278955
65	12.1875	24.5625	60	None	None	0	2	1.4684155014278955
66	12.5625	25.3125	57	None	None	0	1	1.4458591104504528
67	12.5625	25.3125	60	None	None	0	2	2.0670098132945167
68	12.9375	26.0625	57	None	None	0	1	3.0780354632822173
69	12.9375	26.0625	60	None	None	0	3	2.7213237496256304
70	13.1250	26.6250	59	None	None	0	1	2.717956636189876
71	13.1250	26.6250	62	None	None	0	4	2.2747907504610594
72	13.6875	27.5625	57	None	None	0	2	2.689289260888069
73	13.6875	27.5625	60	None	None	0	3	2.4337778408284874
74	13.8750	28.1250	60	None	None	0	3	2.4337778408284874
75	13.8750	28.1250	64	None	None	0	5	2.294026288033453
76	14.4375	29.0625	52	None	None	0	2	1.9669330559102196
77	14.4375	29.0625	55	None	None	0	3	1.7043993631878482
78	14.8125	29.8125	53	None	None	0	2	2.055527182736722
79	14.8125	29.8125	57	None	None	0	3	1.6893617692028857
80	15.1875	30.5625	52	None	None	0	1	2.080339212811907
81	15.1875	30.5625	55	None	None	0	2	2.0803392128119036
82	15.3750	31.1250	55	None	None	0	3	2.454248829621222
83	15.3750	31.1250	59	None	None	0	4	1.9480919279330409
84	15.9375	32.0625	52	None	None	0	2	2.214158036600933
85	15.9375	32.0625	55	None	None	0	3	2.3248120300751864
86	16.3125	32.8125	53	None	None	0	2	2.4488721804511253
87	16.3125	32.8125	57	None	None	0	3	2.7038574697613553
88	16.6875	33.5625	55	None	None	0	1	2.4806867455759978
89	16.6875	33.5625	59	None	None	0	2	2.4736644729132093
90	17.0625	34.3125	57	None	None	0	1	2.441674119671609
91	17.0625	34.3125	60	None	None	0	2	2.473664472913208
92	17.4375	35.0625	59	None	None	0	1	2.456711713656571
93	17.4375	35.0625	62	None	None	0	2	2.4736644729132076
94	17.6250	35.6250	60	None	None	0	1	2.24275290358792
95	17.6250	35.6250	64	None	None	0	2	2.4736644729132076
96	18.1875	36.5625	62	None	None	0	1	2.4736644729132076
97	18.1875	36.5625	65	None	None	0	2	2.473664472913208
98	18.5625	37.3125	64	None	None	0	1	2.441674119671609
99	18.5625	37.3125	67	None	None	0	2	2.473664472913208
100	18.9375	38.0625	65	None	None	0	1	2.4061647487600517
101	18.9375	38.0625	69	None	None	0	3	2.3380293775181626
102	19.1250	38.6250	67	None	None	0	1	1.7496869052587543
103	19.1250	38.6250	71	None	None	0	3	1.4251493513658235
104	19.6875	39.5625	69	None	None	0	2	1.8301145946627468
105	19.6875	39.5625	72	None	None	0	3	1.5746031746031621
106	20.0625	40.3125	71	None	None	0	2	1.9708437761069213
107	20.0625	40.3125	74	None	None	0	4	1.5729323308270555
108	20.4375	41.0625	67	None	None	0	1	1.9944789510006813
109	20.4375	41.0625	71	None	None	0	2	2.0106607097453733
110	20.8125	41.8125	67	None	None	0	2	2.465547927790495
111	20.8125	41.8125	71	None	None	0	3	2.0993825142566593
112	21.1875	42.5625	69	None	None	0	2	1.9091569503468822
113	21.1875	42.5625	72	None	None	0	4	1.7667569251265998
114	21.5625	43.3125	67	None	None	0	2	1.8729768775233104
115	21.5625	43.3125	71	None	None	0	3	1.506811463989474
116	21.7500	43.8750	65	None	None	0	1	1.7997176424791783
117	21.7500	43.8750	69	None	None	0	2	1.7835358837344857
118	22.1250	44.6250	67	None	None	0	1	1.8286486656893715
119	22.1250	44.6250	71	None	None	0	3	1.5379628316073177
120	22.6875	45.5625	71	None	None	0	3	2.2737951660666593
121	22.6875	45.5625	74	None	None	0	5	1.9738186044822266
122	23.0625	46.3125	67	None	None	0	2	2.465547927790495
123	23.0625	46.3125	71	None	None	0	3	2.0993825142566593
124	23.4375	47.0625	69	None	None	0	2	1.9091569503468822
125	23.4375	47.0625	72	None	None	0	4	1.7667569251265998
126	23.8125	47.8125	67	None	None	0	2	1.8729768775233104
127	23.8125	47.8125	71	None	None	0	3	1.506811463989474
128	24.0000	48.3750	65	None	None	0	1	1.7997176424791783
129	24.0000	48.3750	69	None	None	0	2	1.7835358837344857
130	24.3750	49.1250	67	None	None	0	1	1.8286486656893715
131	24.3750	49.1250	71	None	None	0	3	1.5379628316073177
132	24.9375	50.0625	71	None	None	0	3	1.710895162434384
133	24.9375	50.0625	74	None	None	0	5	1.8454887218045108
134	25.3125	50.8125	67	None	None	0	2	1.8454887218045073
135	25.3125	50.8125	71	None	None	0	3	1.7553049289891367
136	25.6875	51.5625	69	None	None	0	2	2.221170680323994
137	25.6875	51.5625	72	None	None	0	3	1.8711870255348497
138	26.0625	52.3125	67	None	None	0	1	1.7565253713995113
139	26.0625	52.3125	71	None	None	0	2	1.7709990556100423
140	26.4375	53.0625	72	None	None	0	3	1.633781010497263
141	26.4375	53.0625	76	None	None	0	5	1.197502815008542
142	26.8125	53.8125	69	None	None	0	2	1.1835930405724548
143	26.8125	53.8125	72	None	None	0	4	0.8001552795031149
144	27.0000	54.2000	65	None	None	0	1	0.30170807453417264
145	27.0000	54.2000	69	None	None	0	2	0.30000000000001115
146	27.2000	54.6000	65	None	None	0	1	1.1928571428571577
147	27.2000	54.6000	69	None	None	0	2	1.1928571428571577
148	27.4000	55.0000	65	None	None	0	1	2.0857142857142987
149	27.4000	55.0000	69	None	None	0	2	2.0857142857142934
150	27.6000	55.4000	65	None	None	0	1	2.907142857142866
151	27.6000	55.4000	69	None	None	0	2	2.9071428571428664
152	27.8000	55.8000	65	None	None	0	2	3.6178571428571384
153	27.8000	55.8000	69	None	None	0	3	3.038095238095229
154	28.0000	56.2000	64	None	None	0	2	2.7250000000000023
155	28.0000	56.2000	67	None	None	0	3	2.145238095238094
156	28.2000	56.6000	62	None	None	0	1	1.9428571428571402
157	28.2000	56.6000	65	None	None	0	2	1.9428571428571462
158	28.4000	57.0000	64	None	None	0	1	1.1214285714285737
159	28.4000	57.0000	67	None	None	0	2	1.1214285714285737
160	28.6000	57.4000	65	None	None	0	1	0.3000000000000116
161	28.6000	57.4000	69	None	None	0	2	0.30000000000001203
162	28.8000	57.8000	65	None	None	0	1	1.1928571428571475
163	28.8000	57.8000	69	None	None	0	2	1.192857142857147
164	29.0000	58.2000	65	None	None	0	1	2.085714285714288
165	29.0000	58.2000	69	None	None	0	2	2.0857142857142827
166	29.2000	58.6000	65	None	None	0	1	2.9785714285714238
167	29.2000	58.6000	69	None	None	0	2	2.978571428571418
168	29.4000	59.0000	65	None	None	0	2	3.760714285714277
169	29.4000	59.0000	69	None	None	0	3	3.1809523809523688
170	29.6000	59.4000	64	None	None	0	2	3.689285714285709
171	29.6000	59.4000	67	None	None	0	3	3.1095238095238025
172	29.8000	59.8000	62	None	None	0	2	3.6178571428571376
173	29.8000	59.8000	65	None	None	0	3	3.038095238095228
174	30.0000	60.2000	60	None	None	0	2	3.546428571428568
175	30.0000	60.2000	64	None	None	0	3	2.9666666666666655
176	30.2000	60.6000	59	None	None	0	1	3.585714285714284
177	30.2000	60.6000	62	None	None	0	2	3.5857142857142845
178	30.4000	61.0000	60	None	None	0	1	2.764285714285712
179	30.4000	61.0000	64	None	None	0	2	2.7642857142857182
180	30.6000	61.4000	62	None	None	0	1	1.9428571428571504
181	30.6000	61.4000	65	None	None	0	2	1.9428571428571568
182	30.8000	61.8000	64	None	None	0	1	1.121428571428584
183	30.8000	61.8000	67	None	None	0	2	1.1214285714285837
184	31.0000	62.2000	65	None	None	0	1	0.264285714285724
185	31.0000	62.2000	69	None	None	0	2	0.39383116883117647
186	31.2000	62.6000	65	None	None	0	1	0.7129870129870153
187	31.2000	62.6000	69	None	None	0	2	0.7129870129870097
188	31.4000	63.0000	65	None	None	0	1	0.712987012987004
189	31.4000	63.0000	69	None	None	0	2	0.7129870129869976
190	31.6000	63.4000	65	None	None	0	1	0.7129870129869923
191	31.6000	63.4000	69	None	None	0	2	0.7129870129869864
192	32.6000	65.4000	69	None	None	0	1	0.27142857142854093
193	32.6000	65.4000	72	None	None	0	2	0.29999999999996685
194	32.8000	65.8000	69	None	None	0	1	1.192857142857102
195	32.8000	65.8000	72	None	None	0	2	1.192857142857101
196	33.0000	66.2000	69	None	None	0	1	2.085714285714259
197	33.0000	66.2000	72	None	None	0	2	2.085714285714266
198	33.2000	66.6000	69	None	None	0	1	2.907142857142834
199	33.2000	66.6000	72	None	None	0	2	2.9071428571428335
200	33.4000	67.0000	69	None	None	0	2	3.6178571428571424
201	33.4000	67.0000	72	None	None	0	3	3.0380952380952255
202	33.6000	67.4000	67	None	None	0	2	2.7249999999999766
203	33.6000	67.4000	71	None	None	0	3	2.1452380952380747
204	33.8000	67.8000	65	None	None	0	1	1.9428571428571133
205	33.8000	67.8000	69	None	None	0	2	1.9428571428571064
206	34.0000	68.2000	67	None	None	0	1	1.1214285714285392
207	34.0000	68.2000	71	None	None	0	2	1.1214285714285401
208	34.2000	68.6000	69	None	None	0	1	0.2999999999999669
209	34.2000	68.6000	72	None	None	0	2	0.2999999999999669
210	34.4000	69.0000	69	None	None	0	1	1.192857142857102
211	34.4000	69.0000	72	None	None	0	2	1.192857142857101
212	34.6000	69.4000	69	None	None	0	1	2.085714285714259
213	34.6000	69.4000	72	None	None	0	2	2.085714285714266
214	34.8000	69.8000	69	None	None	0	1	2.9785714285714064
215	34.8000	69.8000	72	None	None	0	2	2.9785714285714113
216	35.0000	70.2000	69	None	None	0	2	3.760714285714292
217	35.0000	70.2000	72	None	None	0	3	3.180952380952391
218	35.2000	70.6000	67	None	None	0	2	3.6892857142857087
219	35.2000	70.6000	71	None	None	0	3	3.1095238095238122
220	35.4000	71.0000	65	None	None	0	2	3.6178571428571424
221	35.4000	71.0000	69	None	None	0	3	3.038095238095227
222	35.6000	71.4000	64	None	None	0	2	3.546428571428569
223	35.6000	71.4000	67	None	None	0	3	2.966666666666663
224	35.8000	71.8000	62	None	None	0	2	3.6178571428571438
225	35.8000	71.8000	65	None	None	0	3	3.038095238095233
226	36.0000	72.2000	64	None	None	0	2	3.6654761904762063
227	36.0000	72.2000	67	None	None	0	3	3.085714285714306
228	36.2000	72.6000	65	None	None	0	2	3.713095238095253
229	36.2000	72.6000	69	None	None	0	3	3.1333333333333453
230	36.4000	73.0000	67	None	None	0	2	3.7607142857142843
231	36.4000	73.0000	71	None	None	0	3	3.180952380952367
232	36.6000	73.4000	65	None	None	0	2	3.760714285714264
233	36.6000	73.4000	69	None	None	0	3	3.1809523809523634
234	36.8000	73.8000	64	None	None	0	2	3.6892857142857105
235	36.8000	73.8000	67	None	None	0	3	3.1095238095237887
236	37.0000	74.2000	62	None	None	0	2	3.6178571428571478
237	37.0000	74.2000	65	None	None	0	3	3.038095238095247
238	37.2000	74.6000	60	None	None	0	2	3.5464285714285646
239	37.2000	74.6000	64	None	None	0	3	2.9666666666666686
240	37.4000	75.0000	59	None	None	0	1	3.5857142857142743
241	37.4000	75.0000	62	None	None	0	2	3.5857142857142734
242	37.6000	75.4000	60	None	None	0	2	3.643716931216909
243	37.6000	75.4000	64	None	None	0	3	3.0639550264550137
244	37.8000	75.8000	62	None	None	0	2	3.6199074074073794
245	37.8000	75.8000	65	None	None	0	3	3.040145502645463
246	38.0000	76.2000	64	None	None	0	2	3.5960978835978668
247	38.0000	76.2000	67	None	None	0	4	2.9660714285714196
248	38.2000	76.6000	65	None	None	0	3	3.54940476190475
249	38.2000	76.6000	69	None	None	0	5	2.835714285714288
250	38.4000	77.0000	59	None	None	0	1	3.5857142857142743
251	38.4000	77.0000	62	None	None	0	2	3.5857142857142734
252	38.6000	77.4000	60	None	None	0	2	3.643716931216909
253	38.6000	77.4000	64	None	None	0	3	3.0639550264550137
254	38.8000	77.8000	62	None	None	0	2	3.6199074074073794
255	38.8000	77.8000	65	None	None	0	3	3.040145502645463
256	39.0000	78.2000	64	None	None	0	2	3.5960978835978668
257	39.0000	78.2000	67	None	None	0	4	2.9660714285714196
258	39.2000	78.6000	65	None	None	0	3	3.54940476190475
259	39.2000	78.6000	69	None	None	0	5	2.835714285714288
260	39.4000	79.0000	59	None	None	0	1	3.5857142857142743
261	39.4000	79.0000	62	None	None	0	2	3.5857142857142734
262	39.6000	79.4000	60	None	None	0	2	3.643716931216909
263	39.6000	79.4000	64	None	None	0	3	3.0639550264550137
264	39.8000	79.8000	62	None	None	0	2	3.6199074074073794
265	39.8000	79.8000	65	None	None	0	3	3.040145502645463
266	40.0000	80.2000	64	None	None	0	2	3.6333649643431962
267	40.0000	80.2000	67	None	None	0	4	3.0050465838509095
268	40.2000	80.6000	65	None	None	0	3	3.6256469979295893
269	40.2000	80.6000	69	None	None	0	5	2.9136645962732897
270	40.4000	81.0000	59	None	None	0	1	3.700931677018626
271	40.4000	81.0000	62	None	None	0	2	3.7026397515527867
272	40.6000	81.3875	60	None	None	0	1	3.7399068322981366
273	40.6000	81.3875	64	None	None	0	2	3.7416149068322975
274	40.7875	81.7625	62	None	None	0	1	3.741614906832298
275	40.7875	81.7625	65	None	None	0	2	3.741614906832298
276	40.9750	82.1375	64	None	None	0	1	3.7416149068322984
277	40.9750	82.1375	67	None	None	0	2	3.7416149068322984
278	41.1625	82.5125	65	None	None	0	1	3.7416149068322984
279	41.1625	82.5125	69	None	None	0	2	3.741614906832292
280	41.3500	82.8875	67	None	None	0	1	3.741614906832297
281	41.3500	82.8875	71	None	None	0	2	3.741614906832297
282	41.5375	83.2625	69	None	None	0	1	3.741614906832292
283	41.5375	83.2625	72	None	None	0	2	3.7416149068322984
284	41.7250	83.6375	71	None	None	0	1	3.7416149068322984
285	41.7250	83.6375	74	None	None	0	2	3.7416149068322984
286	41.9125	84.0125	72	None	None	0	1	3.7416149068322975
287	41.9125	84.0125	76	None	None	0	2	3.7416149068322975
288	42.1000	84.3875	74	None	None	0	1	3.741614906832298
289	42.1000	84.3875	77	None	None	0	2	3.741614906832298
290	42.2875	84.7625	76	None	None	0	1	3.581898843871211
291	42.2875	84.7625	79	None	None	0	2	3.5745785243188277
292	42.4750	85.1375	77	None	None	0	1	3.414862469229467
293	42.4750	85.1375	81	None	None	0	2	3.407542150037866
294	42.6625	85.5125	79	None	None	0	1	4.894481411191202
295	42.6625	85.5125	83	None	None	0	3	4.328332344832506
296	42.8500	85.9500	81	None	None	0	1	4.534104537209261
297	42.8500	85.9500	84	None	None	0	3	3.9342493111613703
298	43.1000	86.4500	83	None	None	0	2	4.217439430235909
299	43.1000	86.4500	86	None	None	0	4	3.668555317235302
300	43.3500	86.9500	84	None	None	0	3	3.862432867472184
301	43.3500	86.9500	88	None	None	0	5	3.236667556780592
302	43.6000	87.5750	74	None	None	0	1	2.04279000976894
303	43.6000	87.5750	77	None	None	0	2	2.0287593975624607
304	43.9750	88.3250	76	None	None	0	1	1.9159774435681007
305	43.9750	88.3250	79	None	None	0	2	1.9159774435681007
306	44.3500	89.2000	77	None	None	0	1	1.9159774435681007
307	44.3500	89.2000	81	None	None	0	2	1.9159774435681007
308	44.8500	90.2000	79	None	None	0	1	1.9159774435681007
309	44.8500	90.2000	83	None	None	0	2	1.9159774435681007
310	45.3500	91.2000	81	None	None	0	1	1.9159774435681007
311	45.3500	91.2000	84	None	None	0	2	1.9159774435681007
312	45.8500	92.4500	83	None	None	0	1	1.9159774435681007
313	45.8500	92.4500	86	None	None	0	0	1.9159774435681007
