0	0.0000	0.1875	40	None	None	1	-4	0.7847893371906272
1	0.0000	0.1875	43	None	None	1	-2	1.196972021624485
2	0.3750	0.9375	52	None	None	1	-2	1.3867744711404384
3	0.3750	0.9375	55	None	None	1	-1	2.0962726569838686
4	1.1250	2.4375	52	None	None	1	-2	2.2553394415924495
5	1.1250	2.4375	55	None	None	1	-1	2.6728095875455677
6	1.6875	3.7500	53	None	None	1	-2	2.342494065110178
7	1.6875	3.7500	57	None	None	1	-1	2.5666576928254163
8	2.0625	4.3125	52	None	None	1	-2	2.04553412919937
9	2.0625	4.3125	55	None	None	1	-1	2.331333533370173
10	2.2500	4.6875	50	None	None	1	-2	2.0393057512284347
11	2.2500	4.6875	53	None	None	1	-1	2.0245950614605364
12	2.6250	5.4375	52	None	None	1	-5	1.9918589481472813
13	2.6250	5.4375	55	None	None	1	-4	2.338138249341434
14	3.3750	6.9375	53	None	None	1	-5	2.3781924289079974
15	3.3750	6.9375	57	None	None	1	-4	2.6015880897211483
16	3.9375	8.2500	55	None	None	1	-5	3.822843294881662
17	3.9375	8.2500	59	None	None	1	-4	3.7494496044031544
18	4.3125	8.8125	57	None	None	1	-5	3.6632100274734074
19	4.3125	8.8125	60	None	None	1	-3	3.5901216461427223
20	4.5000	9.1875	59	None	None	1	-4	3.5074148792254323
21	4.5000	9.1875	62	None	None	1	-1	3.2344825483983675
22	4.8750	9.9375	60	None	None	1	-2	3.0792974842888188
23	4.8750	9.9375	64	None	None	1	-1	3.6853125218828042
24	5.6250	11.4375	48	None	None	1	-5	2.3334217655802845
25	5.6250	11.4375	52	None	None	1	-1	2.0923584597260154
26	6.1875	12.7500	50	None	None	1	-2	2.11296521314224
27	6.1875	12.7500	53	None	None	1	-1	2.109397748420501
28	6.5625	13.3125	48	None	None	1	-2	2.123089977755275
29	6.5625	13.3125	52	None	None	1	-1	2.1167060935163753
30	6.7500	13.6875	47	None	None	1	-5	2.0261009292682743
31	6.7500	13.6875	50	None	None	1	-4	1.4542279672544303
32	7.1250	14.4375	50	None	None	1	-5	1.9072676140962812
33	7.1250	14.4375	53	None	None	1	-2	2.094894851857243
34	7.8750	15.9375	53	None	None	1	-5	2.3781924289079974
35	7.8750	15.9375	57	None	None	1	-4	2.6015880897211483
36	8.4375	17.2500	55	None	None	1	-5	2.6213284784287674
37	8.4375	17.2500	59	None	None	1	-4	2.7847326649958184
38	8.8125	17.8125	57	None	None	1	-5	2.658980785296566
39	8.8125	17.8125	60	None	None	1	-3	2.335672514619875
40	9.0000	18.1875	59	None	None	1	-4	2.011278195488717
41	9.0000	18.1875	62	None	None	1	-1	1.380451127819549
42	9.3750	18.9375	60	None	None	1	-2	0.9353383458646614
43	9.3750	18.9375	64	None	None	1	-1	1.3428571428571439
44	9.7500	19.6875	59	None	None	1	-2	0.84667059806379
45	9.7500	19.6875	62	None	None	1	-1	1.0367192491031525
46	10.1250	20.4375	59	None	None	1	-2	1.2610791685095115
47	10.1250	20.4375	62	None	None	1	-1	1.6363015381591233
48	10.5000	21.1875	59	None	None	1	-2	1.744869526758069
49	10.5000	21.1875	62	None	None	1	-1	1.7349181777974307
50	10.8750	22.1250	57	None	None	1	-2	1.2401813356921687
51	10.8750	22.1250	60	None	None	1	-1	1.6477001326846499
52	11.6250	23.6250	55	None	None	1	-2	1.460128261831045
53	11.6250	23.6250	59	None	None	1	-1	1.8775984077841652
54	12.0000	24.1875	53	None	None	1	-2	1.2945157010172494
55	12.0000	24.1875	57	None	None	1	-1	1.6178239716939427
56	12.7500	25.6875	53	None	None	1	-2	1.9037704555506432
57	12.7500	25.6875	57	None	None	1	-1	2.2370300751879713
58	13.1250	26.6250	52	None	None	1	-5	2.291060985797826
59	13.1250	26.6250	55	None	None	1	-3	2.2910609857978246
60	13.5000	27.1875	53	None	None	1	-4	2.291060985797827
61	13.5000	27.1875	57	None	None	1	-2	2.291060985797827
62	13.8750	28.1250	50	None	None	1	-2	1.91432748538012
63	13.8750	28.1250	53	None	None	1	-1	2.2376357560568114
64	14.2500	28.6875	48	None	None	1	-2	1.6139097744360913
65	14.2500	28.6875	52	None	None	1	-1	2.021428571428574
66	14.6250	29.4375	47	None	None	1	-2	1.5891395154553023
67	14.6250	29.4375	50	None	None	1	-1	1.9966583124477852
68	15.0000	30.1875	48	None	None	1	-2	2.0214703425229743
69	15.0000	30.1875	52	None	None	1	-1	2.021470342522976
70	15.3750	31.1250	45	None	None	1	-4	1.7766917293233098
71	15.3750	31.1250	48	None	None	1	-2	1.826315789473686
72	15.7500	31.6875	48	None	None	1	-5	2.4050751879699237
73	15.7500	31.6875	52	None	None	1	-3	2.0817669172932303
74	16.1250	32.4375	47	None	None	1	-5	1.8897715988083394
75	16.1250	32.4375	50	None	None	1	-3	1.8522627323024536
76	16.5000	33.1875	52	None	None	1	-2	2.6179521129868744
77	16.5000	33.1875	55	None	None	1	-1	2.6326628027547727
78	16.8750	33.9375	50	None	None	1	-5	2.0541961959862776
79	16.8750	33.9375	53	None	None	1	-4	2.0064100639896174
80	17.2500	34.6875	55	None	None	1	-4	2.4041544248918774
81	17.2500	34.6875	59	None	None	1	-3	2.0377990710985845
82	17.8125	35.8125	53	None	None	1	-5	1.9306562139557282
83	17.8125	35.8125	57	None	None	1	-3	1.991033572446294
84	18.0000	36.1875	59	None	None	1	-2	2.6326628027547634
85	18.0000	36.1875	62	None	None	1	-1	2.6326628027547634
86	18.3750	36.9375	57	None	None	1	-5	2.0541961959862665
87	18.3750	36.9375	60	None	None	1	-4	2.0064100639896125
88	18.7500	37.6875	62	None	None	1	-4	1.8185175385583916
89	18.7500	37.6875	65	None	None	1	-3	1.6228831047120302
90	19.3125	38.8125	60	None	None	1	-5	1.7352909741822276
91	19.3125	38.8125	64	None	None	1	-3	1.5197800699920778
92	19.5000	39.1875	65	None	None	1	-2	1.3010319418099916
93	19.5000	39.1875	69	None	None	1	-1	1.5365411413880965
94	19.8750	39.9375	64	None	None	1	-2	1.1771426451474907
95	19.8750	39.9375	67	None	None	1	-1	1.8541969160448635
96	20.6250	41.4375	60	None	None	1	-4	1.9190895397610204
97	20.6250	41.4375	64	None	None	1	-2	2.4159392941555304
98	21.3750	42.9375	57	None	None	1	-5	2.6669897143235963
99	21.3750	42.9375	61	None	None	1	-1	3.2841087542482135
100	21.9375	44.0625	59	None	None	1	-5	3.2781244538746277
101	21.9375	44.0625	62	None	None	1	-4	3.345127311031197
102	22.1250	44.4375	60	None	None	1	-5	3.4215876968636514
103	22.1250	44.4375	64	None	None	1	-3	2.8826266579026116
104	22.3125	44.8125	62	None	None	1	-4	3.0263448369981454
105	22.3125	44.8125	65	None	None	1	-1	2.604758056264521
106	22.5000	45.1875	64	None	None	1	-2	2.116248739494335
107	22.5000	45.1875	67	None	None	1	-1	2.6504102301775614
108	22.8750	45.9375	60	None	None	1	-2	2.3262445711989397
109	22.8750	45.9375	64	None	None	1	-1	2.875116751650071
110	23.6250	47.4375	57	None	None	1	-4	2.8617041402286847
111	23.6250	47.4375	61	None	None	1	-1	3.2826215647966444
112	24.1875	48.5625	55	None	None	1	-2	6.355984770316747
113	24.1875	48.5625	59	None	None	1	-1	6.654234683263781
114	24.3750	48.9375	53	None	None	1	-2	7.020787312220504
115	24.3750	48.9375	57	None	None	1	-1	7.223856365928946
116	24.5625	49.3125	52	None	None	1	-2	7.891211133923099
117	24.5625	49.3125	55	None	None	1	-1	7.8959608599004465
118	24.7500	49.6875	51	None	None	1	-2	7.810506895706074
119	24.7500	49.6875	54	None	None	1	-1	7.815134833837844
120	25.1250	50.4375	39	None	None	1	-5	5.084733726026297
121	25.1250	50.4375	42	None	None	1	-3	4.806025592055004
122	25.8750	51.9375	51	None	None	1	-3	3.4129201680672288
123	25.8750	51.9375	54	None	None	1	-2	3.2082983193277315
124	26.6250	53.4375	63	None	None	1	-2	1.5143907563025243
125	26.6250	53.4375	66	None	None	1	-1	1.508088235294118
126	27.8000	55.8000	53	None	None	1	-4	0.8049019607843156
127	27.8000	55.8000	57	None	None	1	-1	0.30000000000000043
128	28.0000	56.2000	53	None	None	1	-2	0.49880952380952503
129	28.0000	56.2000	57	None	None	1	-1	1.1440476190476243
130	28.2000	56.6000	53	None	None	1	-2	1.4809523809523835
131	28.2000	56.6000	57	None	None	1	-1	2.0933862433862562
132	28.4000	57.0000	53	None	None	1	-2	2.3279100529100654
133	28.4000	57.0000	57	None	None	1	-1	2.9720899470899633
134	28.6000	57.4000	53	None	None	1	-2	3.2066137566137702
135	28.6000	57.4000	57	None	None	1	-1	3.8507936507936655
136	28.8000	57.8000	52	None	None	1	-2	2.9666666666666783
137	28.8000	57.8000	55	None	None	1	-1	2.9666666666666757
138	29.0000	58.2000	50	None	None	1	-2	2.107142857142868
139	29.0000	58.2000	53	None	None	1	-1	2.107142857142865
140	29.2000	58.6000	52	None	None	1	-2	1.2035714285714327
141	29.2000	58.6000	55	None	None	1	-1	1.20357142857143
142	29.4000	59.0000	53	None	None	1	-2	0.30000000000000043
143	29.4000	59.0000	57	None	None	1	-1	0.30000000000000043
144	29.6000	59.4000	53	None	None	1	-2	0.4988095238095256
145	29.6000	59.4000	57	None	None	1	-1	1.1440476190476252
146	29.8000	59.8000	53	None	None	1	-2	1.4809523809523815
147	29.8000	59.8000	57	None	None	1	-1	2.0933862433862447
148	30.0000	60.2000	53	None	None	1	-2	2.4630952380952356
149	30.0000	60.2000	57	None	None	1	-1	3.0427248677248695
150	30.2000	60.6000	53	None	None	1	-2	3.4253968253968274
151	30.2000	60.6000	57	None	None	1	-1	3.9920634920634948
152	30.4000	61.0000	52	None	None	1	-2	3.277248677248674
153	30.4000	61.0000	55	None	None	1	-1	3.9194113756613738
154	30.6000	61.4000	50	None	None	1	-2	3.2066137566137667
155	30.6000	61.4000	53	None	None	1	-1	3.850793650793665
156	30.8000	61.8000	48	None	None	1	-2	3.138095238095243
157	30.8000	61.8000	52	None	None	1	-1	3.783333333333334
158	31.0000	62.2000	47	None	None	1	-5	3.6658730158730113
159	31.0000	62.2000	50	None	None	1	-4	3.76855158730158
160	31.2000	62.6000	48	None	None	1	-5	3.4955026455026426
161	31.2000	62.6000	52	None	None	1	-4	2.9540013227513184
162	31.4000	63.0000	50	None	None	1	-5	2.616798941798941
163	31.4000	63.0000	53	None	None	1	-3	2.104894179894176
164	31.6000	63.4000	52	None	None	1	-4	1.8095238095238098
165	31.6000	63.4000	55	None	None	1	-1	1.203571428571431
166	31.8000	63.8000	53	None	None	1	-2	0.3000000000000009
167	31.8000	63.8000	57	None	None	1	-1	0.30000000000000043
168	32.0000	64.2000	53	None	None	1	-2	0.4988095238095279
169	32.0000	64.2000	57	None	None	1	-1	1.1440476190476354
170	32.2000	64.6000	53	None	None	1	-2	1.4809523809523935
171	32.2000	64.6000	57	None	None	1	-1	2.093386243386256
172	32.4000	65.0000	53	None	None	1	-2	2.3279100529100614
173	32.4000	65.0000	57	None	None	1	-1	2.97208994708995
174	32.6000	65.4000	53	None	None	1	-2	3.206613756613761
175	32.6000	65.4000	57	None	None	1	-1	3.8507936507936638
176	32.8000	65.8000	52	None	None	1	-2	2.9666666666666686
177	32.8000	65.8000	55	None	None	1	-1	2.9666666666666655
178	33.0000	66.2000	50	None	None	1	-2	2.107142857142868
179	33.0000	66.2000	53	None	None	1	-1	2.107142857142866
180	33.2000	66.6000	52	None	None	1	-2	1.2035714285714443
181	33.2000	66.6000	55	None	None	1	-1	1.2035714285714416
182	33.4000	67.0000	53	None	None	1	-2	0.30000000000000043
183	33.4000	67.0000	57	None	None	1	-1	0.29999999999999954
184	33.6000	67.4000	53	None	None	1	-2	0.4988095238095275
185	33.6000	67.4000	57	None	None	1	-1	1.1440476190476354
186	33.8000	67.8000	53	None	None	1	-2	1.4809523809523926
187	33.8000	67.8000	57	None	None	1	-1	2.093386243386254
188	34.0000	68.2000	53	None	None	1	-2	2.4630952380952498
189	34.0000	68.2000	57	None	None	1	-1	3.042724867724892
190	34.2000	68.6000	53	None	None	1	-2	3.425396825396845
191	34.2000	68.6000	57	None	None	1	-1	3.9920634920635063
192	34.4000	69.0000	52	None	None	1	-2	3.2772486772486715
193	34.4000	69.0000	55	None	None	1	-1	3.919411375661363
194	34.6000	69.4000	50	None	None	1	-2	3.2066137566137574
195	34.6000	69.4000	53	None	None	1	-1	3.8507936507936633
196	34.8000	69.8000	48	None	None	1	-2	3.1380952380952323
197	34.8000	69.8000	52	None	None	1	-1	3.7833333333333234
198	35.0000	70.2000	47	None	None	1	-5	3.665873015873008
199	35.0000	70.2000	50	None	None	1	-4	3.768551587301591
200	35.2000	70.6000	48	None	None	1	-5	3.6943121693121816
201	35.2000	70.6000	52	None	None	1	-4	3.798048941798955
202	35.4000	71.0000	50	None	None	1	-5	3.7977513227513278
203	35.4000	71.0000	53	None	None	1	-3	3.898280423280421
204	35.6000	71.4000	52	None	None	1	-5	3.9552910052910013
205	35.6000	71.4000	55	None	None	1	-1	3.946296296296312
206	35.8000	71.8000	53	None	None	1	-2	3.4253968253968243
207	35.8000	71.8000	57	None	None	1	-1	3.992063492063484
208	36.0000	72.2000	52	None	None	1	-2	3.277248677248677
209	36.0000	72.2000	55	None	None	1	-1	3.9194113756613853
210	36.2000	72.6000	50	None	None	1	-2	3.206613756613773
211	36.2000	72.6000	53	None	None	1	-1	3.8507936507936638
212	36.4000	73.0000	48	None	None	1	-2	3.1380952380952323
213	36.4000	73.0000	52	None	None	1	-1	3.7833333333333234
214	36.6000	73.4000	47	None	None	1	-2	3.1890109890109857
215	36.6000	73.4000	50	None	None	1	-1	3.161538461538459
216	36.8000	73.8000	48	None	None	1	-2	2.4567765567765405
217	36.8000	73.8000	52	None	None	1	-1	3.1020146520146312
218	37.0000	74.2000	50	None	None	1	-2	2.535347985347977
219	37.0000	74.2000	53	None	None	1	-1	3.1477818477818573
220	37.2000	74.6000	52	None	None	1	-2	2.613919413919423
221	37.2000	74.6000	55	None	None	1	-1	3.193549043549047
222	38.4000	77.0000	53	None	None	1	-2	3.3979242979242974
223	38.4000	77.0000	57	None	None	1	-1	3.992063492063484
224	38.6000	77.4000	52	None	None	1	-2	3.699041005291012
225	38.6000	77.4000	55	None	None	1	-1	3.6990410052910097
226	38.8000	77.8000	50	None	None	1	-2	2.950529100529098
227	38.8000	77.8000	53	None	None	1	-1	3.595767195767186
228	39.0000	78.2000	48	None	None	1	-5	3.581845238095225
229	39.0000	78.2000	52	None	None	1	-3	3.682374338624352
230	39.2000	78.6000	47	None	None	1	-5	3.6166666666666774
231	39.2000	78.6000	50	None	None	1	-4	3.605820105820118
232	39.4000	79.0000	53	None	None	1	-2	3.4253968253968243
233	39.4000	79.0000	57	None	None	1	-1	3.992063492063484
234	39.6000	79.4000	52	None	None	1	-2	3.699041005291012
235	39.6000	79.4000	55	None	None	1	-1	3.6990410052910097
236	39.8000	79.8000	50	None	None	1	-2	2.950529100529098
237	39.8000	79.8000	53	None	None	1	-1	3.595767195767186
238	40.0000	80.2000	48	None	None	1	-5	3.5921972049689272
239	40.0000	80.2000	52	None	None	1	-3	3.726910800552104
240	40.2000	80.6000	47	None	None	1	-5	3.6729813664596263
241	40.2000	80.6000	50	None	None	1	-4	3.694893029675646
242	40.4000	81.0000	53	None	None	1	-2	3.5328157349896463
243	40.4000	81.0000	57	None	None	1	-1	4.125672877846788
244	40.6000	81.3875	52	None	None	1	-2	3.4181849551414762
245	40.6000	81.3875	55	None	None	1	-1	4.089820565907521
246	40.7875	81.7625	50	None	None	1	-2	3.346031746031749
247	40.7875	81.7625	53	None	None	1	-1	4.018219461697728
248	40.9750	82.1375	48	None	None	1	-2	3.274534161490683
249	40.9750	82.1375	52	None	None	1	-1	3.9478260869565243
250	41.1625	82.5125	47	None	None	1	-5	3.8252587991718405
251	41.1625	82.5125	50	None	None	1	-4	3.932401656314694
252	41.3500	82.8875	48	None	None	1	-5	3.825258799171837
253	41.3500	82.8875	52	None	None	1	-4	3.9324016563147
254	41.5375	83.2625	50	None	None	1	-5	3.825258799171846
255	41.5375	83.2625	53	None	None	1	-4	3.932401656314701
256	41.7250	83.6375	52	None	None	1	-5	3.82525879917184
257	41.7250	83.6375	55	None	None	1	-4	3.932401656314685
258	41.9125	84.0125	53	None	None	1	-5	3.8252587991718285
259	41.9125	84.0125	57	None	None	1	-4	3.9324016563147
260	42.1000	84.3875	55	None	None	1	-5	3.825258799171846
261	42.1000	84.3875	59	None	None	1	-4	3.9324016563147035
262	42.2875	84.7625	57	None	None	1	-5	3.7742383901703858
263	42.2875	84.7625	60	None	None	1	-4	3.7555999182051236
264	42.4750	85.1375	59	None	None	1	-5	3.5974366545753886
265	42.4750	85.1375	62	None	None	1	-4	3.5787981888637925
266	42.6625	85.5125	60	None	None	1	-5	3.4206349227194783
267	42.6625	85.5125	64	None	None	1	-4	3.402380952431979
268	42.8500	85.9500	62	None	None	1	-5	3.182456140401901
269	42.8500	85.9500	65	None	None	1	-4	3.015734276308223
270	43.1000	86.4500	64	None	None	1	-5	2.8659625266551547
271	43.1000	86.4500	67	None	None	1	-4	2.801281480292597
272	43.3500	86.9500	65	None	None	1	-5	2.615482158544895
273	43.3500	86.9500	69	None	None	1	-4	2.463624834064908
274	43.6000	87.5750	67	None	None	1	-5	2.2778255149190993
275	43.6000	87.5750	71	None	None	1	-4	2.1302213858057875
276	43.9750	88.3250	69	None	None	1	-5	2.0293441931085456
277	43.9750	88.3250	72	None	None	1	-4	2.0058688387462054
278	44.3500	89.2000	71	None	None	1	-5	2.0058688387462054
279	44.3500	89.2000	74	None	None	1	-3	2.0058688387462054
280	44.8500	90.2000	72	None	None	1	-4	2.0058688387462054
281	44.8500	90.2000	76	None	None	1	-3	2.0058688387462054
282	45.3500	91.2000	74	None	None	1	-4	2.0058688387462054
283	45.3500	91.2000	77	None	None	1	-3	2.0058688387462054
284	45.8500	92.4500	76	None	None	1	-4	2.0058688387462054
285	45.8500	92.4500	79	None	None	1	-2	2.0058688387462054
286	46.6000	47.3500	28	None	None	1	0	2.0058688387462054
