0	0.0000	0.6000	69	None	None	0	2	1.637723214285708
1	0.6000	0.9000	71	None	None	0	3	1.725733418367342
2	0.9000	1.2000	72	None	None	0	4	1.7257334183673418
3	1.2000	1.8000	74	None	None	0	5	1.7257334183673414
4	1.8000	2.4000	72	None	None	0	4	1.730268565759633
5	2.4000	2.7000	74	None	None	0	5	1.7123405612244889
6	2.7000	3.0000	72	None	None	0	4	1.7437145691609959
7	3.0000	3.3000	71	None	None	0	3	2.002558106575961
8	3.3000	3.6000	69	None	None	0	2	1.9200892857142793
9	3.6000	3.9000	71	None	None	0	3	1.8760841836734592
10	3.9000	4.2000	72	None	None	0	4	1.8760841836734587
11	4.2000	4.5000	74	None	None	0	5	1.799075255102031
12	4.8000	5.4000	69	None	None	0	2	1.6377232142857077
13	5.4000	5.7000	71	None	None	0	3	2.163233418367338
14	5.7000	6.0000	72	None	None	0	4	2.619384212018136
15	6.0000	6.6000	74	None	None	0	5	2.5423752834467117
16	6.6000	7.2000	72	None	None	0	4	2.5423752834467117
17	7.2000	7.5000	74	None	None	0	5	2.5863803854875274
18	7.5000	7.8000	72	None	None	0	4	2.5612811791383265
19	7.8000	8.1000	71	None	None	0	3	2.5612811791383296
20	8.1000	8.4000	69	None	None	0	2	2.586380385487532
21	8.4000	8.7000	67	None	None	0	1	2.1488803854875314
22	8.7000	9.0000	69	None	None	0	2	1.6676303854875314
23	9.0000	9.3000	71	None	None	0	3	1.667630385487532
24	9.6000	9.9000	72	None	None	0	4	1.7751984126984155
25	9.9000	10.2000	71	None	None	0	3	1.7751984126984162
26	10.2000	10.5000	69	None	None	0	2	1.7751984126984153
27	10.5000	10.8000	71	None	None	0	3	1.775198412698415
28	10.8000	11.1000	72	None	None	0	4	1.775198412698415
29	11.1000	11.4000	71	None	None	0	3	1.7751984126984153
30	11.4000	11.7000	69	None	None	0	2	1.7751984126984162
31	11.7000	12.0000	71	None	None	0	4	1.9543154761904735
32	12.0000	12.3000	72	None	None	0	5	1.8773065476190463
33	12.3000	12.6000	71	None	None	0	4	1.7697385204081648
34	12.6000	12.9000	69	None	None	0	3	1.8467474489795896
35	12.9000	13.2000	71	None	None	0	4	3.5893211451247122
36	13.2000	13.5000	72	None	None	0	5	3.45037910997732
37	13.5000	13.8000	71	None	None	0	3	2.531374007936506
38	13.8000	14.1000	69	None	None	0	2	2.556473214285709
39	14.1000	14.4000	67	None	None	0	1	2.1189732142857083
40	14.4000	15.0000	69	None	None	0	2	1.6377232142857086
41	15.0000	15.3000	71	None	None	0	3	1.725733418367342
42	15.3000	15.6000	72	None	None	0	4	1.725733418367341
43	15.6000	16.2000	74	None	None	0	5	1.7257334183673434
44	16.2000	16.8000	72	None	None	0	4	1.725733418367343
45	16.8000	17.1000	74	None	None	0	5	1.7257334183673432
46	17.1000	17.4000	72	None	None	0	4	1.7257334183673432
47	17.4000	17.7000	71	None	None	0	3	1.7257334183673432
48	17.7000	18.0000	69	None	None	0	2	1.7257334183673432
49	18.0000	18.3000	71	None	None	0	3	1.725733418367343
50	18.3000	18.6000	72	None	None	0	4	1.7257334183673432
51	18.6000	19.2000	74	None	None	0	5	1.7257334183673432
52	19.2000	19.8000	72	None	None	0	4	1.7257334183673432
53	19.8000	20.1000	74	None	None	0	5	1.7257334183673432
54	20.1000	20.4000	72	None	None	0	4	1.7257334183673432
55	20.4000	20.7000	71	None	None	0	3	1.7257334183673432
56	20.7000	21.0000	69	None	None	0	2	1.7257334183673432
57	21.0000	21.3000	71	None	None	0	3	1.7257334183673432
58	21.3000	21.6000	72	None	None	0	4	1.7257334183673432
59	21.6000	21.9000	74	None	None	0	0	1.7257334183673432
