0	0.0000	0.3191	55	None	None	0	1	8.695595041188687
1	0.3191	0.4787	60	None	None	0	2	8.839445290564958
2	0.4787	0.6383	62	None	None	0	1	5.301779495734692
3	0.6383	0.7979	64	None	None	0	2	5.341589953394079
4	0.7979	0.9574	66	None	None	0	3	6.402680796823666
5	0.9574	1.2766	67	None	None	0	4	6.257254015242635
6	1.2766	1.5957	69	None	None	0	5	5.987787916620448
7	1.5957	2.2340	63	None	None	0	4	3.9166740861474754
8	2.2340	2.3617	62	None	None	0	3	4.905607214740439
9	2.3617	2.4894	63	None	None	0	4	3.890716648752026
10	2.4894	2.6170	62	None	None	0	3	4.180219542175104
11	2.6170	2.7447	60	None	None	0	2	9.558338729892965
12	2.7447	2.8723	62	None	None	0	3	9.466990409289524
13	2.8723	3.5106	60	None	None	0	1	8.868856791653162
14	3.8298	4.1489	60	None	None	0	1	9.39855008107268
15	4.1489	4.3085	67	None	None	0	2	8.839445290564967
16	4.3085	4.4681	69	None	None	0	1	5.301779495734689
17	4.4681	4.6277	71	None	None	0	2	5.341589953394081
18	4.6277	4.7872	73	None	None	0	3	6.402680796823663
19	4.7872	5.1064	74	None	None	0	4	6.257254015242632
20	5.1064	5.4255	76	None	None	0	5	5.987787916620439
21	5.4255	6.0638	70	None	None	0	4	4.414454727979289
22	6.0638	6.1915	69	None	None	0	3	4.954199462032976
23	6.1915	6.3191	70	None	None	0	4	3.8522845986206673
24	6.3191	6.4468	69	None	None	0	3	3.4359567914044575
25	6.4468	6.5745	67	None	None	0	2	6.341168658593526
26	6.5745	6.7021	69	None	None	0	3	9.101474616452737
27	6.7021	7.3404	67	None	None	0	2	9.637591808241456
28	7.6596	7.9787	67	None	None	0	2	10.185070069557398
29	7.9787	8.1383	75	None	None	0	5	9.84378414775199
30	8.1383	8.2979	74	None	None	0	4	8.981194854070068
31	8.2979	8.4574	72	None	None	0	3	8.736340136018526
32	8.4574	8.6170	70	None	None	0	2	9.349293883091123
33	8.6170	8.9362	68	None	None	0	1	6.395283344449406
34	8.9362	9.2553	66	None	None	0	4	4.049757858794142
35	9.2553	9.4149	65	None	None	0	3	6.836365224549803
36	9.4149	9.5745	67	None	None	0	4	13.395904604746178
37	9.5745	10.2128	69	None	None	0	0	-1
38	10.2128	10.5319	60	None	None	0	0	-1
39	10.5319	10.6915	68	None	None	0	0	-1
40	10.6915	10.8511	67	None	None	0	0	-1
41	10.8511	11.0106	65	None	None	0	0	-1
42	11.0106	11.1702	63	None	None	0	0	-1
43	11.1702	11.4894	61	None	None	0	0	-1
44	11.4894	11.8085	59	None	None	0	5	8.197458107743103
45	11.8085	11.9681	58	None	None	0	1	8.048695640286297
46	11.9681	12.1277	60	None	None	0	4	10.09148561466333
47	12.1277	12.7660	62	None	None	0	5	11.144285628631637
48	12.7660	13.0851	53	None	None	0	2	10.912777266558598
49	13.0851	13.2447	61	None	None	0	5	10.57149134475318
50	13.2447	13.4043	60	None	None	0	4	9.707088032956817
51	13.4043	13.5638	58	None	None	0	3	9.820963384325925
52	13.5638	13.7234	56	None	None	0	1	9.491902631852417
53	13.7234	14.0426	54	None	None	0	4	3.1297171609989753
54	14.0426	14.3617	52	None	None	0	3	4.050176165560055
55	14.3617	14.5213	51	None	None	0	2	4.612631774730987
56	14.5213	14.6809	53	None	None	0	3	5.655586041622358
57	14.6809	15.3191	55	None	None	0	4	6.140770110939073
58	15.3191	15.6383	57	None	None	0	0	-1
59	15.6383	16.2766	51	None	None	0	0	-1
60	16.2766	16.4043	50	None	None	0	0	-1
61	16.4043	16.5319	51	None	None	0	0	-1
62	16.5319	16.6596	50	None	None	0	0	-1
63	16.6596	16.7872	48	None	None	0	0	-1
64	16.7872	16.9149	50	None	None	0	0	-1
65	16.9149	17.5532	48	None	None	0	0	-1
66	18.5106	37.3404	70	None	None	0	4	1.1521226680612442
67	18.5106	37.3404	72	None	None	0	5	1.416096444581676
68	19.1489	38.6170	69	None	None	0	3	1.3611921629843098
69	19.1489	38.6170	72	None	None	0	5	1.1054827947028953
70	19.7872	39.8936	67	None	None	0	3	1.5407799563148963
71	19.7872	39.8936	70	None	None	0	4	2.149354556459282
72	19.7872	39.8936	72	None	None	0	5	2.081027461636361
73	20.4255	41.1702	66	None	None	0	2	2.2154225012927804
74	20.4255	41.1702	69	None	None	0	3	3.074067475294881
75	20.4255	41.1702	72	None	None	0	5	2.8749135925500786
76	21.0638	42.4468	66	None	None	0	1	2.7750216617143457
77	21.0638	42.4468	71	None	None	0	3	2.8028366061359162
78	21.0638	42.4468	76	None	None	0	5	2.750230080816855
79	21.3830	43.0851	64	None	None	0	1	2.3015443809972527
80	21.3830	43.0851	67	None	None	0	2	2.40941035212958
81	21.3830	43.0851	72	None	None	0	3	1.8573260361768025
82	22.3404	45.0000	77	None	None	0	1	1.2682642962205768
83	22.3404	45.0000	79	None	None	0	2	1.2523174831892416
84	22.9787	46.2766	76	None	None	0	2	1.474998284616442
85	22.9787	46.2766	79	None	None	0	4	1.3408550043456327
86	23.6170	47.5532	74	None	None	0	1	1.4050309340835248
87	23.6170	47.5532	77	None	None	0	4	1.7742428403945374
88	23.6170	47.5532	79	None	None	0	5	1.6493788476712494
89	24.2553	48.8298	73	None	None	0	2	1.7837738873276678
90	24.2553	48.8298	76	None	None	0	3	1.8845286629969153
91	24.2553	48.8298	79	None	None	0	5	1.6562446422814334
92	24.8936	50.1064	73	None	None	0	1	1.7222125177317547
93	24.8936	50.1064	77	None	None	0	3	1.7853201265505345
94	24.8936	50.1064	82	None	None	0	5	2.2460888639791357
95	25.2128	50.7447	71	None	None	0	1	2.1193439401212637
96	25.2128	50.7447	74	None	None	0	3	1.780675089737519
97	25.2128	50.7447	79	None	None	0	5	1.636888831579431
98	26.1702	52.6596	76	None	None	0	4	1.9637715686593906
99	26.1702	52.6596	77	None	None	0	5	2.1264271613890826
100	26.4894	53.2979	71	None	None	0	2	2.1264271613890826
101	26.4894	53.2979	72	None	None	0	3	2.126427161389082
102	26.8085	53.9362	76	None	None	0	4	4.19918702983422
103	26.8085	53.9362	77	None	None	0	5	4.559776929922849
104	27.1277	54.5745	71	None	None	0	2	4.657853001001379
105	27.1277	54.5745	72	None	None	0	3	4.573137434235169
106	27.4468	55.2128	76	None	None	0	4	4.908398266577581
107	27.4468	55.2128	77	None	None	0	5	5.665246526185995
108	27.7660	55.8511	71	None	None	0	2	6.3015510141402284
109	27.7660	55.8511	72	None	None	0	3	6.375041768309917
110	28.0851	56.4894	80	None	None	0	3	4.323110197342831
111	28.0851	56.4894	81	None	None	0	5	3.7650790733770876
112	28.7234	57.7660	76	None	None	0	3	4.678186150811655
113	28.7234	57.7660	77	None	None	0	4	4.811668076706155
114	29.0426	58.4043	69	None	None	0	1	5.101370759809856
115	29.0426	58.4043	70	None	None	0	2	4.740520506002747
116	29.3617	59.0426	76	None	None	0	3	7.882161489807443
117	29.3617	59.0426	77	None	None	0	4	8.430206067198474
118	29.6809	59.6809	69	None	None	0	1	11.253415993474286
119	29.6809	59.6809	70	None	None	0	2	10.39708185115329
120	30.0000	60.3191	76	None	None	0	4	15.101072978014349
121	30.0000	60.3191	77	None	None	0	5	15.131013655639043
122	30.3191	60.9574	69	None	None	0	3	18.86751667146859
123	30.3191	60.9574	70	None	None	0	4	18.379353449326945
124	30.6383	61.5957	81	None	None	0	4	14.411022564551246
125	30.6383	61.5957	82	None	None	0	5	13.616978558506924
126	31.2766	62.8723	68	None	None	0	1	15.56911987964133
127	31.2766	62.8723	70	None	None	0	2	15.860836092158017
128	31.5957	63.5106	80	None	None	0	2	12.757650262167184
129	31.5957	63.5106	82	None	None	0	5	11.494140965746515
130	31.9149	64.1489	68	None	None	0	1	8.957116228316568
131	31.9149	64.1489	70	None	None	0	2	8.45225960593756
132	32.5532	65.4255	73	None	None	0	2	7.724233669338132
133	32.5532	65.4255	75	None	None	0	3	7.930530894367345
134	32.8723	66.0638	61	None	None	0	3	3.4358764613539656
135	32.8723	66.0638	63	None	None	0	5	5.4052713274484265
136	33.8298	67.9787	56	None	None	0	2	5.4110986408575235
137	33.8298	67.9787	58	None	None	0	3	5.5364554690174606
138	34.4681	69.2553	68	None	None	0	0	-1
139	34.4681	69.2553	70	None	None	0	0	-1
140	35.1064	70.5319	67	None	None	0	0	-1
141	35.1064	70.5319	71	None	None	0	0	-1
142	35.1064	70.5319	72	None	None	0	0	-1
143	35.4255	71.1702	55	None	None	0	0	-1
144	35.4255	71.1702	59	None	None	0	0	-1
145	35.4255	71.1702	60	None	None	0	0	-1
146	35.9043	36.0638	79	None	None	0	2	8.348015524515757
147	36.0638	36.2234	87	None	None	0	5	7.647054709862025
148	36.2234	36.3830	86	None	None	0	4	7.574960080902697
149	36.3830	36.5426	84	None	None	0	3	7.645282745487645
150	36.5426	36.7021	82	None	None	0	1	7.452175777189762
151	36.7021	36.8617	80	None	None	0	2	2.527945846146399
152	36.8617	37.0213	82	None	None	0	4	2.981860578954577
153	37.0213	37.1809	78	None	None	0	2	2.6337633892590193
154	37.1809	37.3404	80	None	None	0	3	3.9283397145730694
155	37.3404	37.5000	77	None	None	0	2	8.48311904433766
156	37.5000	37.6596	79	None	None	0	4	7.910262914828447
157	37.6596	38.2979	81	None	None	0	5	14.141271404289878
158	38.4574	38.6170	72	None	None	0	2	22.010861490025597
159	38.6170	38.7766	80	None	None	0	5	21.21665365599782
160	38.7766	38.9362	79	None	None	0	4	20.721413934426124
161	38.9362	39.0957	77	None	None	0	3	20.721413934426117
162	39.0957	39.2553	75	None	None	0	2	20.78249699285932
163	39.2553	39.4149	73	None	None	0	1	17.596001253853377
164	39.4149	39.5745	75	None	None	0	2	17.33871202668709
165	39.5745	39.7340	71	None	None	0	1	10.89203462621865
166	39.7340	39.8936	73	None	None	0	5	4.33122147584851
167	39.8936	40.0532	70	None	None	0	3	7.057961948490652
168	40.0532	40.2128	72	None	None	0	4	7.903821303161485
169	40.2128	40.8511	74	None	None	0	5	8.02593049519896
170	41.0106	41.1702	65	None	None	0	2	8.193667004183721
171	41.1702	41.3298	73	None	None	0	5	7.1556160255955845
172	41.3298	41.4894	72	None	None	0	4	6.660376304023878
173	41.4894	41.6489	70	None	None	0	3	6.795462529274034
174	41.6489	41.8085	68	None	None	0	2	6.603497167309577
175	41.8085	41.9681	66	None	None	0	1	3.6178414296046295
176	41.9681	42.1277	68	None	None	0	4	2.6471238855701316
177	42.1277	42.2872	64	None	None	0	2	2.9952210752656727
178	42.2872	42.4468	66	None	None	0	4	2.7931893811129735
179	42.4468	42.6064	63	None	None	0	2	2.3472119576631263
180	42.6064	42.7660	65	None	None	0	3	3.5189184500463
181	42.7660	43.0851	67	None	None	0	4	4.044525180379551
182	43.2447	43.4043	65	None	None	0	3	4.2634015743950915
183	43.4043	43.5638	67	None	None	0	4	4.2634015743950915
184	43.5638	43.7234	69	None	None	0	5	4.2634015743950915
185	43.7234	44.3617	63	None	None	0	3	4.2634015743950915
186	44.3617	44.4894	65	None	None	0	5	4.2634015743950915
187	44.4894	44.6170	63	None	None	0	4	4.2634015743950915
188	44.6170	44.7447	62	None	None	0	3	4.2634015743950915
189	44.7447	44.8723	60	None	None	0	2	4.2634015743950915
190	44.8723	45.0000	62	None	None	0	3	4.2634015743950915
191	45.0000	45.6383	60	None	None	0	0	4.2634015743950915
