0	0.0000	0.3191	43	None	None	1	-5	10.291005298527235
1	0.3191	0.4787	48	None	None	1	-4	9.108692476188958
2	0.4787	0.6383	50	None	None	1	-3	10.680967907800131
3	0.6383	0.7979	52	None	None	1	-2	12.190425267301784
4	0.7979	0.9574	54	None	None	1	-1	15.64800723451491
5	0.9574	1.2766	55	None	None	1	-3	12.149801300000663
6	1.2766	1.5957	57	None	None	1	-1	14.340732607201225
7	1.9149	2.2340	55	None	None	1	-2	18.009344026706437
8	2.5532	2.8723	43	None	None	1	-5	17.22314394496042
9	3.1915	3.5106	48	None	None	1	-1	16.56139013680892
10	3.5106	3.8298	36	None	None	1	-5	17.11372642391084
11	4.1489	4.3085	55	None	None	1	-1	15.396455942231134
12	4.3085	4.4681	57	None	None	1	-4	9.209811227913267
13	4.4681	4.6277	59	None	None	1	-3	10.986754557784256
14	4.6277	4.7872	61	None	None	1	-2	11.483038022280974
15	4.7872	5.1064	62	None	None	1	-1	10.960588427064677
16	5.1064	5.4255	64	None	None	1	-2	8.55520409058897
17	5.7447	6.0638	62	None	None	1	-1	7.928493060794592
18	6.3830	6.7021	50	None	None	1	-3	7.289762242614101
19	7.0213	7.3404	55	None	None	1	-1	8.177151665680979
20	7.3404	7.6596	43	None	None	1	-2	5.8552637284671505
21	7.9787	8.2979	36	None	None	1	-5	6.799492385786804
22	8.2979	8.6170	48	None	None	1	-1	6.799492385786806
23	8.6170	8.9362	36	None	None	1	-5	6.799492385786802
24	8.9362	9.2553	48	None	None	1	-1	6.799492385786805
25	9.2553	9.5745	36	None	None	1	-5	6.799492385786801
26	9.5745	9.8936	48	None	None	1	-1	6.799492385786804
27	9.8936	10.2128	36	None	None	1	-5	6.490192168237852
28	10.2128	10.5319	48	None	None	1	-1	8.933919506889051
29	10.5319	10.8511	36	None	None	1	-5	18.770268957836926
30	10.8511	11.1702	48	None	None	1	-1	20.219634440070422
31	11.1702	11.4894	36	None	None	1	-5	20.86209274318862
32	11.4894	11.8085	48	None	None	1	-1	22.311458225422115
33	11.8085	12.1277	36	None	None	1	-5	22.971490404537416
34	12.1277	12.4468	48	None	None	1	-2	21.718952333471428
35	12.4468	12.7660	35	None	None	1	-5	22.594450883145107
36	12.7660	13.0851	47	None	None	1	-1	22.594450883145107
37	13.0851	13.4043	34	None	None	1	-5	13.54589727055481
38	13.4043	13.7234	46	None	None	1	-1	11.744552113787917
39	13.7234	14.0426	34	None	None	1	-5	10.478926101537464
40	14.0426	14.3617	46	None	None	1	-1	9.82948920013668
41	14.3617	14.6809	33	None	None	1	-5	11.67794143001338
42	14.6809	15.0000	45	None	None	1	-1	16.19219088614102
43	15.0000	15.3191	29	None	None	1	-5	14.441298549094688
44	15.3191	15.6383	41	None	None	1	-2	13.401379060037529
45	15.9574	16.2766	43	None	None	1	-1	16.826951592175703
46	16.5957	16.9149	31	None	None	1	-3	18.903693373328757
47	17.2340	17.5532	36	None	None	1	-1	18.852349721822705
48	17.5532	17.8723	24	None	None	1	-5	19.175698563939147
49	17.8723	18.1915	43	None	None	1	-1	16.14322077964104
50	18.1915	18.3511	48	None	None	1	-4	8.0638033585267
51	18.3511	18.5106	50	None	None	1	-3	8.105048865721562
52	18.5106	18.6702	52	None	None	1	-2	8.619768765478621
53	18.6702	18.8298	54	None	None	1	-1	8.197518454803323
54	18.8298	18.9894	55	None	None	1	-2	7.686734013566071
55	18.9894	19.1489	52	None	None	1	-3	7.074815389827307
56	19.1489	19.3085	54	None	None	1	-2	7.216177232940528
57	19.3085	19.4681	57	None	None	1	-1	6.74149924699205
58	19.4681	20.1064	51	None	None	1	-2	5.462082661559492
59	20.1064	20.2340	50	None	None	1	-3	6.6578643684697
60	20.2340	20.3617	51	None	None	1	-1	5.618434618692704
61	20.3617	20.4894	50	None	None	1	-2	5.85445347975535
62	20.4894	20.6170	43	None	None	1	-5	9.913548188000213
63	20.6170	20.7447	50	None	None	1	-4	9.750560951342953
64	20.7447	21.3830	48	None	None	1	-5	9.473893701020128
65	21.7021	22.0213	48	None	None	1	-5	9.713352102363759
66	22.0213	22.1809	55	None	None	1	-4	8.063803358526723
67	22.1809	22.3404	57	None	None	1	-3	8.105048865721589
68	22.3404	22.5000	59	None	None	1	-2	8.619768765478637
69	22.5000	22.6596	61	None	None	1	-1	8.197518454803323
70	22.6596	22.8191	62	None	None	1	-2	7.686734013566085
71	22.8191	22.9787	59	None	None	1	-3	7.074815389827329
72	22.9787	23.1383	61	None	None	1	-2	7.2161772329405425
73	23.1383	23.2979	64	None	None	1	-1	6.7414992469920625
74	23.2979	23.9362	58	None	None	1	-2	5.554196540546945
75	23.9362	24.0638	57	None	None	1	-3	6.851115893095577
76	24.0638	24.1915	58	None	None	1	-1	5.017792338314042
77	24.1915	24.3191	57	None	None	1	-2	3.4330181570133957
78	24.3191	24.4468	50	None	None	1	-5	3.9251977180518525
79	24.4468	24.5745	57	None	None	1	-4	6.851057928022166
80	24.5745	25.2128	55	None	None	1	-5	8.617719548658005
81	25.5319	25.8511	55	None	None	1	-4	8.59995586271722
82	25.8511	26.0106	63	None	None	1	-1	8.760195622264204
83	26.0106	26.1702	62	None	None	1	-2	8.293550861889202
84	26.1702	26.3298	60	None	None	1	-1	4.119590311954008
85	26.3298	26.4894	58	None	None	1	-2	4.4298508505956935
86	26.4894	26.8085	56	None	None	1	-3	4.528941877965407
87	26.8085	27.1277	54	None	None	1	-4	4.6214147019192655
88	27.1277	27.2872	53	None	None	1	-5	7.2493078982942745
89	27.2872	27.4468	55	None	None	1	0	-1
90	27.4468	28.0851	57	None	None	1	0	-1
91	28.0851	28.4043	48	None	None	1	0	-1
92	28.4043	28.5638	56	None	None	1	0	-1
93	28.5638	28.7234	55	None	None	1	0	-1
94	28.7234	28.8830	53	None	None	1	0	-1
95	28.8830	29.0426	51	None	None	1	0	-1
96	29.0426	29.3617	49	None	None	1	0	-1
97	29.3617	29.6809	47	None	None	1	-1	5.950954865707477
98	29.6809	29.8404	46	None	None	1	-4	5.543465590556479
99	29.8404	30.0000	48	None	None	1	-3	6.565495999776653
100	30.0000	30.6383	50	None	None	1	-1	12.795807201023463
101	30.6383	30.9574	41	None	None	1	-5	12.83149280327495
102	30.9574	31.1170	49	None	None	1	-2	13.74017909752909
103	31.1170	31.2766	48	None	None	1	-1	11.704369017485368
104	31.2766	31.4362	46	None	None	1	-2	11.601247904782522
105	31.4362	31.5957	44	None	None	1	-3	11.671261774762133
106	31.5957	31.9149	42	None	None	1	-4	12.050610545193145
107	31.9149	32.2340	40	None	None	1	-1	7.388874357367597
108	32.2340	32.3936	39	None	None	1	-4	6.5075352693553725
109	32.3936	32.5532	41	None	None	1	-3	6.411570978169308
110	32.5532	33.1915	43	None	None	1	-2	6.424288207699384
111	33.1915	33.5106	45	None	None	1	0	-1
112	33.5106	34.1489	39	None	None	1	0	-1
113	34.1489	34.2766	38	None	None	1	0	-1
114	34.2766	34.4043	39	None	None	1	0	-1
115	34.4043	34.5319	38	None	None	1	0	-1
116	34.5319	34.6596	31	None	None	1	0	-1
117	34.6596	34.7872	38	None	None	1	0	-1
118	34.7872	35.4255	36	None	None	1	0	-1
119	36.3830	73.0851	52	None	None	1	-3	1.7627198172948704
120	36.3830	73.0851	53	None	None	1	-2	1.9369369913786136
121	36.7021	73.7234	47	None	None	1	-5	1.9369369913786147
122	36.7021	73.7234	48	None	None	1	-4	1.9369369913786187
123	37.0213	74.3617	52	None	None	1	-3	4.82810693959169
124	37.0213	74.3617	53	None	None	1	-2	5.179584459533672
125	37.3404	75.0000	47	None	None	1	-5	5.280747260288882
126	37.3404	75.0000	48	None	None	1	-4	5.152481616977674
127	37.6596	75.6383	52	None	None	1	-2	6.124340304144422
128	37.6596	75.6383	53	None	None	1	-1	6.063721541493839
129	37.9787	76.2766	47	None	None	1	-4	6.473900673977639
130	37.9787	76.2766	48	None	None	1	-3	6.891413364332976
131	38.2979	76.9149	56	None	None	1	-3	4.610370521107407
132	38.2979	76.9149	57	None	None	1	-1	3.9943569802004713
133	38.9362	78.1915	52	None	None	1	-3	5.279827238816452
134	38.9362	78.1915	53	None	None	1	-1	5.595190758198369
135	39.2553	78.8298	45	None	None	1	-5	5.155192973974704
136	39.2553	78.8298	46	None	None	1	-4	4.83625966884217
137	39.5745	79.4681	52	None	None	1	-2	8.366798102489707
138	39.5745	79.4681	53	None	None	1	-1	8.320360466521606
139	39.8936	80.1064	45	None	None	1	-5	7.5471099226492395
140	39.8936	80.1064	46	None	None	1	-4	11.791043863846166
141	40.2128	80.7447	52	None	None	1	-2	11.467163838062586
142	40.2128	80.7447	53	None	None	1	-1	16.022880540987384
143	40.5319	81.3830	45	None	None	1	-4	17.99180553695872
144	40.5319	81.3830	46	None	None	1	-3	17.711925289597502
145	40.8511	82.0213	57	None	None	1	-3	18.727304791652124
146	40.8511	82.0213	58	None	None	1	-1	19.706401183569852
147	41.4894	41.8085	58	None	None	1	-1	20.062719991665315
148	41.8085	83.9362	44	None	None	1	-5	22.891338652635305
149	41.8085	83.9362	46	None	None	1	-4	24.397786909323795
150	42.1277	42.4468	58	None	None	1	-1	19.451101726963753
151	42.4468	85.2128	43	None	None	1	-5	17.284908144071405
152	42.4468	85.2128	46	None	None	1	-4	17.340923209086473
153	42.7660	43.0851	58	None	None	1	-1	12.300876561102715
154	43.0851	86.4894	42	None	None	1	-5	12.300876561102715
155	43.0851	86.4894	46	None	None	1	-4	12.300876561102715
156	43.4043	43.7234	58	None	None	1	-1	12.300876561102715
157	44.0426	88.4043	41	None	None	1	-5	12.300876561102715
158	44.0426	88.4043	45	None	None	1	-3	12.300876561102715
159	44.6809	89.6809	43	None	None	1	-4	12.300876561102715
160	44.6809	89.6809	47	None	None	1	-3	12.300876561102715
161	45.3191	45.6383	48	None	None	1	-2	12.300876561102715
162	45.6383	45.9574	36	None	None	1	0	12.300876561102715
