0	0.0000	0.2419	46	None	None	1	-4	9.546752478482354
1	0.0000	0.2419	51	None	None	1	-2	9.947027453395126
2	0.2419	0.7258	46	None	None	1	-4	10.406026374200763
3	0.2419	0.7258	51	None	None	1	-2	11.091062579977672
4	0.4839	1.2097	46	None	None	1	-5	10.760117552595656
5	0.4839	1.2097	51	None	None	1	-3	10.760117552595656
6	0.7258	1.6935	47	None	None	1	-3	7.602033171044291
7	0.7258	1.6935	52	None	None	1	-2	3.3625116077019754
8	0.9677	2.1774	46	None	None	1	-4	3.350420648533865
9	0.9677	2.1774	51	None	None	1	-2	3.350420648533865
10	1.2097	2.6613	46	None	None	1	-4	3.3504206485338646
11	1.2097	2.6613	51	None	None	1	-2	3.3504206485338646
12	1.4516	3.1452	46	None	None	1	-4	3.3504206485338646
13	1.4516	3.1452	51	None	None	1	-2	3.3504206485338646
14	1.6935	3.6290	49	None	None	1	-3	3.5844185197664085
15	1.6935	3.6290	54	None	None	1	-1	3.1909998315364003
16	1.9355	4.1129	46	None	None	1	-4	2.854757826872898
17	1.9355	4.1129	51	None	None	1	-2	2.7969319263583174
18	2.1774	4.5968	46	None	None	1	-4	2.682611533949643
19	2.1774	4.5968	51	None	None	1	-2	2.510685592956412
20	2.4194	5.0806	46	None	None	1	-4	2.3963652005477365
21	2.4194	5.0806	51	None	None	1	-2	2.2244392595545053
22	2.6613	5.5645	45	None	None	1	-4	2.197041467695531
23	2.6613	5.5645	50	None	None	1	-2	2.197041467695536
24	2.9032	6.2903	46	None	None	1	-4	2.524165045113925
25	2.9032	6.2903	51	None	None	1	-2	2.524165045113925
26	3.3871	7.2581	46	None	None	1	-5	5.936741267064919
27	3.3871	7.2581	51	None	None	1	-3	10.348188771400473
28	3.8710	7.9839	46	None	None	1	-5	10.646017512117018
29	3.8710	7.9839	51	None	None	1	-3	10.760117552595668
30	4.1129	8.4677	46	None	None	1	-5	10.760117552595668
31	4.1129	8.4677	51	None	None	1	-3	10.760117552595666
32	4.3548	8.9516	46	None	None	1	-5	10.760117552595668
33	4.3548	8.9516	51	None	None	1	-3	10.76011755259567
34	4.5968	9.4355	47	None	None	1	-3	7.6020331710443
35	4.5968	9.4355	52	None	None	1	-2	3.3625116077019754
36	4.8387	9.9194	46	None	None	1	-4	3.3504206485338655
37	4.8387	9.9194	51	None	None	1	-2	3.3504206485338646
38	5.0806	10.4032	46	None	None	1	-4	3.3504206485338646
39	5.0806	10.4032	51	None	None	1	-2	3.3504206485338646
40	5.3226	10.8871	46	None	None	1	-4	3.3504206485338637
41	5.3226	10.8871	51	None	None	1	-2	3.3504206485338623
42	5.5645	11.3710	49	None	None	1	-3	3.584418519766407
43	5.5645	11.3710	54	None	None	1	-1	3.1909998315364003
44	5.8065	11.8548	46	None	None	1	-4	2.854757826872898
45	5.8065	11.8548	51	None	None	1	-2	2.796931926358318
46	6.0484	12.3387	46	None	None	1	-4	2.4901534466949276
47	6.0484	12.3387	51	None	None	1	-2	2.1842356436595893
48	6.2903	12.8226	46	None	None	1	-4	1.7559431159566794
49	6.2903	12.8226	51	None	None	1	-2	2.409410358120595
50	6.5323	13.3065	45	None	None	1	-5	2.0258256534679338
51	6.5323	13.3065	50	None	None	1	-3	1.971602744522519
52	6.7742	14.5161	46	None	None	1	-5	2.109949038105792
53	6.7742	14.5161	51	None	None	1	-4	2.007662954005849
54	7.9839	16.2097	54	None	None	1	-4	1.8809400443324449
55	7.9839	16.2097	58	None	None	1	-2	2.2200675166206567
56	8.2258	16.9355	54	None	None	1	-5	1.7772732609923778
57	8.2258	16.9355	60	None	None	1	-2	1.5407814104196038
58	8.9516	18.1452	54	None	None	1	-5	1.3722972333258876
59	8.9516	18.1452	59	None	None	1	-3	2.0939837061658118
60	9.1935	18.8710	54	None	None	1	-3	2.069856718640898
61	9.1935	18.8710	60	None	None	1	-2	2.323938885561851
62	9.6774	20.0806	57	None	None	1	-4	5.630424266753172
63	9.6774	20.0806	62	None	None	1	-2	8.697415331134723
64	10.4032	21.0484	55	None	None	1	-4	8.649675883078366
65	10.4032	21.0484	60	None	None	1	-2	9.172345557522435
66	10.6452	21.7742	57	None	None	1	-4	8.88801641706122
67	10.6452	21.7742	62	None	None	1	-1	11.473032499212316
68	11.1290	11.3710	58	None	None	1	-3	11.401964752107041
69	11.3710	22.9839	54	None	None	1	-5	10.721173063696012
70	11.3710	22.9839	59	None	None	1	-1	8.24733546261785
71	11.8548	23.9516	54	None	None	1	-5	5.13850742619495
72	11.8548	23.9516	59	None	None	1	-2	4.559883354199094
73	12.0968	24.6774	55	None	None	1	-3	4.0737650908292125
74	12.0968	24.6774	60	None	None	1	-1	4.153188664503963
75	12.8226	25.8871	42	None	None	1	-5	2.2424532645017283
76	12.8226	25.8871	47	None	None	1	-3	2.7806219823668465
77	13.0645	26.6129	42	None	None	1	-5	6.683001703773949
78	13.0645	26.6129	48	None	None	1	-3	10.75202914228473
79	13.7903	28.0645	43	None	None	1	-5	10.745745048743395
80	13.7903	28.0645	48	None	None	1	-4	10.770759847803747
81	14.5161	29.5161	46	None	None	1	-5	10.758795689666504
82	14.5161	29.5161	51	None	None	1	-3	11.05256627149605
83	15.7258	31.6935	58	None	None	1	-3	10.49163487669882
84	15.7258	31.6935	63	None	None	1	-2	10.319574442245269
85	15.9677	32.1774	59	None	None	1	-2	6.907276598579504
86	15.9677	32.1774	64	None	None	1	-1	3.0154542306958163
87	16.2097	32.6613	58	None	None	1	-4	2.5636651770007215
88	16.2097	32.6613	63	None	None	1	-1	2.38235201375642
89	16.6935	33.6290	58	None	None	1	-4	2.4741987960913634
90	16.6935	33.6290	63	None	None	1	-1	2.3221106897029378
91	16.9355	34.1129	57	None	None	1	-3	2.236640578921405
92	16.9355	34.1129	62	None	None	1	-2	2.106311330475756
93	17.1774	34.5968	58	None	None	1	-3	1.928612913857208
94	17.1774	34.5968	63	None	None	1	-1	1.2607278124872356
95	17.6613	35.5645	57	None	None	1	-3	1.3490731482647493
96	17.6613	35.5645	62	None	None	1	-1	1.9850061757928246
97	18.1452	36.5323	55	None	None	1	-3	1.814747931483188
98	18.1452	36.5323	60	None	None	1	-2	2.24680637361564
99	18.6290	37.7419	54	None	None	1	-4	1.8894947639138735
100	18.6290	37.7419	59	None	None	1	-2	1.8842954742532578
101	19.5968	39.4355	54	None	None	1	-4	2.0152488993681974
102	19.5968	39.4355	59	None	None	1	-2	2.345884999644252
103	19.8387	39.9194	55	None	None	1	-4	1.9835466779161899
104	19.8387	39.9194	60	None	None	1	-2	1.7368548820940863
105	20.0806	40.4032	54	None	None	1	-5	1.300998024902467
106	20.0806	40.4032	59	None	None	1	-3	1.3345539287609363
107	20.5645	41.3710	54	None	None	1	-5	1.6977383670311847
108	20.5645	41.3710	59	None	None	1	-3	2.103826634546985
109	20.8065	41.8548	54	None	None	1	-5	2.3921968961736484
110	20.8065	41.8548	60	None	None	1	-3	2.030808756011923
111	21.5323	43.3065	57	None	None	1	-5	3.9114950609731736
112	21.5323	43.3065	62	None	None	1	-4	8.222020232628456
113	22.0161	44.2742	60	None	None	1	-5	11.475341571849018
114	22.0161	44.2742	65	None	None	1	-3	15.9667545813351
115	22.2581	44.7581	61	None	None	1	-5	15.958531041061358
116	22.2581	44.7581	66	None	None	1	-3	16.379485872393552
117	22.5000	45.2419	61	None	None	1	-5	16.01664148596808
118	22.5000	45.2419	66	None	None	1	-3	16.21839134144982
119	22.7419	45.7258	59	None	None	1	-5	14.191318394308523
120	22.7419	45.7258	64	None	None	1	-3	9.205851684952002
121	22.9839	46.2097	59	None	None	1	-3	6.53518868704844
122	22.9839	46.2097	64	None	None	1	-2	2.2956671237061244
123	23.2258	46.9355	58	None	None	1	-5	3.803627029366498
124	23.2258	46.9355	63	None	None	1	-4	7.964168942301382
125	23.7097	47.9032	60	None	None	1	-5	11.28898051435541
126	23.7097	47.9032	65	None	None	1	-3	15.780393523841493
127	24.1935	48.6290	61	None	None	1	-5	15.844431000582707
128	24.1935	48.6290	66	None	None	1	-3	16.379485872393552
129	24.4355	49.1129	61	None	None	1	-5	15.97441292983746
130	24.4355	49.1129	66	None	None	1	-3	16.395367761169663
131	24.6774	49.5968	59	None	None	1	-3	14.833356305644061
132	24.6774	49.5968	64	None	None	1	-2	10.889602987421389
133	24.9194	50.0806	59	None	None	1	-3	6.962402662312527
134	24.9194	50.0806	64	None	None	1	-2	2.5848200499910448
135	25.1613	50.5645	58	None	None	1	-5	2.8305367310473093
136	25.1613	50.5645	63	None	None	1	-3	4.488350523239785
137	25.4032	51.0484	58	None	None	1	-5	3.9906860535826167
138	25.4032	51.0484	63	None	None	1	-4	4.018551968811484
139	25.6452	51.7742	60	None	None	1	-5	7.33541096476836
140	25.6452	51.7742	65	None	None	1	-3	10.743530910859999
141	26.1290	52.7419	61	None	None	1	-5	10.720835598849376
142	26.1290	52.7419	66	None	None	1	-3	10.75470049086344
143	26.8548	53.9516	59	None	None	1	-3	12.09803328019969
144	26.8548	53.9516	64	None	None	1	-2	14.873446542497536
145	27.3387	54.9194	58	None	None	1	-5	15.954811408886078
146	27.3387	54.9194	63	None	None	1	-3	15.954811408886076
147	27.5806	55.6452	59	None	None	1	-3	12.551783275462899
148	27.5806	55.6452	65	None	None	1	-2	9.143663329371261
149	28.0645	56.3710	61	None	None	1	-4	10.030228957309673
150	28.0645	56.3710	66	None	None	1	-2	10.110464105774257
151	28.3065	56.8548	59	None	None	1	-2	8.323252365732328
152	28.3065	56.8548	64	None	None	1	-1	8.346270742608521
153	28.7903	57.8226	51	None	None	1	-4	15.264976911488034
154	28.7903	57.8226	56	None	None	1	-2	15.345212059952622
155	29.0323	58.3065	52	None	None	1	-4	15.358775720479725
156	29.0323	58.3065	57	None	None	1	-2	15.328485963067322
157	29.2742	58.7903	51	None	None	1	-5	15.818344453633365
158	29.2742	58.7903	56	None	None	1	-4	14.067135429429058
159	29.5161	59.2742	54	None	None	1	-5	13.962273516110269
160	29.5161	59.2742	59	None	None	1	-1	15.818344453633365
161	29.7581	59.7581	51	None	None	1	-5	15.818344453633362
162	29.7581	59.7581	56	None	None	1	-2	15.345212059952617
163	30.0000	60.2419	52	None	None	1	-4	15.358775720479722
164	30.0000	60.2419	57	None	None	1	-2	15.328485963067322
165	30.2419	60.7258	51	None	None	1	-5	15.818344453633365
166	30.2419	60.7258	56	None	None	1	-4	14.067135429429058
167	30.4839	61.2097	54	None	None	1	-5	13.962273516110269
168	30.4839	61.2097	59	None	None	1	-1	15.818344453633365
169	30.7258	61.6935	51	None	None	1	-5	15.818344453633362
170	30.7258	61.6935	56	None	None	1	-2	15.345212059952617
171	30.9677	62.1774	52	None	None	1	-4	15.358775720479722
172	30.9677	62.1774	57	None	None	1	-2	15.328485963067322
173	31.2097	62.6613	51	None	None	1	-5	15.818344453633365
174	31.2097	62.6613	56	None	None	1	-4	14.067135429429058
175	31.4516	63.1452	54	None	None	1	-5	13.962273516110269
176	31.4516	63.1452	59	None	None	1	-1	15.818344453633365
177	31.6935	63.6290	51	None	None	1	-5	15.818344453633362
178	31.6935	63.6290	56	None	None	1	-2	15.345212059952617
179	31.9355	64.1129	52	None	None	1	0	-1
180	31.9355	64.1129	57	None	None	1	0	-1
181	32.1774	64.5968	51	None	None	1	0	-1
182	32.1774	64.5968	56	None	None	1	0	-1
183	32.4194	65.0806	54	None	None	1	0	-1
184	32.4194	65.0806	59	None	None	1	-3	10.769344845351924
185	32.6613	65.5645	51	None	None	1	-3	3.9939607985069943
186	32.6613	65.5645	56	None	None	1	-2	2.837727644868179
187	32.9032	33.8710	50	None	None	1	-5	2.5942345518762635
188	33.1452	33.3871	55	None	None	1	-3	2.332729403302555
189	33.3871	33.8710	60	None	None	1	-1	2.1496810345818376
190	33.8710	34.3548	50	None	None	1	-4	3.3239898997454174
191	34.8387	35.0806	50	None	None	1	-4	3.626887473869407
192	35.0806	35.3226	54	None	None	1	-1	2.981168590308477
193	35.5645	36.5323	45	None	None	1	-5	3.046981566844422
194	35.8065	36.0484	50	None	None	1	-3	2.832266203259141
195	36.0484	36.5323	55	None	None	1	-1	3.6454909890442067
196	37.0161	74.5161	45	None	None	1	-2	2.960161644919329
197	37.0161	74.5161	49	None	None	1	-1	3.2049241739975374
198	37.5000	38.4677	38	None	None	1	-5	6.292278435909749
199	37.7419	37.9839	43	None	None	1	-3	10.52576279737249
200	37.9839	38.4677	48	None	None	1	-1	10.430884761198758
201	38.9516	78.1452	37	None	None	1	-5	13.65047031744713
202	38.9516	78.1452	42	None	None	1	-4	17.574186861105385
203	39.6774	39.9194	51	None	None	1	-1	17.759145868293167
204	39.9194	40.1613	46	None	None	1	-5	14.641516406559939
205	40.1613	40.4032	51	None	None	1	-3	14.733171672153878
206	40.4032	40.6452	56	None	None	1	-1	14.370042741336263
207	41.1290	82.5000	34	None	None	1	-5	11.031509406310393
208	41.1290	82.5000	39	None	None	1	-3	11.250679895314313
209	41.3710	82.9839	35	None	None	1	-3	11.603190003131026
210	41.3710	82.9839	40	None	None	1	-2	11.656838759660513
211	41.6129	83.4677	34	None	None	1	-4	10.804291057475012
212	41.6129	83.4677	39	None	None	1	-2	11.167419988292634
213	41.8548	83.9516	37	None	None	1	-4	11.65683875966053
214	41.8548	83.9516	42	None	None	1	-1	11.349091840138001
215	42.0968	84.4355	34	None	None	1	-5	11.192853994799766
216	42.0968	84.4355	39	None	None	1	-3	11.250679895314343
217	42.3387	84.9194	35	None	None	1	-3	11.603190003131056
218	42.3387	84.9194	40	None	None	1	-2	11.65683875966053
219	42.5806	85.4032	34	None	None	1	-4	10.804291057475016
220	42.5806	85.4032	39	None	None	1	-2	11.167419988292616
221	42.8226	85.8871	37	None	None	1	-4	11.656838759660513
222	42.8226	85.8871	42	None	None	1	-1	11.349091840137984
223	43.0645	86.3710	34	None	None	1	-5	11.192853994799735
224	43.0645	86.3710	39	None	None	1	-3	11.250679895314313
225	43.3065	86.8548	35	None	None	1	-3	11.603190003131026
226	43.3065	86.8548	40	None	None	1	-2	11.656838759660513
227	43.5484	87.3387	34	None	None	1	-4	10.804291057475009
228	43.5484	87.3387	39	None	None	1	-2	11.167419988292616
229	43.7903	87.8226	37	None	None	1	-4	13.422159136847092
230	43.7903	87.8226	42	None	None	1	-1	13.110524626832627
231	44.0323	88.3065	34	None	None	1	-5	14.4720716041141
232	44.0323	88.3065	39	None	None	1	-3	14.366187363382469
233	44.2742	88.7903	35	None	None	1	-3	10.87450501492315
234	44.2742	88.7903	40	None	None	1	-2	6.998112382398452
235	44.5161	89.2742	34	None	None	1	-5	7.671091314263641
236	44.5161	89.2742	39	None	None	1	-4	5.9830186459431625
237	45.4839	91.2097	53	None	None	1	-4	5.784923948495362
238	45.4839	91.2097	58	None	None	1	-3	5.593484787132299
239	45.7258	46.2097	63	None	None	1	-1	5.593484787132299
240	46.4516	93.1452	53	None	None	1	-5	5.593484787132299
241	46.4516	93.1452	58	None	None	1	-4	5.593484787132299
242	46.6935	47.1774	63	None	None	1	-2	5.593484787132299
243	47.4194	47.6613	68	None	None	1	-1	5.593484787132299
244	47.6613	47.9032	63	None	None	1	-2	5.593484787132299
245	47.9032	96.0484	53	None	None	1	-5	5.593484787132299
246	47.9032	96.0484	58	None	None	1	-3	5.593484787132299
247	48.1452	48.3871	63	None	None	1	0	5.593484787132299
