0	0.0000	0.1974	55	None	None	1	-4	0.4053241937822291
1	0.0000	0.1974	59	None	None	1	-2	0.484045561953144
2	0.0000	0.1974	62	None	None	1	-1	0.8150516108863053
3	0.5921	1.3816	55	None	None	1	-4	1.1341073684522807
4	0.5921	1.3816	59	None	None	1	-3	1.233569961473201
5	0.5921	1.3816	62	None	None	1	-2	1.4507146471530676
6	1.5789	3.3553	55	None	None	1	-4	1.490241363745008
7	1.5789	3.3553	59	None	None	1	-2	1.5951659457665983
8	1.5789	3.3553	62	None	None	1	-1	1.8464158586337238
9	1.9737	4.1447	55	None	None	1	-4	1.4825061669896267
10	1.9737	4.1447	59	None	None	1	-2	1.4945813258732936
11	1.9737	4.1447	62	None	None	1	-1	1.4843524617710881
12	2.5658	5.3289	55	None	None	1	-4	1.2581305912351073
13	2.5658	5.3289	59	None	None	1	-2	1.0529508633901659
14	2.5658	5.3289	62	None	None	1	-1	1.080042118143017
15	3.1579	6.5132	55	None	None	1	-4	1.046213884695011
16	3.1579	6.5132	59	None	None	1	-2	1.080271462098595
17	3.1579	6.5132	62	None	None	1	-1	1.0919007416379543
18	3.5526	5.1316	58	None	None	1	-3	0.8657107951154654
19	7.1053	14.4079	53	None	None	1	-4	0.9490299811373365
20	7.1053	14.4079	57	None	None	1	-3	1.0243784065514332
21	7.1053	14.4079	60	None	None	1	-2	1.1196088095610712
22	7.6974	15.5921	53	None	None	1	-4	0.9742558998637582
23	7.6974	15.5921	57	None	None	1	-2	0.9384247245760887
24	7.6974	15.5921	60	None	None	1	-1	1.160315001599444
25	8.6842	17.5658	53	None	None	1	-4	1.0727544086311878
26	8.6842	17.5658	57	None	None	1	-2	1.2102500313400804
27	8.6842	17.5658	60	None	None	1	-1	1.3296681892826492
28	9.6711	19.5395	53	None	None	1	-4	1.1978559768834616
29	9.6711	19.5395	57	None	None	1	-2	1.0875096970146054
30	9.6711	19.5395	60	None	None	1	-1	1.138468618960645
31	10.2632	20.7237	53	None	None	1	-4	1.083061204237642
32	10.2632	20.7237	57	None	None	1	-2	1.1171187816412276
33	10.2632	20.7237	60	None	None	1	-1	1.4138325241724603
34	10.6579	12.2368	56	None	None	1	-3	1.3316494798888572
35	14.2105	28.6184	51	None	None	1	-5	1.291432305341935
36	14.2105	28.6184	54	None	None	1	-4	2.0778671218284073
37	14.2105	28.6184	58	None	None	1	-2	2.3604588984986066
38	14.8026	29.8026	51	None	None	1	-5	2.4147823734998046
39	14.8026	29.8026	54	None	None	1	-4	2.3293346851038286
40	14.8026	29.8026	58	None	None	1	-3	2.3805617850001304
41	15.3947	30.9868	57	None	None	1	-4	2.1684759620778062
42	15.3947	30.9868	60	None	None	1	-2	3.630222569041112
43	15.3947	30.9868	64	None	None	1	-1	3.916620824131222
44	15.7895	31.7763	52	None	None	1	-5	3.4957621615172414
45	15.7895	31.7763	55	None	None	1	-4	3.3491589175715504
46	15.7895	31.7763	58	None	None	1	-3	3.549167086330226
47	16.3816	32.9605	57	None	None	1	-4	3.3370812634079012
48	16.3816	32.9605	60	None	None	1	-2	3.5661958750320197
49	16.3816	32.9605	64	None	None	1	-1	3.845880828861462
50	16.7763	33.7500	51	None	None	1	-5	2.138506845472301
51	16.7763	33.7500	54	None	None	1	-4	2.2422865379907653
52	16.7763	33.7500	58	None	None	1	-3	2.138403041825092
53	17.3684	34.9342	57	None	None	1	-4	1.9108365019011397
54	17.3684	34.9342	60	None	None	1	-2	2.0626463416043577
55	17.3684	34.9342	64	None	None	1	-1	2.303033574619618
56	17.9605	36.1184	60	None	None	1	-4	2.1440268483954332
57	17.9605	36.1184	64	None	None	1	-2	1.9045752899223523
58	17.9605	36.1184	67	None	None	1	-1	2.379317277972324
59	18.5526	37.3026	55	None	None	1	-4	1.6471043720457132
60	18.5526	37.3026	59	None	None	1	-2	1.4014769956198587
61	18.9474	38.0921	59	None	None	1	-5	1.9654535800381814
62	18.9474	38.0921	62	None	None	1	-3	1.9372425893719147
63	19.3421	38.8816	57	None	None	1	-5	2.9596089576275864
64	19.3421	38.8816	60	None	None	1	-4	3.12533717071035
65	19.3421	38.8816	64	None	None	1	-3	3.408378358063352
66	19.9342	40.0658	60	None	None	1	-5	3.118023582619074
67	19.9342	40.0658	64	None	None	1	-2	2.917664946528825
68	19.9342	40.0658	67	None	None	1	-1	3.1632923229546797
69	21.5132	21.7105	61	None	None	1	-4	2.9171590552819797
70	21.7105	21.9079	63	None	None	1	-3	3.1562611994785037
71	21.9079	22.1053	64	None	None	1	-2	2.6521537982489
72	22.1053	44.4079	60	None	None	1	-4	1.9923992293957682
73	22.1053	44.4079	64	None	None	1	-2	4.58947634893629
74	22.1053	44.4079	67	None	None	1	-1	4.975468061255433
75	22.6974	45.5921	60	None	None	1	-4	4.878415483592808
76	22.6974	45.5921	64	None	None	1	-2	4.921163268799962
77	22.6974	45.5921	67	None	None	1	-1	5.411385973851564
78	23.2895	46.7763	64	None	None	1	-4	5.182271362227443
79	23.2895	46.7763	67	None	None	1	-2	5.323661910842327
80	23.2895	46.7763	71	None	None	1	-1	5.411385973851563
81	24.2763	24.4737	49	None	None	1	-5	2.927482485417639
82	24.4737	24.6711	51	None	None	1	-4	2.520941148760048
83	24.6711	24.8684	53	None	None	1	-3	2.363823287651476
84	24.8684	25.0658	55	None	None	1	-2	2.075448126018467
85	25.4605	51.1184	55	None	None	1	-5	1.640956002172734
86	25.4605	51.1184	59	None	None	1	-4	1.3284748626953957
87	25.4605	51.1184	64	None	None	1	-2	1.1638632385780674
88	26.0526	52.3026	59	None	None	1	-5	1.6182493056854141
89	26.0526	52.3026	64	None	None	1	-4	1.9619811486085368
90	26.0526	52.3026	67	None	None	1	-3	2.031266363507663
91	26.6447	53.4868	64	None	None	1	-5	1.9811138636638899
92	26.6447	53.4868	67	None	None	1	-4	1.9907696501122931
93	27.2368	54.6711	67	None	None	1	-5	3.3870815590745447
94	27.2368	54.6711	71	None	None	1	-3	4.60893938932262
95	27.8289	28.0263	71	None	None	1	-3	7.475281722716171
96	29.0132	29.2105	73	None	None	1	-2	9.591231588505627
97	29.2105	29.4079	72	None	None	1	-3	9.341583462433746
98	29.4079	29.6053	71	None	None	1	-4	10.003057159582239
99	29.6053	29.8026	72	None	None	1	-3	10.54295042274071
100	29.8026	30.0000	71	None	None	1	-4	11.093413970991882
101	30.0000	30.1974	70	None	None	1	-5	11.093413970991882
102	30.1974	30.3947	71	None	None	1	-1	10.522266337897358
103	30.3947	30.5921	70	None	None	1	-4	7.654364475160728
104	30.5921	30.7895	69	None	None	1	-5	7.654364475160721
105	31.1842	31.3816	70	None	None	1	-2	6.198403041157466
106	31.3816	31.5789	69	None	None	1	-3	7.705860574318235
107	31.5789	31.7763	70	None	None	1	-1	6.770439517990081
108	31.7763	31.9737	69	None	None	1	-2	6.662728449190498
109	31.9737	32.1711	68	None	None	1	-3	6.9127602789060045
110	32.1711	32.3684	69	None	None	1	-1	6.188184329543625
111	32.3684	32.5658	68	None	None	1	-2	8.46089142523256
112	32.5658	32.7632	67	None	None	1	-1	9.65251282901915
113	32.9605	33.1579	67	None	None	1	-2	9.727077748189611
114	33.1579	33.3553	66	None	None	1	-3	9.954602681466744
115	33.3553	33.5526	67	None	None	1	-1	8.175904830645013
116	33.5526	33.7500	66	None	None	1	-2	8.156559968806468
117	33.7500	33.9474	65	None	None	1	-1	6.214780307717143
118	34.1447	34.3421	64	None	None	1	-2	6.521240152214771
119	34.3421	34.5395	63	None	None	1	-3	6.748765085491934
120	34.5395	34.7368	62	None	None	1	-4	6.240503742606686
121	34.9342	35.1316	63	None	None	1	-1	5.126642704718839
122	35.1316	35.3289	62	None	None	1	-2	4.059844348208103
123	35.5263	35.7237	62	None	None	1	-2	4.397461991135479
124	35.7237	35.9211	61	None	None	1	-3	4.116725581527386
125	35.9211	36.1184	60	None	None	1	-4	5.180678786295147
126	36.1184	36.3158	61	None	None	1	-2	4.497085398208737
127	36.3158	36.5132	60	None	None	1	-3	5.101581884558231
128	36.5132	36.7105	59	None	None	1	-4	5.763055581706714
129	36.9079	37.1053	60	None	None	1	-2	5.912328803202689
130	37.1053	37.3026	59	None	None	1	-3	6.635187526337974
131	37.3026	37.5000	60	None	None	1	-1	6.93557858246542
132	37.5000	37.6974	59	None	None	1	-2	6.1972234764111915
133	37.6974	37.8947	58	None	None	1	-3	5.878740994923022
134	37.8947	38.0921	59	None	None	1	-1	6.24851190476188
135	38.0921	38.2895	58	None	None	1	-2	4.801893699957862
136	38.2895	38.4868	57	None	None	1	-3	4.312652810291313
137	38.4868	38.6842	58	None	None	1	-1	3.621720915295736
138	38.6842	38.8816	57	None	None	1	-2	2.498042340261951
139	38.8816	39.0789	56	None	None	1	-3	1.9268192890475035
140	39.0789	39.2763	59	None	None	1	-2	2.0673248435570164
141	39.2763	39.4737	56	None	None	1	-3	2.321927640496477
142	39.4737	39.6711	55	None	None	1	-5	1.438915356654748
143	40.0658	80.3289	55	None	None	1	-5	1.5875405146825596
144	40.0658	80.3289	59	None	None	1	-4	1.8685771771351516
145	40.0658	80.3289	62	None	None	1	-2	2.2944475919251235
146	40.2632	40.4605	65	None	None	1	-1	2.2944475919251235
147	40.6579	81.5132	55	None	None	1	-5	2.2944475919251226
148	40.6579	81.5132	59	None	None	1	-4	2.246803215025416
149	40.6579	81.5132	62	None	None	1	-2	2.294447591925112
150	40.8553	41.0526	65	None	None	1	-1	2.2800737855394453
151	41.0526	82.3026	55	None	None	1	-5	2.2207818341985632
152	41.0526	82.3026	59	None	None	1	-4	1.9211167186701346
153	41.0526	82.3026	62	None	None	1	-2	1.7263228945315607
154	41.2500	41.4474	65	None	None	1	-1	1.7263228945315607
155	41.6447	83.4868	55	None	None	1	-5	8.426313396051263
156	41.6447	83.4868	59	None	None	1	-4	8.124780005692442
157	41.6447	83.4868	62	None	None	1	-2	8.420062707362838
158	41.6447	83.4868	65	None	None	1	-1	9.19767924446912
159	42.0395	84.2763	55	None	None	1	-5	9.108346037782189
160	42.0395	84.2763	59	None	None	1	-4	9.518151358664676
161	42.0395	84.2763	62	None	None	1	-2	9.532268211079405
162	42.2368	42.4342	65	None	None	1	-1	9.806648204085839
163	42.6316	43.8158	40	None	None	1	-5	6.806229982028029
164	43.8158	44.0132	41	None	None	1	-4	6.930981879647908
165	44.0132	44.2105	42	None	None	1	-3	6.9309818796478915
166	44.2105	44.4079	43	None	None	1	-2	6.665502289518989
167	44.8026	89.8026	43	None	None	1	-4	6.758432257360636
168	44.8026	89.8026	50	None	None	1	-1	6.8403978589719205
169	45.1974	90.5921	43	None	None	1	0	-1
170	45.1974	90.5921	50	None	None	1	0	-1
171	45.7895	46.1842	28	None	None	1	0	-1
172	46.1842	46.3816	29	None	None	1	0	-1
173	46.3816	46.5789	30	None	None	1	0	-1
174	46.7763	46.9737	29	None	None	1	0	-1
175	46.9737	47.1711	30	None	None	1	0	-1
176	47.1711	47.3684	32	None	None	1	-5	9.20220258320428
177	48.3553	48.5526	51	None	None	1	-1	6.098267431601223
178	48.5526	48.7500	49	None	None	1	-2	5.398186981078293
179	48.7500	48.9474	47	None	None	1	-1	4.555588781768035
180	48.9474	50.5263	38	None	None	1	-5	4.164780034856617
181	50.1316	50.3289	45	None	None	1	-4	3.716593871760402
182	51.3158	51.5132	45	None	None	1	-5	5.8067590655157355
183	52.5000	52.6974	45	None	None	1	-5	8.252025337705081
184	53.8816	54.0789	60	None	None	1	-1	7.791160084729395
185	54.0789	54.2763	58	None	None	1	-2	7.702029989554161
186	54.2763	54.4737	56	None	None	1	-3	8.293348120035649
187	54.6711	54.8684	49	None	None	1	-5	8.765761507369762
188	54.8684	55.0658	51	None	None	1	-2	7.110096532461083
189	55.0658	55.2632	53	None	None	1	-1	7.110096532461083
190	55.2632	56.8421	43	None	None	1	-5	7.110096532461083
191	56.0526	56.2500	67	None	None	1	-1	7.110096532461083
192	56.6447	56.8421	62	None	None	1	-3	7.110096532461083
193	57.6316	57.8289	55	None	None	1	-1	7.110096532461083
194	58.2237	58.4211	50	None	None	1	-2	7.110096532461083
195	59.2105	59.4079	43	None	None	1	-3	7.110096532461083
196	59.8026	60.0000	38	None	None	1	-5	7.110096532461083
197	60.0000	60.1974	31	None	None	1	0	7.110096532461083
