0	0.1974	0.3947	63	None	None	0	1	3.363820618190677
1	0.3947	0.5921	66	None	None	0	4	3.5109147480534633
2	0.7895	0.9868	63	None	None	0	2	3.626055325561064
3	0.9868	1.1842	66	None	None	0	4	3.096936292224112
4	1.3816	2.9605	65	None	None	0	3	2.904134741578336
5	1.3816	2.9605	66	None	None	0	4	2.3787050999413415
6	1.7763	3.7500	64	None	None	0	4	3.987418449345017
7	1.7763	3.7500	66	None	None	0	5	6.681719584058146
8	2.1711	2.3684	63	None	None	0	2	7.22094891369417
9	2.3684	2.5658	66	None	None	0	4	6.878026803847275
10	2.7632	2.9605	65	None	None	0	3	6.599601818457975
11	3.3553	6.9079	63	None	None	0	2	7.316569078459993
12	3.3553	6.9079	66	None	None	0	3	7.937358699687043
13	4.9342	5.1316	61	None	None	0	1	8.251330306861272
14	5.1316	5.3289	60	None	None	0	4	3.144196229041359
15	5.3289	5.5263	59	None	None	0	3	3.7326918042625996
16	5.5263	5.7237	60	None	None	0	5	3.235687873513011
17	5.7237	5.9211	59	None	None	0	4	3.110916135909415
18	5.9211	6.1184	61	None	None	0	5	3.2849897759095654
19	6.1184	6.3158	60	None	None	0	4	2.9493738186121874
20	6.3158	6.5132	59	None	None	0	3	3.15355533541021
21	6.5132	6.7105	61	None	None	0	4	3.3242380753360266
22	6.7105	6.9079	60	None	None	0	3	2.7802629697600003
23	6.9079	7.1053	59	None	None	0	2	2.642440525775821
24	7.3026	7.5000	61	None	None	0	3	3.4551468313742446
25	7.5000	7.6974	64	None	None	0	4	3.4164475758608317
26	7.8947	8.0921	67	None	None	0	5	3.3807142931860557
27	8.0921	8.2895	64	None	None	0	4	3.344016723302639
28	8.4868	17.1711	63	None	None	0	3	3.1068977178990616
29	8.4868	17.1711	64	None	None	0	4	3.1736219031405315
30	8.8816	17.9605	62	None	None	0	3	3.0326177424947582
31	8.8816	17.9605	64	None	None	0	4	3.9424397972857697
32	9.2763	9.4737	61	None	None	0	0	-1
33	9.4737	9.6711	64	None	None	0	0	-1
34	9.8684	10.0658	63	None	None	0	0	-1
35	10.0658	10.2632	64	None	None	0	0	-1
36	10.4605	21.1184	66	None	None	0	0	-1
37	10.4605	21.1184	67	None	None	0	0	-1
38	11.6447	11.8421	57	None	None	0	0	-1
39	11.8421	12.0395	58	None	None	0	0	-1
40	12.0395	12.2368	59	None	None	0	0	-1
41	12.2368	12.4342	57	None	None	0	0	-1
42	12.4342	12.6316	58	None	None	0	0	-1
43	12.6316	12.8289	57	None	None	0	0	-1
44	12.8289	13.0263	58	None	None	0	0	-1
45	13.0263	13.2237	59	None	None	0	0	-1
46	13.2237	13.4211	57	None	None	0	0	-1
47	13.4211	13.6184	58	None	None	0	0	-1
48	13.6184	13.8158	57	None	None	0	0	-1
49	13.8158	14.0132	58	None	None	0	1	26.766405379072516
50	14.0132	14.2105	59	None	None	0	4	31.73305377727566
51	14.4079	14.6053	59	None	None	0	1	29.654026421652567
52	14.6053	14.8026	62	None	None	0	2	23.331316218510214
53	15.0000	15.1974	59	None	None	0	1	22.608348893282255
54	15.1974	15.3947	62	None	None	0	2	23.39267640088099
55	15.5921	31.3816	63	None	None	0	3	24.026117271580613
56	15.5921	31.3816	66	None	None	0	4	23.603559628278287
57	15.9868	16.1842	59	None	None	0	1	20.728099180809274
58	16.1842	16.3816	62	None	None	0	2	13.831891848318804
59	16.5789	33.3553	63	None	None	0	3	13.760992477932344
60	16.5789	33.3553	66	None	None	0	4	13.504125620966636
61	16.9737	17.1711	59	None	None	0	1	10.374138972330012
62	17.1711	17.3684	62	None	None	0	3	3.5951102811291107
63	17.5658	35.3289	61	None	None	0	1	2.8743203859158575
64	17.5658	35.3289	63	None	None	0	2	2.363948045490319
65	17.7632	17.9605	66	None	None	0	3	1.9561146810133099
66	18.1579	36.5132	66	None	None	0	3	2.2822517847909882
67	18.1579	36.5132	68	None	None	0	4	2.2189045971086996
68	18.3553	18.5526	63	None	None	0	1	1.91250537287771
69	18.7500	37.6974	65	None	None	0	2	2.0605722593636786
70	18.7500	37.6974	66	None	None	0	3	1.8938169402147478
71	18.7500	37.6974	68	None	None	0	4	1.9814092385783266
72	19.1447	38.4868	64	None	None	0	1	1.8371117416600669
73	19.1447	38.4868	66	None	None	0	2	1.7760024798105947
74	19.1447	38.4868	68	None	None	0	3	1.7574084851527692
75	19.5395	39.2763	63	None	None	0	1	1.2999743412824638
76	19.5395	39.2763	66	None	None	0	2	1.4270916388784824
77	19.7368	19.9342	68	None	None	0	3	1.3039050530318503
78	20.1316	40.4605	63	None	None	0	1	0.954994212099738
79	20.1316	40.4605	66	None	None	0	2	0.9549942120997381
80	20.1316	40.4605	68	None	None	0	3	0.954994212099738
81	20.3289	20.5263	71	None	None	0	4	0.8700822817843997
82	20.7237	41.6447	63	None	None	0	1	0.9687398299100329
83	20.7237	41.6447	66	None	None	0	2	1.2665171855331299
84	20.7237	41.6447	68	None	None	0	3	1.26651718553313
85	20.7237	41.6447	71	None	None	0	4	1.2665171855331299
86	21.1184	42.4342	63	None	None	0	1	1.3651747336587632
87	21.1184	42.4342	66	None	None	0	2	1.66295208928186
88	21.1184	42.4342	68	None	None	0	3	1.6629520892818601
89	21.1184	42.4342	71	None	None	0	4	1.6629520892818601
90	21.5132	43.2237	62	None	None	0	1	1.5642945411562268
91	21.5132	43.2237	66	None	None	0	2	1.2665171855331296
92	21.5132	43.2237	68	None	None	0	3	1.2665171855331299
93	21.5132	43.2237	71	None	None	0	4	1.2665171855331299
94	21.9079	44.0132	62	None	None	0	1	1.130118527696078
95	21.9079	44.0132	66	None	None	0	2	0.8255477723249254
96	21.9079	44.0132	68	None	None	0	3	0.7825041926540509
97	21.9079	44.0132	71	None	None	0	4	0.8674161229693893
98	22.3026	44.8026	63	None	None	0	1	0.8302281336537414
99	22.3026	44.8026	66	None	None	0	2	1.0600681370309804
100	22.3026	44.8026	68	None	None	0	3	0.9091286509851129
101	22.3026	44.8026	71	None	None	0	4	2.007942012079253
102	22.8947	45.9868	63	None	None	0	1	2.1532887439278876
103	22.8947	45.9868	66	None	None	0	2	2.3661486027002923
104	22.8947	45.9868	68	None	None	0	3	2.366148602700292
105	23.0921	23.2895	71	None	None	0	4	2.2447535996639156
106	23.4868	47.1711	68	None	None	0	2	2.0376711136480337
107	23.4868	47.1711	70	None	None	0	3	1.9105538160520115
108	23.6842	47.5658	70	None	None	0	3	2.061493302097879
109	23.6842	47.5658	73	None	None	0	5	1.1042277105540517
110	24.2763	48.7500	62	None	None	0	1	0.9594340991011879
111	24.2763	48.7500	66	None	None	0	2	1.2633389335587686
112	24.2763	48.7500	68	None	None	0	3	1.8268090834771762
113	24.2763	48.7500	71	None	None	0	4	1.796718363560594
114	24.6711	49.5395	63	None	None	0	1	1.784901801829521
115	24.6711	49.5395	66	None	None	0	2	1.8971222779394474
116	24.6711	49.5395	68	None	None	0	3	1.92750785677378
117	24.6711	49.5395	71	None	None	0	4	1.7995738817653388
118	25.0658	50.3289	68	None	None	0	2	2.2728501039561566
119	25.0658	50.3289	69	None	None	0	3	1.940783234655248
120	25.2632	25.4605	73	None	None	0	4	2.0263520053468476
121	25.6579	51.5132	69	None	None	0	2	2.501455588015085
122	25.6579	51.5132	73	None	None	0	3	2.635614938388159
123	26.2500	52.6974	68	None	None	0	1	2.883368904296513
124	26.2500	52.6974	70	None	None	0	2	3.362759166632019
125	26.8421	27.0395	70	None	None	0	2	3.362759166632019
126	27.0395	27.2368	73	None	None	0	3	2.9669506444340157
127	27.4342	55.0658	71	None	None	0	2	3.148712950367761
128	27.4342	55.0658	72	None	None	0	3	2.7792449962749006
129	27.6316	27.8289	73	None	None	0	4	2.3837233652699483
130	28.0263	28.2237	70	None	None	0	1	1.4556547708423295
131	28.2237	28.4211	73	None	None	0	2	1.7871499996699272
132	28.4211	30.0000	74	None	None	0	3	1.3034586569758688
133	30.7895	62.3684	74	None	None	0	3	1.6624970011103652
134	30.7895	62.3684	75	None	None	0	4	1.8256669759653883
135	31.5789	33.1579	74	None	None	0	3	2.0566416737918782
136	33.1579	33.9474	76	None	None	0	4	1.9968441915806021
137	33.9474	68.6842	69	None	None	0	1	1.8991857012257112
138	33.9474	68.6842	74	None	None	0	2	2.2836864920787936
139	33.9474	68.6842	75	None	None	0	3	2.3839799247400437
140	34.7368	71.0526	74	None	None	0	3	2.275934214482281
141	34.7368	71.0526	75	None	None	0	4	1.9292051143737403
142	34.7368	71.0526	76	None	None	0	5	1.6878956992360725
143	36.3158	36.7105	73	None	None	0	2	1.735715261772957
144	36.7105	74.6053	73	None	None	0	2	1.8306578631025383
145	36.7105	74.6053	77	None	None	0	3	1.6823578782367745
146	36.7105	74.6053	77	None	None	0	4	1.771837484803564
147	39.6711	79.5395	70	None	None	0	1	2.5204538483464725
148	39.6711	79.5395	73	None	None	0	2	2.540425158525838
149	39.6711	79.5395	75	None	None	0	3	2.6669651403785664
150	39.6711	79.5395	78	None	None	0	4	3.147755940992914
151	40.2632	80.7237	70	None	None	0	1	3.3193066139547045
152	40.2632	80.7237	73	None	None	0	2	3.374133979061964
153	40.2632	80.7237	75	None	None	0	3	3.417177558732841
154	40.4605	40.6579	78	None	None	0	4	3.417177558732841
155	40.8553	81.9079	70	None	None	0	1	3.417177558732841
156	40.8553	81.9079	73	None	None	0	2	3.417177558732841
157	40.8553	81.9079	75	None	None	0	3	3.417177558732841
158	40.8553	81.9079	78	None	None	0	4	3.417177558732841
159	41.2500	82.6974	70	None	None	0	1	3.369143593373637
160	41.2500	82.6974	73	None	None	0	2	3.417177558732841
161	41.2500	82.6974	75	None	None	0	3	3.417177558732841
162	41.4474	41.6447	78	None	None	0	4	3.417177558732841
163	41.8421	83.8816	70	None	None	0	1	5.4132918154729275
164	41.8421	83.8816	73	None	None	0	2	5.395153093302992
165	41.8421	83.8816	75	None	None	0	3	5.280224550628472
166	41.8421	83.8816	78	None	None	0	4	5.6608642382489425
167	42.2368	84.6711	70	None	None	0	1	5.660864238248944
168	42.2368	84.6711	73	None	None	0	2	5.660864238248944
169	42.2368	84.6711	75	None	None	0	3	5.660864238248944
170	42.4342	42.6316	78	None	None	0	5	5.149161801044863
171	44.4079	89.0132	58	None	None	0	1	3.23607632852917
172	44.4079	89.0132	61	None	None	0	2	3.302249016058307
173	44.4079	89.0132	63	None	None	0	3	3.4171775587328264
174	44.6053	44.8026	66	None	None	0	4	3.417177558732849
175	45.0000	90.1974	58	None	None	0	1	2.751364308818986
176	45.0000	90.1974	61	None	None	0	2	3.5841779649275276
177	45.0000	90.1974	63	None	None	0	3	3.8552605325408758
178	45.0000	90.1974	66	None	None	0	4	7.043905354663771
179	45.3947	90.9868	58	None	None	0	1	6.346130245992989
180	45.3947	90.9868	61	None	None	0	2	6.421286218232381
181	45.3947	90.9868	63	None	None	0	3	6.53640411384124
182	45.5921	45.7895	66	None	None	0	4	6.309519468038032
183	47.5658	47.7632	65	None	None	0	3	6.3099958385192645
184	47.7632	47.9605	66	None	None	0	4	5.658692053024642
185	47.9605	48.1579	68	None	None	0	5	5.3217004438692115
186	49.7368	99.6711	46	None	None	0	1	2.080668677945302
187	49.7368	99.6711	48	None	None	0	2	2.0254624436056208
188	49.7368	99.6711	52	None	None	0	4	1.9864689269351758
189	49.9342	50.1316	54	None	None	0	5	2.5985319674906124
190	50.3289	100.8553	46	None	None	0	2	2.2921327109951974
191	50.3289	100.8553	48	None	None	0	3	2.21128164716541
192	50.3289	100.8553	52	None	None	0	4	1.8476414457592554
193	50.3289	100.8553	54	None	None	0	5	2.2155304009867423
194	50.9211	102.0395	45	None	None	0	1	2.6070179626268275
195	50.9211	102.0395	48	None	None	0	2	2.6188890828625326
196	50.9211	102.0395	51	None	None	0	3	2.658763656957637
197	51.1184	51.3158	54	None	None	0	5	2.5277009073740526
198	51.5132	103.2237	45	None	None	0	1	3.09197395701945
199	51.5132	103.2237	48	None	None	0	2	3.0919739570194484
200	51.5132	103.2237	51	None	None	0	3	3.1477559409929206
201	51.5132	103.2237	54	None	None	0	4	3.147755940992921
202	52.1053	104.4079	46	None	None	0	0	-1
203	52.1053	104.4079	49	None	None	0	0	-1
204	52.1053	104.4079	51	None	None	0	0	-1
205	52.3026	52.5000	54	None	None	0	0	-1
206	52.6974	105.5921	46	None	None	0	0	-1
207	52.6974	105.5921	49	None	None	0	0	-1
208	52.6974	105.5921	51	None	None	0	0	-1
209	52.6974	105.5921	54	None	None	0	1	6.8506832160408795
210	53.8816	54.0789	84	None	None	0	5	3.883413227189929
211	54.0789	54.2763	82	None	None	0	4	4.151149327466978
212	54.2763	54.4737	80	None	None	0	3	4.591126967448446
213	55.6579	111.5132	70	None	None	0	1	3.0161023580052557
214	55.6579	111.5132	73	None	None	0	2	3.0319697126565757
215	55.6579	111.5132	75	None	None	0	3	3.132506670502403
216	55.8553	56.0526	78	None	None	0	5	2.712491464783005
217	56.2500	112.6974	75	None	None	0	3	3.132588659044331
218	56.2500	112.6974	78	None	None	0	4	2.630947683505184
219	56.2500	112.6974	79	None	None	0	5	2.1813695023778013
220	56.4474	56.6447	73	None	None	0	2	2.719355876868611
221	56.8421	113.8816	70	None	None	0	1	2.9884219172112436
222	56.8421	113.8816	73	None	None	0	2	3.3298732849923924
223	56.8421	113.8816	75	None	None	0	3	3.432595990773604
224	56.8421	113.8816	78	None	None	0	4	3.2190640974413722
225	57.2368	114.6711	70	None	None	0	1	2.5212424155771314
226	57.2368	114.6711	73	None	None	0	2	2.5212424155771314
227	57.2368	114.6711	75	None	None	0	3	2.521242415577132
228	57.4342	57.6316	78	None	None	0	5	2.1012272098577194
229	57.8289	115.8553	75	None	None	0	3	2.521324404119042
230	57.8289	115.8553	78	None	None	0	4	2.0196834285799
231	57.8289	115.8553	80	None	None	0	5	1.8444858108480937
232	58.0263	58.2237	73	None	None	0	2	2.719355876868609
233	58.4211	117.0395	70	None	None	0	1	2.9884219172112463
234	58.4211	117.0395	73	None	None	0	2	3.3298732849923995
235	58.4211	117.0395	75	None	None	0	3	3.3068677739549734
236	58.4211	117.0395	78	None	None	0	4	2.9535560639072296
237	58.8158	117.8289	70	None	None	0	1	3.99403225438343
238	58.8158	117.8289	73	None	None	0	2	4.311464556124246
239	58.8158	117.8289	75	None	None	0	3	4.414187261905466
240	59.0132	59.2105	78	None	None	0	4	4.414187261905466
241	59.4079	119.0132	75	None	None	0	2	4.414187261905466
242	59.4079	119.0132	78	None	None	0	3	4.414187261905466
243	59.4079	119.0132	81	None	None	0	4	4.414187261905466
244	59.6053	59.8026	73	None	None	0	1	4.414187261905466
245	60.0000	120.1974	82	None	None	0	2	4.414187261905466
246	60.0000	120.1974	85	None	None	0	3	4.414187261905466
247	60.0000	120.1974	87	None	None	0	4	4.414187261905466
248	60.0000	120.1974	90	None	None	0	0	4.414187261905466
