0	0.0000	0.2143	60	None	None	0	1	1.7689907302418528
1	0.0000	0.2143	64	None	None	0	2	2.358732918746416
2	0.2143	0.6429	61	None	None	0	1	2.4993181379826224
3	0.2143	0.6429	64	None	None	0	2	2.7235020661156977
4	0.4286	1.0714	60	None	None	0	2	2.382024793388422
5	0.4286	1.0714	64	None	None	0	3	2.382024793388422
6	0.6429	1.5000	61	None	None	0	2	2.3820247933884215
7	0.6429	1.5000	63	None	None	0	3	2.382024793388422
8	0.8571	1.9286	60	None	None	0	2	2.3820247933884224
9	0.8571	1.9286	64	None	None	0	3	2.382024793388422
10	1.0714	2.3571	61	None	None	0	2	2.5881714876033017
11	1.0714	2.3571	63	None	None	0	3	3.253345959595958
12	1.2857	2.7857	60	None	None	0	2	3.178345959595961
13	1.2857	2.7857	64	None	None	0	3	2.9902146464646493
14	1.5000	3.2143	61	None	None	0	2	3.433964646464651
15	1.5000	3.2143	63	None	None	0	3	3.5956668962350764
16	1.7143	3.6429	60	None	None	0	1	2.8755968778696093
17	1.7143	3.6429	64	None	None	0	2	3.5568468778696083
18	1.9286	4.0714	63	None	None	0	1	2.788974977043146
19	1.9286	4.0714	66	None	None	0	2	3.1538911845730198
20	2.1429	4.5000	62	None	None	0	1	3.1538911845730198
21	2.1429	4.5000	67	None	None	0	3	3.1164055325986952
22	2.3571	4.9286	66	None	None	0	3	3.0915088383838194
23	2.3571	4.9286	68	None	None	0	4	2.9298065886133946
24	2.5714	5.3571	65	None	None	0	3	2.9462838613406617
25	2.5714	5.3571	69	None	None	0	5	2.818442952249755
26	2.7857	5.7857	63	None	None	0	2	2.605942952249761
27	2.7857	5.7857	66	None	None	0	4	1.9721045684113816
28	3.0000	6.2143	62	None	None	0	2	2.4939939164370974
29	3.0000	6.2143	66	None	None	0	4	2.8353305785123912
30	3.2143	6.6429	61	None	None	0	2	2.756083562901739
31	3.2143	6.6429	63	None	None	0	3	2.7560835629017384
32	3.4286	7.0714	60	None	None	0	2	2.7560835629017384
33	3.4286	7.0714	64	None	None	0	4	2.7081037649219377
34	3.6429	7.5000	61	None	None	0	3	2.7395603764921854
35	3.6429	7.5000	64	None	None	0	4	2.775774793388426
36	3.8571	7.9286	60	None	None	0	2	2.3820247933884215
37	3.8571	7.9286	64	None	None	0	3	2.382024793388421
38	4.0714	8.3571	61	None	None	0	2	2.382024793388421
39	4.0714	8.3571	63	None	None	0	3	2.3820247933884224
40	4.2857	8.7857	60	None	None	0	2	2.382024793388422
41	4.2857	8.7857	64	None	None	0	3	2.382024793388422
42	4.5000	9.2143	61	None	None	0	2	2.5881714876033013
43	4.5000	9.2143	63	None	None	0	3	3.2533459595959577
44	4.7143	9.6429	60	None	None	0	2	3.1783459595959602
45	4.7143	9.6429	64	None	None	0	3	2.9902146464646493
46	4.9286	10.0714	61	None	None	0	2	3.4339646464646503
47	4.9286	10.0714	63	None	None	0	3	3.3977502295684148
48	5.1429	10.5000	60	None	None	0	1	3.0879074839302136
49	5.1429	10.5000	64	None	None	0	2	3.641316574839312
50	5.3571	10.9286	63	None	None	0	1	2.8670913682277357
51	5.3571	10.9286	66	None	None	0	2	3.2288969237832954
52	5.5714	11.3571	62	None	None	0	1	2.933442378328751
53	5.5714	11.3571	67	None	None	0	2	3.2290805785124004
54	5.7857	11.7857	66	None	None	0	1	2.3687500000000035
55	5.7857	11.7857	69	None	None	0	2	2.8402777777777866
56	6.0000	12.2143	65	None	None	0	1	2.9124368686868767
57	6.0000	12.2143	69	None	None	0	2	3.2777146464646534
58	6.2143	12.6429	68	None	None	0	2	3.367410714285703
59	6.2143	12.6429	70	None	None	0	3	3.3674107142857026
60	6.4286	13.0714	67	None	None	0	1	3.063992194674004
61	6.4286	13.0714	71	None	None	0	3	3.367410714285703
62	6.6429	13.5000	70	None	None	0	3	3.1342438180506274
63	6.6429	13.5000	73	None	None	0	5	2.345061409550044
64	6.8571	13.9286	69	None	None	0	3	2.429720500459138
65	6.8571	13.9286	74	None	None	0	5	2.567504591368233
66	7.0714	14.3571	68	None	None	0	2	2.836633379247037
67	7.0714	14.3571	70	None	None	0	3	2.6365300734619113
68	7.2857	14.7857	67	None	None	0	2	2.9155073461891834
69	7.2857	14.7857	71	None	None	0	4	2.5038911845730225
70	7.5000	15.2143	66	None	None	0	2	3.060519972451808
71	7.5000	15.2143	68	None	None	0	4	3.653764921946732
72	7.7143	15.6429	65	None	None	0	3	3.6702421946739987
73	7.7143	15.6429	69	None	None	0	5	3.5424012855830895
74	7.9286	16.0714	63	None	None	0	1	2.819786447148658
75	7.9286	16.0714	66	None	None	0	5	2.2190856986110172
76	8.1429	16.5000	62	None	None	0	3	2.9020223485752226
77	8.1429	16.5000	67	None	None	0	5	3.351675126353003
78	8.3571	16.9286	61	None	None	0	2	3.0641751263530046
79	8.3571	16.9286	63	None	None	0	3	3.2293495983456566
80	8.5714	18.8571	60	None	None	0	1	2.8888676041011374
81	8.5714	18.8571	64	None	None	0	2	3.0527564929900266
82	10.2857	20.7857	67	None	None	0	1	3.0569035469223422
83	10.2857	20.7857	71	None	None	0	2	3.6413165748393075
84	10.5000	21.2143	70	None	None	0	1	2.8670913682277335
85	10.5000	21.2143	73	None	None	0	2	3.731508264462812
86	10.7143	21.6429	69	None	None	0	1	3.3783918732782463
87	10.7143	21.6429	74	None	None	0	2	3.526957070707066
88	10.9286	22.0714	73	None	None	0	1	2.7768595041322364
89	10.9286	22.0714	76	None	None	0	2	2.744915059687786
90	11.1429	22.5000	72	None	None	0	1	2.8755968778696106
91	11.1429	22.5000	76	None	None	0	2	3.5568468778696065
92	11.3571	22.9286	75	None	None	0	1	2.7889749770431433
93	11.3571	22.9286	78	None	None	0	2	3.1538911845730193
94	11.5714	23.3571	74	None	None	0	1	3.153891184573022
95	11.5714	23.3571	79	None	None	0	2	2.866391184573025
96	11.7857	23.7857	78	None	None	0	2	3.060519972451805
97	11.7857	23.7857	80	None	None	0	4	3.6537649219467268
98	12.0000	24.2143	77	None	None	0	3	3.6702421946739943
99	12.0000	24.2143	81	None	None	0	5	3.542401285583093
100	12.2143	24.6429	75	None	None	0	3	3.642892807949614
101	12.2143	24.6429	78	None	None	0	5	2.6536070936639065
102	12.4286	25.0714	74	None	None	0	3	3.0172434573002676
103	12.4286	25.0714	79	None	None	0	5	2.7913911845729955
104	12.6429	25.5000	73	None	None	0	2	3.060519972451781
105	12.6429	25.5000	75	None	None	0	4	3.653764921946732
106	12.8571	25.9286	72	None	None	0	3	3.670242194674005
107	12.8571	25.9286	76	None	None	0	5	3.542401285583092
108	13.0714	26.3571	70	None	None	0	1	2.7174242424242427
109	13.0714	26.3571	73	None	None	0	5	2.2726727502295656
110	13.2857	26.7857	69	None	None	0	3	2.7510818411386553
111	13.2857	26.7857	74	None	None	0	5	2.7007346189164303
112	13.5000	27.2143	68	None	None	0	2	2.9319846189164336
113	13.5000	27.2143	70	None	None	0	3	3.0936868686868695
114	13.7143	27.6429	67	None	None	0	1	2.54071969696969
115	13.7143	27.6429	71	None	None	0	3	3.205050505050504
116	13.9286	28.0714	71	None	None	0	1	3.314772727272725
117	13.9286	28.0714	72	None	None	0	2	3.3175505050505087
118	14.1429	28.5000	69	None	None	0	1	3.389709595959603
119	14.1429	28.5000	74	None	None	0	2	3.277714646464654
120	14.3571	28.9286	73	None	None	0	2	3.433964646464652
121	14.3571	28.9286	75	None	None	0	3	3.5956668962350773
122	14.5714	29.3571	72	None	None	0	1	2.875596877869611
123	14.5714	29.3571	76	None	None	0	2	3.5568468778696114
124	14.7857	29.7857	75	None	None	0	1	2.7889749770431465
125	14.7857	29.7857	78	None	None	0	2	3.1538911845730198
126	15.0000	30.2143	74	None	None	0	1	3.1538911845730224
127	15.0000	30.2143	79	None	None	0	2	2.8663911845730254
128	15.2143	30.6429	78	None	None	0	2	3.06051997245181
129	15.2143	30.6429	80	None	None	0	4	3.6537649219467307
130	15.4286	31.0714	77	None	None	0	3	3.670242194673997
131	15.4286	31.0714	81	None	None	0	5	3.5424012855830886
132	15.6429	31.5000	75	None	None	0	3	3.207286747343553
133	15.6429	31.5000	78	None	None	0	5	2.6250717401285555
134	15.8571	31.9286	74	None	None	0	3	3.0180010330578435
135	15.8571	31.9286	79	None	None	0	5	2.7921487603305732
136	16.0714	32.3571	73	None	None	0	2	3.0612775482093566
137	16.0714	32.3571	75	None	None	0	4	3.20790002295684
138	16.2857	32.7857	72	None	None	0	3	3.224377295684112
139	16.2857	32.7857	76	None	None	0	5	3.0965363865932005
140	16.5000	33.2143	71	None	None	0	4	2.8154223617291763
141	16.5000	33.2143	72	None	None	0	5	2.556571837253657
142	16.7143	33.6429	69	None	None	0	3	3.180678286360103
143	16.7143	33.6429	74	None	None	0	5	2.790927412234224
144	16.9286	34.0714	68	None	None	0	2	2.578427412234224
145	16.9286	34.0714	70	None	None	0	3	2.340824106449098
146	17.1429	34.5000	67	None	None	0	2	2.510925457800453
147	17.1429	34.5000	71	None	None	0	5	3.927398944473685
148	17.7857	35.7857	68	None	None	0	4	3.8294003597966215
149	17.7857	35.7857	70	None	None	0	5	4.080945689466948
150	18.0000	18.2143	67	None	None	0	3	3.6692721357479394
151	18.6429	18.8571	70	None	None	0	4	3.930439424898184
152	18.8571	19.0714	67	None	None	0	3	4.168444475403233
153	19.2857	38.7857	67	None	None	0	3	4.666074181555677
154	19.2857	38.7857	71	None	None	0	5	4.638014872246365
155	20.5714	41.3571	43	None	None	0	1	2.8466020325087826
156	20.5714	41.3571	47	None	None	0	2	3.5568468778696043
157	20.7857	41.7857	46	None	None	0	1	2.8784090909090914
158	20.7857	41.7857	49	None	None	0	2	3.743686868686869
159	21.0000	42.2143	45	None	None	0	1	3.3897095959595953
160	21.0000	42.2143	50	None	None	0	2	3.277714646464644
161	21.2143	42.6429	49	None	None	0	2	3.433964646464643
162	21.2143	42.6429	51	None	None	0	3	3.595666896235079
163	21.4286	43.0714	48	None	None	0	1	2.8755968778696057
164	21.4286	43.0714	52	None	None	0	2	3.5568468778696025
165	21.6429	43.5000	51	None	None	0	1	2.878409090909094
166	21.6429	43.5000	54	None	None	0	2	3.2402146464646515
167	21.8571	43.9286	50	None	None	0	1	2.944760101010107
168	21.8571	43.9286	55	None	None	0	2	3.1487373737373883
169	22.0714	44.3571	54	None	None	0	2	3.1631714876033072
170	22.0714	44.3571	56	None	None	0	3	3.8283459595959606
171	22.2857	44.7857	53	None	None	0	1	2.91243686868687
172	22.2857	44.7857	57	None	None	0	2	3.2777146464646485
173	22.5000	45.2143	56	None	None	0	2	3.433964646464653
174	22.5000	45.2143	58	None	None	0	3	3.3977502295684143
175	22.7143	45.6429	55	None	None	0	1	3.0879074839302034
176	22.7143	45.6429	59	None	None	0	2	3.641316574839295
177	22.9286	46.0714	58	None	None	0	1	2.867091368227725
178	22.9286	46.0714	61	None	None	0	2	3.7315082644628035
179	23.1429	46.5000	57	None	None	0	1	3.378391873278233
180	23.1429	46.5000	62	None	None	0	2	3.5269570707070597
181	23.3571	46.9286	61	None	None	0	1	2.7768595041322377
182	23.3571	46.9286	64	None	None	0	2	2.744915059687785
183	23.5714	47.3571	60	None	None	0	1	2.8755968778696093
184	23.5714	47.3571	64	None	None	0	2	3.556846877869606
185	23.7857	47.7857	63	None	None	0	1	2.8784090909090967
186	23.7857	47.7857	66	None	None	0	2	3.240214646464654
187	24.0000	48.2143	62	None	None	0	1	2.9447601010101123
188	24.0000	48.2143	67	None	None	0	2	3.1487373737373914
189	24.2143	48.6429	66	None	None	0	2	3.16317148760331
190	24.2143	48.6429	68	None	None	0	3	3.828345959595966
191	24.4286	49.0714	65	None	None	0	1	2.9124368686868753
192	24.4286	49.0714	69	None	None	0	2	3.277714646464651
193	24.6429	49.5000	68	None	None	0	2	3.4339646464646485
194	24.6429	49.5000	70	None	None	0	3	3.3977502295684077
195	24.8571	49.9286	67	None	None	0	1	3.087907483930211
196	24.8571	49.9286	71	None	None	0	2	3.6413165748393093
197	25.0714	50.3571	70	None	None	0	1	2.867091368227734
198	25.0714	50.3571	73	None	None	0	2	3.731508264462809
199	25.2857	50.7857	69	None	None	0	1	3.3783918732782445
200	25.2857	50.7857	74	None	None	0	2	3.526957070707065
201	25.5000	51.2143	73	None	None	0	1	2.7768595041322337
202	25.5000	51.2143	76	None	None	0	2	2.744915059687785
203	25.7143	51.6429	72	None	None	0	1	2.9484274563820017
204	25.7143	51.6429	76	None	None	0	2	3.3102330119375565
205	25.9286	52.0714	75	None	None	0	1	2.1486111111111055
206	25.9286	52.0714	78	None	None	0	2	2.605762167125802
207	26.1429	52.5000	74	None	None	0	1	2.3103076216712584
208	26.1429	52.5000	79	None	None	0	2	2.514284894398529
209	26.3571	52.9286	78	None	None	0	2	2.6740071166207473
210	26.3571	52.9286	80	None	None	0	3	3.3391815886134135
211	26.5714	53.3571	78	None	None	0	2	3.1579315886134167
212	26.5714	53.3571	80	None	None	0	3	3.3231060606060727
213	26.7857	53.7857	80	None	None	0	2	3.3674107142857097
214	26.7857	53.7857	82	None	None	0	3	3.3674107142857097
215	27.0000	54.2143	79	None	None	0	1	3.0639921946740123
216	27.0000	54.2143	83	None	None	0	3	3.367410714285718
217	27.2143	54.6429	82	None	None	0	3	3.13424381805064
218	27.2143	54.6429	85	None	None	0	5	2.3450614095500457
219	27.4286	55.0714	81	None	None	0	3	2.42972050045914
220	27.4286	55.0714	86	None	None	0	5	2.567504591368233
221	27.6429	55.5000	80	None	None	0	2	2.8366333792470364
222	27.6429	55.5000	82	None	None	0	3	2.6365300734619117
223	27.8571	55.9286	79	None	None	0	2	2.915507346189186
224	27.8571	55.9286	83	None	None	0	4	2.503891184573021
225	28.0714	56.3571	78	None	None	0	2	3.060519972451804
226	28.0714	56.3571	80	None	None	0	4	3.6537649219467223
227	28.2857	56.7857	77	None	None	0	3	3.67024219467399
228	28.2857	56.7857	81	None	None	0	5	3.542401285583085
229	28.5000	57.2143	75	None	None	0	3	3.6428928079496146
230	28.5000	57.2143	78	None	None	0	5	2.653607093663913
231	28.7143	57.6429	74	None	None	0	3	3.017243457300271
232	28.7143	57.6429	79	None	None	0	5	2.791391184572995
233	28.9286	58.0714	73	None	None	0	2	3.0605199724517806
234	28.9286	58.0714	75	None	None	0	4	3.6537649219467374
235	29.1429	58.5000	72	None	None	0	3	3.6702421946740102
236	29.1429	58.5000	76	None	None	0	5	3.5424012855830984
237	29.3571	58.9286	70	None	None	0	3	3.1342438180506313
238	29.3571	58.9286	73	None	None	0	5	2.345061409550041
239	29.5714	59.3571	69	None	None	0	3	2.4297205004591342
240	29.5714	59.3571	74	None	None	0	5	2.5675045913682277
241	29.7857	59.7857	68	None	None	0	2	2.8366333792470306
242	29.7857	59.7857	70	None	None	0	3	2.636530073461906
243	30.0000	60.2143	67	None	None	0	2	2.9155073461891825
244	30.0000	60.2143	71	None	None	0	4	2.5038911845730256
245	30.2143	60.6429	66	None	None	0	2	3.060519972451807
246	30.2143	60.6429	68	None	None	0	4	3.6537649219467223
247	30.4286	61.0714	65	None	None	0	3	3.67024219467399
248	30.4286	61.0714	69	None	None	0	5	3.542401285583085
249	30.6429	61.5000	63	None	None	0	3	3.207286747343553
250	30.6429	61.5000	66	None	None	0	5	2.5135014921946754
251	30.8571	61.9286	62	None	None	0	3	2.975387396694214
252	30.8571	61.9286	67	None	None	0	5	2.7495351239669352
253	31.0714	62.3571	61	None	None	0	2	3.0186639118457292
254	31.0714	62.3571	63	None	None	0	4	2.969854797979798
255	31.2857	62.7857	60	None	None	0	2	3.06515151515151
256	31.2857	62.7857	64	None	None	0	3	2.5117424242424184
257	31.5000	63.2143	59	None	None	0	3	3.1519255050505195
258	31.5000	63.2143	61	None	None	0	5	2.7409808310376547
259	31.7143	63.6429	57	None	None	0	3	2.825639921946747
260	31.7143	63.6429	62	None	None	0	5	2.9634240128558327
261	31.9286	64.0714	56	None	None	0	3	3.194168962350782
262	31.9286	64.0714	59	None	None	0	4	3.0302800734618978
263	32.1429	64.5000	55	None	None	0	2	2.915507346189163
264	32.1429	64.5000	59	None	None	0	4	2.503891184572993
265	32.3571	64.9286	54	None	None	0	2	3.0605199724517838
266	32.3571	64.9286	56	None	None	0	4	3.653764921946729
267	32.5714	65.3571	53	None	None	0	3	3.6702421946740063
268	32.5714	65.3571	57	None	None	0	5	3.542401285583114
269	32.7857	65.7857	51	None	None	0	3	3.6428928079496345
270	32.7857	65.7857	54	None	None	0	5	2.65360709366392
271	33.0000	66.2143	50	None	None	0	3	3.017243457300284
272	33.0000	66.2143	55	None	None	0	5	2.7913911845730133
273	33.2143	66.6429	49	None	None	0	2	3.060519972451799
274	33.2143	66.6429	51	None	None	0	4	3.6537649219467414
275	33.4286	67.0714	48	None	None	0	3	3.670242194674007
276	33.4286	67.0714	52	None	None	0	5	3.5424012855830833
277	33.6429	67.5000	46	None	None	0	3	6.338222975294714
278	33.6429	67.5000	49	None	None	0	5	6.338222975294714
279	33.8571	67.9286	45	None	None	0	3	6.338222975294714
280	33.8571	67.9286	50	None	None	0	5	6.338222975294714
281	34.0714	68.3571	44	None	None	0	2	6.338222975294714
282	34.0714	68.3571	46	None	None	0	3	6.338222975294714
283	34.2857	68.7857	43	None	None	0	2	6.338222975294714
284	34.2857	68.7857	47	None	None	0	3	6.338222975294714
285	35.1429	70.5000	67	None	None	0	3	6.338222975294714
286	35.1429	70.5000	71	None	None	0	0	6.338222975294714
