0	0.0000	0.1875	54	None	None	1	-4	1.5640203306044915
1	0.0000	0.1875	56	None	None	1	-3	1.870912448387699
2	0.1875	0.5625	53	None	None	1	-4	2.044769973891803
3	0.1875	0.5625	57	None	None	1	-2	2.7374364765669164
4	0.3750	0.9375	54	None	None	1	-4	2.6409310496267038
5	0.3750	0.9375	56	None	None	1	-3	2.6954765041721584
6	0.5625	1.3125	53	None	None	1	-5	2.6132411067193666
7	0.5625	1.3125	57	None	None	1	-2	2.7374364765669164
8	0.7500	1.6875	54	None	None	1	-4	2.9503889829976835
9	0.7500	1.6875	56	None	None	1	-3	2.8887853692201535
10	0.9375	2.0625	53	None	None	1	-5	2.9370694522868366
11	0.9375	2.0625	57	None	None	1	-2	2.387972896668543
12	1.1250	2.4375	54	None	None	1	-4	2.599146746972827
13	1.1250	2.4375	56	None	None	1	-3	2.7679779158039945
14	1.3125	2.8125	53	None	None	1	-4	2.5888198757763843
15	1.3125	2.8125	57	None	None	1	-2	1.9975155279502952
16	1.5000	3.1875	56	None	None	1	-2	1.9565217391304208
17	1.5000	3.1875	59	None	None	1	-1	2.867137210615461
18	1.6875	3.5625	55	None	None	1	-4	2.9756007277746432
19	1.6875	3.5625	59	None	None	1	-2	3.057588305414392
20	1.8750	3.9375	56	None	None	1	-3	3.0575883054143915
21	1.8750	3.9375	59	None	None	1	-2	3.1737373737373793
22	2.0625	4.3125	55	None	None	1	-5	2.6132411067193715
23	2.0625	4.3125	59	None	None	1	-2	2.73743647656691
24	2.2500	4.6875	56	None	None	1	-4	2.6384999058912113
25	2.2500	4.6875	58	None	None	1	-3	2.638499905891209
26	2.4375	5.0625	55	None	None	1	-5	2.596292113683422
27	2.4375	5.0625	59	None	None	1	-2	2.638499905891209
28	2.6250	5.4375	56	None	None	1	-4	2.5419944789510014
29	2.6250	5.4375	58	None	None	1	-3	2.5965399334964534
30	2.8125	5.8125	55	None	None	1	-4	2.55651232825146
31	2.8125	5.8125	59	None	None	1	-2	2.638499905891212
32	3.0000	6.1875	54	None	None	1	-4	2.9503889829976835
33	3.0000	6.1875	56	None	None	1	-3	3.0049344375431413
34	3.1875	6.5625	53	None	None	1	-5	3.2974872953133856
35	3.1875	6.5625	57	None	None	1	-3	3.436617730095994
36	3.3750	6.9375	54	None	None	1	-4	3.421168203776903
37	3.3750	6.9375	56	None	None	1	-3	3.475713658322361
38	3.5625	7.3125	53	None	None	1	-5	3.7682665160926048
39	3.5625	7.3125	57	None	None	1	-3	3.59876403789448
40	3.7500	7.6875	56	None	None	1	-3	3.336592634418728
41	3.7500	7.6875	58	None	None	1	-2	3.2820471798732704
42	3.9375	8.0625	54	None	None	1	-4	2.8329725829725914
43	3.9375	8.0625	58	None	None	1	-2	2.8329725829725882
44	4.1250	8.4375	56	None	None	1	-3	3.0141131815044946
45	4.1250	8.4375	58	None	None	1	-2	3.014113181504494
46	4.3125	8.8125	54	None	None	1	-4	2.321221532091102
47	4.3125	8.8125	59	None	None	1	-2	2.9156314699792985
48	4.5000	9.1875	54	None	None	1	-4	2.9156314699792985
49	4.5000	9.1875	56	None	None	1	-3	2.9156314699792985
50	4.6875	9.5625	53	None	None	1	-5	2.8410973084886124
51	4.6875	9.5625	57	None	None	1	-3	2.8982401656314694
52	4.8750	9.9375	56	None	None	1	-4	2.8191260430390908
53	4.8750	9.9375	58	None	None	1	-3	2.757522429261558
54	5.0625	10.3125	55	None	None	1	-4	2.8803406738189308
55	5.0625	10.3125	59	None	None	1	-2	2.289036325992839
56	5.2500	10.6875	54	None	None	1	-4	3.5153460066503546
57	5.2500	10.6875	56	None	None	1	-3	3.4513708513708585
58	5.4375	11.0625	53	None	None	1	-5	3.7101010101010137
59	5.4375	11.0625	57	None	None	1	-3	3.5479892088587763
60	5.6250	11.4375	56	None	None	1	-3	3.322128113432464
61	5.6250	11.4375	59	None	None	1	-1	3.1734048560135504
62	5.8125	11.8125	55	None	None	1	-4	2.9199887069452344
63	5.8125	11.8125	59	None	None	1	-2	3.0019762845849827
64	6.0000	12.1875	58	None	None	1	-2	2.6533032185206116
65	6.0000	12.1875	61	None	None	1	-1	2.8433653303218533
66	6.1875	12.5625	57	None	None	1	-3	2.309203839638621
67	6.1875	12.5625	62	None	None	1	-1	2.7713156408808586
68	6.3750	12.9375	56	None	None	1	-4	2.640931049626703
69	6.3750	12.9375	58	None	None	1	-3	2.695476504172158
70	6.5625	13.3125	55	None	None	1	-5	2.6132411067193715
71	6.5625	13.3125	59	None	None	1	-2	2.73743647656691
72	6.7500	13.6875	56	None	None	1	-4	2.950388982997676
73	6.7500	13.6875	58	None	None	1	-3	2.854087458435288
74	6.9375	14.0625	55	None	None	1	-5	3.145143986448342
75	6.9375	14.0625	59	None	None	1	-2	2.9680971202710347
76	7.1250	14.4375	56	None	None	1	-4	3.2976535541752945
77	7.1250	14.4375	58	None	None	1	-3	3.523006462136897
78	7.3125	14.8125	55	None	None	1	-5	3.4084446954012204
79	7.3125	14.8125	59	None	None	1	-4	3.4328298513081137
80	7.5000	15.1875	58	None	None	1	-5	2.817123094296998
81	7.5000	15.1875	61	None	None	1	-3	2.6119282891022007
82	7.6875	15.5625	57	None	None	1	-5	2.6468661773009594
83	7.6875	15.5625	62	None	None	1	-3	2.997176736307168
84	7.8750	15.9375	61	None	None	1	-4	2.640931049626698
85	7.8750	15.9375	63	None	None	1	-3	2.695476504172153
86	8.0625	16.3125	60	None	None	1	-5	2.6132411067193653
87	8.0625	16.3125	64	None	None	1	-2	2.7374364765669057
88	8.2500	16.6875	61	None	None	1	-4	3.1443754313319556
89	8.2500	16.6875	63	None	None	1	-3	3.5055555555555484
90	8.4375	17.0625	60	None	None	1	-5	3.3883822699040014
91	8.4375	17.0625	64	None	None	1	-2	3.162267080745333
92	8.6250	17.4375	61	None	None	1	-4	3.3255019135453883
93	8.6250	17.4375	63	None	None	1	-1	2.9397264571177657
94	8.8125	17.8125	60	None	None	1	-2	2.648422109291671
95	8.8125	17.8125	64	None	None	1	-1	3.3217140347575116
96	9.0000	18.1875	58	None	None	1	-5	2.817123094296998
97	9.0000	18.1875	61	None	None	1	-3	2.6119282891022007
98	9.1875	18.5625	57	None	None	1	-5	2.6468661773009594
99	9.1875	18.5625	62	None	None	1	-3	2.997176736307168
100	9.3750	18.9375	61	None	None	1	-4	2.640931049626698
101	9.3750	18.9375	63	None	None	1	-3	2.695476504172153
102	9.5625	19.3125	60	None	None	1	-5	2.6132411067193653
103	9.5625	19.3125	64	None	None	1	-2	2.7374364765669057
104	9.7500	19.6875	61	None	None	1	-4	3.1443754313319556
105	9.7500	19.6875	63	None	None	1	-3	3.5055555555555484
106	9.9375	20.0625	60	None	None	1	-5	3.3883822699040014
107	9.9375	20.0625	64	None	None	1	-2	3.162267080745333
108	10.1250	20.4375	61	None	None	1	-4	3.3255019135453883
109	10.1250	20.4375	63	None	None	1	-1	2.9397264571177657
110	10.3125	20.8125	60	None	None	1	-2	2.648422109291671
111	10.3125	20.8125	64	None	None	1	-1	3.3217140347575116
112	10.5000	21.1875	58	None	None	1	-5	3.3205674760022554
113	10.5000	21.1875	61	None	None	1	-3	3.422007340485596
114	10.6875	21.5625	57	None	None	1	-5	3.422007340485596
115	10.6875	21.5625	62	None	None	1	-3	3.422007340485596
116	10.8750	21.9375	61	None	None	1	-4	3.3255019135453883
117	10.8750	21.9375	63	None	None	1	-1	2.9397264571177657
118	11.0625	22.3125	60	None	None	1	-2	2.648422109291671
119	11.0625	22.3125	64	None	None	1	-1	3.3217140347575116
120	11.2500	22.6875	58	None	None	1	-5	3.3205674760022554
121	11.2500	22.6875	61	None	None	1	-3	3.422007340485596
122	11.4375	23.0625	57	None	None	1	-5	3.422007340485596
123	11.4375	23.0625	62	None	None	1	-3	3.422007340485596
124	11.6250	23.4375	61	None	None	1	-4	3.0857908452863296
125	11.6250	23.4375	63	None	None	1	-1	2.598095924675092
126	11.8125	23.8125	60	None	None	1	-2	2.6494325654292803
127	11.8125	23.8125	64	None	None	1	-1	2.680083502314835
128	12.0000	24.1875	58	None	None	1	-5	2.3989277812698515
129	12.0000	24.1875	61	None	None	1	-3	2.0574673549037734
130	12.1875	24.5625	57	None	None	1	-5	2.0924052431025317
131	12.1875	24.5625	62	None	None	1	-4	2.269890277437449
132	12.7500	25.6875	61	None	None	1	-4	2.124789616545153
133	12.7500	25.6875	66	None	None	1	-2	2.267107675844348
134	12.9375	26.0625	62	None	None	1	-2	2.004291360813093
135	12.9375	26.0625	65	None	None	1	-1	2.6775832862789337
136	13.5000	27.1875	61	None	None	1	-4	2.4939082610944734
137	13.5000	27.1875	63	None	None	1	-3	2.695476504172153
138	13.6875	27.5625	60	None	None	1	-5	2.6132411067193653
139	13.6875	27.5625	64	None	None	1	-2	2.7374364765669057
140	13.8750	27.9375	61	None	None	1	-4	2.640931049626698
141	13.8750	27.9375	63	None	None	1	-3	2.695476504172153
142	14.0625	28.3125	60	None	None	1	-5	2.6132411067193653
143	14.0625	28.3125	64	None	None	1	-2	2.7374364765669057
144	14.2500	28.6875	61	None	None	1	-4	3.1443754313319556
145	14.2500	28.6875	63	None	None	1	-3	3.5055555555555484
146	14.4375	29.0625	60	None	None	1	-5	3.3883822699040014
147	14.4375	29.0625	64	None	None	1	-2	3.162267080745333
148	14.6250	29.4375	61	None	None	1	-4	3.1094214101977933
149	14.6250	29.4375	63	None	None	1	-1	2.6907679277244467
150	14.8125	29.8125	60	None	None	1	-2	2.364525691699593
151	14.8125	29.8125	64	None	None	1	-1	2.687507058159225
152	15.0000	30.1875	58	None	None	1	-5	2.4646487053319
153	15.0000	30.1875	61	None	None	1	-3	2.4646487053319
154	15.1875	30.5625	57	None	None	1	-5	2.4646487053319
155	15.1875	30.5625	62	None	None	1	-3	2.4646487053318995
156	15.3750	30.9375	58	None	None	1	-5	2.4646487053319
157	15.3750	30.9375	61	None	None	1	-3	2.4646487053319
158	15.5625	31.3125	57	None	None	1	-5	2.4646487053319
159	15.5625	31.3125	62	None	None	1	-3	2.4646487053318995
160	15.7500	31.6875	58	None	None	1	-5	2.4646487053319
161	15.7500	31.6875	61	None	None	1	-3	2.4646487053319
162	15.9375	32.0625	57	None	None	1	-5	2.4646487053319
163	15.9375	32.0625	62	None	None	1	-3	2.4646487053318995
164	16.1250	32.4375	58	None	None	1	-4	3.237750172532754
165	16.1250	32.4375	61	None	None	1	-2	2.8293305728088085
166	16.3125	32.8125	57	None	None	1	-3	2.9305477131564057
167	16.3125	32.8125	62	None	None	1	-1	3.3631219022523418
168	16.5000	33.1875	58	None	None	1	-2	2.973455047368093
169	16.5000	33.1875	61	None	None	1	-1	3.1635171591693347
170	16.6875	33.5625	57	None	None	1	-3	2.6293556684861024
171	16.6875	33.5625	62	None	None	1	-1	3.09146746972834
172	16.8750	33.9375	56	None	None	1	-3	3.0575883054143915
173	16.8750	33.9375	59	None	None	1	-2	3.1737373737373793
174	17.0625	34.3125	55	None	None	1	-5	2.6132411067193715
175	17.0625	34.3125	59	None	None	1	-2	2.73743647656691
176	17.2500	34.6875	56	None	None	1	-4	2.640931049626703
177	17.2500	34.6875	58	None	None	1	-3	2.695476504172158
178	17.4375	35.0625	55	None	None	1	-5	2.6132411067193715
179	17.4375	35.0625	59	None	None	1	-2	2.73743647656691
180	17.6250	35.4375	56	None	None	1	-4	2.9174854131375882
181	17.6250	35.4375	58	None	None	1	-3	3.2863165819687525
182	17.8125	35.8125	55	None	None	1	-4	3.6109542631281792
183	17.8125	35.8125	59	None	None	1	-2	3.0196499153020895
184	18.0000	36.1875	56	None	None	1	-3	2.89689440993789
185	18.0000	36.1875	58	None	None	1	-1	3.068322981366458
186	18.1875	36.5625	55	None	None	1	-2	2.777018633540366
187	18.1875	36.5625	59	None	None	1	-1	3.159627329192549
188	18.3750	36.9375	53	None	None	1	-2	2.134782608695659
189	18.3750	36.9375	57	None	None	1	-1	3.191304347826091
190	18.5625	37.3125	53	None	None	1	-2	3.3304347826086986
191	18.5625	37.3125	57	None	None	1	-1	3.9565217391304484
192	18.7500	37.6875	53	None	None	1	-4	3.2578141665098213
193	18.7500	37.6875	56	None	None	1	-3	3.403707886316582
194	18.9375	38.0625	53	None	None	1	-4	3.363680281071585
195	18.9375	38.0625	57	None	None	1	-2	3.4217705000313696
196	19.1250	38.4375	53	None	None	1	-4	2.8871070958027474
197	19.1250	38.4375	56	None	None	1	-3	3.037643515904385
198	19.3125	38.8125	53	None	None	1	-4	2.997615910659388
199	19.3125	38.8125	57	None	None	1	-2	3.0796034882991425
200	19.5000	39.1875	53	None	None	1	-4	2.54494008407052
201	19.5000	39.1875	56	None	None	1	-3	2.6954765041721584
202	19.6875	39.5625	53	None	None	1	-5	2.6132411067193666
203	19.6875	39.5625	57	None	None	1	-2	2.7374364765669164
204	19.8750	39.9375	54	None	None	1	-4	2.6409310496267038
205	19.8750	39.9375	56	None	None	1	-3	2.6954765041721584
206	20.0625	40.3125	53	None	None	1	-5	2.6132411067193666
207	20.0625	40.3125	57	None	None	1	-2	2.7374364765669164
208	20.2500	40.6875	54	None	None	1	-4	2.6409310496267038
209	20.2500	40.6875	56	None	None	1	-3	2.6954765041721584
210	20.4375	41.0625	53	None	None	1	-5	2.6132411067193666
211	20.4375	41.0625	57	None	None	1	-2	2.7374364765669164
212	20.6250	41.4375	54	None	None	1	-4	2.6409310496267038
213	20.6250	41.4375	56	None	None	1	-3	2.579327435849177
214	20.8125	41.8125	53	None	None	1	-5	2.9629305477131562
215	20.8125	41.8125	57	None	None	1	-2	2.8165443252399807
216	21.0000	42.1875	54	None	None	1	-4	2.9610828784741816
217	21.0000	42.1875	56	None	None	1	-3	3.0156283330196363
218	21.1875	42.5625	53	None	None	1	-4	2.97560072777464
219	21.1875	42.5625	57	None	None	1	-2	3.057588305414394
220	21.3750	42.9375	54	None	None	1	-3	3.057588305414394
221	21.3750	42.9375	57	None	None	1	-2	3.173737373737376
222	21.5625	43.3125	53	None	None	1	-5	2.6132411067193666
223	21.5625	43.3125	57	None	None	1	-2	2.7374364765669164
224	21.7500	43.6875	54	None	None	1	-4	3.1443754313319525
225	21.7500	43.6875	56	None	None	1	-3	3.505555555555559
226	21.9375	44.0625	53	None	None	1	-5	3.388382269904006
227	21.9375	44.0625	57	None	None	1	-2	3.1622670807453437
228	22.1250	44.4375	54	None	None	1	-4	3.027549416549085
229	22.1250	44.4375	56	None	None	1	-1	2.39528490197826
230	22.3125	44.8125	53	None	None	1	-2	2.069042665953412
231	22.3125	44.8125	57	None	None	1	-1	2.3920240324130413
232	22.5000	45.1875	51	None	None	1	-2	2.579457041814027
233	22.5000	45.1875	54	None	None	1	-1	2.6454590032393237
234	22.6875	45.5625	50	None	None	1	-3	2.1112975125560944
235	22.6875	45.5625	55	None	None	1	-2	2.551945988158793
236	23.0625	46.3125	51	None	None	1	-2	2.7036724716930673
237	23.0625	46.3125	54	None	None	1	-1	2.9429069214538286
238	23.2500	46.6875	50	None	None	1	-3	2.3738075425718455
239	23.2500	46.6875	55	None	None	1	-1	2.485608784807869
240	23.6250	47.4375	49	None	None	1	-3	3.090719800159163
241	23.6250	47.4375	51	None	None	1	-1	2.3131436133152405
242	23.8125	47.8125	48	None	None	1	-2	2.0893858493400823
243	23.8125	47.8125	52	None	None	1	-1	2.6235473400233147
244	24.1875	48.5625	46	None	None	1	-2	2.4021962019673664
245	24.1875	48.5625	49	None	None	1	-1	2.641293946328272
246	24.3750	48.9375	45	None	None	1	-3	2.107132455645037
247	24.3750	48.9375	50	None	None	1	-1	2.569244256887269
248	24.7500	49.6875	44	None	None	1	-4	7.018832520807816
249	24.7500	49.6875	46	None	None	1	-3	6.998009451126754
250	24.9375	50.0625	43	None	None	1	-5	6.8834476843910775
251	24.9375	50.0625	47	None	None	1	-3	6.626304827248216
252	25.1250	50.4375	44	None	None	1	-4	12.739766349774552
253	25.1250	50.4375	46	None	None	1	-3	12.61641423019602
254	25.3125	50.8125	43	None	None	1	-5	12.501852463460342
255	25.3125	50.8125	47	None	None	1	-3	12.640982898242948
256	25.8750	51.9375	68	None	None	1	-3	13.605819947985657
257	25.8750	51.9375	70	None	None	1	-2	13.66403327781507
258	26.0625	52.3125	67	None	None	1	-4	12.57638662495102
259	26.0625	52.3125	69	None	None	1	-3	12.604958053522447
260	26.6250	53.4375	44	None	None	1	-3	11.393282141346422
261	26.6250	53.4375	46	None	None	1	-2	11.375654758499671
262	26.8125	53.8125	43	None	None	1	-5	10.07434350936233
263	26.8125	53.8125	47	None	None	1	-3	9.540182018679097
264	27.3750	54.9375	68	None	None	1	-3	5.099076159319088
265	27.3750	54.9375	70	None	None	1	-2	5.044177613899969
266	27.5625	55.3125	67	None	None	1	-4	4.53641942133298
267	27.5625	55.3125	69	None	None	1	-3	4.53641942133298
268	28.5000	57.1875	44	None	None	1	-3	4.53641942133298
269	28.5000	57.1875	47	None	None	1	-1	4.53641942133298
270	28.6875	57.5625	43	None	None	1	-2	4.53641942133298
271	28.6875	57.5625	47	None	None	1	-1	4.53641942133298
272	29.6250	59.4375	42	None	None	1	-2	4.53641942133298
273	29.6250	59.4375	45	None	None	1	-1	4.53641942133298
274	29.8125	59.8125	41	None	None	1	-2	4.53641942133298
275	29.8125	59.8125	45	None	None	1	0	4.53641942133298
