0	0.0000	0.1875	66	None	None	0	2	1.5315341083797942
1	0.0000	0.1875	68	None	None	0	3	1.7838807716175444
2	0.1875	0.5625	65	None	None	0	2	1.9763773892917376
3	0.1875	0.5625	69	None	None	0	3	2.6039525691699774
4	0.3750	0.9375	66	None	None	0	2	2.6039525691699774
5	0.3750	0.9375	68	None	None	0	3	2.6039525691699774
6	0.5625	1.3125	65	None	None	0	2	2.603952569169978
7	0.5625	1.3125	69	None	None	0	3	2.6039525691699774
8	0.7500	1.6875	66	None	None	0	2	2.829305477131578
9	0.7500	1.6875	68	None	None	0	3	3.006073153899262
10	0.9375	2.0625	65	None	None	0	2	2.988060731539008
11	0.9375	2.0625	69	None	None	0	3	3.127812284334037
12	1.1250	2.4375	66	None	None	0	2	3.097220653742397
13	1.1250	2.4375	68	None	None	0	3	3.232523997741394
14	1.3125	2.8125	65	None	None	0	1	2.3132693393562946
15	1.3125	2.8125	69	None	None	0	2	2.91823828345567
16	1.5000	3.1875	68	None	None	0	2	2.603952569169952
17	1.5000	3.1875	70	None	None	0	3	2.6039525691699525
18	1.6875	3.5625	67	None	None	0	2	2.6039525691699525
19	1.6875	3.5625	71	None	None	0	3	2.6039525691699517
20	1.8750	3.9375	68	None	None	0	2	2.603952569169952
21	1.8750	3.9375	70	None	None	0	3	2.6039525691699525
22	2.0625	4.3125	67	None	None	0	2	2.6039525691699525
23	2.0625	4.3125	71	None	None	0	3	2.6039525691699517
24	2.2500	4.6875	68	None	None	0	2	2.57441495702365
25	2.2500	4.6875	70	None	None	0	3	2.5744149570236448
26	2.4375	5.0625	67	None	None	0	2	2.5744149570236514
27	2.4375	5.0625	71	None	None	0	3	2.5744149570236567
28	2.6250	5.4375	68	None	None	0	2	2.574414957023663
29	2.6250	5.4375	70	None	None	0	3	2.494798920885888
30	2.8125	5.8125	67	None	None	0	2	2.9833239224543564
31	2.8125	5.8125	71	None	None	0	4	2.819367588932818
32	3.0000	6.1875	66	None	None	0	2	3.2156408808582837
33	3.0000	6.1875	68	None	None	0	3	3.215640880858289
34	3.1875	6.5625	65	None	None	0	1	2.989553924336536
35	3.1875	6.5625	69	None	None	0	3	3.2156408808582784
36	3.3750	6.9375	66	None	None	0	1	2.3640880858272153
37	3.3750	6.9375	69	None	None	0	2	2.152399774138907
38	3.5625	7.3125	65	None	None	0	1	2.3132693393562946
39	3.5625	7.3125	69	None	None	0	2	2.91823828345567
40	3.7500	7.6875	68	None	None	0	2	2.57441495702365
41	3.7500	7.6875	70	None	None	0	3	2.5744149570236448
42	3.9375	8.0625	67	None	None	0	2	2.5744149570236514
43	3.9375	8.0625	71	None	None	0	3	2.5744149570236567
44	4.1250	8.4375	68	None	None	0	2	2.7997678649852635
45	4.1250	8.4375	70	None	None	0	3	2.9765355417529427
46	4.3125	8.8125	67	None	None	0	2	2.958523119392695
47	4.3125	8.8125	71	None	None	0	4	3.0458247066942823
48	4.5000	9.1875	66	None	None	0	2	3.0256666039274833
49	4.5000	9.1875	68	None	None	0	3	3.049620427881304
50	4.6875	9.5625	65	None	None	0	1	2.283731727209994
51	4.6875	9.5625	69	None	None	0	2	2.888700671309375
52	4.8750	9.9375	68	None	None	0	2	2.7997678649852635
53	4.8750	9.9375	70	None	None	0	3	2.9765355417529427
54	5.0625	10.3125	67	None	None	0	2	2.958523119392695
55	5.0625	10.3125	71	None	None	0	4	3.0458247066942823
56	5.2500	10.6875	66	None	None	0	2	3.4578769057029954
57	5.2500	10.6875	68	None	None	0	3	4.1850241545893825
58	5.4375	11.0625	65	None	None	0	1	3.183781918564535
59	5.4375	11.0625	69	None	None	0	2	3.58309178743962
60	5.6250	11.4375	68	None	None	0	2	3.681144631765739
61	5.6250	11.4375	70	None	None	0	3	3.681144631765739
62	5.8125	11.8125	67	None	None	0	1	3.3494573059790373
63	5.8125	11.8125	71	None	None	0	3	3.68114463176574
64	6.0000	12.1875	70	None	None	0	3	3.4557917238041327
65	6.0000	12.1875	73	None	None	0	5	2.593083003952567
66	6.1875	12.5625	69	None	None	0	3	2.6856295878034957
67	6.1875	12.5625	74	None	None	0	5	2.8362507058159157
68	6.3750	12.9375	68	None	None	0	2	2.603952569169952
69	6.3750	12.9375	70	None	None	0	3	2.6039525691699525
70	6.5625	13.3125	67	None	None	0	2	2.6039525691699525
71	6.5625	13.3125	71	None	None	0	3	2.6039525691699517
72	6.7500	13.6875	68	None	None	0	2	2.829305477131559
73	6.7500	13.6875	70	None	None	0	3	3.556452726017941
74	6.9375	14.0625	67	None	None	0	2	3.4744651483781923
75	6.9375	14.0625	71	None	None	0	3	3.2688060731539026
76	7.1250	14.4375	68	None	None	0	2	3.753899240855767
77	7.1250	14.4375	70	None	None	0	3	3.9306669176234457
78	7.3125	14.8125	67	None	None	0	1	3.1435096304661596
79	7.3125	14.8125	71	None	None	0	2	3.8882301273605755
80	7.5000	15.1875	70	None	None	0	1	2.7859275989710763
81	7.5000	15.1875	73	None	None	0	2	3.1399774138904535
82	7.6875	15.5625	69	None	None	0	1	2.8350084697910756
83	7.6875	15.5625	74	None	None	0	2	2.91823828345567
84	7.8750	15.9375	73	None	None	0	2	2.603952569169952
85	7.8750	15.9375	75	None	None	0	3	2.6039525691699525
86	8.0625	16.3125	72	None	None	0	2	2.6039525691699525
87	8.0625	16.3125	76	None	None	0	3	2.6039525691699517
88	8.2500	16.6875	73	None	None	0	2	3.1304536043666387
89	8.2500	16.6875	75	None	None	0	3	2.911707133446253
90	8.4375	17.0625	72	None	None	0	2	3.216676077545631
91	8.4375	17.0625	76	None	None	0	3	2.8191605495953245
92	8.6250	17.4375	73	None	None	0	2	3.0445134575569313
93	8.6250	17.4375	75	None	None	0	3	3.22128113432461
94	8.8125	17.8125	72	None	None	0	2	3.203268711964362
95	8.8125	17.8125	76	None	None	0	3	3.343020264759396
96	9.0000	18.1875	70	None	None	0	1	2.7859275989710763
97	9.0000	18.1875	73	None	None	0	2	3.1399774138904535
98	9.1875	18.5625	69	None	None	0	1	2.8350084697910756
99	9.1875	18.5625	74	None	None	0	2	2.91823828345567
100	9.3750	18.9375	73	None	None	0	2	2.829305477131559
101	9.3750	18.9375	75	None	None	0	3	3.556452726017941
102	9.5625	19.3125	72	None	None	0	2	3.4744651483781923
103	9.5625	19.3125	76	None	None	0	3	3.2688060731539026
104	9.7500	19.6875	73	None	None	0	2	3.681144631765739
105	9.7500	19.6875	75	None	None	0	3	3.681144631765739
106	9.9375	20.0625	72	None	None	0	1	3.3494573059790373
107	9.9375	20.0625	76	None	None	0	3	3.68114463176574
108	10.1250	20.4375	75	None	None	0	1	3.483022774327126
109	10.1250	20.4375	78	None	None	0	5	3.5455831608005557
110	10.3125	20.8125	74	None	None	0	3	3.556142167011736
111	10.3125	20.8125	79	None	None	0	5	3.5011042097998657
112	10.5000	21.1875	73	None	None	0	2	3.681144631765739
113	10.5000	21.1875	75	None	None	0	3	3.681144631765739
114	10.6875	21.5625	72	None	None	0	1	3.3494573059790373
115	10.6875	21.5625	76	None	None	0	3	3.68114463176574
116	10.8750	21.9375	75	None	None	0	1	3.483022774327126
117	10.8750	21.9375	78	None	None	0	5	3.5455831608005557
118	11.0625	22.3125	74	None	None	0	3	3.556142167011736
119	11.0625	22.3125	79	None	None	0	5	3.5011042097998657
120	11.2500	22.6875	73	None	None	0	2	3.1868184955141476
121	11.2500	22.6875	75	None	None	0	3	3.5143170838823012
122	11.4375	23.0625	72	None	None	0	1	3.0881987577639523
123	11.4375	23.0625	76	None	None	0	2	3.487508626639044
124	11.6250	23.4375	75	None	None	0	2	3.0912353347135713
125	11.6250	23.4375	78	None	None	0	4	2.805458309806122
126	11.8125	23.8125	74	None	None	0	2	3.0912353347135713
127	11.8125	23.8125	79	None	None	0	4	3.0912353347135713
128	12.0000	24.1875	75	None	None	0	2	3.0912353347135713
129	12.0000	24.1875	78	None	None	0	4	2.805458309806122
130	12.1875	24.5625	74	None	None	0	2	3.0912353347135713
131	12.1875	24.5625	79	None	None	0	4	3.0912353347135713
132	12.3750	24.9375	75	None	None	0	2	3.0912353347135713
133	12.3750	24.9375	78	None	None	0	4	2.805458309806122
134	12.5625	25.3125	74	None	None	0	2	3.0912353347135713
135	12.5625	25.3125	79	None	None	0	4	3.0912353347135713
136	12.7500	25.6875	75	None	None	0	2	3.0912353347135713
137	12.7500	25.6875	78	None	None	0	4	2.805458309806122
138	12.9375	26.0625	74	None	None	0	2	3.0912353347135713
139	12.9375	26.0625	79	None	None	0	4	3.0912353347135713
140	13.1250	26.4375	75	None	None	0	2	3.2149358904507466
141	13.1250	26.4375	78	None	None	0	4	2.5233254414032498
142	13.3125	26.8125	74	None	None	0	2	2.608419599723931
143	13.3125	26.8125	79	None	None	0	4	2.7553547901373854
144	13.5000	27.1875	75	None	None	0	2	3.069280909784337
145	13.5000	27.1875	78	None	None	0	4	2.5516990764130396
146	13.6875	27.5625	74	None	None	0	2	2.724669380962285
147	13.6875	27.5625	79	None	None	0	4	2.724669380962285
148	14.0625	28.3125	74	None	None	0	2	3.321842036863268
149	14.0625	28.3125	79	None	None	0	4	3.3150827143144754
150	14.2500	28.6875	75	None	None	0	1	3.029606625258811
151	14.2500	28.6875	78	None	None	0	2	3.0296066252588045
152	14.6250	29.4375	75	None	None	0	2	3.2876179249176953
153	14.6250	29.4375	78	None	None	0	5	2.591931244448407
154	14.8125	29.8125	74	None	None	0	3	2.6024902506595806
155	14.8125	29.8125	79	None	None	0	5	2.6943874838611643
156	15.0000	30.1875	73	None	None	0	2	2.694027889222399
157	15.0000	30.1875	75	None	None	0	3	2.7897216691267044
158	15.1875	30.5625	72	None	None	0	1	2.705810639906739
159	15.1875	30.5625	76	None	None	0	3	2.6750453208119107
160	15.5625	31.3125	74	None	None	0	2	3.321842036863268
161	15.5625	31.3125	79	None	None	0	4	3.3150827143144754
162	15.7500	31.6875	75	None	None	0	1	3.029606625258811
163	15.7500	31.6875	78	None	None	0	2	3.0296066252588045
164	16.1250	32.4375	75	None	None	0	1	3.26456903127384
165	16.1250	32.4375	78	None	None	0	5	2.988855372951484
166	16.3125	32.8125	74	None	None	0	3	2.9994143791626637
167	16.3125	32.8125	79	None	None	0	5	2.944376421950794
168	16.5000	33.1875	73	None	None	0	2	2.753791263402251
169	16.5000	33.1875	75	None	None	0	3	2.760550585951045
170	16.6875	33.5625	72	None	None	0	1	2.058499509643662
171	16.6875	33.5625	76	None	None	0	2	2.6047445689322073
172	17.0625	34.3125	75	None	None	0	2	2.511985497340182
173	17.0625	34.3125	78	None	None	0	4	2.02457494196624
174	17.2500	34.6875	74	None	None	0	2	3.2456929543886055
175	17.2500	34.6875	79	None	None	0	4	3.065129556433906
176	17.6250	35.4375	74	None	None	0	2	3.0155054962835313
177	17.6250	35.4375	79	None	None	0	4	2.906217123837265
178	17.8125	35.8125	75	None	None	0	2	2.98820470147702
179	17.8125	35.8125	78	None	None	0	5	2.7258105738654894
180	18.0000	36.1875	72	None	None	0	2	2.485670368279074
181	18.0000	36.1875	76	None	None	0	3	2.4351963571643362
182	18.1875	36.5625	73	None	None	0	3	2.5388821196601583
183	18.1875	36.5625	75	None	None	0	4	2.5939461631681446
184	18.5625	37.3125	73	None	None	0	2	2.4295914357699377
185	18.5625	37.3125	75	None	None	0	3	2.747944135701584
186	18.7500	37.6875	72	None	None	0	2	2.7158541941150736
187	18.7500	37.6875	76	None	None	0	4	2.4539494322103153
188	19.1250	38.4375	68	None	None	0	1	2.59958851580297
189	19.1250	38.4375	70	None	None	0	2	2.1131223503894305
190	19.3125	38.8125	67	None	None	0	1	2.395109928029175
191	19.3125	38.8125	71	None	None	0	2	2.692344332504521
192	19.6875	39.5625	72	None	None	0	2	2.563385571966818
193	19.6875	39.5625	76	None	None	0	4	2.4048642687086748
194	19.8750	39.9375	73	None	None	0	3	2.4212391981270827
195	19.8750	39.9375	75	None	None	0	5	2.7089167252782804
196	20.2500	40.6875	68	None	None	0	1	1.9532776275339172
197	20.2500	40.6875	71	None	None	0	2	2.0233733213138203
198	20.4375	41.0625	67	None	None	0	1	2.27522561344071
199	20.4375	41.0625	71	None	None	0	2	2.6745354823158016
200	20.8125	41.8125	73	None	None	0	2	2.6298057396455508
201	20.8125	41.8125	75	None	None	0	3	2.4974065598779456
202	21.0000	42.1875	72	None	None	0	3	3.1566652609313595
203	21.0000	42.1875	76	None	None	0	5	2.6333325549899573
204	21.3750	42.9375	70	None	None	0	3	2.608862288414425
205	21.3750	42.9375	73	None	None	0	5	2.086696484293738
206	21.5625	43.3125	69	None	None	0	3	2.1792430681446726
207	21.5625	43.3125	74	None	None	0	5	2.3298641861570983
208	21.9375	44.0625	67	None	None	0	2	2.478376771969457
209	21.9375	44.0625	71	None	None	0	3	2.2675235519629227
210	22.1250	44.4375	68	None	None	0	2	2.756048553531391
211	22.1250	44.4375	70	None	None	0	4	2.9811405985319155
212	22.5000	45.1875	66	None	None	0	2	2.9103324847031997
213	22.5000	45.1875	68	None	None	0	3	3.01286153460067
214	22.6875	45.5625	65	None	None	0	2	3.01286153460067
215	22.6875	45.5625	69	None	None	0	4	2.9604115691072357
216	22.8750	45.9375	66	None	None	0	3	2.9947989208858923
217	22.8750	45.9375	69	None	None	0	4	3.034387351778665
218	23.0625	46.3125	65	None	None	0	2	2.603952569169978
219	23.0625	46.3125	69	None	None	0	3	2.6039525691699774
220	23.2500	46.6875	66	None	None	0	2	2.6039525691699774
221	23.2500	46.6875	68	None	None	0	3	2.6039525691699774
222	23.4375	47.0625	65	None	None	0	2	2.603952569169978
223	23.4375	47.0625	69	None	None	0	3	2.6039525691699774
224	23.6250	47.4375	66	None	None	0	2	2.6039525691699774
225	23.6250	47.4375	68	None	None	0	3	2.6039525691699774
226	23.8125	47.8125	65	None	None	0	2	2.603952569169978
227	23.8125	47.8125	69	None	None	0	3	2.6039525691699774
228	24.0000	48.1875	66	None	None	0	2	2.6039525691699774
229	24.0000	48.1875	68	None	None	0	3	2.6039525691699774
230	24.1875	48.5625	65	None	None	0	2	2.603952569169978
231	24.1875	48.5625	69	None	None	0	3	2.6039525691699774
232	24.3750	48.9375	66	None	None	0	2	4.48178384036507
233	24.3750	48.9375	68	None	None	0	3	4.246855610699999
234	24.5625	49.3125	65	None	None	0	2	4.936329294910523
235	24.5625	49.3125	69	None	None	0	4	4.49765685623809
236	24.7500	49.6875	66	None	None	0	3	4.532044208016745
237	24.7500	49.6875	68	None	None	0	4	4.741499004428068
238	24.9375	50.0625	65	None	None	0	3	4.759511426788313
239	24.9375	50.0625	69	None	None	0	5	4.233537400814295
240	25.3125	50.8125	53	None	None	0	1	2.6722755505364244
241	25.3125	50.8125	57	None	None	0	3	2.603952569169965
242	25.5000	51.1875	54	None	None	0	2	2.603952569169965
243	25.5000	51.1875	56	None	None	0	3	2.603952569169965
244	25.6875	51.5625	53	None	None	0	2	2.6039525691699654
245	25.6875	51.5625	57	None	None	0	3	2.603952569169965
246	25.8750	51.9375	54	None	None	0	2	2.603952569169965
247	25.8750	51.9375	56	None	None	0	3	2.603952569169965
248	26.0625	52.3125	53	None	None	0	2	2.6039525691699654
249	26.0625	52.3125	57	None	None	0	3	2.603952569169965
250	26.2500	52.6875	54	None	None	0	2	2.603952569169965
251	26.2500	52.6875	56	None	None	0	3	2.603952569169965
252	26.4375	53.0625	53	None	None	0	2	2.6039525691699654
253	26.4375	53.0625	57	None	None	0	3	2.603952569169965
254	26.6250	53.4375	54	None	None	0	2	2.603952569169965
255	26.6250	53.4375	56	None	None	0	3	2.603952569169965
256	26.8125	53.8125	53	None	None	0	2	2.6039525691699654
257	26.8125	53.8125	57	None	None	0	3	2.603952569169965
258	27.0000	54.1875	54	None	None	0	2	2.603952569169965
259	27.0000	54.1875	56	None	None	0	3	2.603952569169965
260	27.1875	54.5625	53	None	None	0	2	2.6039525691699654
261	27.1875	54.5625	57	None	None	0	3	2.603952569169965
262	27.3750	54.9375	54	None	None	0	2	2.603952569169965
263	27.3750	54.9375	56	None	None	0	3	2.603952569169965
264	27.5625	55.3125	53	None	None	0	2	2.6039525691699654
265	27.5625	55.3125	57	None	None	0	3	2.603952569169965
266	27.7500	55.6875	54	None	None	0	2	2.603952569169965
267	27.7500	55.6875	56	None	None	0	3	2.603952569169965
268	27.9375	56.0625	53	None	None	0	2	2.6039525691699654
269	27.9375	56.0625	57	None	None	0	3	2.603952569169965
270	28.1250	56.4375	54	None	None	0	2	2.603952569169965
271	28.1250	56.4375	56	None	None	0	3	2.603952569169965
272	28.3125	56.8125	53	None	None	0	2	2.6039525691699654
273	28.3125	56.8125	57	None	None	0	3	2.603952569169965
274	28.5000	57.1875	54	None	None	0	2	2.603952569169965
275	28.5000	57.1875	56	None	None	0	3	2.603952569169965
276	28.6875	57.5625	53	None	None	0	2	2.6039525691699654
277	28.6875	57.5625	57	None	None	0	3	2.603952569169965
278	28.8750	57.9375	54	None	None	0	2	2.603952569169965
279	28.8750	57.9375	56	None	None	0	3	2.603952569169965
280	29.0625	58.3125	53	None	None	0	2	2.6039525691699654
281	29.0625	58.3125	57	None	None	0	3	2.6039525691699654
282	29.2500	58.6875	54	None	None	0	2	2.6039525691699654
283	29.2500	58.6875	56	None	None	0	3	2.6039525691699654
284	29.4375	59.0625	53	None	None	0	2	2.6039525691699654
285	29.4375	59.0625	57	None	None	0	3	2.6039525691699654
286	29.6250	59.4375	54	None	None	0	2	2.6039525691699654
287	29.6250	59.4375	56	None	None	0	3	2.6039525691699654
288	29.8125	59.8125	53	None	None	0	2	2.6039525691699654
289	29.8125	59.8125	57	None	None	0	0	2.6039525691699654
