0	0.0000	1.1111	60	None	None	0	2	2.4917358719296643
1	0.5556	0.8333	66	None	None	0	4	2.155677084007718
2	0.8333	1.1111	62	None	None	0	2	2.2767117478732675
3	1.1111	3.3333	60	None	None	0	1	2.0231478223030352
4	1.1111	2.7778	68	None	None	0	4	2.396073242471107
5	1.6667	1.9444	64	None	None	0	2	2.682226390170866
6	1.9444	2.2222	66	None	None	0	3	2.6379655039982133
7	2.2222	5.5556	60	None	None	0	1	3.2819171312592874
8	2.2222	4.7222	62	None	None	0	2	2.6135347783181064
9	2.5000	2.7778	64	None	None	0	3	2.605525324536595
10	2.7778	3.0556	66	None	None	0	4	2.7901882189701754
11	3.0556	3.3333	68	None	None	0	5	2.3630798756328444
12	3.3333	4.4444	60	None	None	0	2	1.9973882330281876
13	3.8889	4.1667	66	None	None	0	4	1.7790957484688754
14	4.1667	4.4444	62	None	None	0	2	2.0494931196669723
15	4.4444	4.7222	68	None	None	0	4	1.402271837086141
16	4.7222	5.0000	64	None	None	0	2	1.661590229312071
17	5.0000	5.5556	66	None	None	0	5	1.7597404215923638
18	5.5556	6.6667	60	None	None	0	2	1.788406209941605
19	6.6667	7.2222	60	None	None	0	2	1.9978337309500125
20	7.2222	7.5000	66	None	None	0	4	1.8714463115754774
21	7.5000	7.7778	62	None	None	0	2	2.2354168998107755
22	7.7778	8.3333	68	None	None	0	5	1.9875555730766947
23	8.3333	8.6111	64	None	None	0	3	2.0216052098805712
24	8.6111	8.8889	66	None	None	0	4	2.6215704926038272
25	8.8889	9.1667	62	None	None	0	1	2.581806447540494
26	9.1667	9.4444	64	None	None	0	2	2.141960644041897
27	9.4444	9.7222	66	None	None	0	3	2.3155382877341992
28	9.7222	10.0000	68	None	None	0	4	2.030257004662175
29	10.0000	10.5556	60	None	None	0	1	2.169695831040183
30	10.5556	10.8333	66	None	None	0	4	2.0226777306567336
31	10.8333	11.1111	62	None	None	0	2	2.1018268903205968
32	11.1111	11.3889	68	None	None	0	4	1.6431620926420059
33	11.3889	11.6667	64	None	None	0	2	1.76419675650756
34	11.6667	12.2222	66	None	None	0	3	1.8372487045595087
35	12.2222	13.3333	60	None	None	0	1	1.9810903937775668
36	13.3333	14.4444	66	None	None	0	2	2.3748167834159912
37	13.8889	14.1667	68	None	None	0	3	3.187375859434687
38	14.1667	14.4444	70	None	None	0	4	3.172977091452914
39	14.4444	29.4444	67	None	None	0	3	3.4519682834613032
40	14.4444	29.1667	72	None	None	0	5	3.4071941237974395
41	14.7222	15.0000	70	None	None	0	4	3.386251371696599
42	15.0000	15.2778	68	None	None	0	3	3.2306791273905535
43	15.2778	15.5556	66	None	None	0	1	2.7889543018671312
44	15.5556	32.2222	72	None	None	0	2	2.7743689386386343
45	15.5556	31.6667	72	None	None	0	3	2.774368938638634
46	16.1111	16.3889	66	None	None	0	1	2.6073601435951956
47	16.3889	16.6667	68	None	None	0	2	3.0120679358029845
48	16.6667	33.8889	70	None	None	0	3	5.0833055217464675
49	16.6667	34.4444	72	None	None	0	4	7.551391847185759
50	17.2222	17.5000	68	None	None	0	2	7.7072029852002855
51	17.5000	17.7778	70	None	None	0	3	7.623444520335138
52	17.7778	36.6667	72	None	None	0	4	8.171007352807575
53	17.7778	35.8333	72	None	None	0	2	6.900245045573378
54	18.0556	18.3333	70	None	None	0	1	6.356652608598592
55	18.3333	18.6111	68	None	None	0	4	1.8742279609996502
56	18.6111	18.8889	66	None	None	0	3	1.7186557166936074
57	18.8889	19.4444	64	None	None	0	2	1.9000632797188184
58	19.4444	20.0000	66	None	None	0	4	1.6823471387890847
59	20.0000	21.1111	68	None	None	0	5	1.560834936065164
60	21.1111	21.6667	57	None	None	0	2	1.6393816925845923
61	21.6667	21.9444	63	None	None	0	4	1.2743706987802983
62	21.9444	22.2222	59	None	None	0	2	1.344293406669424
63	22.2222	22.7778	65	None	None	0	5	1.3529715119639263
64	22.7778	23.0556	61	None	None	0	3	1.6970609713914249
65	23.0556	23.3333	63	None	None	0	4	1.6672993633583755
66	23.3333	23.6111	59	None	None	0	2	1.6519584542674661
67	23.6111	23.8889	61	None	None	0	3	1.859535803388933
68	23.8889	24.1667	63	None	None	0	4	1.855315130459081
69	24.1667	24.4444	65	None	None	0	0	-1
70	25.5556	26.1111	57	None	None	0	0	-1
71	26.1111	26.3889	63	None	None	0	0	-1
72	26.3889	26.6667	59	None	None	0	0	-1
73	26.6667	26.9444	65	None	None	0	0	-1
74	26.9444	27.2222	61	None	None	0	0	-1
75	27.2222	27.7778	63	None	None	0	0	-1
76	27.7778	28.8889	57	None	None	0	0	-1
77	29.4444	59.4444	73	None	None	0	3	5.5249432044164095
78	29.4444	59.4444	73	None	None	0	2	5.998562793761589
79	30.0000	31.1111	72	None	None	0	1	5.558170253848856
80	30.5556	30.8333	71	None	None	0	4	2.0412818305288285
81	30.8333	31.1111	69	None	None	0	3	2.0412818305288285
82	31.1111	32.2222	67	None	None	0	2	1.9552488580177942
83	31.3889	31.6667	69	None	None	0	3	1.9552488580177965
84	31.6667	31.9444	71	None	None	0	4	1.928673227765695
85	31.9444	32.2222	73	None	None	0	5	1.876846246973372
86	32.2222	33.3333	67	None	None	0	2	1.8150290200826174
87	32.7778	33.0556	73	None	None	0	5	1.7472015713065034
88	33.0556	33.3333	71	None	None	0	4	1.9072330839115403
89	33.3333	33.8889	69	None	None	0	3	2.497587975868316
90	33.8889	34.1667	71	None	None	0	4	2.535874900807784
91	34.1667	34.4444	69	None	None	0	3	2.7169548751704085
92	34.4444	35.5556	67	None	None	0	1	2.2433001320713246
93	34.7222	35.0000	69	None	None	0	3	3.807902592307332
94	35.0000	35.2778	71	None	None	0	4	3.6288180925598184
95	35.2778	35.5556	73	None	None	0	5	3.9031465739523723
96	35.5556	72.2222	67	None	None	0	1	4.165806298859296
97	35.5556	71.6667	75	None	None	0	5	3.9463511496963894
98	36.1111	36.6667	73	None	None	0	4	3.805854781657647
99	36.6667	74.4444	67	None	None	0	2	3.6050078095868487
100	36.6667	74.4444	71	None	None	0	5	2.6917564921107044
101	37.7778	38.8889	57	None	None	0	1	2.2550448568531096
102	38.3333	38.6111	63	None	None	0	4	1.8898795064003433
103	38.6111	38.8889	59	None	None	0	2	2.48215891816505
104	38.8889	78.8889	57	None	None	0	1	2.171234548417146
105	38.8889	78.3333	65	None	None	0	4	1.889879506400343
106	39.4444	39.7222	61	None	None	0	2	2.036611226823491
107	39.7222	40.0000	63	None	None	0	3	1.9342802327925923
108	40.0000	41.1111	57	None	None	0	2	2.5136210285555607
109	41.6667	41.9444	63	None	None	0	4	3.0812280125779172
110	41.9444	42.2222	59	None	None	0	2	3.2750540272835487
111	42.2222	85.5556	57	None	None	0	1	2.8790686468299924
112	42.2222	84.7222	65	None	None	0	4	3.549433445586755
113	42.5000	42.7778	61	None	None	0	2	5.3278981315856795
114	42.7778	43.3333	63	None	None	0	3	5.269864940482184
115	43.3333	44.4444	57	None	None	0	1	5.252578367419723
116	44.4444	44.8792	55	None	None	0	4	7.927907100896107
117	44.8792	45.0966	53	None	None	0	3	14.985212616113976
118	45.0966	45.3140	55	None	None	0	5	13.32505593458656
119	45.3140	45.5314	53	None	None	0	4	13.327107516946365
120	45.5314	45.7488	51	None	None	0	3	13.26350114972798
121	45.7488	46.1836	49	None	None	0	1	12.294059617606758
122	46.1836	92.5845	51	None	None	0	2	12.000418177189513
123	46.1836	93.2367	55	None	None	0	3	17.957261923709133
124	46.4010	46.6184	47	None	None	0	1	19.471227410277354
125	46.6184	46.8357	51	None	None	0	3	13.711964032863197
126	46.8357	47.0531	53	None	None	0	4	13.830916028356285
127	47.0531	47.9227	55	None	None	0	5	19.33125428455193
128	47.9227	48.1401	53	None	None	0	4	19.415439890448138
129	48.1401	48.3575	49	None	None	0	1	18.96861548197991
130	48.3575	48.5749	51	None	None	0	2	18.312700164420747
131	48.5749	48.7923	47	None	None	0	1	12.992402953070481
132	48.7923	49.0097	51	None	None	0	2	12.377472397515032
133	49.0097	49.2271	53	None	None	0	1	14.310744738966882
134	49.2271	49.6618	55	None	None	0	2	13.773186775435821
135	49.6618	50.5314	67	None	None	0	5	11.783510715820533
136	50.0966	50.3140	65	None	None	0	4	16.7841270700057
137	50.3140	50.5314	61	None	None	0	1	23.425460700991202
138	50.5314	101.2802	63	None	None	0	2	22.733685315037736
139	50.5314	101.9324	67	None	None	0	3	23.415657827682715
140	50.7488	50.9662	59	None	None	0	1	26.241447445064985
141	51.1836	51.4010	61	None	None	0	2	22.52669781762745
142	51.4010	103.0193	63	None	None	0	3	22.51576504321009
143	51.4010	103.6715	67	None	None	0	4	21.655107773349055
144	51.6184	51.8357	59	None	None	0	1	22.86319306318748
145	51.8357	52.0531	63	None	None	0	2	17.090547515242307
146	52.0531	52.2705	65	None	None	0	3	17.763784976626056
147	52.7053	52.9227	59	None	None	0	1	18.942899687413874
148	52.9227	53.1401	61	None	None	0	2	20.875031259808146
149	53.1401	53.3575	63	None	None	0	3	20.839171191413836
150	53.3575	53.5749	65	None	None	0	4	20.958123186906917
151	53.5749	54.0097	67	None	None	0	1	13.96528135755911
152	54.0097	54.2271	75	None	None	0	2	12.729008029317018
153	54.2271	54.4444	77	None	None	0	1	11.251561845363993
154	54.4444	55.3140	79	None	None	0	2	10.720446385481415
155	54.6618	54.8792	71	None	None	0	1	7.969848429404033
156	54.8792	55.0966	75	None	None	0	2	2.3166819801759675
157	55.0966	55.3140	77	None	None	0	3	2.513599788395139
158	55.3140	55.7488	79	None	None	0	4	2.788659584002894
159	55.7488	55.9662	75	None	None	0	2	3.07004240052186
160	55.9662	56.1836	77	None	None	0	3	3.2669602087410365
161	56.1836	56.4010	79	None	None	0	4	3.5420200043487777
162	56.4010	56.6184	71	None	None	0	1	3.5257664709719525
163	56.6184	56.8357	77	None	None	0	3	3.2669602087410303
164	56.8357	57.0531	79	None	None	0	4	3.542020004348772
165	57.0531	57.2705	71	None	None	0	1	3.5257664709719463
166	57.2705	57.4879	77	None	None	0	3	3.120586925047321
167	57.4879	57.7053	79	None	None	0	4	3.1552489318109043
168	57.7053	57.9227	71	None	None	0	1	2.9992292421293376
169	57.9227	58.1401	77	None	None	0	3	2.4982178602438276
170	58.1401	58.3575	79	None	None	0	4	2.3754893864188533
171	58.3575	58.5749	71	None	None	0	1	2.1279636033718385
172	58.5749	58.7923	77	None	None	0	3	1.6269522214863288
173	58.7923	59.2271	79	None	None	0	4	1.5042237476613547
174	59.2271	118.8889	71	None	None	0	1	1.4030712483080423
175	59.2271	118.8889	77	None	None	0	3	1.2494707837319654
176	59.2271	118.8889	79	None	None	0	4	1.412717654295907
177	60.0966	120.6280	71	None	None	0	1	1.4989030842689304
178	60.0966	120.6280	77	None	None	0	3	1.5100135877506495
179	60.0966	120.6280	79	None	None	0	4	1.7574460642108005
180	60.9662	122.3671	71	None	None	0	1	1.8436314941838265
181	60.9662	122.3671	77	None	None	0	3	1.8547419976655457
182	60.9662	122.3671	79	None	None	0	4	2.1021744741256962
183	61.4010	123.2367	71	None	None	0	1	2.092528068137827
184	61.4010	123.2367	77	None	None	0	3	1.9389276035617553
185	61.4010	123.2367	79	None	None	0	4	2.1021744741256994
186	61.8357	124.1063	71	None	None	0	1	2.0925280681378244
187	61.8357	124.1063	77	None	None	0	3	1.9389276035617473
188	61.8357	124.1063	79	None	None	0	4	2.102174474125689
189	62.2705	124.9758	71	None	None	0	1	2.0925280681378142
190	62.2705	124.9758	77	None	None	0	3	3.449480578139103
191	62.2705	124.9758	79	None	None	0	4	6.567866821525367
192	62.7053	125.8454	71	None	None	0	1	6.558220415537498
193	62.7053	125.8454	77	None	None	0	3	11.239135548281936
194	62.7053	125.8454	79	None	None	0	4	11.7713203463204
195	63.1401	126.7150	71	None	None	0	1	12.186852640263188
196	63.1401	126.7150	77	None	None	0	2	11.234913837607419
197	63.1401	126.7150	79	None	None	0	3	11.568913591029322
198	63.5749	127.3671	83	None	None	0	1	7.630010266160695
199	63.5749	127.3671	89	None	None	0	2	7.186727831235515
200	63.5749	127.3671	91	None	None	0	3	7.1836622967884916
201	64.0097	129.1304	75	None	None	0	3	2.9950373456993837
202	64.0097	128.5749	75	None	None	0	5	2.024585173052276
203	64.5652	64.8430	69	None	None	0	2	2.1200484007162155
204	64.8430	65.1208	73	None	None	0	5	2.1091858353510884
205	65.1208	65.6763	67	None	None	0	2	2.1801292550918716
206	65.6763	65.9541	71	None	None	0	3	2.019604134026495
207	65.9541	66.2319	69	None	None	0	2	2.0603341760432965
208	66.2319	66.5097	73	None	None	0	4	1.9836695271328852
209	66.5097	66.7874	71	None	None	0	3	2.221612394957979
210	66.7874	67.0652	69	None	None	0	2	2.7011363231733263
211	67.0652	67.3430	67	None	None	0	1	2.107135857039274
212	67.3430	68.4541	75	None	None	0	5	2.0769252134598144
213	67.8986	68.1763	69	None	None	0	3	2.523459150609383
214	68.1763	68.4541	73	None	None	0	5	2.4450527880643644
215	69.0097	69.5652	67	None	None	0	3	2.241526759008671
216	69.5652	70.1208	71	None	None	0	5	2.021562463583259
217	70.1208	70.6763	69	None	None	0	4	2.41200720080019
218	70.6763	71.7874	60	None	None	0	1	2.5213724896738285
219	71.2319	71.5097	66	None	None	0	5	1.8983220618755858
220	71.5097	71.7874	62	None	None	0	3	2.245073262355764
221	71.7874	144.6860	60	None	None	0	1	2.0561354491719546
222	71.7874	144.1304	68	None	None	0	5	1.9875555730766885
223	72.3430	72.6208	64	None	None	0	3	2.021605209880566
224	72.6208	72.8986	66	None	None	0	4	2.0513583611410637
225	72.8986	73.1763	62	None	None	0	2	2.7083351984861617
226	73.1763	73.4541	64	None	None	0	3	2.5071170965664966
227	73.4541	73.7319	66	None	None	0	4	2.384361378331583
228	73.7319	74.0097	68	None	None	0	5	2.008858539581416
229	74.0097	75.1208	60	None	None	0	2	2.0333299565885805
230	74.5652	74.8430	66	None	None	0	4	1.4798341938767168
231	74.8430	75.1208	62	None	None	0	2	1.5918519773987336
232	75.1208	151.3527	60	None	None	0	1	0.9275235341570421
233	75.1208	151.3527	68	None	None	0	4	0.8938633539832789
234	76.2319	77.3430	60	None	None	0	1	0.9393030060743076
235	76.7874	77.3430	66	None	None	0	3	0.9393030060743076
236	77.8986	156.3527	60	None	None	0	1	0.9393030060743076
237	77.8986	156.3527	60	None	None	0	2	0.9393030060743076
238	80.6763	81.7874	60	None	None	0	1	0.9393030060743076
239	81.2319	81.7874	64	None	None	0	2	0.9393030060743076
240	81.7874	164.6860	60	None	None	0	1	0.9393030060743076
241	81.7874	164.6860	68	None	None	0	4	0.9393030060743076
242	82.8986	84.0097	66	None	None	0	3	0.9393030060743076
243	84.0097	85.1208	60	None	None	0	0	0.9393030060743076
