0	6.6667	7.7778	57	None	None	1	-5	1.95670265987752
1	7.2222	7.5000	63	None	None	1	-2	2.0071121457057512
2	7.5000	7.7778	59	None	None	1	-3	1.8804052129326359
3	7.7778	16.6667	57	None	None	1	-4	1.9843968095712916
4	7.7778	16.1111	65	None	None	1	-1	2.080392750320474
5	8.3333	8.6111	61	None	None	1	-3	1.8938282554932664
6	8.6111	8.8889	63	None	None	1	-2	1.9536234235604912
7	8.8889	9.1667	59	None	None	1	-4	2.479358717678142
8	9.1667	9.4444	61	None	None	1	-3	2.6958908987323773
9	9.4444	9.7222	63	None	None	1	-2	2.65438020354521
10	9.7222	10.0000	65	None	None	1	-1	2.7587241522186776
11	10.0000	11.1111	57	None	None	1	-5	2.2814093894297223
12	10.5556	10.8333	63	None	None	1	-2	2.2556275383310447
13	10.8333	11.1111	59	None	None	1	-3	2.483437412280617
14	11.1111	23.3333	57	None	None	1	-4	2.2488785887512055
15	11.1111	22.5000	65	None	None	1	-1	2.6837525383310434
16	11.3889	11.6667	61	None	None	1	-3	2.584958080378788
17	11.6667	12.2222	63	None	None	1	-2	2.611533710630885
18	12.2222	13.3333	57	None	None	1	-5	2.6448336831622723
19	13.3333	14.4444	63	None	None	1	-4	2.2312948272529307
20	13.8889	14.1667	65	None	None	1	-3	3.078770258103233
21	14.1667	14.4444	67	None	None	1	-2	3.389496682725475
22	14.4444	30.0000	64	None	None	1	-4	3.0087718928095137
23	14.4444	29.1667	69	None	None	1	-2	3.103117751337823
24	14.7222	15.0000	67	None	None	1	-3	3.1248614488168145
25	15.0000	15.2778	65	None	None	1	-4	3.1654005458115444
26	15.2778	15.5556	63	None	None	1	-5	3.1135735650192213
27	15.5556	32.2222	69	None	None	1	-3	2.743281761857269
28	15.5556	31.6667	69	None	None	1	-2	2.65063470303374
29	16.1111	16.3889	63	None	None	1	-5	2.5792996011963973
30	16.3889	16.6667	65	None	None	1	-4	2.7107334247258037
31	16.6667	33.8889	67	None	None	1	-3	4.5339627164425
32	16.6667	34.4444	69	None	None	1	-2	8.439101931219312
33	17.2222	17.5000	65	None	None	1	-4	8.270639461485658
34	17.5000	17.7778	67	None	None	1	-3	9.030681089847336
35	17.7778	36.6667	69	None	None	1	-2	8.807844243244292
36	17.7778	35.8333	69	None	None	1	-1	8.694302345902836
37	18.0556	18.3333	67	None	None	1	-3	7.2759306752006605
38	18.3333	18.6111	65	None	None	1	-1	2.860883406293101
39	18.6111	18.8889	63	None	None	1	-3	2.258299460542221
40	18.8889	19.4444	61	None	None	1	-4	2.168944693211557
41	19.4444	20.0000	63	None	None	1	-3	2.3346662206514983
42	20.0000	41.1111	65	None	None	1	-2	2.370539404670864
43	20.0000	41.1111	69	None	None	1	-1	2.4912754109377766
44	23.3333	23.8889	49	None	None	1	-5	1.869208064581758
45	23.8889	24.1667	55	None	None	1	-3	2.181122830488118
46	24.1667	24.4444	51	None	None	1	-5	2.0515490793458744
47	24.4444	25.0000	57	None	None	1	-2	1.9127467363747859
48	25.0000	25.2778	53	None	None	1	-4	1.729219194001901
49	25.2778	25.5556	55	None	None	1	-3	2.04794922838854
50	25.5556	25.8333	51	None	None	1	-5	2.1461647222131934
51	25.8333	26.1111	53	None	None	1	-4	2.453340134751087
52	26.1111	26.3889	55	None	None	1	-3	2.528529802297616
53	26.3889	26.6667	56	None	None	1	-2	6.45564094856128
54	27.7778	28.3333	49	None	None	1	-5	6.858847309527122
55	28.3333	28.6111	55	None	None	1	-3	6.694229151015642
56	28.6111	28.8889	51	None	None	1	-5	6.7039267800672695
57	28.8889	29.1667	57	None	None	1	-2	6.5009712796853
58	29.1667	29.4444	53	None	None	1	-3	6.248555313298743
59	29.4444	30.0000	55	None	None	1	-2	6.857799921195838
60	30.0000	31.1111	49	None	None	1	-5	6.930175428602188
61	31.1111	31.6667	70	None	None	1	-1	2.6071510711372428
62	31.6667	31.9444	68	None	None	1	-3	1.9628663927050038
63	31.9444	32.2222	66	None	None	1	-4	1.7411620859823145
64	32.2222	33.3333	64	None	None	1	-5	1.7621048380831572
65	32.5000	32.7778	66	None	None	1	-4	1.6665888292913464
66	32.7778	33.0556	68	None	None	1	-3	1.8011142303608638
67	33.0556	33.3333	70	None	None	1	-2	1.7504183269995197
68	33.3333	34.4444	64	None	None	1	-5	1.5503789362432236
69	33.8889	34.1667	70	None	None	1	-2	1.5592777268842868
70	34.1667	34.4444	68	None	None	1	-3	1.600788422071453
71	34.4444	70.0000	64	None	None	1	-5	1.8997642624075883
72	34.4444	69.4444	66	None	None	1	-4	2.1012479808949776
73	35.0000	35.2778	68	None	None	1	-3	2.1427001867773323
74	35.2778	35.5556	66	None	None	1	-4	2.0019394333234137
75	35.5556	36.6667	64	None	None	1	0	-1
76	35.8333	36.1111	66	None	None	1	0	-1
77	36.1111	36.3889	68	None	None	1	0	-1
78	36.3889	36.6667	70	None	None	1	0	-1
79	36.6667	74.4444	64	None	None	1	0	-1
80	36.6667	73.8889	72	None	None	1	0	-1
81	37.2222	37.7778	70	None	None	1	0	-1
82	37.7778	38.8889	68	None	None	1	-1	2.290846480857507
83	41.1111	41.6667	56	None	None	1	-3	2.214833907368794
84	41.6667	41.9444	52	None	None	1	-4	1.7171038831557182
85	41.9444	42.2222	54	None	None	1	-3	1.8914616944620624
86	42.2222	42.5000	50	None	None	1	-5	2.2333340684116507
87	42.5000	42.7778	52	None	None	1	-4	2.0657920516049333
88	42.7778	43.0556	54	None	None	1	-3	2.0657920516049333
89	43.0556	43.3333	56	None	None	1	-1	1.7736339277621804
90	43.3333	44.4444	48	None	None	1	-5	2.535526820512496
91	43.8889	44.1667	54	None	None	1	-2	2.6161047728098823
92	44.1667	44.4444	50	None	None	1	-4	3.1333040423197147
93	44.4444	90.0000	48	None	None	1	-5	3.069606622193501
94	44.4444	89.1667	56	None	None	1	-2	3.0126416330014694
95	44.7222	45.0000	52	None	None	1	-4	3.4227967909550574
96	45.0000	45.2778	54	None	None	1	-3	3.658221186983993
97	45.2778	45.5556	56	None	None	1	-2	3.5669829911636577
98	45.5556	46.6667	57	None	None	1	-1	3.0223066486069037
99	46.6667	47.1014	46	None	None	1	-2	2.004752126655314
100	47.1014	47.3188	44	None	None	1	-3	2.1498022291310743
101	47.3188	47.5362	46	None	None	1	-2	3.5520587720554517
102	47.5362	47.7536	44	None	None	1	-3	11.73141449818704
103	47.7536	47.9710	42	None	None	1	-4	11.864935902628089
104	47.9710	48.4058	40	None	None	1	-5	11.757490669968814
105	48.4058	48.6232	42	None	None	1	-3	11.39887612491926
106	48.6232	48.8406	38	None	None	1	-5	11.911003081866435
107	48.8406	49.0580	42	None	None	1	-4	10.859758925528073
108	49.0580	49.2754	44	None	None	1	-3	10.86759727724484
109	49.2754	49.7101	46	None	None	1	-2	10.824344976843582
110	49.7101	50.5797	58	None	None	1	-1	2.694397718956082
111	50.1449	50.3623	56	None	None	1	-2	2.2424972514917973
112	50.3623	50.5797	52	None	None	1	-4	2.257109803133459
113	50.5797	101.3768	54	None	None	1	-3	2.2567245798844695
114	50.5797	102.0290	58	None	None	1	-2	2.103597391235845
115	50.7971	51.0145	52	None	None	1	-5	1.9325445808422756
116	51.0145	51.2319	54	None	None	1	-4	1.8315993407703235
117	51.2319	51.4493	56	None	None	1	-3	1.727833885335342
118	51.4493	52.3188	58	None	None	1	-1	1.3112914812783485
119	52.3188	52.5362	56	None	None	1	-2	1.3042423031083994
120	52.5362	52.7536	52	None	None	1	-4	2.874285321353465
121	52.9710	53.1884	54	None	None	1	-3	3.0567238178163545
122	53.1884	53.4058	50	None	None	1	-5	7.0469818902233765
123	53.4058	53.6232	52	None	None	1	-4	8.024694436429067
124	53.6232	53.8406	54	None	None	1	-3	10.741802157475195
125	53.8406	54.0580	50	None	None	1	-5	12.939698995226523
126	54.0580	54.2754	54	None	None	1	-4	11.888454838888192
127	54.2754	54.4928	56	None	None	1	-3	11.90244935844779
128	54.4928	54.9275	58	None	None	1	-2	11.853040890203697
129	54.9275	55.1449	62	None	None	1	-1	11.867257395382447
130	55.1449	55.3623	64	None	None	1	-4	6.980312740610721
131	55.3623	55.5797	66	None	None	1	-1	7.051842495102897
132	55.5797	55.7971	68	None	None	1	-3	2.530596773765213
133	55.7971	56.6667	70	None	None	1	-2	2.9189468226888833
134	56.0145	56.2319	64	None	None	1	-5	2.518525967858789
135	56.2319	56.4493	66	None	None	1	-4	2.553939916543274
136	56.4493	56.6667	68	None	None	1	-3	4.005604927711738
137	56.6667	57.1014	70	None	None	1	-2	3.860554825235976
138	57.1014	57.3188	66	None	None	1	-4	3.6759069608186534
139	57.3188	57.5362	68	None	None	1	-3	4.113665477986409
140	57.5362	58.4058	70	None	None	1	-2	4.2188758498063725
141	57.7536	57.9710	62	None	None	1	-5	4.120890059911352
142	57.9710	58.1884	66	None	None	1	-4	3.2553112656082117
143	58.1884	58.4058	68	None	None	1	-3	3.409930105672256
144	58.4058	58.8406	70	None	None	1	-2	3.7002943647009
145	58.8406	59.0580	68	None	None	1	-3	4.233694516100348
146	59.0580	59.2754	70	None	None	1	-2	4.338904887920303
147	59.2754	59.4928	62	None	None	1	-5	4.240919098025276
148	59.4928	59.7101	68	None	None	1	-3	3.9601022651337994
149	59.7101	59.9275	70	None	None	1	-2	3.906817815704177
150	59.9275	60.1449	62	None	None	1	-5	3.575071396751163
151	60.1449	60.3623	68	None	None	1	-3	3.115131386096852
152	60.3623	60.5797	70	None	None	1	-2	2.9580790267908204
153	60.5797	60.7971	62	None	None	1	-5	2.4121240881318924
154	60.7971	61.0145	68	None	None	1	-3	1.8759297622238262
155	61.0145	61.4493	70	None	None	1	-2	1.8606935464155532
156	61.4493	123.3333	62	None	None	1	-5	1.5883308587231737
157	61.4493	123.3333	68	None	None	1	-3	1.445793405210103
158	61.4493	123.3333	70	None	None	1	-1	1.7116053380531642
159	62.3188	125.0725	62	None	None	1	-5	1.7754283425548283
160	62.3188	125.0725	68	None	None	1	-2	1.9089888063091596
161	62.3188	125.0725	71	None	None	1	-1	2.270423067753
162	63.1884	126.8116	62	None	None	1	-5	2.2149404277248137
163	63.1884	126.8116	68	None	None	1	-2	2.348500891479138
164	63.1884	126.8116	71	None	None	1	-1	2.709935152922966
165	63.6232	127.6812	62	None	None	1	-5	2.422027035746561
166	63.6232	127.6812	68	None	None	1	-2	2.4518195896244794
167	63.6232	127.6812	71	None	None	1	-1	2.709935152922966
168	64.0580	128.5507	62	None	None	1	-5	2.4220270357465474
169	64.0580	128.5507	68	None	None	1	-2	2.4518195896244595
170	64.0580	128.5507	71	None	None	1	-1	2.70993515292294
171	64.4928	129.4203	62	None	None	1	-5	2.422027035746535
172	64.4928	129.4203	68	None	None	1	-2	6.40545473609494
173	64.4928	129.4203	71	None	None	1	-1	6.494609788359744
174	64.9275	130.2899	62	None	None	1	-5	6.707572751322707
175	64.9275	130.2899	68	None	None	1	-2	6.532286424054678
176	64.9275	130.2899	71	None	None	1	-1	6.7004026763431055
177	65.3623	131.1594	62	None	None	1	-5	6.253333714175545
178	65.3623	131.1594	68	None	None	1	-2	6.5705968854630825
179	65.3623	131.1594	71	None	None	1	-1	6.419191345983957
180	65.7971	131.8116	50	None	None	1	-5	2.443541878880076
181	65.7971	131.8116	58	None	None	1	-2	2.6155827684066124
182	65.7971	131.8116	59	None	None	1	-1	2.1234916636720422
183	66.2319	67.3430	51	None	None	1	-4	2.3247284930921577
184	66.7874	67.0652	57	None	None	1	-2	3.103629290699328
185	67.0652	67.3430	53	None	None	1	-5	2.208752245119912
186	67.3430	67.8986	58	None	None	1	-3	2.3244714835086433
187	67.8986	68.1763	55	None	None	1	-4	2.7195184853602234
188	68.1763	68.4541	57	None	None	1	-3	2.767837813091317
189	68.4541	68.7319	53	None	None	1	-5	2.570595166032513
190	68.7319	69.0097	55	None	None	1	-4	2.347597710169431
191	69.0097	69.2874	57	None	None	1	-3	2.4480506436363907
192	69.2874	69.5652	58	None	None	1	-2	2.18128783186915
193	69.5652	70.6763	51	None	None	1	-5	3.037015499432849
194	70.1208	70.3986	57	None	None	1	-2	2.848244312992171
195	70.3986	70.6763	53	None	None	1	-4	2.3957268653351527
196	70.6763	142.4638	52	None	None	1	-5	2.335931697267916
197	70.6763	142.4638	58	None	None	1	-4	1.976228714740461
198	71.7874	144.1304	55	None	None	1	-5	2.15661597285471
199	71.7874	143.8527	55	None	None	1	-4	2.060757904856876
200	72.3430	72.6208	57	None	None	1	-3	2.8671340951462403
201	72.6208	72.8986	58	None	None	1	-2	2.3494045033094895
202	74.0097	74.5652	58	None	None	1	-3	2.1715268918568302
203	74.5652	74.8430	55	None	None	1	-4	2.200279918491211
204	74.8430	75.1208	57	None	None	1	-3	2.120675873483382
205	75.1208	75.3986	53	None	None	1	-5	3.5112229821573884
206	75.3986	75.6763	55	None	None	1	-4	3.259056077659748
207	75.6763	75.9541	57	None	None	1	-3	3.407629665633458
208	75.9541	76.2319	58	None	None	1	-2	2.8350785689235996
209	76.2319	77.3430	51	None	None	1	-4	2.920598738885065
210	77.8986	78.4541	53	None	None	1	-3	2.9868508829673983
211	78.4541	79.0097	55	None	None	1	-2	2.9868508829673996
212	79.0097	79.5652	57	None	None	1	-1	2.8976025354222914
213	79.5652	79.8430	58	None	None	1	-2	1.4708638335922346
214	81.2319	81.7874	50	None	None	1	-5	1.7394195195296005
215	81.7874	82.3430	56	None	None	1	-3	1.6418176766033932
216	82.3430	82.8986	52	None	None	1	-5	1.6418176766033932
217	82.8986	84.0097	58	None	None	1	-2	1.6418176766033932
218	84.5652	85.1208	54	None	None	1	-4	1.6418176766033932
219	85.1208	85.3430	56	None	None	1	-3	1.6418176766033932
220	85.3430	85.5652	58	None	None	1	-2	1.6418176766033932
221	85.5652	85.7874	56	None	None	1	-3	1.6418176766033932
222	85.7874	86.0097	54	None	None	1	-4	1.6418176766033932
223	86.0097	86.2319	56	None	None	1	-3	1.6418176766033932
224	86.2319	87.3430	57	None	None	1	0	1.6418176766033932
