0	0.0000	0.2778	64	None	None	1	-1	8.939909124371086
1	0.2778	0.5556	62	None	None	1	-2	8.64879674721683
2	0.5556	0.8333	64	None	None	1	-1	8.46497321780506
3	0.8333	1.1111	59	None	None	1	-3	9.577855107849212
4	1.1111	1.3889	58	None	None	1	-4	8.821027376756778
5	1.3889	1.5278	59	None	None	1	-3	9.043191242302997
6	1.5278	1.6667	61	None	None	1	-2	9.433973380936928
7	1.6667	2.2222	62	None	None	1	-1	8.254557310212222
8	2.2222	4.7222	40	None	None	1	-5	5.606040361059677
9	2.2222	4.7222	52	None	None	1	-2	8.269591226321044
10	2.5000	5.2778	45	None	None	1	-5	8.328677360774828
11	2.5000	5.2778	57	None	None	1	-1	7.91152925153113
12	2.7778	6.1111	47	None	None	1	-5	8.22941265489247
13	2.7778	6.1111	59	None	None	1	-1	8.30911328514457
14	3.3333	7.2222	47	None	None	1	-5	7.9779449338860555
15	3.3333	7.2222	59	None	None	1	-2	9.0459159392965
16	3.8889	4.1667	64	None	None	1	0	-1
17	4.1667	4.4444	66	None	None	1	0	-1
18	4.4444	4.7222	64	None	None	1	0	-1
19	4.7222	5.0000	59	None	None	1	0	-1
20	5.0000	5.2778	62	None	None	1	0	-1
21	5.2778	5.4167	61	None	None	1	0	-1
22	5.4167	5.5556	59	None	None	1	0	-1
23	5.5556	6.1111	58	None	None	1	-1	13.43131930738397
24	6.1111	12.5000	40	None	None	1	-5	10.914710651209639
25	6.1111	12.5000	52	None	None	1	-2	9.681176432437386
26	6.3889	13.0556	45	None	None	1	-5	9.740262566891168
27	6.3889	13.0556	57	None	None	1	-1	9.46610290302562
28	6.6667	13.8889	42	None	None	1	-5	6.78707062659424
29	6.6667	13.8889	54	None	None	1	-1	5.278719786258103
30	7.2222	15.0000	42	None	None	1	-5	4.596586783273705
31	7.2222	15.0000	54	None	None	1	-2	3.4507198988770647
32	7.7778	8.0556	52	None	None	1	-4	12.978503874607663
33	8.0556	8.3333	54	None	None	1	-3	13.311512964221937
34	8.3333	8.6111	52	None	None	1	-5	12.722949413801771
35	8.6111	8.8889	59	None	None	1	-2	13.962511976114833
36	8.8889	9.1667	62	None	None	1	-1	14.051141177795506
37	9.1667	9.3056	61	None	None	1	-2	13.706550841661056
38	9.3056	9.4444	59	None	None	1	-3	14.119010721158771
39	9.4444	10.0000	61	None	None	1	-1	7.973647806580264
40	10.0000	20.2778	40	None	None	1	-5	5.606040361059677
41	10.0000	20.2778	52	None	None	1	-2	4.5804893355647405
42	10.2778	20.8333	45	None	None	1	-5	4.639575470018524
43	10.2778	20.8333	57	None	None	1	-1	4.719276100270626
44	10.5556	21.6667	47	None	None	1	-5	5.1742393355647405
45	10.5556	21.6667	59	None	None	1	-1	4.645877991026923
46	11.1111	22.7778	47	None	None	1	-5	4.48943970621359
47	11.1111	22.7778	59	None	None	1	-2	6.371470027210735
48	11.6667	11.9444	64	None	None	1	-1	12.436251968761479
49	11.9444	12.2222	61	None	None	1	-2	12.53510807900218
50	12.2222	12.5000	59	None	None	1	-1	11.306825515976975
51	12.5000	12.7778	58	None	None	1	-2	11.47007505307995
52	12.7778	13.0556	59	None	None	1	-1	14.083876823788243
53	13.0556	13.1944	57	None	None	1	-2	15.737343210342866
54	13.1944	13.3333	55	None	None	1	-1	11.90270124752701
55	13.3333	13.8889	50	None	None	1	-2	12.004299028933623
56	13.8889	28.0556	40	None	None	1	-5	14.844364101572843
57	13.8889	28.0556	52	None	None	1	-2	13.734201731540084
58	14.1667	28.6111	45	None	None	1	-5	13.865635555069497
59	14.1667	28.6111	57	None	None	1	-1	13.260002676918237
60	14.4444	29.4444	42	None	None	1	-5	9.885171494445235
61	14.4444	29.4444	54	None	None	1	-1	7.4475401919242215
62	15.0000	30.5556	42	None	None	1	-4	6.12119445235721
63	15.0000	30.5556	54	None	None	1	-1	2.974100021364472
64	15.5556	15.8333	40	None	None	1	-5	1.7115617433414017
65	15.8333	16.1111	45	None	None	1	-2	1.3518451140086212
66	16.1111	16.3889	42	None	None	1	-3	1.5288027152309278
67	16.3889	16.6667	40	None	None	1	-4	1.4858787274539988
68	16.6667	16.9444	45	None	None	1	-2	1.1843030972019006
69	16.9444	17.2222	42	None	None	1	-4	3.6610254059250824
70	17.2222	17.7778	40	None	None	1	-5	5.741448200042731
71	17.7778	18.0556	45	None	None	1	-3	7.820119167659354
72	18.0556	18.3333	42	None	None	1	-4	7.808361623732693
73	18.3333	18.6111	40	None	None	1	-5	8.158404765989596
74	18.6111	18.8889	45	None	None	1	-4	8.940240185057066
75	18.8889	19.4444	42	None	None	1	-5	9.00317160762609
76	19.4444	20.0000	42	None	None	1	-5	9.219949016263964
77	20.0000	20.2778	54	None	None	1	-1	8.689458842267687
78	20.2778	20.5556	56	None	None	1	-2	5.645393716217276
79	20.5556	20.8333	58	None	None	1	-1	3.6780617834441713
80	20.8333	21.1111	56	None	None	1	-2	2.929322287645851
81	21.1111	21.6667	51	None	None	1	-4	3.5597783337006286
82	21.6667	21.9444	49	None	None	1	-5	6.567029383195946
83	21.9444	22.0833	51	None	None	1	-4	6.508993668910232
84	22.0833	22.2222	53	None	None	1	-3	6.531396932541266
85	22.2222	22.5000	54	None	None	1	0	-1
86	22.5000	22.7778	49	None	None	1	0	-1
87	22.7778	23.0556	54	None	None	1	0	-1
88	23.0556	23.3333	54	None	None	1	0	-1
89	23.3333	23.8889	56	None	None	1	0	-1
90	23.8889	24.1667	40	None	None	1	0	-1
91	24.1667	24.4444	45	None	None	1	0	-1
92	24.4444	25.0000	47	None	None	1	-5	6.6472859340281865
93	25.0000	25.2778	61	None	None	1	-1	4.322550940503759
94	25.2778	25.4167	59	None	None	1	-2	5.124538004455362
95	25.4167	25.5556	58	None	None	1	-3	5.053329288410814
96	25.5556	25.8333	59	None	None	1	-1	3.9978435196417026
97	25.8333	26.1111	56	None	None	1	-2	3.782700070120136
98	26.1111	26.6667	54	None	None	1	-3	4.1235580042028674
99	26.6667	26.9444	56	None	None	1	-1	4.21757387908759
100	26.9444	27.0833	54	None	None	1	-2	3.9669805697299485
101	27.0833	27.2222	53	None	None	1	-3	3.9905475997418733
102	27.2222	27.5000	54	None	None	1	-1	2.2972299214369802
103	27.5000	27.7778	51	None	None	1	-2	3.1104634351814595
104	27.7778	28.3333	49	None	None	1	-3	5.685940089633684
105	28.3333	28.6111	54	None	None	1	-1	8.785664131792913
106	28.6111	28.8889	49	None	None	1	-3	8.811447172281836
107	28.8889	29.4444	51	None	None	1	-1	8.40167114322614
108	29.4444	29.7222	45	None	None	1	-3	8.99198437560693
109	29.7222	30.0000	42	None	None	1	-4	9.15823851732703
110	30.0000	30.5556	40	None	None	1	-5	9.495085974333096
111	30.5556	30.8333	51	None	None	1	-2	8.472571375273134
112	30.8333	31.1111	56	None	None	1	-1	6.888406459306745
113	31.1111	31.3889	58	None	None	1	-2	4.100913438842746
114	31.3889	31.6667	56	None	None	1	-3	4.805965393556994
115	31.6667	31.9444	61	None	None	1	-1	8.100778186538886
116	31.9444	32.0833	60	None	None	1	-2	7.684234068891824
117	32.0833	32.2222	58	None	None	1	-3	8.18985134619387
118	32.2222	32.5000	56	None	None	1	-4	7.938678784145788
119	32.5000	32.7778	59	None	None	1	-1	5.910369960616386
120	32.7778	32.9167	58	None	None	1	-2	6.177950174520127
121	32.9167	33.0556	56	None	None	1	-3	6.02067140677625
122	33.0556	33.3333	54	None	None	1	-4	6.5889438320254206
123	33.3333	33.6111	49	None	None	1	-5	7.695883179502639
124	33.6111	33.8889	51	None	None	1	-3	6.73632435597323
125	33.8889	34.1667	47	None	None	1	-5	6.7766210996707095
126	34.1667	34.4444	52	None	None	1	0	-1
127	34.4444	34.7222	54	None	None	1	0	-1
128	34.7222	34.8611	56	None	None	1	0	-1
129	34.8611	35.0000	52	None	None	1	0	-1
130	35.0000	35.5556	58	None	None	1	0	-1
131	35.5556	35.8333	42	None	None	1	0	-1
132	35.8333	36.1111	47	None	None	1	0	-1
133	36.1111	36.6667	49	None	None	1	-5	13.216034893012681
134	36.6667	36.9444	66	None	None	1	-1	11.534634281831174
135	36.9444	37.2222	68	None	None	1	-2	8.403909491915144
136	37.2222	37.5000	66	None	None	1	-3	8.518833897195236
137	37.5000	37.7778	61	None	None	1	-5	8.975239540848028
138	37.7778	38.0556	64	None	None	1	-1	6.956857187906872
139	38.0556	38.1944	63	None	None	1	-2	7.813730318515043
140	38.1944	38.3333	61	None	None	1	-3	7.698805913234955
141	38.3333	38.6111	60	None	None	1	-4	7.543490298617026
142	38.6111	38.8889	54	None	None	1	-5	5.382179817765075
143	38.8889	39.0278	56	None	None	1	-4	5.588512350778284
144	39.0278	39.1667	58	None	None	1	-3	7.543502401766958
145	39.1667	39.4444	59	None	None	1	-1	14.824312734553972
146	39.4444	40.0000	61	None	None	1	-2	13.036582355422304
147	40.0000	40.2778	63	None	None	1	-1	12.061271680304793
148	40.2778	40.4167	61	None	None	1	-2	13.774679833320146
149	40.4167	40.5556	59	None	None	1	-3	13.832062088547815
150	40.5556	40.8333	61	None	None	1	-1	7.827023735997409
151	40.8333	41.1111	56	None	None	1	-2	7.317753778014219
152	41.1111	41.6667	51	None	None	1	-3	6.50043139451537
153	41.6667	41.9444	47	None	None	1	-1	3.564030774945514
154	41.9444	42.2222	42	None	None	1	-3	3.37172032803947
155	42.2222	43.3333	44	None	None	1	-1	1.6994838551187885
156	43.3333	43.6111	33	None	None	1	-3	1.0155764848312265
157	43.6111	43.8889	38	None	None	1	-1	1.0439378293690407
158	43.8889	44.1667	35	None	None	1	-2	1.2018159806295459
159	44.1667	44.4444	33	None	None	1	-3	1.0155764848312265
160	44.4444	44.7222	38	None	None	1	-1	0.826500854579121
161	44.7222	45.0000	35	None	None	1	-3	3.825559482267473
162	45.0000	45.5556	33	None	None	1	-4	4.30854267554478
163	45.5556	45.8333	38	None	None	1	-2	4.815425598205368
164	45.8333	46.1111	35	None	None	1	-4	4.39287183093575
165	46.1111	46.3889	33	None	None	1	-5	4.597452285999129
166	46.3889	46.6667	38	None	None	1	-3	4.652893106395088
167	46.6667	47.2222	35	None	None	1	-5	4.2057292408488705
168	47.2222	47.7778	35	None	None	1	-5	5.240918316479119
169	47.7778	48.0556	52	None	None	1	-1	3.6249225537672576
170	48.0556	48.3333	50	None	None	1	-2	3.6935256729810444
171	48.3333	48.8889	52	None	None	1	-1	4.286430885913678
172	48.8889	49.4444	47	None	None	1	-3	6.269481733371301
173	49.4444	50.0000	46	None	None	1	-4	9.813798337131441
174	50.0000	50.2778	47	None	None	1	-3	9.621277684802713
175	50.2778	50.5556	49	None	None	1	-2	9.687726552485378
176	50.5556	51.1111	50	None	None	1	-1	8.90314280373164
177	51.1111	51.6667	40	None	None	1	-2	7.590900067654168
178	51.6667	52.2222	38	None	None	1	-3	7.654082173123476
179	52.2222	52.7778	33	None	None	1	-5	8.947812557226262
180	52.7778	53.0556	52	None	None	1	-1	12.911830579689479
181	53.0556	53.3333	54	None	None	1	-2	9.114563007406337
182	53.3333	53.8889	52	None	None	1	-1	7.875909325594633
183	53.8889	54.4444	47	None	None	1	-2	7.926030390969934
184	54.4444	55.0000	50	None	None	1	-1	10.371178874092001
185	55.0000	55.2778	49	None	None	1	-2	10.463713769406052
186	55.2778	55.5556	47	None	None	1	-1	7.004470962113651
187	55.5556	56.1111	46	None	None	1	-2	6.648173377594475
188	56.1111	56.6667	35	None	None	1	-5	5.8548849393378255
189	56.6667	57.2222	38	None	None	1	-3	5.741359444394087
190	57.2222	57.7778	33	None	None	1	-5	5.67491057671142
191	57.7778	58.0556	42	None	None	1	-1	10.65395424926518
192	58.0556	58.3333	44	None	None	1	0	-1
193	58.3333	58.8889	42	None	None	1	0	-1
194	58.8889	59.4444	47	None	None	1	0	-1
195	59.4444	60.0000	50	None	None	1	0	-1
196	60.0000	60.2778	49	None	None	1	0	-1
197	60.2778	60.5556	47	None	None	1	0	-1
198	60.5556	61.1111	49	None	None	1	0	-1
199	61.1111	61.6667	35	None	None	1	-2	5.142491276171509
200	61.6667	62.2222	33	None	None	1	-3	5.316164453069382
201	62.2222	62.7778	28	None	None	1	-5	7.007433503062284
202	62.7778	63.0556	52	None	None	1	-1	3.7317346256684627
203	63.0556	63.3333	49	None	None	1	-2	3.459858290388592
204	63.3333	63.8889	47	None	None	1	-1	2.6007294269788126
205	63.8889	64.4444	46	None	None	1	-2	2.01633860593545
206	64.4444	65.0000	47	None	None	1	-1	1.5163386059354445
207	65.0000	65.2778	45	None	None	1	-2	1.2094796373865477
208	65.2778	65.5556	43	None	None	1	-3	1.142830477722689
209	65.5556	66.1111	38	None	None	1	-5	0.8376747193484513
210	66.1111	66.6667	42	None	None	1	-3	0.9631190033794719
211	66.6667	67.2222	45	None	None	1	-2	1.0008423592857811
212	67.2222	67.7778	40	None	None	1	-4	0.9585309008040823
213	67.7778	68.3333	42	None	None	1	-3	1.5673893902707587
214	68.3333	68.6111	40	None	None	1	-5	1.3666698565019308
215	68.6111	68.8889	42	None	None	1	-4	1.5342118733086538
216	68.8889	69.4444	45	None	None	1	-3	1.6065595623842772
217	69.4444	69.7222	42	None	None	1	-4	1.6229523483122104
218	69.7222	70.0000	40	None	None	1	-5	1.811437117219767
219	70.0000	70.2778	42	None	None	1	-4	1.8114371172197667
220	70.2778	70.5556	45	None	None	1	-3	1.811437117219767
221	70.5556	71.1111	47	None	None	1	-1	1.7770747821470623
222	71.1111	71.3889	45	None	None	1	-2	1.5131398013750885
223	71.3889	71.6667	40	None	None	1	-4	1.3026737967914357
224	71.6667	71.9444	42	None	None	1	-3	1.2885468391902153
225	71.9444	72.2222	45	None	None	1	-2	1.4035153265851625
226	72.2222	72.5000	40	None	None	1	-4	1.1930493220015224
227	72.5000	72.7778	42	None	None	1	-3	1.2359733097784458
228	72.7778	73.0556	45	None	None	1	-2	1.2098035236821942
229	73.0556	73.3333	42	None	None	1	-3	1.2359733097784458
230	73.3333	73.6111	40	None	None	1	-4	1.749103561879301
231	73.6111	73.8889	42	None	None	1	-3	2.1213342723452953
232	73.8889	74.1667	38	None	None	1	-5	2.1354612299465203
233	74.1667	74.4444	40	None	None	1	-4	2.020492742551573
234	74.4444	74.7222	42	None	None	1	-3	1.973868411000767
235	74.7222	75.0000	40	None	None	1	-5	1.875847498090163
236	75.0000	75.2778	42	None	None	1	-4	1.791038006111547
237	75.2778	75.5556	45	None	None	1	-3	1.8047459893048294
238	75.5556	75.8333	47	None	None	1	-1	2.0720826967150336
239	75.8333	76.1111	40	None	None	1	-4	2.0720826967150523
240	76.1111	76.3889	42	None	None	1	-3	2.0720826967150474
241	76.3889	76.6667	45	None	None	1	-2	2.072082696715048
242	76.6667	76.9444	38	None	None	1	-5	2.0720826967150505
243	76.9444	77.2222	40	None	None	1	-4	2.0720826967150403
244	77.2222	77.5000	42	None	None	1	-3	2.072082696715045
245	77.5000	77.7778	45	None	None	1	-2	2.0888368983957113
246	77.7778	78.0556	47	None	None	1	-1	1.7097402597402664
247	78.0556	78.3333	40	None	None	1	-4	1.337509549274249
248	78.3333	78.6111	42	None	None	1	-3	1.3804335370511835
249	78.6111	78.8889	45	None	None	1	-2	1.5286215622612558
250	78.8889	79.1667	38	None	None	1	-4	1.6734243697478863
251	79.1667	79.4444	40	None	None	1	-3	1.6067752100840298
252	79.4444	79.7222	42	None	None	1	-2	1.7821428571428453
253	79.7222	80.0000	40	None	None	1	-4	1.76895769671505
254	80.0000	80.2778	45	None	None	1	-2	1.5920000954927374
255	80.2778	80.5556	42	None	None	1	-3	1.5778731378915167
256	80.5556	80.8333	40	None	None	1	-4	1.6760874236057917
257	80.8333	81.1111	38	None	None	1	-5	1.5017296122994617
258	81.1111	81.3889	40	None	None	1	-4	1.4035153265851705
259	81.3889	81.6667	42	None	None	1	-3	1.4035153265851705
260	81.6667	81.9444	45	None	None	1	-1	1.1923844537815094
261	81.9444	82.2222	40	None	None	1	-3	1.2207457983193135
262	82.2222	82.5000	42	None	None	1	-2	1.2207457983193193
263	82.5000	82.7778	38	None	None	1	-4	1.2596113445378048
264	82.7778	83.0556	40	None	None	1	-3	1.307930672268906
265	83.0556	83.3333	42	None	None	1	-2	1.2455357142857082
266	83.3333	83.6111	40	None	None	1	-3	1.2455357142857135
267	83.6111	83.8889	42	None	None	1	-2	1.2455357142857078
268	83.8889	84.1667	38	None	None	1	-4	1.2455357142857075
269	84.1667	84.4444	40	None	None	1	-3	1.2455357142857157
270	84.4444	84.7222	42	None	None	1	-2	1.2455357142857102
271	84.7222	85.0000	40	None	None	1	-3	1.2455357142857153
272	85.0000	85.2778	38	None	None	1	-4	1.087347438975587
273	85.2778	85.5556	42	None	None	1	-2	1.2163915566226493
274	85.5556	85.8333	40	None	None	1	-3	1.2683873549419722
275	85.8333	86.1111	42	None	None	1	-2	1.2683873549419722
276	86.1111	86.3889	38	None	None	1	-4	1.2683873549419722
277	86.3889	86.6667	40	None	None	1	-3	1.2683873549419722
278	86.6667	86.9444	42	None	None	1	-2	1.2683873549419722
279	86.9444	87.2222	40	None	None	1	-3	1.2683873549419722
280	87.7778	88.0556	38	None	None	1	-4	1.2683873549419722
281	88.0556	88.3333	40	None	None	1	-3	1.2683873549419722
282	88.3333	88.6111	45	None	None	1	-1	1.2683873549419722
283	88.6111	89.7222	42	None	None	1	0	1.2683873549419722
