0	0.0000	0.2778	76	None	None	0	5	5.599451936527372
1	0.2778	0.5556	74	None	None	0	4	5.602959589588599
2	0.5556	0.8333	76	None	None	0	5	5.4715257660591865
3	0.8333	1.1111	71	None	None	0	3	5.498941732445742
4	1.1111	1.3889	70	None	None	0	2	5.361389211437342
5	1.3889	1.5278	71	None	None	0	1	3.304929127403716
6	1.5278	1.6667	73	None	None	0	2	2.9760254729186713
7	1.6667	2.2222	74	None	None	0	3	4.738992665609701
8	3.8889	4.1667	76	None	None	0	4	4.873391161850302
9	4.1667	4.4444	78	None	None	0	5	4.962898214671426
10	4.4444	4.7222	76	None	None	0	4	5.121511660049573
11	4.7222	5.0000	71	None	None	0	2	5.31678476929327
12	5.0000	5.2778	74	None	None	0	5	4.06599695416722
13	5.2778	5.4167	73	None	None	0	4	3.715025315511765
14	5.4167	5.5556	71	None	None	0	3	3.7367030563755548
15	5.5556	6.1111	70	None	None	0	2	2.9388398730472582
16	7.7778	8.0556	64	None	None	0	1	2.788463933197634
17	8.0556	8.3333	66	None	None	0	2	2.5543109538240647
18	8.3333	8.6111	64	None	None	0	1	2.3789433067652443
19	8.6111	8.8889	71	None	None	0	2	2.6392268699512753
20	8.8889	9.1667	74	None	None	0	4	2.6796680464218663
21	9.1667	9.3056	73	None	None	0	3	2.398890735497502
22	9.3056	9.4444	71	None	None	0	2	3.2368475461287245
23	9.4444	10.0000	73	None	None	0	4	4.599515803873557
24	11.6667	11.9444	76	None	None	0	0	-1
25	11.9444	12.2222	73	None	None	0	0	-1
26	12.2222	12.5000	71	None	None	0	0	-1
27	12.5000	12.7778	70	None	None	0	0	-1
28	12.7778	13.0556	71	None	None	0	0	-1
29	13.0556	13.1944	69	None	None	0	0	-1
30	13.1944	13.3333	67	None	None	0	0	-1
31	13.3333	13.8889	62	None	None	0	5	5.868143716665456
32	16.3889	16.6667	45	None	None	0	1	5.5688610074229885
33	16.6667	16.9444	42	None	None	0	2	14.716908649052815
34	16.9444	17.2222	40	None	None	0	0	-1
35	17.5000	17.7778	42	None	None	0	0	-1
36	17.7778	18.3333	40	None	None	0	0	-1
37	18.6111	18.8889	42	None	None	0	0	-1
38	18.8889	19.1667	40	None	None	0	0	-1
39	19.1667	19.4444	45	None	None	0	0	-1
40	20.0000	20.5556	42	None	None	0	0	-1
41	20.5556	20.8333	78	None	None	0	3	5.04794984706538
42	20.8333	21.1111	80	None	None	0	4	5.017330099166224
43	21.1111	21.3889	82	None	None	0	5	5.009076797845687
44	21.3889	21.6667	80	None	None	0	4	4.676881419694423
45	21.6667	22.2222	75	None	None	0	2	4.802414132779648
46	22.2222	22.5000	73	None	None	0	1	4.974024302271159
47	22.5000	22.6389	75	None	None	0	2	4.414360436724935
48	22.6389	22.7778	77	None	None	0	3	4.46333933060807
49	22.7778	23.0556	78	None	None	0	4	8.68870722017622
50	23.0556	23.3333	73	None	None	0	2	8.554673606730843
51	23.3333	23.6111	78	None	None	0	4	8.958077700926658
52	23.6111	23.8889	78	None	None	0	4	10.06355942850142
53	23.8889	24.4444	80	None	None	0	5	9.761069114193882
54	24.4444	24.7222	64	None	None	0	1	8.521133563702497
55	24.7222	25.0000	69	None	None	0	2	7.823910622137582
56	25.0000	25.5556	71	None	None	0	1	4.914982050708988
57	25.5556	25.8333	85	None	None	0	5	4.449216955747079
58	25.8333	25.9722	83	None	None	0	4	5.313514823996744
59	25.9722	26.1111	82	None	None	0	3	5.032011990305134
60	26.1111	26.3889	83	None	None	0	5	5.006575838266993
61	26.3889	26.6667	80	None	None	0	4	5.03852240926828
62	26.6667	27.2222	78	None	None	0	3	5.142428062438641
63	27.2222	27.5000	80	None	None	0	5	4.04523899420735
64	27.5000	27.6389	78	None	None	0	4	3.8083825991069333
65	27.6389	27.7778	77	None	None	0	3	4.873462821452799
66	27.7778	28.0556	78	None	None	0	5	4.3596944902768575
67	28.0556	28.3333	75	None	None	0	4	4.10625519082826
68	28.3333	28.8889	73	None	None	0	3	5.150525556909987
69	28.8889	29.1667	78	None	None	0	5	5.9871259944655915
70	29.1667	29.4444	73	None	None	0	4	4.485025154129464
71	29.4444	30.0000	75	None	None	0	5	5.039633361048595
72	30.0000	30.2778	69	None	None	0	3	4.943101527976382
73	30.2778	30.5556	66	None	None	0	2	5.104908095212146
74	30.5556	31.1111	64	None	None	0	1	5.15699183568509
75	31.1111	31.3889	75	None	None	0	2	3.2535450332353
76	31.3889	31.6667	80	None	None	0	3	2.7912121455347507
77	31.6667	31.9444	82	None	None	0	4	3.555795886007693
78	31.9444	32.2222	80	None	None	0	3	5.419079009775152
79	32.2222	32.5000	85	None	None	0	5	7.338534291887981
80	32.5000	32.6389	84	None	None	0	4	7.821517485165298
81	32.6389	32.7778	82	None	None	0	3	7.8918012540639895
82	32.7778	33.0556	80	None	None	0	2	7.702637681658275
83	33.0556	33.3333	83	None	None	0	5	5.55275585392719
84	33.3333	33.4722	82	None	None	0	4	5.1060459199535995
85	33.4722	33.6111	80	None	None	0	3	4.920527949551892
86	33.6111	33.8889	78	None	None	0	2	5.922374282694039
87	33.8889	34.1667	73	None	None	0	1	7.713785762540212
88	34.1667	34.4444	75	None	None	0	2	7.3862122331284406
89	34.4444	34.7222	71	None	None	0	1	7.127952110897728
90	34.7222	35.0000	76	None	None	0	0	-1
91	35.0000	35.2778	78	None	None	0	0	-1
92	35.2778	35.4167	80	None	None	0	0	-1
93	35.4167	35.5556	76	None	None	0	0	-1
94	35.5556	36.1111	82	None	None	0	0	-1
95	36.1111	36.3889	66	None	None	0	0	-1
96	36.3889	36.6667	71	None	None	0	0	-1
97	36.6667	37.2222	73	None	None	0	0	-1
98	37.2222	37.5000	90	None	None	0	4	7.44282375608803
99	37.5000	37.7778	92	None	None	0	5	7.764454908549031
100	37.7778	38.0556	90	None	None	0	4	7.744853912759598
101	38.0556	38.3333	85	None	None	0	2	8.54876001008226
102	38.3333	38.6111	88	None	None	0	5	6.458714616925005
103	38.6111	38.7500	87	None	None	0	4	11.017966067442579
104	38.7500	38.8889	85	None	None	0	3	10.944552357349655
105	38.8889	39.1667	84	None	None	0	2	11.082093885588872
106	39.1667	39.4444	78	None	None	0	1	9.191469496298271
107	39.4444	39.5833	80	None	None	0	2	9.241360451264846
108	39.5833	39.7222	82	None	None	0	3	12.077190438650918
109	39.7222	40.0000	83	None	None	0	1	7.2252479786661095
110	40.0000	40.5556	85	None	None	0	4	8.168965380791683
111	40.5556	40.8333	87	None	None	0	5	8.302466385199617
112	40.8333	40.9722	85	None	None	0	4	12.453413463833295
113	40.9722	41.1111	83	None	None	0	3	16.869461685447593
114	41.1111	41.3889	85	None	None	0	5	15.33887558208446
115	41.3889	41.6667	80	None	None	0	4	15.680471977961721
116	41.6667	42.2222	75	None	None	0	2	15.644652650230624
117	42.2222	42.5000	71	None	None	0	1	19.454913989935985
118	42.5000	42.7778	66	None	None	0	4	12.32523484555098
119	42.7778	43.8889	68	None	None	0	5	13.153247300532975
120	44.1667	44.4444	50	None	None	0	1	15.2210645487009
121	44.4444	44.7222	47	None	None	0	2	14.43569956584326
122	44.7222	45.0000	45	None	None	0	1	14.020783599456706
123	45.2778	45.5556	59	None	None	0	5	13.12870314439333
124	45.5556	46.1111	57	None	None	0	1	9.826609425549869
125	46.3889	46.6667	71	None	None	0	5	9.24468978269273
126	46.6667	46.9444	69	None	None	0	2	7.539227597818783
127	46.9444	47.2222	74	None	None	0	1	2.4734450347935866
128	47.7778	48.3333	83	None	None	0	3	2.762432504781577
129	48.3333	48.6111	88	None	None	0	5	2.594227298970441
130	48.6111	48.8889	86	None	None	0	4	3.6065581635196526
131	48.8889	49.4444	88	None	None	0	5	4.450015737227107
132	49.4444	50.0000	83	None	None	0	3	8.023917732952746
133	50.2778	50.5556	82	None	None	0	2	7.9368041375145735
134	50.5556	50.8333	83	None	None	0	3	7.538639702248944
135	50.8333	51.1111	85	None	None	0	4	7.528191773077275
136	51.1111	51.6667	86	None	None	0	5	7.2778697692757515
137	51.6667	52.2222	76	None	None	0	1	7.379626107404224
138	52.2222	52.7778	74	None	None	0	3	6.579882841453763
139	52.7778	53.3333	69	None	None	0	1	8.32594821675642
140	53.6111	53.8889	90	None	None	0	5	4.61203411449325
141	53.8889	54.4444	88	None	None	0	4	4.869431564998871
142	54.4444	55.0000	83	None	None	0	2	5.045154791638194
143	55.2778	55.5556	86	None	None	0	5	4.61969710856496
144	55.5556	55.8333	85	None	None	0	4	4.170273457033032
145	55.8333	56.1111	83	None	None	0	3	4.3400427890724735
146	56.1111	56.6667	82	None	None	0	2	4.584711906719532
147	56.6667	57.2222	71	None	None	0	1	2.866767525577252
148	57.2222	57.7778	74	None	None	0	3	2.7178674821238187
149	57.7778	58.3333	69	None	None	0	1	5.044959416740488
150	58.6111	58.8889	80	None	None	0	3	6.196964463751584
151	58.8889	59.4444	78	None	None	0	2	6.382723258795033
152	59.4444	60.0000	83	None	None	0	3	10.026448628785634
153	60.2778	60.5556	86	None	None	0	5	9.95196258436787
154	60.5556	60.8333	85	None	None	0	4	9.377781110931044
155	60.8333	61.1111	83	None	None	0	3	9.523651959270374
156	61.1111	61.6667	85	None	None	0	5	8.190499948466067
157	61.6667	62.2222	71	None	None	0	1	7.359160039621167
158	62.2222	62.7778	69	None	None	0	3	5.784993254262967
159	62.7778	63.3333	64	None	None	0	0	-1
160	63.6111	63.8889	85	None	None	0	0	-1
161	63.8889	64.4444	83	None	None	0	0	-1
162	64.4444	65.0000	82	None	None	0	0	-1
163	65.2778	65.5556	83	None	None	0	0	-1
164	65.5556	65.8333	81	None	None	0	0	-1
165	65.8333	66.1111	79	None	None	0	0	-1
166	66.1111	66.6667	74	None	None	0	5	9.26349611878648
167	66.6667	67.2222	54	None	None	0	1	1.8895745393689043
168	67.2222	67.7778	57	None	None	0	4	0.971877468244617
169	67.7778	68.3333	52	None	None	0	2	0.9656301388043644
170	68.3333	68.8889	54	None	None	0	3	1.1927921996996094
171	68.8889	69.1667	52	None	None	0	2	1.25904522633399
172	69.1667	69.4444	54	None	None	0	3	1.4360028275563028
173	69.4444	70.0000	57	None	None	0	4	1.3930788397793683
174	70.0000	70.2778	54	None	None	0	3	1.488807077145196
175	70.2778	70.5556	52	None	None	0	2	1.6395948922712413
176	70.5556	70.8333	54	None	None	0	3	1.6395948922712411
177	70.8333	71.1111	57	None	None	0	4	1.6395948922712413
178	71.1111	71.6667	59	None	None	0	5	1.4652370809648942
179	71.6667	71.9444	57	None	None	0	4	1.4628771963330782
180	71.9444	72.2222	52	None	None	0	2	1.2859195951107656
181	72.2222	72.5000	54	None	None	0	4	1.5048844537815103
182	72.5000	72.7778	57	None	None	0	5	1.5338366596638535
183	72.7778	73.0556	52	None	None	0	3	1.4691045168067218
184	73.0556	73.3333	54	None	None	0	4	1.3967568277310851
185	73.3333	73.6111	57	None	None	0	5	1.417699579831933
186	73.6111	73.8889	54	None	None	0	4	1.3967568277310851
187	73.8889	74.1667	52	None	None	0	3	2.1841505920549853
188	74.1667	74.4444	54	None	None	0	4	2.037118029029778
189	74.4444	74.7222	50	None	None	0	1	1.8022942131397868
190	74.7222	75.0000	52	None	None	0	2	1.2210967341482108
191	75.0000	75.2778	54	None	None	0	3	1.502991310160423
192	75.2778	75.5556	52	None	None	0	2	2.100942990832705
193	75.5556	75.8333	54	None	None	0	3	2.1009429908327
194	75.8333	76.1111	57	None	None	0	4	2.100942990832707
195	76.1111	76.3889	59	None	None	0	5	2.1009429908326958
196	76.3889	76.6667	52	None	None	0	2	2.1009429908326958
197	76.6667	76.9444	54	None	None	0	3	2.1009429908327
198	76.9444	77.2222	57	None	None	0	4	2.100942990832694
199	77.2222	77.5000	50	None	None	0	1	2.100942990832709
200	77.5000	77.7778	52	None	None	0	2	2.100942990832681
201	77.7778	78.0556	54	None	None	0	3	2.1009429908326855
202	78.0556	78.3333	57	None	None	0	4	2.0841887891520074
203	78.3333	78.6111	59	None	None	0	5	2.1202969824293247
204	78.6111	78.8889	52	None	None	0	3	1.6106486344537774
205	78.8889	79.1667	54	None	None	0	4	1.538300945378146
206	79.1667	79.4444	57	None	None	0	5	1.5889968487394963
207	79.4444	79.7222	50	None	None	0	2	1.7440388655462116
208	79.7222	80.0000	52	None	None	0	3	1.7360294117647088
209	80.0000	80.2778	54	None	None	0	4	1.715086659663861
210	80.2778	80.5556	52	None	None	0	3	1.8521664915966396
211	80.5556	80.8333	57	None	None	0	5	1.684624474789909
212	80.8333	81.1111	54	None	None	0	4	1.5635898109243664
213	81.1111	81.3889	52	None	None	0	3	1.6439469537815006
214	81.3889	81.6667	50	None	None	0	2	1.6141938025209979
215	81.6667	81.9444	52	None	None	0	3	1.533836659663864
216	81.9444	82.2222	54	None	None	0	4	1.533836659663856
217	82.2222	82.5000	57	None	None	0	5	1.4337447478991532
218	82.5000	82.7778	52	None	None	0	3	1.3770220588235136
219	82.7778	83.0556	54	None	None	0	4	1.3770220588235214
220	83.0556	83.3333	50	None	None	0	2	1.4257090336134355
221	83.3333	83.6111	52	None	None	0	3	1.4474527310924354
222	83.6111	83.8889	54	None	None	0	4	1.360793067226883
223	83.8889	84.1667	52	None	None	0	3	1.3607930672268829
224	84.1667	84.4444	54	None	None	0	4	1.3607930672268906
225	84.4444	84.7222	50	None	None	0	2	1.3607930672268878
226	84.7222	85.0000	52	None	None	0	3	1.360793067226896
227	85.0000	85.2778	54	None	None	0	4	1.3607930672268882
228	85.2778	85.5556	52	None	None	0	3	1.360793067226893
229	85.5556	85.8333	50	None	None	0	2	1.2184236194477776
230	85.8333	86.1111	54	None	None	0	4	1.3130927370948409
231	86.1111	86.3889	52	None	None	0	3	1.552982442977195
232	86.3889	86.6667	54	None	None	0	4	1.552982442977195
233	86.6667	86.9444	50	None	None	0	2	1.552982442977195
234	86.9444	87.2222	52	None	None	0	3	1.552982442977195
235	87.2222	87.5000	54	None	None	0	4	1.552982442977195
236	87.5000	87.7778	52	None	None	0	3	1.552982442977195
237	88.3333	88.6111	50	None	None	0	2	1.552982442977195
238	88.6111	88.8889	52	None	None	0	3	1.552982442977195
239	88.8889	89.1667	57	None	None	0	5	1.552982442977195
240	89.1667	90.2778	54	None	None	0	0	1.552982442977195
