0	0.0000	0.6818	55	None	None	1	-2	1.4575821926454986
1	0.0000	0.2273	55	None	None	1	-4	1.4718177643291308
2	0.2273	0.6818	62	None	None	1	-1	2.2280152224824397
3	0.6818	1.5909	55	None	None	1	-4	2.358788706739531
4	0.6818	1.5909	55	None	None	1	-5	1.8294333853760132
5	0.9091	2.2727	55	None	None	1	-5	2.4605809263596194
6	0.9091	2.2727	62	None	None	1	-2	2.6972612542284713
7	1.3636	1.8182	55	None	None	1	-5	2.6972612542284713
8	1.5909	1.8182	62	None	None	1	-2	3.3966399947957333
9	2.0455	4.7727	55	None	None	1	-4	3.5119568045797585
10	2.0455	4.3182	55	None	None	1	-5	2.705668266844287
11	2.2727	2.7273	62	None	None	1	-2	2.6336444573204743
12	2.7273	6.1364	55	None	None	1	-4	2.6432333201880285
13	2.7273	5.6818	55	None	None	1	-5	2.0172022246897257
14	2.9545	3.4091	62	None	None	1	-1	2.2364222350982566
15	3.4091	7.0455	55	None	None	1	-4	2.3671957193553466
16	3.4091	7.0455	55	None	None	1	-5	1.8378403979918292
17	3.6364	4.0909	62	None	None	1	-2	2.3969641294516237
18	4.0152	4.4697	55	None	None	1	-5	2.6441289357273012
19	4.4697	4.9242	55	None	None	1	-5	2.697261254228472
20	4.6970	4.9242	62	None	None	1	-2	3.396639994795735
21	5.1515	10.9848	55	None	None	1	-4	3.203252667187096
22	5.1515	10.5303	55	None	None	1	-5	2.6441289357273012
23	5.3788	5.8333	62	None	None	1	-2	2.62523744470466
24	5.8333	12.3485	55	None	None	1	-4	3.203252667187094
25	5.8333	11.8939	55	None	None	1	-5	2.6441289357273
26	6.0606	6.5152	62	None	None	1	-2	2.6252374447046587
27	6.5152	13.2576	55	None	None	1	-4	3.203252667187096
28	6.5152	13.2576	55	None	None	1	-5	2.6441289357273012
29	6.7424	13.9394	55	None	None	1	-5	2.697261254228472
30	6.7424	13.9394	62	None	None	1	-2	3.3966399947957338
31	7.1970	14.8485	55	None	None	1	-4	3.511956804579758
32	7.1970	14.6212	55	None	None	1	-5	2.6972612542284713
33	7.4242	7.6515	62	None	None	1	-2	3.3966399947957324
34	7.8788	16.4394	55	None	None	1	-4	3.5119568045797576
35	7.8788	15.9848	55	None	None	1	-5	2.6972612542284713
36	8.1061	8.5606	62	None	None	1	-2	3.3966399947957324
37	8.5606	17.8030	55	None	None	1	-4	3.511956804579757
38	8.5606	17.3485	55	None	None	1	-5	2.697261254228471
39	8.7879	9.2424	62	None	None	1	-2	3.396639994795734
40	9.2424	18.7121	55	None	None	1	-4	3.511956804579759
41	9.2424	18.7121	55	None	None	1	-5	2.697261254228472
42	9.4697	9.9242	62	None	None	1	-2	3.396639994795736
43	9.9242	20.3030	55	None	None	1	-4	3.5119568045797607
44	9.9242	20.0758	55	None	None	1	-5	2.697261254228474
45	10.1515	10.3788	62	None	None	1	-2	3.3966399947957377
46	10.6061	21.8939	55	None	None	1	-4	3.203252667187099
47	10.6061	21.4394	55	None	None	1	-5	2.644128935727303
48	10.8333	11.2879	62	None	None	1	-2	2.625237444704662
49	11.2879	23.2576	55	None	None	1	-4	3.203252667187099
50	11.2879	22.8030	55	None	None	1	-5	2.644128935727303
51	11.5152	11.9697	62	None	None	1	-2	2.625237444704662
52	11.9697	24.1667	55	None	None	1	-4	3.203252667187096
53	11.9697	24.1667	55	None	None	1	-5	2.770568647540989
54	12.1970	24.8485	55	None	None	1	-5	4.535639474368979
55	12.1970	24.8485	62	None	None	1	-2	4.517076636862838
56	12.6515	25.7576	55	None	None	1	-2	5.086453177688169
57	12.6515	25.5303	55	None	None	1	-4	5.613086687269117
58	12.8788	13.1061	62	None	None	1	-1	6.813483512665947
59	13.3333	27.3485	55	None	None	1	-2	9.130052599317
60	13.3333	26.8939	55	None	None	1	-1	8.255355097365399
61	13.5606	14.0152	50	None	None	1	-3	8.53944304948614
62	14.0152	14.6970	43	None	None	1	-5	10.74838788425064
63	14.3561	14.6591	50	None	None	1	-4	12.43324507539481
64	14.6970	14.9242	55	None	None	1	-2	12.246874186833198
65	14.9242	30.3030	55	None	None	1	-4	13.009081446786366
66	14.9242	30.3030	62	None	None	1	-1	13.170982956023941
67	15.3788	15.8333	43	None	None	1	-5	9.770514571949004
68	15.6061	15.8333	50	None	None	1	-4	8.541530054644802
69	16.0606	16.7424	55	None	None	1	-2	11.736553473848558
70	16.2879	16.7424	62	None	None	1	-1	10.138934426229524
71	16.7424	17.4242	43	None	None	1	-5	8.701070127504561
72	16.9697	17.4242	50	None	None	1	-4	7.50303473848556
73	17.4242	35.0758	55	None	None	1	-2	7.732733622820718
74	17.4242	35.0758	55	None	None	1	-4	7.990277777777778
75	17.6515	35.7576	55	None	None	1	-4	8.062301587301585
76	17.6515	35.7576	62	None	None	1	-1	9.555659640905546
77	18.1061	18.5606	43	None	None	1	-5	6.786338797814201
78	18.3333	18.5606	50	None	None	1	-4	4.957155867811599
79	18.7879	38.2576	55	None	None	1	-2	5.351909315638818
80	18.7879	37.8030	55	None	None	1	-1	7.8056563882383605
81	19.0152	19.4697	50	None	None	1	-3	7.659426229508199
82	19.4697	20.1515	43	None	None	1	-5	7.240807962529276
83	19.6970	20.1515	50	None	None	1	-4	8.541530054644817
84	20.1515	40.5303	55	None	None	1	-2	11.736553473848572
85	20.1515	40.5303	55	None	None	1	-4	11.046477361436397
86	20.3788	41.2121	55	None	None	1	-4	11.548819281811104
87	20.3788	41.2121	62	None	None	1	-1	12.539835415040349
88	20.8333	21.2879	43	None	None	1	-5	10.80900988810826
89	21.0606	21.2879	50	None	None	1	-4	12.380295342180608
90	21.5152	22.1970	55	None	None	1	-2	12.24687418683322
91	21.7424	22.1970	62	None	None	1	-1	12.539835415040343
92	22.1970	22.8788	43	None	None	1	-5	9.770514571949004
93	22.4242	22.8788	50	None	None	1	-4	8.376475491152753
94	22.8788	23.1061	55	None	None	1	-2	9.19067460317461
95	23.1061	46.6667	55	None	None	1	-4	8.066725654194348
96	23.1061	46.6667	62	None	None	1	-1	9.797093521600214
97	23.5606	24.0152	43	None	None	1	-5	13.506277647177725
98	23.7879	24.0152	50	None	None	1	-4	12.087648127728542
99	24.2424	49.1667	55	None	None	1	-2	12.251701232355419
100	24.2424	48.7121	55	None	None	1	-1	11.715533331433413
101	24.4697	24.9242	50	None	None	1	-3	11.866777432677516
102	24.9242	25.7576	43	None	None	1	-5	11.3563706558773
103	25.1326	25.7576	50	None	None	1	-4	10.146235521235475
104	25.9659	26.1742	62	None	None	1	-1	9.860360360360314
105	26.1742	26.3826	67	None	None	1	-2	3.0926640926641116
106	26.3826	26.5909	62	None	None	1	-3	1.8532818532818667
107	26.5909	26.7992	67	None	None	1	-1	1.8532818532818667
108	26.7992	27.0076	62	None	None	1	-3	1.8532818532818693
109	27.0076	27.2159	67	None	None	1	-1	1.8532818532818667
110	27.2159	27.4242	62	None	None	1	-3	1.8532818532818667
111	27.4242	27.6326	67	None	None	1	-1	1.759870469547903
112	27.6326	27.8409	62	None	None	1	-3	1.759870469547903
113	27.8409	28.0492	67	None	None	1	-1	1.759870469547903
114	28.0492	28.2576	62	None	None	1	-3	1.6664590858139394
115	28.2576	28.4659	67	None	None	1	-1	1.6664590858139394
116	28.4659	28.6742	62	None	None	1	-3	1.6664590858139368
117	28.6742	28.8826	67	None	None	1	-1	2.292520861875703
118	28.8826	29.0909	62	None	None	1	-3	2.137308506663348
119	29.2992	29.5076	67	None	None	1	-1	2.833036492713913
120	29.5076	29.7159	62	None	None	1	-3	3.4550442147216422
121	29.7159	29.9242	67	None	None	1	-1	3.455044214721642
122	30.1326	30.3409	62	None	None	1	-3	3.5484555984556057
123	30.3409	30.5492	67	None	None	1	-1	3.6098455598455725
124	30.5492	30.7576	62	None	None	1	-2	2.8824324324324566
125	30.7576	30.9659	55	None	None	1	-5	4.443243243243257
126	30.9659	31.1742	62	None	None	1	-3	3.315057915057926
127	31.1742	31.3826	64	None	None	1	-2	3.8559845559845654
128	31.3826	31.5909	62	None	None	1	-3	4.443243243243268
129	31.5909	31.7992	67	None	None	1	-1	4.443243243243272
130	31.7992	32.0076	62	None	None	1	-2	4.074324324324369
131	32.0076	32.2159	64	None	None	1	-1	3.5333976833977108
132	32.2159	32.4242	62	None	None	1	-2	2.882432432432468
133	32.4242	32.6326	55	None	None	1	-5	3.0185328185328553
134	32.6326	32.8409	62	None	None	1	-3	2.0455598455598616
135	32.8409	33.0492	64	None	None	1	-2	2.0455598455598687
136	33.0492	33.2576	62	None	None	1	-3	2.0455598455598683
137	33.2576	33.4659	67	None	None	1	-1	2.045559845559863
138	33.4659	33.6742	62	None	None	1	-3	2.0455598455598683
139	33.6742	33.8826	64	None	None	1	-2	2.6102316602316886
140	33.8826	34.0909	62	None	None	1	-3	2.4202702702702936
141	34.0909	34.2992	67	None	None	1	-1	3.0225868725869143
142	34.2992	34.5076	62	None	None	1	-3	3.644594594594617
143	34.5076	34.7159	64	None	None	1	-2	4.491891891891897
144	34.7159	34.9242	62	None	None	1	-3	4.345817245817252
145	34.9242	35.1326	67	None	None	1	-1	4.483655083655087
146	35.1326	35.3409	62	None	None	1	-2	3.900386100386089
147	35.3409	35.5492	55	None	None	1	-5	5.26216216216216
148	35.5492	35.7576	62	None	None	1	-4	3.1344916344916514
149	35.7576	35.9659	64	None	None	1	-3	3.7020592020592105
150	35.9659	36.1742	62	None	None	1	-4	4.230115830115837
151	36.1742	36.3826	66	None	None	1	-1	4.891505791505787
152	36.3826	36.5909	62	None	None	1	-3	4.345817245817227
153	36.5909	36.7992	67	None	None	1	-1	4.483655083655072
154	36.7992	37.0076	62	None	None	1	-2	3.9003861003860965
155	37.0076	37.2159	55	None	None	1	-5	5.26216216216214
156	37.2159	37.4242	62	None	None	1	-4	3.134491634491633
157	37.4242	37.6326	64	None	None	1	-3	3.77155727155726
158	37.6326	37.8409	62	None	None	1	-4	3.6776061776061573
159	37.8409	38.0492	66	None	None	1	-1	4.3389961389961424
160	38.0492	38.2576	62	None	None	1	-3	3.793307593307598
161	38.2576	38.4659	67	None	None	1	-1	3.828056628056629
162	38.4659	38.6742	62	None	None	1	-2	3.1598455598455804
163	38.6742	38.8826	55	None	None	1	-5	3.433783783783803
164	38.8826	39.0909	62	None	None	1	-4	2.380759330759332
165	39.0909	39.2992	67	None	None	1	-2	2.277670527670539
166	39.2992	39.5076	62	None	None	1	-4	2.1927284427284577
167	39.5076	39.7159	66	None	None	1	-1	3.9046332046332095
168	39.7159	39.9242	62	None	None	1	-3	3.3150579150579267
169	39.9242	40.1326	64	None	None	1	-2	3.8559845559845654
170	40.1326	40.3409	62	None	None	1	-3	4.443243243243265
171	40.3409	40.5492	67	None	None	1	-1	4.443243243243272
172	40.5492	40.7576	62	None	None	1	-2	4.074324324324369
173	40.7576	40.9659	64	None	None	1	-1	3.5333976833977108
174	40.9659	41.1742	62	None	None	1	-2	2.882432432432468
175	41.1742	41.3826	55	None	None	1	-5	4.44324324324327
176	41.3826	41.5909	62	None	None	1	-3	3.315057915057923
177	41.5909	41.7992	64	None	None	1	-2	3.855984555984582
178	41.7992	42.0076	62	None	None	1	-3	4.4432432432432485
179	42.0076	42.2159	67	None	None	1	-1	4.443243243243244
180	42.2159	42.4242	62	None	None	1	-2	4.07432432432435
181	42.4242	42.6326	64	None	None	1	-1	3.5333976833977108
182	42.6326	42.8409	62	None	None	1	-2	2.8824324324324406
183	42.8409	43.0492	55	None	None	1	-5	3.018532818532833
184	43.0492	43.2576	62	None	None	1	-3	2.045559845559868
185	43.2576	43.4659	64	None	None	1	-2	2.6102316602316638
186	43.4659	43.6742	62	None	None	1	-3	5.049903474903472
187	43.6742	43.8826	67	None	None	1	-1	11.812934362934316
188	43.8826	44.0909	62	None	None	1	-3	13.124227799227903
189	44.0909	44.2992	64	None	None	1	-2	16.229090667021783
190	44.2992	44.5076	62	None	None	1	-3	28.231416766403648
191	44.5076	44.7159	67	None	None	1	-1	28.48591724902912
192	44.7159	44.9242	62	None	None	1	-2	27.5821246171115
193	44.9242	45.1326	55	None	None	1	-3	25.340570563057458
194	45.1326	45.3409	50	None	None	1	-1	17.210559301796067
195	45.3409	45.9659	43	None	None	1	-2	16.73435273808953
196	45.9659	46.1742	38	None	None	1	-3	16.594897688828443
197	46.1742	47.0833	31	None	None	1	-5	15.298100445156217
198	46.6288	46.8561	54	None	None	1	-1	3.2476190476190525
199	46.8561	47.0833	50	None	None	1	-2	3.569543650793655
200	47.0833	95.0758	43	None	None	1	-5	5.170982142857151
201	47.0833	94.3939	53	None	None	1	-2	5.114478615520287
202	47.3106	47.5379	50	None	None	1	-4	5.101140873015878
203	47.5379	47.7652	54	None	None	1	-1	5.37614087301586
204	47.7652	47.9924	50	None	None	1	-3	4.781398809523797
205	47.9924	48.2197	55	None	None	1	-1	5.4274305555555475
206	48.2197	48.4470	50	None	None	1	-2	15.22327491181659
207	48.4470	97.3485	43	None	None	1	-5	19.323721340388026
208	48.4470	97.1212	54	None	None	1	-2	21.47834703325777
209	48.6742	48.9015	50	None	None	1	-3	21.25308641975311
210	48.9015	49.1288	49	None	None	1	-4	21.80493551587304
211	49.1288	49.3561	50	None	None	1	-3	21.242931547619087
212	49.3561	49.5833	53	None	None	1	-2	20.654737103174636
213	49.5833	49.8106	52	None	None	1	-1	18.49402281746035
214	49.8106	50.7197	31	None	None	1	-5	12.092906746031765
215	50.0379	50.2652	50	None	None	1	-1	7.935168650793666
216	50.2652	50.4924	52	None	None	1	-2	3.9738591269841312
217	50.4924	50.7197	50	None	None	1	-3	3.8128968253968276
218	50.7197	102.3485	43	None	None	1	-5	3.9438492063492117
219	50.7197	101.6667	53	None	None	1	-1	4.331795634920642
220	50.9470	51.1742	50	None	None	1	-2	4.328521825396835
221	51.1742	51.4015	54	None	None	1	-1	2.8913194444444437
222	51.4015	51.6288	50	None	None	1	-2	2.4951884920634875
223	51.6288	51.8561	53	None	None	1	-1	4.153918650793647
224	51.8561	52.0833	50	None	None	1	-2	4.6040674603174585
225	52.0833	104.6212	43	None	None	1	-5	4.931448412698414
226	52.0833	104.3939	54	None	None	1	-1	3.4909722222222195
227	52.3106	52.5379	50	None	None	1	-2	4.013478284832448
228	52.5379	52.7652	53	None	None	1	-1	4.640958443562591
229	52.7652	52.9924	50	None	None	1	-2	12.544146825396915
230	52.9924	106.4394	43	None	None	1	-5	16.64459325396826
231	52.9924	106.2121	54	None	None	1	-1	18.95044642857144
232	53.2197	53.4470	50	None	None	1	-2	18.715277777777793
233	53.4470	53.6742	52	None	None	1	-1	19.49007936507938
234	53.6742	53.9015	50	None	None	1	-2	18.724007936507952
235	53.9015	54.1288	49	None	None	1	-3	18.159821428571444
236	54.1288	54.3561	50	None	None	1	-1	17.368650793650854
237	54.3561	55.2652	31	None	None	1	-5	12.092906746031675
238	54.5833	54.8106	50	None	None	1	-1	7.935168650793667
239	54.8106	55.0379	52	None	None	1	-2	3.973859126984132
240	55.0379	55.2652	50	None	None	1	-3	3.8128968253968267
241	55.2652	111.4394	43	None	None	1	-5	2.972619047619036
242	55.2652	110.7576	53	None	None	1	-1	3.377480158730146
243	55.4924	55.7197	50	None	None	1	-2	3.7354166666666755
244	55.7197	55.9470	54	None	None	1	-1	2.2982142857142844
245	55.9470	56.1742	50	None	None	1	-2	1.9020833333333282
246	56.1742	56.4015	53	None	None	1	-1	2.247470238095236
247	56.4015	56.6288	50	None	None	1	-2	3.2192956349206296
248	56.6288	113.7121	43	None	None	1	-4	3.5439484126984184
249	56.6288	113.4848	52	None	None	1	-1	4.059027777777791
250	56.8561	57.0833	50	None	None	1	-2	3.2274801587301547
251	57.0833	57.3106	53	None	None	1	-1	3.2307539682539623
252	57.3106	57.5379	50	None	None	1	-2	15.267622905643762
253	57.5379	115.5303	43	None	None	1	-5	21.004974096119838
254	57.5379	115.3030	49	None	None	1	-4	19.126686507936437
255	57.7652	57.9924	50	None	None	1	-3	18.61031746031739
256	57.9924	58.2197	52	None	None	1	-2	19.060466269841204
257	58.2197	58.4470	50	None	None	1	-4	18.770188492063426
258	58.4470	58.6742	53	None	None	1	-2	19.082291666666602
259	58.6742	58.9015	50	None	None	1	-1	15.436086309523732
260	58.9015	59.8106	31	None	None	1	-5	9.67418154761896
261	59.1288	59.3561	53	None	None	1	-1	3.9188244047619323
262	59.3561	59.5833	52	None	None	1	-2	3.087276785714291
263	59.5833	59.8106	49	None	None	1	-3	3.4295882936508004
264	59.8106	60.0379	50	None	None	1	-2	3.176004464285726
265	60.0379	60.2652	53	None	None	1	-1	4.834734623015848
266	60.2652	60.4924	52	None	None	1	-2	5.261966765872988
267	60.4924	60.7197	43	None	None	1	-5	4.320473710317457
268	60.7197	122.1212	43	None	None	1	-5	7.006361607142916
269	60.7197	121.6667	50	None	None	1	-2	7.006361607142914
270	60.9470	61.1742	53	None	None	1	-1	7.006361607142914
271	61.1742	61.6288	49	None	None	1	-2	7.006361607142915
272	61.4015	61.6288	43	None	None	1	-5	6.792038690476247
273	61.6288	61.8561	54	None	None	1	-1	5.6455329585538765
274	61.8561	62.0833	53	None	None	1	-2	4.992832341269893
275	62.0833	62.5379	52	None	None	1	-1	3.5324404761905046
276	62.3106	62.5379	43	None	None	1	-5	2.800446428571435
277	62.5379	62.7652	50	None	None	1	-2	2.9794146825396974
278	62.7652	62.9924	53	None	None	1	-1	3.570882936507939
279	62.9924	63.2197	49	None	None	1	-2	3.226435736331572
280	63.2197	63.4470	52	None	None	1	-1	3.0081817680776055
281	63.4470	64.3561	43	None	None	1	-5	3.1473434744268145
282	63.6742	63.9015	53	None	None	1	-2	3.81437940917108
283	63.9015	64.1288	49	None	None	1	-3	3.9914406966490343
284	64.1288	64.3561	52	None	None	1	-1	3.462720458553829
285	64.3561	64.5833	50	None	None	1	-2	3.1986331569664967
286	64.5833	64.8106	53	None	None	1	-1	3.7933752204585747
287	64.8106	65.0379	49	None	None	1	-2	4.005081569664921
288	65.0379	65.2652	52	None	None	1	-1	3.80265101410938
289	65.2652	66.1742	43	None	None	1	-5	3.6609151379131273
290	65.4924	65.7197	49	None	None	1	-4	4.170871597348666
291	65.7197	65.9470	53	None	None	1	-2	10.812067033856465
292	65.9470	66.1742	50	None	None	1	0	-1
293	66.1742	66.4015	49	None	None	1	0	-1
294	66.4015	66.6288	53	None	None	1	0	-1
295	66.6288	66.8561	52	None	None	1	0	-1
296	66.8561	67.0833	54	None	None	1	0	-1
297	67.3106	67.5379	55	None	None	1	0	-1
298	67.5379	67.7652	43	None	None	1	0	-1
299	67.7652	67.9924	31	None	None	1	0	-1
300	67.9924	136.8939	55	None	None	1	0	-1
301	67.9924	136.8939	62	None	None	1	0	-1
