0	2.5000	2.7273	69	None	None	0	1	3.45906096382604
1	2.7273	6.3636	69	None	None	0	1	3.7100530273181063
2	2.7273	5.6818	79	None	None	0	5	4.100896517491951
3	2.9545	3.0682	78	None	None	0	4	3.522501849439545
4	3.0682	3.1818	76	None	None	0	3	3.805988766665055
5	3.1818	3.4091	74	None	None	0	2	3.8133125472411047
6	3.4091	3.6364	72	None	None	0	1	4.056509826152666
7	3.6364	3.8636	74	None	None	0	2	3.5663737717309014
8	3.8636	4.0909	74	None	None	0	2	3.637158842515973
9	4.0909	4.1818	76	None	None	0	3	3.4299650415721685
10	4.1818	4.2727	77	None	None	0	4	3.9127436854371234
11	4.2727	4.3636	76	None	None	0	3	3.724872792399065
12	4.3636	4.4545	77	None	None	0	5	3.49305921590466
13	4.4545	4.5455	76	None	None	0	4	3.7528853685879633
14	4.5455	10.0000	69	None	None	0	1	7.761313324288273
15	4.5455	10.0000	74	None	None	0	3	9.151746997757657
16	5.4545	11.8182	69	None	None	0	1	10.153680180940837
17	5.4545	11.1364	79	None	None	0	4	10.555110182370841
18	5.6818	5.7955	78	None	None	0	3	10.983823334298291
19	5.7955	5.9091	76	None	None	0	2	11.962164990109548
20	5.9091	6.1364	74	None	None	0	1	11.787429138322025
21	6.1364	6.3636	72	None	None	0	4	6.872193877551038
22	6.3636	12.9545	71	None	None	0	3	7.968140589569181
23	6.3636	12.9545	71	None	None	0	4	7.274427233355834
24	6.5909	6.8182	67	None	None	0	2	6.940498661927264
25	6.8182	6.9091	69	None	None	0	3	6.996274676036611
26	6.9091	7.0000	70	None	None	0	4	5.795817040263613
27	7.0000	7.0909	69	None	None	0	3	5.796236447585243
28	7.0909	7.1818	70	None	None	0	4	4.569077528462031
29	7.1818	7.2727	69	None	None	0	3	3.872418656579939
30	7.2727	8.1818	67	None	None	0	2	3.3991193368520514
31	8.1818	8.4091	62	None	None	0	1	4.6464096331006886
32	8.4091	8.6364	67	None	None	0	2	5.262496415035684
33	8.6364	9.0909	69	None	None	0	1	4.3877513160504655
34	8.7500	8.8636	71	None	None	0	2	3.655363307655601
35	8.8636	9.0909	72	None	None	0	3	3.7967529604434307
36	9.0909	19.0909	69	None	None	0	1	3.190318720080617
37	9.0909	18.4091	74	None	None	0	3	3.9630557428176383
38	9.3182	9.5455	74	None	None	0	3	4.1813097110716075
39	9.5455	9.6364	76	None	None	0	4	4.092795601724163
40	9.6364	9.7273	77	None	None	0	5	3.8355179566235735
41	9.7273	9.8182	76	None	None	0	4	3.77957241055645
42	9.8182	9.9091	77	None	None	0	5	3.5330623481981838
43	9.9091	10.0000	76	None	None	0	4	3.0071742151671956
44	10.0000	10.9091	74	None	None	0	3	2.88367018392507
45	10.9091	11.1364	62	None	None	0	1	4.115863109357794
46	11.1364	11.3636	67	None	None	0	3	5.280923577989705
47	11.3636	11.4773	62	None	None	0	1	6.773954899138555
48	11.4773	11.5909	67	None	None	0	2	6.584591387776567
49	11.5909	11.8182	69	None	None	0	3	6.752950995212921
50	11.8182	12.0455	71	None	None	0	4	6.578782498602282
51	12.0455	12.2727	71	None	None	0	3	7.125454421799136
52	12.2727	12.3636	69	None	None	0	2	7.458068318605578
53	12.3636	12.4545	70	None	None	0	3	7.113950066458416
54	12.4545	12.5455	69	None	None	0	2	11.561472912902174
55	12.5455	12.6364	70	None	None	0	3	13.765645926231498
56	12.6364	12.7273	69	None	None	0	2	13.94979680255496
57	12.7273	13.1818	67	None	None	0	1	12.870820627579883
58	13.2468	13.3117	69	None	None	0	2	13.422883629933681
59	13.3117	13.3766	71	None	None	0	1	6.454655066420829
60	13.3766	13.4416	72	None	None	0	2	5.162642751263427
61	13.4416	13.5065	74	None	None	0	3	5.450325536993209
62	13.5065	13.5714	76	None	None	0	4	5.705906084631198
63	13.5714	13.6364	77	None	None	0	5	5.021112791024779
64	13.6364	28.1818	69	None	None	0	1	3.8429709849961013
65	13.6364	27.5000	79	None	None	0	5	4.10089651749195
66	13.8636	13.9773	78	None	None	0	4	3.522501849439547
67	13.9773	14.0909	76	None	None	0	3	3.8059887666650503
68	14.0909	14.3182	74	None	None	0	2	3.8133125472411074
69	14.3182	14.5455	72	None	None	0	1	4.056509826152661
70	14.5455	14.7727	74	None	None	0	2	3.566373771730892
71	14.7727	15.0000	74	None	None	0	2	3.7846277399848613
72	15.0000	15.0909	76	None	None	0	3	4.397921390778517
73	15.0909	15.1818	77	None	None	0	4	4.3023053665910655
74	15.1818	15.2727	76	None	None	0	3	4.345332577475415
75	15.2727	15.3636	77	None	None	0	5	4.1208427815570685
76	15.3636	15.4545	76	None	None	0	4	4.068253968253973
77	15.4545	31.1364	69	None	None	0	2	3.647803287981847
78	15.4545	31.8182	74	None	None	0	3	4.4681264172335435
79	15.6818	15.9091	69	None	None	0	1	5.258539225875518
80	15.9091	16.0000	71	None	None	0	2	4.636654727395273
81	16.0000	16.0909	72	None	None	0	3	4.6293309468192225
82	16.0909	16.1818	71	None	None	0	2	4.9417459128056205
83	16.1818	16.2727	72	None	None	0	3	9.877488300284666
84	16.2727	16.3636	71	None	None	0	2	11.168772313890088
85	16.3636	33.6364	69	None	None	0	1	10.894551792348159
86	16.3636	32.9545	79	None	None	0	4	10.555110182370841
87	16.5909	16.7045	78	None	None	0	3	10.98382333429827
88	16.7045	16.8182	76	None	None	0	2	11.96216499010956
89	16.8182	17.0455	74	None	None	0	1	11.78742913832202
90	17.0455	17.2727	72	None	None	0	4	6.872193877551036
91	17.2727	34.7727	71	None	None	0	3	8.861076467624097
92	17.2727	34.7727	71	None	None	0	4	7.928127362055959
93	17.5000	17.7273	67	None	None	0	2	7.594198790627387
94	17.7273	17.8182	69	None	None	0	3	8.207492441421046
95	17.8182	17.9091	70	None	None	0	4	6.9086215041572645
96	17.9091	18.0000	69	None	None	0	3	6.250118102796686
97	18.0000	18.0909	70	None	None	0	4	4.951247165532896
98	18.0909	18.1818	69	None	None	0	3	4.292743764172347
99	18.1818	36.5909	62	None	None	0	2	3.647803287981856
100	18.1818	37.2727	67	None	None	0	4	3.3715214789619488
101	18.4091	18.6364	62	None	None	0	2	3.3685204868984573
102	18.6364	18.7273	64	None	None	0	3	4.606985989825392
103	18.7273	18.8182	65	None	None	0	4	6.7526340441613515
104	18.8182	18.9091	64	None	None	0	2	4.938423915665541
105	18.9091	19.0000	65	None	None	0	3	4.943295656028363
106	19.0000	19.0909	64	None	None	0	2	4.469996336300465
107	19.0909	19.5455	62	None	None	0	1	4.646409633100682
108	19.3182	19.5455	67	None	None	0	2	5.262496415035667
109	19.5455	20.0000	69	None	None	0	1	4.387751316050437
110	19.6591	19.7727	71	None	None	0	2	3.6553633076556005
111	19.7727	20.0000	72	None	None	0	3	3.7967529604434307
112	20.0000	40.9091	69	None	None	0	1	3.564468379944556
113	20.0000	40.2273	74	None	None	0	2	3.5663737717308774
114	20.2273	20.4545	74	None	None	0	2	3.784627739984848
115	20.4545	20.5455	76	None	None	0	3	4.397921390778503
116	20.5455	20.6364	77	None	None	0	4	4.302305366591053
117	20.6364	20.7273	76	None	None	0	3	4.345332577475415
118	20.7273	20.8182	77	None	None	0	5	4.120842781557059
119	20.8182	20.9091	76	None	None	0	4	4.06825396825396
120	20.9091	42.0455	69	None	None	0	2	3.6478032879818465
121	20.9091	42.7273	74	None	None	0	4	3.6478032879818594
122	21.1364	21.3636	69	None	None	0	2	3.768934240362811
123	21.3636	21.4545	71	None	None	0	4	4.787232735883924
124	21.4545	21.5455	72	None	None	0	5	4.529955090783346
125	21.5455	21.6364	71	None	None	0	4	4.310835035353757
126	21.6364	21.7273	72	None	None	0	5	4.064324972995498
127	21.7273	21.8182	71	None	None	0	4	3.5384368399645094
128	21.8182	43.8636	69	None	None	0	3	3.41493280872238
129	21.8182	43.8636	74	None	None	0	5	4.892155840792329
130	22.0455	22.1591	67	None	None	0	2	6.203446468154396
131	22.1591	22.2727	62	None	None	0	1	6.640448482387461
132	22.2727	22.5000	67	None	None	0	2	6.451084971025484
133	22.5000	22.7273	69	None	None	0	3	6.256215356513016
134	22.7273	22.9545	71	None	None	0	4	5.949447278911599
135	22.9545	23.1818	71	None	None	0	3	7.43030045351478
136	23.1818	23.2727	69	None	None	0	2	7.983886054421795
137	23.2727	23.3636	70	None	None	0	5	7.142264604254443
138	23.3636	23.4545	69	None	None	0	4	6.189222276212091
139	23.4545	23.5455	70	None	None	0	5	4.439337679516243
140	23.5455	23.6364	69	None	None	0	4	4.402962018140584
141	23.6364	23.8636	65	None	None	0	3	4.098047367094983
142	23.8636	24.0909	65	None	None	0	3	4.920957053992776
143	24.0909	24.1818	64	None	None	0	2	4.980773120058841
144	24.1818	24.2727	65	None	None	0	3	5.012373598087904
145	24.2727	24.3636	64	None	None	0	2	4.874981614267343
146	24.3636	24.4545	65	None	None	0	3	4.906582092296398
147	24.4545	24.5455	64	None	None	0	2	4.769190108475847
148	24.5455	49.9242	62	None	None	0	1	3.884123919838216
149	24.5455	49.2992	69	None	None	0	2	3.092664092664109
150	24.7538	24.9621	74	None	None	0	3	1.8532818532818667
151	24.9621	25.1705	69	None	None	0	1	1.914671814671827
152	25.1705	25.3788	74	None	None	0	3	2.085343944527622
153	25.3788	25.5871	69	None	None	0	1	2.2962493105350203
154	25.5871	25.7955	74	None	None	0	4	3.1631497386599348
155	25.7955	26.0038	69	None	None	0	2	4.053126887820756
156	26.0038	26.2121	74	None	None	0	5	3.4237891681769144
157	26.2121	26.4205	69	None	None	0	3	3.4541945735823236
158	26.4205	26.6288	74	None	None	0	5	3.186638422961657
159	26.6288	26.7330	72	None	None	0	4	3.263359458866362
160	26.7330	26.8371	74	None	None	0	5	3.152718059449454
161	26.8371	26.9413	72	None	None	0	4	3.49495534046226
162	26.9413	27.0455	71	None	None	0	3	4.322513583836829
163	27.0455	27.2538	69	None	None	0	2	4.843509762230966
164	27.2538	27.4621	74	None	None	0	4	4.537203455924656
165	27.4621	27.8788	76	None	None	0	5	5.840211544020299
166	27.8788	27.9830	74	None	None	0	4	6.130672633279941
167	27.9830	28.0871	72	None	None	0	3	6.320846121708249
168	28.0871	28.2955	71	None	None	0	2	6.244593265353364
169	28.2955	28.5038	69	None	None	0	1	5.604932867628444
170	28.5038	57.2159	78	None	None	0	4	4.823094210789778
171	28.5038	57.2159	79	None	None	0	5	4.407151482347046
172	28.7121	28.7816	69	None	None	0	1	4.7509563261519006
173	28.7816	28.8510	71	None	None	0	2	3.5744926396006473
174	28.8510	28.9205	72	None	None	0	3	4.492312516686475
175	28.9205	29.1288	74	None	None	0	4	5.129697271632742
176	29.1288	29.5455	76	None	None	0	5	5.726946306381772
177	29.5455	29.6288	74	None	None	0	4	5.868537206037189
178	29.6288	29.7121	72	None	None	0	3	5.968104305604297
179	29.7121	29.7955	74	None	None	0	4	5.868537206037198
180	29.7955	29.8788	72	None	None	0	3	5.913342400842393
181	29.8788	29.9621	71	None	None	0	2	6.823082660582646
182	29.9621	30.1705	69	None	None	0	1	8.661556686556668
183	30.1705	60.5492	78	None	None	0	4	8.661556686556668
184	30.1705	60.5492	79	None	None	0	5	8.661556686556668
185	30.3788	30.4621	74	None	None	0	3	8.661556686556667
186	30.4621	30.5455	76	None	None	0	5	5.96810430560432
187	30.5455	30.6288	74	None	None	0	4	5.868537206037229
188	30.6288	30.7121	72	None	None	0	3	5.913342400842425
189	30.7121	30.7955	71	None	None	0	2	6.823082660582678
190	30.7955	31.0038	69	None	None	0	1	8.661556686556676
191	31.0038	62.2159	78	None	None	0	4	8.661556686556661
192	31.0038	62.2159	79	None	None	0	5	8.661556686556649
193	31.2121	31.2955	74	None	None	0	3	8.66155668655665
194	31.2955	31.3788	76	None	None	0	5	5.968104305604326
195	31.3788	31.4621	74	None	None	0	4	5.868537206037216
196	31.4621	31.5455	72	None	None	0	3	5.913342400842413
197	31.5455	31.6288	71	None	None	0	2	6.823082660582664
198	31.6288	31.8371	69	None	None	0	1	8.661556686556738
199	31.8371	63.8826	78	None	None	0	4	8.661556686556738
200	31.8371	63.8826	79	None	None	0	5	8.661556686556738
201	32.0455	32.1288	74	None	None	0	3	8.661556686556747
202	32.1288	32.2121	76	None	None	0	5	5.9681043056042755
203	32.2121	32.2955	74	None	None	0	4	5.868537206037176
204	32.2955	32.3788	72	None	None	0	3	5.913342400842371
205	32.3788	32.4621	71	None	None	0	2	6.8230826605826245
206	32.4621	32.6705	69	None	None	0	1	8.661556686556619
207	32.6705	65.5492	78	None	None	0	4	8.661556686556649
208	32.6705	65.5492	79	None	None	0	5	8.661556686556672
209	32.8788	32.9621	74	None	None	0	3	8.661556686556665
210	32.9621	33.0455	76	None	None	0	5	5.968104305604317
211	33.0455	33.1288	74	None	None	0	4	5.868537206037236
212	33.1288	33.2121	72	None	None	0	3	5.913342400842431
213	33.2121	33.2955	71	None	None	0	2	6.82308266058263
214	33.2955	33.5038	69	None	None	0	1	8.661556686556718
215	33.5038	67.2159	78	None	None	0	4	7.4316660816661
216	33.5038	67.2159	79	None	None	0	5	6.831391555988341
217	33.7121	33.7955	74	None	None	0	3	7.060000349113247
218	33.7955	33.8788	76	None	None	0	5	4.26698086859381
219	33.8788	33.9621	74	None	None	0	4	4.212218963831904
220	33.9621	34.0455	72	None	None	0	3	4.363341362938142
221	34.0455	34.1288	71	None	None	0	2	4.318536168132985
222	34.1288	34.5455	69	None	None	0	1	3.4635578131545843
223	34.5455	34.9621	69	None	None	0	1	3.911609761206532
224	34.9621	35.0455	76	None	None	0	4	4.041179653679653
225	35.0455	35.1288	77	None	None	0	5	4.8277056277056225
226	35.1288	35.2121	76	None	None	0	4	5.8229437229436884
227	35.2121	35.2955	74	None	None	0	3	5.822943722943679
228	35.2955	35.3788	72	None	None	0	2	5.822943722943697
229	35.3788	35.4621	74	None	None	0	4	4.04117965367965
230	35.4621	35.5455	76	None	None	0	5	4.827705627705615
231	35.5455	35.6288	74	None	None	0	4	5.822943722943702
232	35.6288	35.7121	72	None	None	0	3	5.777224136407781
233	35.7121	35.7955	71	None	None	0	2	5.776106546514677
234	35.7955	35.8788	72	None	None	0	3	5.694367339775489
235	35.8788	35.9621	74	None	None	0	5	10.7049789817646
236	35.9621	36.0455	72	None	None	0	4	10.7049789817646
237	36.0455	36.1288	71	None	None	0	3	10.70497898176461
238	36.1288	36.2121	69	None	None	0	2	10.7049789817646
239	36.2121	36.3163	71	None	None	0	1	4.666017942803642
240	36.3163	36.4205	72	None	None	0	2	3.828214249897913
241	36.4205	36.6288	74	None	None	0	3	3.873933836433838
242	36.6288	36.7121	76	None	None	0	4	4.041179653679656
243	36.7121	36.7955	77	None	None	0	5	4.827705627705624
244	36.7955	36.8788	76	None	None	0	4	5.8229437229437115
245	36.8788	36.9621	74	None	None	0	3	5.822943722943685
246	36.9621	37.0455	72	None	None	0	2	5.822943722943704
247	37.0455	37.1288	74	None	None	0	4	4.041179653679669
248	37.1288	37.2121	76	None	None	0	5	4.827705627705557
249	37.2121	37.2955	74	None	None	0	4	5.822943722943703
250	37.2955	37.3788	72	None	None	0	3	5.777224136407769
251	37.3788	37.4621	71	None	None	0	2	5.77610654651468
252	37.4621	37.5455	72	None	None	0	3	5.881261595547302
253	37.5455	37.6288	74	None	None	0	5	10.808242777630657
254	37.6288	37.7121	72	None	None	0	3	12.15895065818524
255	37.7121	37.7955	71	None	None	0	2	12.213712562947126
256	37.7955	37.8788	69	None	None	0	1	11.259167108401742
257	37.8788	37.9830	71	None	None	0	2	10.209167108401692
258	37.9830	38.0871	72	None	None	0	1	4.832146170156391
259	38.0871	38.1913	74	None	None	0	2	3.994342477250629
260	38.1913	38.2955	76	None	None	0	3	4.040062063786541
261	38.2955	38.3788	77	None	None	0	4	4.0411796536796745
262	38.3788	38.4621	79	None	None	0	5	4.827705627705566
263	38.4621	38.5455	77	None	None	0	4	5.822943722943712
264	38.5455	38.6288	76	None	None	0	3	5.8229437229437035
265	38.6288	38.7121	74	None	None	0	2	5.8229437229437035
266	38.7121	38.7955	76	None	None	0	4	4.041179653679653
267	38.7955	38.8788	77	None	None	0	5	4.8277056277056225
268	38.8788	38.9621	76	None	None	0	4	5.8229437229436884
269	38.9621	39.0455	74	None	None	0	3	5.822943722943679
270	39.0455	39.1288	72	None	None	0	2	5.822943722943697
271	39.1288	39.2121	74	None	None	0	4	4.04117965367965
272	39.2121	39.2955	76	None	None	0	5	4.827705627705615
273	39.2955	39.3788	74	None	None	0	4	5.822943722943702
274	39.3788	39.4621	72	None	None	0	3	5.822943722943684
275	39.4621	39.5455	71	None	None	0	2	5.877705627705609
276	39.5455	39.6288	72	None	None	0	3	6.045725108225122
277	39.6288	39.7121	74	None	None	0	5	11.06891620284467
278	39.7121	39.7955	72	None	None	0	4	11.076491960420457
279	39.7955	39.8788	71	None	None	0	3	11.175905450156517
280	39.8788	39.9621	69	None	None	0	2	11.131100255351331
281	39.9621	40.0455	71	None	None	0	1	5.1917063159574495
282	40.0455	40.1288	72	None	None	0	2	4.264920601671778
283	40.1288	40.2121	74	None	None	0	3	9.036970095956372
284	40.2121	40.2955	76	None	None	0	4	9.044545853532105
285	40.2955	40.3788	78	None	None	0	5	9.03716435254464
286	40.3788	40.7955	69	None	None	0	2	6.945930586310798
287	40.7955	40.8788	71	None	None	0	1	5.191706315957507
288	40.8788	40.9621	72	None	None	0	2	4.264920601671776
289	40.9621	41.0455	74	None	None	0	3	9.036970095956283
290	41.0455	41.1288	76	None	None	0	4	9.044545853532018
291	41.1288	41.2121	78	None	None	0	5	9.037164352544508
292	41.2121	41.6288	69	None	None	0	2	6.945930586310766
293	41.6288	41.7121	71	None	None	0	1	5.191706315957464
294	41.7121	41.7955	72	None	None	0	2	4.264920601671792
295	41.7955	41.8788	74	None	None	0	3	9.036970095956258
296	41.8788	41.9621	76	None	None	0	4	9.044545853532014
297	41.9621	42.0455	78	None	None	0	5	9.037164352544517
298	42.0455	42.4621	69	None	None	0	2	6.9459305863107925
299	42.4621	42.5455	71	None	None	0	1	5.1917063159574495
300	42.5455	42.6288	72	None	None	0	2	4.264920601671778
301	42.6288	42.7121	74	None	None	0	3	9.036970095956372
302	42.7121	42.7955	76	None	None	0	4	9.044545853532105
303	42.7955	42.8788	78	None	None	0	5	9.03716435254464
304	42.8788	43.2955	69	None	None	0	2	6.945930586310798
305	43.2955	43.3788	71	None	None	0	1	5.191706315957507
306	43.3788	43.4621	72	None	None	0	2	4.264920601671776
307	43.4621	43.5455	74	None	None	0	3	9.036970095956283
308	43.5455	43.6288	76	None	None	0	4	9.164351048337204
309	43.6288	43.7121	78	None	None	0	5	9.057556057613626
310	43.7121	44.1288	69	None	None	0	2	7.065889390946971
311	44.1288	44.2121	71	None	None	0	1	5.318893011750146
312	44.2121	44.2955	72	None	None	0	2	9.070783085961704
313	44.2955	44.3788	74	None	None	0	1	6.358871999213027
314	44.3788	44.4621	76	None	None	0	2	5.464456665511928
315	44.4621	44.5455	78	None	None	0	3	5.517677717805345
316	44.5455	44.6288	72	None	None	0	1	5.579100988412304
317	44.6288	44.7121	74	None	None	0	2	4.32929403860531
318	44.7121	44.7955	76	None	None	0	3	3.9159911253024107
319	44.7955	44.8788	78	None	None	0	4	3.716103737915004
320	44.8788	44.9621	79	None	None	0	5	2.0955680236292524
321	44.9621	45.7955	69	None	None	0	1	2.2270114259059963
322	45.1705	45.2746	78	None	None	0	5	2.1701937664097537
323	45.2746	45.3788	76	None	None	0	4	2.3860721812677403
324	45.3788	45.5871	74	None	None	0	3	2.575363969411569
325	45.5871	45.7955	72	None	None	0	2	2.8082019093923596
326	45.7955	92.5000	69	None	None	0	1	3.2037249834868815
327	45.7955	91.8182	74	None	None	0	2	3.204072184429325
328	46.0227	46.2500	74	None	None	0	2	3.4801634542705875
329	46.2500	46.3409	76	None	None	0	3	3.6594434996220646
330	46.3409	46.4318	77	None	None	0	4	3.6068546863189668
331	46.4318	46.5227	76	None	None	0	3	3.6068546863189823
332	46.5227	46.6136	77	None	None	0	4	3.554265873015865
333	46.6136	46.7045	76	None	None	0	3	3.5542658730158654
334	46.7045	46.9318	74	None	None	0	2	3.705172902494306
335	46.9318	47.1591	77	None	None	0	3	3.3887046485260557
336	47.1591	47.2500	76	None	None	0	2	3.68383669067343
337	47.2500	47.3409	77	None	None	0	3	3.7209291219075853
338	47.3409	47.4318	76	None	None	0	2	3.761730782969487
339	47.4318	47.5227	77	None	None	0	4	3.8794839953655504
340	47.5227	47.6136	76	None	None	0	2	3.701710941699647
341	47.6136	47.8409	77	None	None	0	4	3.666779551323014
342	47.8409	48.0682	74	None	None	0	2	3.6286980057259424
343	48.0682	48.1439	76	None	None	0	3	3.969905884407122
344	48.1439	48.2197	77	None	None	0	5	3.9928894575377583
345	48.2197	48.2955	76	None	None	0	4	3.4544042260142165
346	48.2955	48.5227	74	None	None	0	3	3.122084340880647
347	48.5227	48.7500	77	None	None	0	5	3.4405229431734137
348	48.7500	48.8258	76	None	None	0	4	3.3761560813774762
349	48.8258	48.9015	77	None	None	0	5	3.1564781836577356
350	48.9015	48.9773	76	None	None	0	4	3.3709691426103903
351	48.9773	49.2045	74	None	None	0	3	6.90092604319112
352	49.2045	49.4318	72	None	None	0	2	6.657572868587944
353	49.4318	99.7727	69	None	None	0	1	7.489120487635568
354	49.4318	99.0909	79	None	None	0	5	8.382987409404269
355	49.6591	49.7727	78	None	None	0	4	8.619303625705594
356	49.7727	49.8864	76	None	None	0	3	9.405813974526042
357	49.8864	50.1136	74	None	None	0	2	10.227848639455836
358	50.1136	50.3409	72	None	None	0	1	10.789073129251733
359	50.3409	50.5682	71	None	None	0	2	6.827763605442193
360	50.5682	50.7955	67	None	None	0	1	7.580739795918395
361	50.7955	50.8864	69	None	None	0	3	8.06765400604693
362	50.8864	50.9773	70	None	None	0	4	7.583493953136881
363	50.9773	51.0682	69	None	None	0	3	7.480602796674336
364	51.0682	51.1591	70	None	None	0	4	6.996442743764158
365	51.1591	51.2500	69	None	None	0	3	6.2949121315192835
366	51.2500	51.4773	67	None	None	0	2	6.445819160997738
367	51.4773	51.7045	71	None	None	0	3	6.129350907029483
368	51.7045	51.7955	69	None	None	0	2	7.582402683295592
369	51.7955	51.8864	70	None	None	0	3	7.685293839758176
370	51.8864	51.9773	69	None	None	0	2	7.907964852607779
371	51.9773	52.0682	70	None	None	0	3	8.124036281179167
372	52.0682	52.1591	69	None	None	0	2	7.500661375661448
373	52.1591	52.3864	71	None	None	0	4	7.565825774754406
374	52.3864	52.6136	67	None	None	0	2	7.2897345049131514
375	52.6136	52.7045	69	None	None	0	3	8.156353269224956
376	52.7045	52.7955	70	None	None	0	4	7.77951935973372
377	52.7955	52.8864	69	None	None	0	3	7.820453314401499
378	52.8864	52.9773	70	None	None	0	4	6.942500744484593
379	52.9773	53.0682	69	None	None	0	3	6.028951991650136
380	53.0682	53.2955	67	None	None	0	2	5.862420749523658
381	53.2955	53.5227	71	None	None	0	4	5.777570004655197
382	53.5227	53.5985	69	None	None	0	3	6.6588000695732035
383	53.5985	53.6742	70	None	None	0	5	4.876097915179872
384	53.6742	53.7500	69	None	None	0	4	3.808676057034941
385	53.7500	53.9773	67	None	None	0	3	5.299807450560969
386	53.9773	54.2045	62	None	None	0	1	5.388321559908408
387	54.2045	54.4318	67	None	None	0	2	5.043636185758736
388	54.4318	54.5455	69	None	None	0	1	4.864185871354052
389	54.5455	54.6591	71	None	None	0	2	4.066061846330325
390	54.6591	54.8864	72	None	None	0	3	4.111835474930689
391	54.8864	110.6818	69	None	None	0	1	4.1040406903501845
392	54.8864	110.0000	74	None	None	0	2	4.17990992693371
393	55.1136	55.3409	77	None	None	0	4	4.19058012093724
394	55.3409	55.4318	76	None	None	0	3	4.083437263794387
395	55.4318	55.5227	77	None	None	0	4	4.940863567649305
396	55.5227	55.6136	76	None	None	0	3	5.539503023431572
397	55.6136	55.7045	77	None	None	0	5	6.268055555555553
398	55.7045	55.7955	76	None	None	0	4	6.77107898715037
399	55.7955	112.5000	69	None	None	0	1	7.349971655328837
400	55.7955	111.8182	74	None	None	0	4	7.684056122448995
401	56.0227	56.2500	71	None	None	0	2	7.438641660367874
402	56.2500	56.3409	73	None	None	0	3	7.937418680005828
403	56.3409	56.4318	74	None	None	0	4	7.125327569881635
404	56.4318	56.5227	73	None	None	0	2	6.005831941951591
405	56.5227	56.6136	74	None	None	0	3	5.781236126594911
406	56.6136	56.7045	73	None	None	0	2	4.912741228635794
407	56.7045	56.9318	74	None	None	0	1	9.598298077584445
408	56.9318	57.1591	77	None	None	0	3	10.17095136203713
409	57.1591	57.2348	76	None	None	0	2	10.16271723274388
410	57.2348	57.3106	77	None	None	0	3	10.502286126269972
411	57.3106	57.3864	76	None	None	0	2	11.974296243295555
412	57.3864	57.6136	74	None	None	0	1	10.729496036970035
413	57.6136	57.8409	73	None	None	0	4	3.9669156921811064
414	57.8409	57.9167	71	None	None	0	3	4.143028069756255
415	57.9167	57.9924	69	None	None	0	2	3.9356951665679034
416	57.9924	58.0682	71	None	None	0	3	3.813444713791741
417	58.0682	58.2955	73	None	None	0	4	5.14943182084698
418	58.2955	58.5227	74	None	None	0	5	5.2502984985365515
419	58.5227	58.7500	62	None	None	0	1	5.8898605733665725
420	58.7500	58.8636	67	None	None	0	3	7.091357723152335
421	58.8636	58.9773	62	None	None	0	1	8.140325655478962
422	58.9773	59.2045	67	None	None	0	2	7.7348907155454665
423	59.2045	59.4318	69	None	None	0	1	7.200856638951877
424	59.4318	59.6591	71	None	None	0	2	6.369309019904265
425	59.6591	59.8864	74	None	None	0	4	6.62005857898715
426	59.8864	59.9773	73	None	None	0	3	7.0487717309146305
427	59.9773	60.0682	74	None	None	0	4	6.9104402872259065
428	60.0682	60.1591	73	None	None	0	3	6.910440287226029
429	60.1591	60.2500	74	None	None	0	4	6.772108843537356
430	60.2500	60.3409	73	None	None	0	3	7.090136054421796
431	60.3409	60.5682	71	None	None	0	2	7.365274628369883
432	60.5682	60.7955	67	None	None	0	1	7.932734945830204
433	60.7955	60.8864	69	None	None	0	2	8.352969104308434
434	60.8864	60.9773	70	None	None	0	3	8.4517636684303
435	60.9773	61.0682	69	None	None	0	2	8.455860260771004
436	61.0682	61.1591	70	None	None	0	4	8.092004440665068
437	61.1591	61.2500	69	None	None	0	3	7.258586073318203
438	61.2500	61.4773	67	None	None	0	1	6.329295792391001
439	61.4773	61.7045	74	None	None	0	4	6.620058578987141
440	61.7045	61.7955	73	None	None	0	3	7.1374709940925065
441	61.7955	61.8864	74	None	None	0	4	7.10646569382292
442	61.8864	61.9773	73	None	None	0	3	7.540608303776607
443	61.9773	62.0682	74	None	None	0	4	6.1933057716526125
444	62.0682	62.1591	73	None	None	0	3	5.197132302264908
445	62.1591	62.3864	71	None	None	0	2	5.763033662809105
446	62.3864	62.6136	67	None	None	0	1	6.847906395374836
447	62.6136	62.6894	69	None	None	0	2	7.335929817705356
448	62.6894	62.7652	70	None	None	0	4	6.781863690328544
449	62.7652	62.8409	69	None	None	0	3	6.1199520654103985
450	62.8409	63.0682	67	None	None	0	1	4.934759853285319
451	63.0682	63.2955	71	None	None	0	2	5.763033662809118
452	63.2955	63.5227	67	None	None	0	1	6.847906395374895
453	63.5227	63.5985	69	None	None	0	2	7.335929817705377
454	63.5985	63.6742	70	None	None	0	4	6.7818636903285565
455	63.6742	63.7500	69	None	None	0	3	6.119952065410448
456	63.7500	63.9773	67	None	None	0	1	5.687736043761569
457	63.9773	64.2045	71	None	None	0	4	6.3860170270629295
458	64.2045	64.4318	67	None	None	0	2	7.1861436239966965
459	64.4318	64.5076	69	None	None	0	3	8.107888236260726
460	64.5076	64.5833	70	None	None	0	4	6.373530356995101
461	64.5833	64.6591	69	None	None	0	3	5.870398493981807
462	64.6591	64.8864	67	None	None	0	2	6.473908340995813
463	64.8864	65.1136	71	None	None	0	4	7.212681322409312
464	65.1136	65.1894	69	None	None	0	3	8.424743433496722
465	65.1894	65.2652	70	None	None	0	5	6.637424287334865
466	65.2652	65.3409	69	None	None	0	4	5.861098659348511
467	65.3409	65.5682	67	None	None	0	3	6.511344959161624
468	65.5682	65.7955	70	None	None	0	4	7.621907512885516
469	65.7955	65.8712	69	None	None	0	3	8.424743433496753
470	65.8712	65.9470	70	None	None	0	4	6.563228561283923
471	65.9470	66.0227	69	None	None	0	3	5.801221146896125
472	66.0227	66.2500	67	None	None	0	2	5.85834347809503
473	66.2500	66.4773	70	None	None	0	3	6.357120514352697
474	66.4773	66.5530	69	None	None	0	2	6.357120514352697
475	66.5530	66.6288	70	None	None	0	3	6.357120514352697
476	66.6288	66.7045	69	None	None	0	2	6.357120514352697
477	66.7045	67.1591	67	None	None	0	1	6.357120514352697
478	67.3106	67.3864	71	None	None	0	2	6.357120514352697
479	67.3864	67.4621	72	None	None	0	3	6.357120514352697
480	67.4621	67.5379	74	None	None	0	4	6.357120514352697
481	67.5379	67.6136	76	None	None	0	5	6.357120514352697
482	67.6136	68.5227	77	None	None	0	0	6.357120514352697
