0	0.0000	0.1250	65	None	None	0	1	3.095518207282912
1	0.1250	0.2500	69	None	None	0	2	3.5597364871874677
2	0.2500	0.5000	72	None	None	0	4	2.6977850399419037
3	1.0000	1.1250	65	None	None	0	1	2.5477250159322966
4	1.1250	1.2500	69	None	None	0	2	2.5290175329390934
5	1.2500	1.5000	72	None	None	0	4	1.6532005394750433
6	2.0000	2.1250	65	None	None	0	1	2.2979250959643105
7	2.1250	2.2500	69	None	None	0	3	2.9492997198879545
8	2.2500	2.5000	72	None	None	0	5	1.9730625583566743
9	3.0000	6.2500	62	None	None	0	1	2.145419649341213
10	3.0000	6.2500	65	None	None	0	2	2.95695092851955
11	3.2500	6.7500	62	None	None	0	1	3.192094986142603
12	3.2500	6.7500	65	None	None	0	2	3.8885802469135835
13	4.0000	4.1250	65	None	None	0	2	4.01049901442058
14	4.1250	4.2500	69	None	None	0	1	3.5244864612511617
15	4.2500	4.5000	72	None	None	0	4	4.652824190104892
16	5.0000	5.1250	65	None	None	0	1	4.524532873578275
17	5.1250	5.2500	69	None	None	0	2	16.16405690635126
18	5.2500	5.5000	72	None	None	0	3	15.338660080954437
19	6.0000	6.1250	76	None	None	0	5	15.072903778433428
20	6.1250	6.2500	72	None	None	0	4	14.237983143512794
21	6.2500	6.3750	69	None	None	0	2	13.434808540338189
22	6.3750	6.5000	65	None	None	0	1	13.387189492719141
23	6.7500	6.8750	60	None	None	0	2	8.772151898734176
24	6.8750	7.0000	64	None	None	0	1	1.700723327305606
25	8.7500	9.0000	89	None	None	0	5	0.0
26	9.0000	9.2500	89	None	None	0	1	0.0
27	9.2500	9.5000	89	None	None	0	1	0.0
28	9.5000	9.7500	89	None	None	0	1	0.0
29	9.7500	10.0000	89	None	None	0	1	0.0
30	10.0000	10.2500	89	None	None	0	1	0.0
31	10.2500	10.5000	89	None	None	0	1	0.0
32	10.5000	10.7500	89	None	None	0	1	0.0
33	10.7500	11.0000	89	None	None	0	4	0.2346938775510185
34	11.0000	11.7500	89	None	None	0	4	0.6362811791383247
35	11.7500	12.0000	89	None	None	0	5	1.0535147392290236
36	12.0000	12.2500	89	None	None	0	5	1.1880230880230849
37	12.2500	12.5000	89	None	None	0	5	1.366594516594508
38	12.5000	12.7500	89	None	None	0	5	4.177308802308795
39	12.7500	13.0000	89	None	None	0	5	5.4344516594516525
40	13.0000	13.2500	89	None	None	0	5	6.3074675324675304
41	13.2500	13.3750	88	None	None	0	4	6.301924574543627
42	13.3750	13.5000	86	None	None	0	3	6.0713535582583225
43	13.5000	13.7500	84	None	None	0	2	6.2565009505485785
44	13.7500	14.0000	87	None	None	0	5	3.604878432854631
45	14.0000	14.1250	81	None	None	0	3	3.0217151675485123
46	14.1250	14.2500	79	None	None	0	2	2.674691358024706
47	14.2500	14.3750	81	None	None	0	3	2.4050201562106506
48	14.3750	14.5000	82	None	None	0	4	1.2925482836812987
49	14.5000	14.7500	84	None	None	0	5	1.926849762893664
50	14.7500	15.0000	82	None	None	0	4	2.147009122933969
51	15.0000	15.7500	77	None	None	0	3	1.7516776570142636
52	15.7500	16.0000	82	None	None	0	5	1.820002975647463
53	16.0000	16.7500	77	None	None	0	3	2.606284154785783
54	16.7500	17.0000	82	None	None	0	5	3.7098524339492975
55	17.0000	17.5000	77	None	None	0	3	4.125101867055869
56	17.6250	17.7500	76	None	None	0	2	4.287319397746305
57	17.7500	17.8750	77	None	None	0	3	4.244944114299593
58	17.8750	18.0000	79	None	None	0	4	5.5606629177852325
59	18.0000	18.5000	81	None	None	0	5	5.231297838420157
60	18.6250	18.7500	79	None	None	0	3	4.922086797682027
61	18.7500	18.8750	78	None	None	0	1	3.958900226757366
62	18.8750	19.0000	79	None	None	0	2	2.5608560090702857
63	19.0000	19.2500	81	None	None	0	3	5.401502267573704
64	19.2500	19.5000	79	None	None	0	1	5.3695704207609065
65	19.5000	19.7500	81	None	None	0	2	5.063391282438906
66	19.7500	20.0000	86	None	None	0	3	4.8485386747291495
67	20.2500	20.5000	81	None	None	0	1	5.175699168556305
68	20.5000	20.7500	83	None	None	0	2	5.170710506424782
69	20.7500	21.0000	84	None	None	0	1	4.845464852607712
70	21.0000	21.1250	86	None	None	0	2	4.945238095238095
71	21.1250	21.2500	87	None	None	0	4	4.387830687830683
72	21.2500	21.3750	84	None	None	0	3	5.064197530864186
73	21.3750	21.5000	86	None	None	0	5	4.887830687830666
74	21.5000	21.6250	83	None	None	0	4	4.3699735449735355
75	21.6250	21.7500	84	None	None	0	5	4.098148148148146
76	21.7500	21.8750	81	None	None	0	4	4.075962000962001
77	21.8750	22.0000	83	None	None	0	5	3.9058682058682033
78	22.0000	22.1250	79	None	None	0	4	3.1502244668911303
79	22.1250	22.2500	81	None	None	0	5	3.473637165303831
80	22.2500	22.3750	77	None	None	0	4	3.4687870771203952
81	22.3750	22.5000	79	None	None	0	5	3.4361907052383094
82	22.5000	22.6250	75	None	None	0	3	3.4129434938958743
83	22.6250	22.7500	77	None	None	0	4	3.9877860235002878
84	22.7500	22.8750	73	None	None	0	2	3.87304679447534
85	22.8750	23.0000	75	None	None	0	3	4.366553287981828
86	23.0000	23.1250	72	None	None	0	1	4.294003527336828
87	23.1250	23.2500	76	None	None	0	2	4.97606449987401
88	23.2500	23.5000	79	None	None	0	5	10.325995212899961
89	23.5000	23.6250	76	None	None	0	4	9.804226505416974
90	23.6250	23.7500	72	None	None	0	2	9.826448727639194
91	23.7500	24.0000	69	None	None	0	1	10.36217561098513
92	24.0000	24.1250	72	None	None	0	2	10.376121189216429
93	24.1250	24.2500	76	None	None	0	3	10.472946586041827
94	24.2500	24.5000	79	None	None	0	4	13.100396825396828
95	24.5000	25.0000	83	None	None	0	5	12.370804988662137
96	25.0000	25.1250	48	None	None	0	1	6.067233560090708
97	25.1250	25.2500	52	None	None	0	3	15.988984552154198
98	25.2500	25.5000	55	None	None	0	0	-1
99	25.5000	25.6250	52	None	None	0	0	-1
100	25.6250	25.7500	48	None	None	0	0	-1
101	25.7500	26.0000	45	None	None	0	0	-1
102	26.0000	26.2500	42	None	None	0	0	-1
103	26.2500	26.5000	42	None	None	0	0	-1
104	26.5000	27.0000	42	None	None	0	0	-1
105	27.0000	27.1250	84	None	None	0	1	4.294003527336828
106	27.1250	27.2500	88	None	None	0	2	4.573003275384218
107	27.2500	27.5000	91	None	None	0	5	3.6332281060572282
108	27.5000	27.6250	88	None	None	0	4	3.1066974938123395
109	27.6250	27.7500	84	None	None	0	2	3.596753516221299
110	27.7500	28.0000	81	None	None	0	1	4.7723956249166255
111	28.0000	28.1250	84	None	None	0	2	5.210150726957445
112	28.1250	28.2500	88	None	None	0	3	5.210150726957453
113	28.2500	28.5000	91	None	None	0	5	5.210150726957462
114	28.5000	29.0000	83	None	None	0	3	4.32709417100173
115	29.2500	29.3750	86	None	None	0	5	4.2941421012849545
116	29.3750	29.5000	83	None	None	0	4	4.2623960695389345
117	29.5000	29.7500	79	None	None	0	2	3.506840513983379
118	29.7500	30.0000	76	None	None	0	1	4.389380196523057
119	30.2500	30.3750	77	None	None	0	2	3.917951625094486
120	30.3750	30.5000	81	None	None	0	3	3.144935752078602
121	30.5000	30.7500	84	None	None	0	5	2.506046863189708
122	30.7500	31.0000	74	None	None	0	1	3.4181783824640775
123	31.2500	31.3750	83	None	None	0	5	3.181972789115636
124	31.3750	31.5000	79	None	None	0	4	4.740929705215403
125	31.5000	31.7500	76	None	None	0	2	3.990136054421753
126	31.7500	32.0000	72	None	None	0	1	6.288095238095235
127	32.1250	32.2500	72	None	None	0	1	6.372128851540614
128	32.2500	32.3750	76	None	None	0	2	6.5867880485527595
129	32.3750	32.5000	77	None	None	0	3	6.522128851540623
130	32.5000	32.7500	81	None	None	0	5	5.58550753634789
131	32.7500	33.0000	71	None	None	0	2	4.3650993730825824
132	33.0000	33.1250	69	None	None	0	1	4.230045351473926
133	33.1250	33.2500	72	None	None	0	5	2.8723889555822337
134	33.2500	33.5000	65	None	None	0	0	-1
135	34.0000	68.2500	71	None	None	0	0	-1
136	34.0000	68.2500	74	None	None	0	0	-1
137	34.0000	68.2500	77	None	None	0	0	-1
138	34.2500	68.7500	71	None	None	0	0	-1
139	34.2500	68.7500	74	None	None	0	0	-1
140	34.2500	68.7500	77	None	None	0	0	-1
141	34.5000	35.0000	72	None	None	0	1	0.25938644688644685
142	40.2500	40.5000	89	None	None	0	5	0.28684807256235595
143	40.5000	40.7500	89	None	None	0	4	0.6362811791383247
144	40.7500	41.0000	89	None	None	0	5	1.0535147392290236
145	41.0000	41.2500	89	None	None	0	5	1.1880230880230849
146	41.2500	41.5000	89	None	None	0	5	1.366594516594508
147	41.5000	41.7500	89	None	None	0	5	4.177308802308795
148	41.7500	42.0000	89	None	None	0	5	5.4344516594516525
149	42.0000	42.2500	89	None	None	0	5	6.3074675324675304
150	42.2500	42.3750	88	None	None	0	4	6.301924574543627
151	42.3750	42.5000	86	None	None	0	3	6.0713535582583225
152	42.5000	42.7500	84	None	None	0	2	6.2565009505485785
153	42.7500	43.0000	87	None	None	0	5	3.604878432854631
154	43.0000	43.1250	81	None	None	0	3	3.0217151675485123
155	43.1250	43.2500	79	None	None	0	2	3.1033211432721375
156	43.2500	43.3750	81	None	None	0	3	2.771915247580532
157	43.3750	43.5000	82	None	None	0	4	1.6366539039858443
158	43.5000	43.7500	84	None	None	0	5	2.232884062715994
159	43.7500	44.0000	82	None	None	0	4	2.5252427401937103
160	44.0000	44.7500	77	None	None	0	3	2.5296238865916747
161	44.7500	45.0000	82	None	None	0	5	3.419788285684643
162	45.0000	45.7500	77	None	None	0	3	3.586228194981692
163	45.7500	46.0000	75	None	None	0	2	3.8511017201493374
164	46.0000	46.1250	78	None	None	0	3	12.614758698092029
165	46.1250	46.2500	80	None	None	0	4	21.544733044733043
166	46.2500	46.3750	76	None	None	0	2	21.83636363636365
167	46.3750	46.5000	78	None	None	0	4	24.174152236652237
168	46.5000	46.6250	75	None	None	0	2	33.76780303030302
169	46.6250	46.7500	76	None	None	0	3	34.06462842712843
170	46.7500	46.8750	73	None	None	0	1	33.33988095238095
171	46.8750	47.0000	75	None	None	0	2	33.339880952380945
172	47.0000	47.1250	71	None	None	0	1	26.19702380952379
173	47.1250	47.2500	73	None	None	0	2	16.523183916423694
174	47.2500	47.3750	70	None	None	0	1	16.71372912801481
175	47.3750	47.5000	71	None	None	0	5	16.71372912801481
176	47.5000	47.6250	68	None	None	0	1	16.71372912801481
177	47.6250	47.7500	70	None	None	0	2	16.71372912801481
178	47.7500	47.8750	66	None	None	0	1	16.71372912801481
179	47.8750	48.0000	68	None	None	0	2	16.71372912801481
180	48.0000	49.0000	65	None	None	0	1	16.71372912801481
181	50.0000	50.1250	75	None	None	0	3	16.71372912801481
182	50.1250	50.2500	79	None	None	0	5	16.71372912801481
183	50.2500	50.5000	82	None	None	0	0	16.71372912801481
