0	0.5000	0.6250	67	None	None	1	-2	5.921294999481281
1	0.6250	0.7500	64	None	None	1	-3	5.095898174084451
2	0.7500	1.0000	60	None	None	1	-5	4.113358491544767
3	1.5000	3.5000	66	None	None	1	-4	3.5461390280017753
4	1.5000	3.5000	69	None	None	1	-2	3.9856114836507004
5	1.5000	3.5000	74	None	None	1	0	-1
6	2.5000	2.6250	67	None	None	1	0	-1
7	2.6250	2.7500	64	None	None	1	0	-1
8	2.7500	3.0000	60	None	None	1	0	-1
9	3.5000	4.0000	60	None	None	1	0	-1
10	4.5000	4.6250	67	None	None	1	0	-1
11	4.6250	4.7500	64	None	None	1	0	-1
12	4.7500	5.0000	60	None	None	1	0	-1
13	5.5000	11.5000	71	None	None	1	-4	6.038629794022868
14	5.5000	11.5000	74	None	None	1	-2	5.910208425475452
15	5.5000	11.5000	77	None	None	1	-1	5.96495032223416
16	6.5000	6.6250	64	None	None	1	-5	5.2551288936627305
17	6.6250	6.7500	67	None	None	1	-1	1.2211063372717579
18	7.0000	14.2500	55	None	None	1	-5	0.3526852846401789
19	7.0000	14.2500	62	None	None	1	-2	0.8642857142857183
20	7.2500	14.7500	55	None	None	1	-5	1.4591836734693904
21	7.2500	14.7500	62	None	None	1	-2	2.126530612244903
22	7.5000	15.5000	55	None	None	1	-5	2.938901772830347
23	7.5000	15.3750	62	None	None	1	-4	2.5076571104632315
24	8.0000	9.0000	62	None	None	1	-2	7.828514739229031
25	9.0000	10.0000	62	None	None	1	-2	8.032596371882093
26	10.0000	10.2500	62	None	None	1	-2	9.036564625850339
27	10.2500	10.5000	61	None	None	1	-3	9.615110859158488
28	10.5000	10.7500	62	None	None	1	-2	9.231947593852368
29	10.7500	11.0000	64	None	None	1	-1	8.936369362559844
30	11.0000	11.1250	65	None	None	1	-4	4.45008818342151
31	11.1250	11.2500	69	None	None	1	-2	3.809251242584575
32	11.2500	11.5000	72	None	None	1	-1	3.924387297006352
33	11.5000	11.6250	67	None	None	1	-2	4.201850133992998
34	11.6250	11.7500	64	None	None	1	-3	3.609257541400402
35	11.7500	12.0000	60	None	None	1	-5	3.408463890606743
36	12.0000	12.1250	65	None	None	1	-4	3.055402666116929
37	12.1250	12.2500	69	None	None	1	-2	2.456309695595395
38	12.2500	12.5000	72	None	None	1	-1	3.4126589019445985
39	12.5000	25.5000	66	None	None	1	-3	4.390091962711004
40	12.5000	25.5000	69	None	None	1	-2	4.514184933232541
41	12.5000	25.5000	74	None	None	1	-1	4.234593096497851
42	13.0000	13.1250	65	None	None	1	-4	4.532401108591574
43	13.1250	13.2500	69	None	None	1	-2	4.0257117661879445
44	13.2500	13.5000	72	None	None	1	-1	4.182174351221965
45	13.5000	13.6250	67	None	None	1	-2	3.425711766187955
46	13.6250	13.7500	64	None	None	1	-1	2.944246031746027
47	13.7500	14.0000	60	None	None	1	-5	3.442545351473922
48	14.0000	28.2500	62	None	None	1	-4	3.3597789115646286
49	14.0000	28.2500	65	None	None	1	-2	3.8474206349206295
50	14.2500	28.7500	62	None	None	1	-4	4.413495212899978
51	14.2500	28.7500	65	None	None	1	-3	4.17880133534896
52	14.5000	15.0000	60	None	None	1	-5	4.21102922650542
53	15.0000	15.1250	65	None	None	1	-4	4.45008818342151
54	15.1250	15.2500	69	None	None	1	-2	4.455076845553036
55	15.2500	15.5000	72	None	None	1	-1	4.438070042831954
56	15.5000	15.6250	67	None	None	1	-2	4.038662131519284
57	15.6250	15.7500	64	None	None	1	-3	4.121201814058959
58	15.7500	16.0000	60	None	None	1	-5	3.1648526077097454
59	16.0000	16.1250	65	None	None	1	-4	3.3004535147392167
60	16.1250	16.2500	69	None	None	1	-2	3.5261904761904526
61	16.2500	16.5000	72	None	None	1	-1	4.618342151675478
62	16.5000	33.5000	71	None	None	1	-2	6.43866528092718
63	16.5000	33.5000	74	None	None	1	-1	6.475399974804727
64	17.0000	17.1250	69	None	None	1	-4	6.335774124464591
65	17.1250	17.2500	72	None	None	1	-2	5.599946460065494
66	17.2500	17.5000	76	None	None	1	-1	5.636511085915836
67	17.5000	17.6250	69	None	None	1	-2	3.986511085915839
68	17.6250	17.7500	65	None	None	1	-1	1.3909013605441967
69	17.7500	18.0000	62	None	None	1	-3	1.0083883553421265
70	18.0000	36.2500	57	None	None	1	-5	1.1882352941176304
71	18.0000	36.2500	64	None	None	1	-2	1.601258836868063
72	18.2500	36.7500	57	None	None	1	-5	3.2054246698679396
73	18.2500	36.7500	64	None	None	1	-2	3.2054246698679396
74	18.5000	37.5000	57	None	None	1	-5	3.121240996398555
75	18.5000	37.5000	64	None	None	1	-2	3.0538940576230473
76	19.0000	19.7500	64	None	None	1	-2	3.0538940576230473
77	19.7500	20.0000	63	None	None	1	-3	3.150182573029209
78	20.0000	20.7500	67	None	None	1	-1	2.9595788315326126
79	20.7500	21.0000	66	None	None	1	-2	2.4534863945578222
80	21.0000	43.0000	57	None	None	1	-5	1.1182397959183628
81	21.0000	43.0000	64	None	None	1	-2	1.5951636904761874
82	22.0000	23.0000	64	None	None	1	-2	1.6344494047619003
83	23.0000	24.0000	64	None	None	1	-2	1.713566468253964
84	24.0000	24.5000	64	None	None	1	-2	1.7544890873015824
85	24.5000	25.0000	63	None	None	1	-3	1.5312748015872968
86	25.0000	26.0000	64	None	None	1	-2	1.4625248015872971
87	26.0000	26.5000	64	None	None	1	-2	1.644285005668928
88	26.5000	27.0000	63	None	None	1	-3	1.4722611961451202
89	27.0000	55.0000	57	None	None	1	-5	1.1352324263038527
90	27.0000	55.0000	64	None	None	1	-2	1.1173752834467106
91	28.5000	57.5000	59	None	None	1	-4	1.554839852607706
92	28.5000	57.5000	66	None	None	1	-1	1.5353458049886597
93	29.0000	58.7500	60	None	None	1	-4	1.4367594954648515
94	29.0000	58.7500	67	None	None	1	-1	1.2331880668934174
95	30.0000	60.7500	58	None	None	1	-4	2.655151899392292
96	30.0000	60.7500	65	None	None	1	-1	2.980311814104446
97	31.0000	62.7500	56	None	None	1	-5	3.2447597228975935
98	31.0000	62.7500	63	None	None	1	-1	3.634017092512112
99	32.0000	64.7500	54	None	None	1	-5	5.539629337410069
100	32.0000	64.7500	61	None	None	1	-3	6.489806433041712
101	33.5000	33.6250	64	None	None	1	-2	7.016813983747179
102	33.6250	33.7500	60	None	None	1	-4	6.8539895947323135
103	33.7500	34.0000	67	None	None	1	-1	6.2502996338994965
104	37.0000	37.1250	52	None	None	1	-5	6.070037678371014
105	37.1250	37.2500	53	None	None	1	-4	5.708013238965618
106	37.2500	37.5000	59	None	None	1	-2	5.280513754323276
107	37.5000	37.6250	67	None	None	1	-1	3.1167382441191918
108	37.6250	37.7500	65	None	None	1	-2	1.9437790604457184
109	37.7500	38.0000	60	None	None	1	-3	1.3758348794062956
110	38.0000	76.2500	57	None	None	1	-5	0.8931818181818056
111	38.0000	76.2500	61	None	None	1	-3	0.8308506656250888
112	38.0000	76.2500	64	None	None	1	-2	0.6880830322559535
113	38.2500	76.7500	57	None	None	1	-5	0.6076587572828096
114	38.2500	76.7500	61	None	None	1	-3	0.7328906682290077
115	38.2500	76.7500	64	None	None	1	-2	1.1538090355759474
116	38.5000	77.5000	57	None	None	1	-5	1.7314725757394913
117	38.5000	77.5000	61	None	None	1	-4	1.6684809516576435
118	38.5000	77.5000	64	None	None	1	-3	1.551134012882132
119	41.2500	82.7500	61	None	None	1	-5	1.7089621148831706
120	41.2500	82.7500	64	None	None	1	-4	2.2704272857468366
121	41.2500	82.7500	67	None	None	1	-3	2.33434601113172
122	41.5000	83.2500	62	None	None	1	-5	1.9371985157699374
123	41.5000	83.2500	65	None	None	1	-3	1.6758142650999799
124	41.7500	83.7500	66	None	None	1	-3	1.358560090702949
125	41.7500	83.7500	69	None	None	1	-2	1.7534116676973817
126	41.7500	83.7500	72	None	None	1	-1	1.753411667697382
127	42.0000	85.0000	67	None	None	1	-5	2.230073696145125
128	42.0000	85.0000	71	None	None	1	-3	1.7974206349206285
129	43.0000	86.2500	67	None	None	1	-5	1.6168755221386741
130	43.0000	86.2500	71	None	None	1	-4	1.7756056808688379
131	43.2500	86.7500	71	None	None	1	-4	2.221813793743614
132	43.2500	86.7500	74	None	None	1	-2	2.157584768800315
133	43.5000	87.2500	74	None	None	1	-2	8.004852227972531
134	43.5000	87.2500	77	None	None	1	-1	8.599709907886604
135	43.7500	87.7500	76	None	None	1	-2	9.913247675465728
136	43.7500	87.7500	79	None	None	1	-1	12.89319592270721
137	44.1250	44.2500	76	None	None	1	-2	13.426144033725501
138	44.2500	44.3750	74	None	None	1	0	-1
139	44.3750	44.5000	72	None	None	1	0	-1
140	44.5000	44.7500	70	None	None	1	0	-1
141	44.7500	45.0000	68	None	None	1	0	-1
142	45.1250	45.2500	67	None	None	1	0	-1
143	45.2500	45.3750	65	None	None	1	0	-1
144	45.3750	45.5000	63	None	None	1	0	-1
145	45.5000	45.7500	61	None	None	1	0	-1
146	45.7500	46.0000	59	None	None	1	-1	5.150011790430455
147	46.0000	93.0000	58	None	None	1	-4	1.9812246110565395
148	46.0000	93.0000	60	None	None	1	-1	0.42436391223155767
149	47.0000	47.5000	59	None	None	1	-2	0.16722105508870053
150	47.5000	48.0000	52	None	None	1	-4	0.09663865546218506
151	48.2500	48.5000	53	None	None	1	-3	0.09663865546218506
152	48.5000	48.7500	53	None	None	1	-3	0.09663865546218506
153	48.7500	49.0000	53	None	None	1	-3	0.09663865546218506
154	49.0000	49.2500	53	None	None	1	-3	0.09663865546218506
155	49.2500	49.5000	53	None	None	1	-3	0.09663865546218506
156	49.5000	49.7500	53	None	None	1	-3	0.09663865546218506
157	49.7500	50.0000	53	None	None	1	-3	0.09663865546218506
158	50.0000	50.2500	53	None	None	1	-3	0.09663865546218506
159	51.0000	52.0000	60	None	None	1	0	0.09663865546218506
