0	0.0000	0.1875	56	None	None	1	-5	2.070860202847683
1	0.0000	0.1875	57	None	None	1	-4	2.4569101048303614
2	0.1875	0.5625	56	None	None	1	-4	2.703500323062713
3	0.1875	0.5625	57	None	None	1	-3	3.1824830521626915
4	0.3750	0.9375	56	None	None	1	-3	3.271415858486802
5	0.3750	0.9375	57	None	None	1	-2	3.442223311902949
6	0.5625	1.5000	54	None	None	1	-4	3.780611608071564
7	0.5625	1.5000	57	None	None	1	-2	4.590275259954897
8	0.9375	2.2500	53	None	None	1	-5	4.28618829682903
9	0.9375	2.2500	57	None	None	1	-4	4.0076730858767515
10	1.3125	2.8125	56	None	None	1	-4	3.967886118458205
11	1.3125	2.8125	57	None	None	1	-3	3.925196059978672
12	1.5000	3.1875	56	None	None	1	-4	3.666527980029129
13	1.5000	3.1875	57	None	None	1	-3	3.132366489345896
14	1.6875	3.5625	56	None	None	1	-3	3.500987316776795
15	1.6875	3.5625	57	None	None	1	-1	3.0913355523195314
16	1.8750	4.1250	54	None	None	1	-2	3.322076436149665
17	1.8750	4.1250	57	None	None	1	-1	3.8910205355285434
18	2.2500	4.6875	53	None	None	1	-2	4.176358881393204
19	2.2500	4.6875	57	None	None	1	-1	4.757561888912002
20	2.4375	5.2500	51	None	None	1	-5	3.9319415138637117
21	2.4375	5.2500	57	None	None	1	-4	3.411644972114084
22	2.8125	5.8125	56	None	None	1	-4	3.3718580046955378
23	2.8125	5.8125	57	None	None	1	-3	3.3291679462160038
24	3.0000	6.1875	56	None	None	1	-3	3.1051636007013594
25	3.0000	6.1875	57	None	None	1	-2	2.4958468305150214
26	3.3750	6.9375	56	None	None	1	-2	2.838560498743563
27	3.3750	6.9375	57	None	None	1	-1	2.549413718750102
28	3.5625	7.5000	54	None	None	1	-3	2.4468816969961162
29	3.5625	7.5000	57	None	None	1	-2	2.2983691111837588
30	3.9375	8.0625	53	None	None	1	-4	2.013759475114418
31	3.9375	8.0625	57	None	None	1	-2	1.7106520972948704
32	4.1250	8.4375	51	None	None	1	-5	1.0445030289718877
33	4.1250	8.4375	57	None	None	1	-2	0.6960558240029427
34	4.3125	9.0000	50	None	None	1	-5	0.6380457454842506
35	4.3125	9.0000	57	None	None	1	-2	0.5916376826692968
36	4.6875	9.9375	50	None	None	1	-5	1.62298110145723
37	4.6875	9.9375	57	None	None	1	-2	1.6926341497405892
38	6.1875	12.5625	51	None	None	1	-5	2.0925637887157453
39	6.1875	12.5625	57	None	None	1	-2	2.375468485920712
40	6.3750	13.3125	50	None	None	1	-5	2.487943582604175
41	6.3750	13.3125	57	None	None	1	-1	2.332035705617891
42	6.9375	14.4375	50	None	None	1	-4	2.5019764985172115
43	6.9375	14.4375	57	None	None	1	-1	2.51861777356702
44	7.8750	15.9375	45	None	None	1	-3	1.7051382917298992
45	7.8750	15.9375	51	None	None	1	-1	1.9429315701065621
46	8.0625	16.6875	45	None	None	1	-3	1.9429315701065624
47	8.0625	16.6875	50	None	None	1	-1	1.9429315701065626
48	8.6250	17.4375	45	None	None	1	-3	1.9854907983658903
49	8.6250	17.4375	51	None	None	1	-1	2.109621880788928
50	8.8125	18.0000	45	None	None	1	-3	2.109621880788928
51	8.8125	18.0000	50	None	None	1	-1	2.5444044894845783
52	9.1875	18.5625	45	None	None	1	-5	2.401217718208564
53	9.1875	18.5625	51	None	None	1	-1	2.5911881152155725
54	9.3750	19.1250	45	None	None	1	-5	2.5847408376012457
55	9.3750	19.1250	50	None	None	1	-3	4.046093494606078
56	9.7500	19.6875	45	None	None	1	-5	4.040924321673749
57	9.7500	19.6875	51	None	None	1	-2	3.8480671788166068
58	9.9375	20.2500	45	None	None	1	-5	3.463750408630272
59	9.9375	20.2500	52	None	None	1	-2	5.307228669499835
60	10.3125	20.8125	45	None	None	1	-4	5.460988067996076
61	10.3125	20.8125	53	None	None	1	-1	5.539628546743965
62	10.5000	21.3750	45	None	None	1	-5	4.564114188128221
63	10.5000	21.3750	54	None	None	1	-1	3.503914776555814
64	10.8750	21.9375	45	None	None	1	-5	3.3512684770721655
65	10.8750	21.9375	55	None	None	1	-1	3.5600192697164252
66	11.0625	22.5000	45	None	None	1	-5	3.5245986701730496
67	11.0625	22.5000	56	None	None	1	-2	1.2256949487918885
68	12.1875	24.5625	56	None	None	1	-4	1.5655966333680498
69	12.1875	24.5625	57	None	None	1	-3	1.747971901534616
70	12.5625	25.3125	54	None	None	1	-4	1.6524706770611968
71	12.5625	25.3125	57	None	None	1	-3	1.6294319481634807
72	13.5000	27.1875	56	None	None	1	-4	1.7771172905294315
73	13.5000	27.1875	57	None	None	1	-1	1.698113207547169
74	14.0625	28.3125	53	None	None	1	-5	1.6871722025126459
75	14.0625	28.3125	57	None	None	1	-3	1.637330411817698
76	14.6250	29.4375	56	None	None	1	-3	1.7392662118667057
77	14.6250	29.4375	57	None	None	1	-2	1.6947918183357085
78	15.1875	30.5625	54	None	None	1	-3	2.136153164126916
79	15.1875	30.5625	57	None	None	1	-2	2.923840479090689
80	15.7500	31.6875	53	None	None	1	-5	2.8741249954129406
81	15.7500	31.6875	57	None	None	1	-3	2.940432273040974
82	15.9375	32.0625	54	None	None	1	-4	2.8289917811656995
83	15.9375	32.0625	57	None	None	1	-3	2.8470042035259477
84	16.1250	32.4375	55	None	None	1	-4	3.143760587238854
85	16.1250	32.4375	57	None	None	1	-3	3.5390676955894382
86	16.3125	32.8125	56	None	None	1	-3	3.5630446339828534
87	16.3125	32.8125	57	None	None	1	-2	5.45635283861829
88	16.5000	33.1875	55	None	None	1	-4	3.9160491809233235
89	16.5000	33.1875	57	None	None	1	-3	4.164496385892267
90	16.6875	33.5625	54	None	None	1	-4	4.542170644001306
91	16.6875	33.5625	57	None	None	1	-3	5.1170498710544425
92	16.8750	33.9375	53	None	None	1	-5	4.548726889687981
93	16.8750	33.9375	57	None	None	1	-4	4.007664087755614
94	17.2500	34.6875	60	None	None	1	-4	2.8776651774363384
95	17.2500	34.6875	68	None	None	1	-1	3.4644582470669354
96	17.4375	35.0625	60	None	None	1	-5	2.9770186335403706
97	17.4375	35.0625	67	None	None	1	-2	2.9770186335403706
98	17.6250	35.4375	60	None	None	1	-5	2.9770186335403706
99	17.6250	35.4375	66	None	None	1	-2	3.14099378881988
100	17.8125	35.8125	60	None	None	1	-3	5.034245486905666
101	17.8125	35.8125	65	None	None	1	-1	4.8354223420870985
102	18.0000	36.1875	60	None	None	1	-3	5.355608677490825
103	18.0000	36.1875	66	None	None	1	-1	5.0614057789401015
104	18.1875	36.5625	60	None	None	1	-4	5.135249809305873
105	18.1875	36.5625	67	None	None	1	-1	4.8841568265195265
106	18.3750	36.9375	60	None	None	1	-4	4.4289212408491565
107	18.3750	36.9375	68	None	None	1	-1	4.418569273975454
108	18.7500	37.6875	53	None	None	1	-5	3.039948355737828
109	18.7500	37.6875	60	None	None	1	-1	2.513959470481208
110	18.9375	38.0625	54	None	None	1	-3	3.003092558707141
111	18.9375	38.0625	60	None	None	1	-1	3.0462275701487886
112	19.1250	38.4375	55	None	None	1	-3	3.5664139055525097
113	19.1250	38.4375	60	None	None	1	-1	3.3999542782233148
114	19.3125	38.8125	54	None	None	1	-3	3.348732208367706
115	19.3125	38.8125	60	None	None	1	-1	3.5617756866285744
116	19.5000	39.1875	53	None	None	1	-4	3.6775451828328496
117	19.5000	39.1875	60	None	None	1	-1	3.4708822805177744
118	19.8750	39.9375	49	None	None	1	-5	3.4917516122321572
119	19.8750	39.9375	55	None	None	1	-2	3.336815358554486
120	20.0625	40.3125	49	None	None	1	-5	2.775590868758567
121	20.0625	40.3125	56	None	None	1	-2	3.0211018794869693
122	20.2500	40.6875	49	None	None	1	-5	3.582326369282894
123	20.2500	40.6875	55	None	None	1	-2	3.5823263692828946
124	20.4375	41.0625	49	None	None	1	-4	3.3684014053579334
125	20.4375	41.0625	54	None	None	1	-2	3.5338164251207775
126	20.6250	41.4375	49	None	None	1	-5	2.775590868758567
127	20.6250	41.4375	53	None	None	1	-3	3.264410744534965
128	20.8125	41.8125	49	None	None	1	-5	3.8526883744275047
129	20.8125	41.8125	54	None	None	1	-3	4.8502415458937165
130	21.0000	42.1875	49	None	None	1	-5	4.749926057379462
131	21.0000	42.1875	55	None	None	1	-2	5.644543034605134
132	21.1875	42.5625	49	None	None	1	-5	5.483224884156552
133	21.1875	42.5625	56	None	None	1	-1	6.4343143054323075
134	21.3750	42.9375	49	None	None	1	-4	5.757047754346872
135	21.3750	42.9375	57	None	None	1	-1	6.195639515021654
136	21.5625	43.3125	49	None	None	1	-4	6.483504853529443
137	21.5625	43.3125	58	None	None	1	-1	5.493415499710114
138	21.7500	43.6875	49	None	None	1	-4	5.444541668227589
139	21.7500	43.6875	58	None	None	1	-1	4.678425125223173
140	21.9375	44.6250	49	None	None	1	-5	3.978004595732688
141	21.9375	44.6250	60	None	None	1	-1	3.4843984576252724
142	24.1875	24.9375	49	None	None	1	-4	3.255193548711352
143	24.9375	50.6250	48	None	None	1	-5	2.918271279803789
144	24.9375	50.6250	60	None	None	1	-1	2.6731468149234976
145	25.3125	50.8125	56	None	None	1	-3	2.4165069304782514
146	25.3125	50.8125	57	None	None	1	-1	1.9834277703136896
147	25.6875	52.1250	48	None	None	1	-5	1.7339810402810605
148	25.6875	52.1250	60	None	None	1	-1	1.3247740605676261
149	26.4375	53.0625	55	None	None	1	-3	1.6736245441572875
150	26.4375	53.0625	57	None	None	1	-2	1.7896939908038707
151	26.4375	53.6250	60	None	None	1	-1	2.2099730458221036
152	27.0000	54.1875	55	None	None	1	-4	2.199411908845873
153	27.0000	54.1875	57	None	None	1	-3	2.5083067875520717
154	27.5625	55.3125	56	None	None	1	-4	2.822460986283792
155	27.5625	55.3125	57	None	None	1	-3	3.3388427344985274
156	28.1250	56.4375	56	None	None	1	-4	3.4698162559825927
157	28.1250	56.4375	57	None	None	1	-3	3.4663963154058717
158	28.6875	57.5625	56	None	None	1	-4	3.4342212304416146
159	28.6875	57.5625	57	None	None	1	-3	3.528207208754186
160	29.2500	58.6875	56	None	None	1	-3	3.3816958038342477
161	29.2500	58.6875	57	None	None	1	-1	2.9643529743913364
162	29.4375	29.6250	48	None	None	1	-5	2.0544150861925776
163	30.1875	60.5625	56	None	None	1	-2	2.050993124522534
164	30.1875	60.5625	57	None	None	1	-1	1.8083003952569146
165	30.3750	60.9375	54	None	None	1	-2	1.5853190287972896
166	30.3750	60.9375	57	None	None	1	-1	1.4051948051948049
167	30.5625	61.3125	53	None	None	1	-2	1.4051948051948049
168	30.5625	61.3125	57	None	None	1	-1	1.4051948051948044
169	30.7500	61.6875	51	None	None	1	-3	1.6789949181253527
170	30.7500	61.6875	57	None	None	1	-1	1.890175042348959
171	30.9375	62.0625	51	None	None	1	-3	2.99943534726144
172	30.9375	62.0625	57	None	None	1	-1	3.779559570863924
173	31.1250	62.4375	52	None	None	1	-5	3.5866522366522373
174	31.1250	62.4375	57	None	None	1	-2	3.4117730095991026
175	31.3125	62.8125	53	None	None	1	-5	3.2847888826149725
176	31.3125	62.8125	57	None	None	1	-2	3.2128176171654443
177	31.5000	63.1875	54	None	None	1	-3	3.2466967814793897
178	31.5000	63.1875	57	None	None	1	-2	3.2659514398644816
179	31.6875	63.5625	56	None	None	1	-2	2.9511575381140562
180	31.6875	63.5625	57	None	None	1	-1	1.8083003952569146
181	31.8750	63.9375	54	None	None	1	-2	1.4564890487087259
182	31.8750	63.9375	57	None	None	1	-1	1.1594965675057154
183	32.0625	64.3125	53	None	None	1	-2	6.373969095994262
184	32.0625	64.3125	57	None	None	1	-1	7.160010285925615
185	32.2500	64.6875	51	None	None	1	-5	6.591048025201349
186	32.2500	64.6875	57	None	None	1	-2	6.35874988855539
187	32.4375	65.2500	51	None	None	1	-5	6.236079081101976
188	32.4375	65.2500	57	None	None	1	-2	6.4866656925581365
189	32.8125	66.0000	51	None	None	1	-5	6.29167880174746
190	32.8125	66.0000	57	None	None	1	-3	6.135562721031841
191	33.1875	66.5625	68	None	None	1	-3	3.000997057862063
192	33.1875	66.5625	69	None	None	1	-1	1.8083003952569359
193	33.3750	66.9375	66	None	None	1	-2	1.5345002823263927
194	33.3750	66.9375	69	None	None	1	-1	1.3233201581027954
195	33.5625	67.3125	65	None	None	1	-2	1.3233201581027954
196	33.5625	67.3125	69	None	None	1	-1	1.3233201581027954
197	33.7500	67.6875	63	None	None	1	-3	1.5971202710333383
198	33.7500	67.6875	69	None	None	1	-1	1.8083003952569359
199	33.9375	68.0625	63	None	None	1	-3	2.917560700169415
200	33.9375	68.0625	69	None	None	1	-1	3.6976849237718916
201	34.1250	68.4375	63	None	None	1	-5	3.6440711462450586
202	34.1250	68.4375	69	None	None	1	-2	3.411773009599108
203	34.3125	68.8125	65	None	None	1	-5	3.2847888826149823
204	34.3125	68.8125	69	None	None	1	-2	3.212817617165453
205	34.5000	69.1875	66	None	None	1	-3	3.2466967814794017
206	34.5000	69.1875	69	None	None	1	-2	3.2659514398644958
207	34.6875	69.5625	68	None	None	1	-3	4.227068824894883
208	34.6875	69.5625	69	None	None	1	-1	4.249802371541515
209	34.8750	69.9375	66	None	None	1	-2	7.480737398613571
210	34.8750	69.9375	69	None	None	1	-1	7.267747440725654
211	35.0625	70.3125	65	None	None	1	-4	7.228462565150253
212	35.0625	70.3125	69	None	None	1	-2	6.599891136578829
213	35.2500	70.6875	63	None	None	1	-5	6.001521043945958
214	35.2500	70.6875	69	None	None	1	-4	5.329222646873152
215	35.4375	71.2500	68	None	None	1	-4	4.737142149186244
216	35.4375	71.2500	69	None	None	1	-3	4.538844495548513
217	36.5625	73.5000	44	None	None	1	-3	2.156898675525356
218	36.5625	73.5000	45	None	None	1	-2	2.2730257278500465
219	37.3125	37.5000	40	None	None	1	-5	2.4781506725647713
220	37.8750	38.0625	40	None	None	1	-5	2.8173167696256054
221	38.4375	77.0625	44	None	None	1	-3	3.0999426095255256
222	38.4375	77.0625	45	None	None	1	-2	3.2415584415584378
223	38.8125	77.8125	39	None	None	1	-5	2.94926520847573
224	38.8125	77.8125	44	None	None	1	-4	2.6682672590567287
225	38.8125	77.8125	45	None	None	1	-3	2.301994434137285
226	39.1875	78.5625	44	None	None	1	-3	2.109581583829698
227	39.1875	78.5625	45	None	None	1	-2	1.729130456010148
228	39.5625	79.3125	39	None	None	1	-5	1.3729274484913483
229	39.5625	79.3125	44	None	None	1	-3	1.294629430719646
230	39.5625	79.3125	45	None	None	1	-2	0.8828678839956908
231	39.9375	80.0625	43	None	None	1	-3	0.7738453276047133
232	39.9375	80.0625	46	None	None	1	-2	0.7738453276047133
233	40.3125	80.8125	39	None	None	1	-5	0.7942534908700212
234	40.3125	80.8125	43	None	None	1	-3	0.8502685284640042
235	40.3125	80.8125	46	None	None	1	-2	0.8189581095595988
236	40.6875	81.5625	43	None	None	1	-3	0.7738453276047133
237	40.6875	81.5625	46	None	None	1	-2	0.7738453276047133
238	41.0625	82.3125	39	None	None	1	-5	0.7942534908700212
239	41.0625	82.3125	43	None	None	1	-3	0.8502685284640042
240	41.0625	82.3125	46	None	None	1	-2	1.9266380236304925
241	41.4375	83.0625	43	None	None	1	-3	2.0781417830289888
242	41.4375	83.0625	46	None	None	1	-2	2.3176154672395173
243	41.8125	83.8125	39	None	None	1	-5	3.8423281936726044
244	41.8125	83.8125	43	None	None	1	-3	4.078418419236515
245	41.8125	83.8125	46	None	None	1	-1	3.664030175900908
246	42.1875	84.5625	43	None	None	1	-2	3.485834687179099
247	42.1875	84.5625	46	None	None	1	-1	2.921173033043751
248	42.5625	85.3125	37	None	None	1	-4	2.6607302594430826
249	42.5625	85.3125	43	None	None	1	-2	2.4964445451573645
250	42.5625	85.3125	46	None	None	1	-1	2.006782891022017
251	44.1875	44.5000	36	None	None	1	-5	2.0035714285714223
252	44.5000	44.8125	42	None	None	1	-2	2.089285714285705
253	44.8125	45.1250	47	None	None	1	-1	1.8532196969696901
254	45.1250	45.4375	36	None	None	1	-5	2.0460768398268354
255	45.4375	45.7500	42	None	None	1	-2	2.0967261904761827
256	46.6875	47.0000	47	None	None	1	-1	1.9895833333333262
257	47.0000	47.3125	42	None	None	1	-2	1.9895833333333264
258	47.3125	47.6250	36	None	None	1	-5	1.9895833333333262
259	47.6250	47.9375	47	None	None	1	-1	2.0921123832307984
260	47.9375	48.2500	42	None	None	1	-2	1.8795582706766896
261	49.1875	49.5000	36	None	None	1	-5	2.8703861927546055
262	49.5000	49.8125	42	None	None	1	-2	2.8703861927546033
263	49.8125	50.1250	47	None	None	1	-1	2.9686545910230078
264	51.0625	51.3750	47	None	None	1	-1	3.141814764183182
265	51.3750	51.6875	42	None	None	1	-2	3.861511733880148
266	51.6875	52.0000	36	None	None	1	-5	3.657201389052561
267	53.2500	53.5625	48	None	None	1	-1	3.8068069861173255
268	53.5625	53.8750	43	None	None	1	-2	3.237110016420359
269	53.8750	54.1875	37	None	None	1	-5	3.8068069861173255
270	54.1875	54.5000	43	None	None	1	-3	3.5310494103597474
271	54.5000	54.8125	48	None	None	1	-1	3.357889237199573
272	54.8125	55.1250	43	None	None	1	-2	3.063949843260185
273	55.1250	55.4375	37	None	None	1	-5	2.8568069861173297
274	55.7500	56.0625	43	None	None	1	-3	2.827922077922076
275	56.0625	56.3750	48	None	None	1	-1	2.98333333333333
276	56.3750	56.6875	43	None	None	1	-2	2.4487378083763613
277	56.6875	57.0000	37	None	None	1	-5	2.194796921676857
278	57.0000	57.3125	43	None	None	1	-4	1.3722895381278206
279	57.6250	57.9375	43	None	None	1	-4	1.5714237372620201
280	57.9375	58.2500	48	None	None	1	-2	1.4870322028704885
281	58.2500	58.5625	46	None	None	1	-3	1.7826945473180982
282	58.5625	58.8750	48	None	None	1	-2	3.434320473804075
283	58.8750	59.8125	46	None	None	1	-3	3.4932901526797084
284	59.8125	60.4375	45	None	None	1	-4	3.364289300787292
285	60.4375	60.7500	48	None	None	1	-2	3.3340758360910687
286	60.7500	61.0625	50	None	None	1	-1	5.870872372887599
287	61.0625	61.3750	48	None	None	1	-2	5.4029700220738555
288	61.3750	62.0000	46	None	None	1	-3	5.487975925261575
289	62.0000	62.3125	45	None	None	1	-4	5.315516520043552
290	62.3125	62.9375	44	None	None	1	-5	5.0068430506557995
291	62.9375	63.2500	46	None	None	1	-4	5.151922547625617
292	63.2500	63.5625	48	None	None	1	-3	5.7466195173225865
293	63.5625	63.8750	50	None	None	1	-1	5.843856209005188
294	63.8750	64.5000	51	None	None	1	-2	3.3222702192373816
295	65.7500	66.0625	50	None	None	1	-1	3.4620297798830197
296	66.0625	66.3750	48	None	None	1	-2	3.8052270587945825
297	66.3750	66.6875	46	None	None	1	-3	4.3210468420734465
298	66.6875	67.0000	45	None	None	1	-4	3.7681367891633926
299	67.6250	67.9375	46	None	None	1	-1	3.531118544307328
300	67.9375	68.2500	45	None	None	1	-2	2.913474991548985
301	68.2500	68.5625	48	None	None	1	0	-1
302	68.5625	68.8750	46	None	None	1	0	-1
303	68.8750	69.1875	45	None	None	1	0	-1
304	69.1875	71.0625	44	None	None	1	0	-1
305	71.0625	71.6875	42	None	None	1	0	-1
306	71.6875	72.2500	45	None	None	1	0	-1
307	72.2500	72.8125	44	None	None	1	0	-1
308	72.8125	73.1875	42	None	None	1	0	-1
309	73.1875	146.5625	56	None	None	1	-4	3.857232124983953
310	73.1875	146.5625	57	None	None	1	-3	3.697882493042463
311	73.3750	146.9375	56	None	None	1	-4	3.203367194429762
312	73.3750	146.9375	57	None	None	1	-3	2.9521903392483293
313	73.5625	147.3125	56	None	None	1	-3	3.04112314557244
314	73.5625	147.3125	57	None	None	1	-2	3.2119305989885873
315	73.7500	148.0625	54	None	None	1	-4	3.51198374195115
316	73.7500	148.0625	57	None	None	1	-3	4.329375046298975
317	74.3125	149.0000	53	None	None	1	-5	4.152153990078739
318	74.3125	149.0000	57	None	None	1	-4	4.0076730858767515
319	74.6875	149.5625	56	None	None	1	-4	3.967886118458205
320	74.6875	149.5625	57	None	None	1	-3	3.925196059978672
321	74.8750	149.9375	56	None	None	1	-4	3.666527980029129
322	74.8750	149.9375	57	None	None	1	-3	3.132366489345896
323	75.0625	150.3125	56	None	None	1	-3	3.500987316776795
324	75.0625	150.3125	57	None	None	1	-1	3.0913355523195314
325	75.2500	150.8750	54	None	None	1	-2	3.322076436149665
326	75.2500	150.8750	57	None	None	1	-1	3.8910205355285434
327	75.6250	151.4375	53	None	None	1	-2	4.176358881393204
328	75.6250	151.4375	57	None	None	1	-1	4.757561888912002
329	75.8125	152.0000	51	None	None	1	-5	4.078342595619485
330	75.8125	152.0000	57	None	None	1	-4	3.963668806403364
331	76.1875	152.5625	56	None	None	1	-4	3.755276363030781
332	76.1875	152.5625	57	None	None	1	-3	3.733273242020708
333	76.3750	152.9375	56	None	None	1	-4	3.2411664929345543
334	76.3750	152.9375	57	None	None	1	-3	2.6877503438662305
335	76.7500	153.6875	56	None	None	1	-4	2.6197052310842768
336	76.7500	153.6875	57	None	None	1	-3	2.5167354492577947
337	77.1250	154.4375	56	None	None	1	-3	2.45804128301214
338	77.1250	154.4375	57	None	None	1	-2	2.17505664751034
339	77.6875	155.5625	56	None	None	1	-2	2.6055487240237447
340	77.6875	155.5625	57	None	None	1	-1	2.549413718750102
341	77.8750	156.1250	54	None	None	1	-2	2.2756136058195535
342	77.8750	156.1250	57	None	None	1	-1	2.0644334815959478
343	78.2500	156.6875	53	None	None	1	-2	2.288068656489705
344	78.2500	156.6875	57	None	None	1	-1	2.5139594704812076
345	78.4375	157.0625	51	None	None	1	-3	2.3573248008030627
346	78.4375	157.0625	57	None	None	1	-1	2.177200577200578
347	78.6250	157.4375	50	None	None	1	-4	1.7727837380011322
348	78.6250	157.4375	57	None	None	1	-1	1.4870694522868493
349	78.8125	157.8125	51	None	None	1	-3	1.4870694522868493
350	78.8125	157.8125	57	None	None	1	-1	1.4870694522868495
351	79.0000	158.1875	52	None	None	1	-3	1.891486291486295
352	79.0000	158.1875	57	None	None	1	-1	2.177200577200578
353	79.1875	158.5625	53	None	None	1	-4	4.709591006501759
354	79.1875	158.5625	57	None	None	1	-2	5.231395517779956
355	79.3750	158.9375	52	None	None	1	-4	4.988720318583024
356	79.3750	158.9375	57	None	None	1	-2	4.809838331005391
357	79.5625	159.3125	51	None	None	1	-5	4.289651995601659
358	79.5625	159.3125	57	None	None	1	-2	4.107664417961903
359	79.7500	159.6875	50	None	None	1	-5	4.046173734732091
360	79.7500	159.6875	57	None	None	1	-4	2.3804006062587337
361	80.1250	160.4375	62	None	None	1	-4	1.5619305179945913
362	80.1250	160.4375	69	None	None	1	-1	1.4870694522868404
363	80.3125	160.8125	63	None	None	1	-3	1.4870694522868402
364	80.3125	160.8125	69	None	None	1	-1	1.4870694522868402
365	80.5000	161.1875	64	None	None	1	-3	1.8914862914862915
366	80.5000	161.1875	69	None	None	1	-1	2.1772005772005807
367	80.6875	161.5625	65	None	None	1	-4	2.8486887508626566
368	80.6875	161.5625	69	None	None	1	-2	2.9478801255257294
369	80.8750	161.9375	64	None	None	1	-4	2.548570256650638
370	80.8750	161.9375	69	None	None	1	-2	2.276520567209642
371	81.0625	162.3125	63	None	None	1	-5	1.9793155982655566
372	81.0625	162.3125	69	None	None	1	-2	2.9195604231699597
373	81.2500	162.6875	62	None	None	1	-5	3.329498311368715
374	81.2500	162.6875	69	None	None	1	-4	3.187106740675242
375	81.8125	163.8125	69	None	None	1	-4	3.3672309642777294
376	81.8125	163.8125	73	None	None	1	-2	3.6311123658949773
377	82.0000	164.1875	70	None	None	1	-5	2.854087458435289
378	82.0000	164.1875	73	None	None	1	-3	2.5327435849175104
379	82.1875	164.5625	71	None	None	1	-4	2.9585544889892788
380	82.1875	164.5625	73	None	None	1	-3	3.475826588870076
381	82.3750	164.9375	72	None	None	1	-3	4.943592256799796
382	82.3750	164.9375	73	None	None	1	-1	4.234934958396803
383	82.5625	165.3125	71	None	None	1	-2	4.2588480018750685
384	82.5625	165.3125	72	None	None	1	-1	3.794872846595569
385	82.7500	165.6875	70	None	None	1	-2	3.861487753427873
386	82.7500	165.6875	72	None	None	1	-1	3.5149039024961932
387	82.9375	166.0625	69	None	None	1	-2	3.5763945857260078
388	82.9375	166.0625	72	None	None	1	-1	4.359003281378189
389	83.5000	167.1875	57	None	None	1	-5	3.110354245608561
390	83.5000	167.1875	62	None	None	1	-3	3.488181504485866
391	83.6875	167.5625	57	None	None	1	-5	3.2846273291925447
392	83.6875	167.5625	63	None	None	1	-2	3.2846273291925447
393	83.8750	167.9375	57	None	None	1	-5	3.2846273291925447
394	83.8750	167.9375	64	None	None	1	-2	3.5628881987577654
395	84.0625	168.3125	57	None	None	1	-4	5.581666601559943
396	84.0625	168.3125	65	None	None	1	-1	5.225807530360435
397	84.2500	168.6875	57	None	None	1	-4	5.726842727047808
398	84.2500	168.6875	64	None	None	1	-1	5.779920084472987
399	84.4375	169.0625	57	None	None	1	-3	5.316842099655877
400	84.4375	169.0625	63	None	None	1	-1	4.755953712680537
401	84.6250	169.4375	57	None	None	1	-3	6.26735969799957
402	84.6250	169.4375	62	None	None	1	-1	6.368118842236975
403	85.1875	170.5625	45	None	None	1	-5	4.363401861104896
404	85.1875	170.5625	49	None	None	1	-2	4.483063554802689
405	85.3750	170.9375	46	None	None	1	-5	3.722413576761405
406	85.3750	170.9375	49	None	None	1	-3	3.9886473429951703
407	85.5625	171.3125	47	None	None	1	-4	4.339924085576261
408	85.5625	171.3125	49	None	None	1	-1	4.050957778890509
409	85.7500	85.9375	48	None	None	1	-2	2.59026400178984
410	85.9375	172.0625	47	None	None	1	-3	3.073183256448229
411	85.9375	172.0625	48	None	None	1	-1	2.22010003941915
412	86.1250	172.4375	46	None	None	1	-2	1.9971186729595258
413	86.1250	172.4375	48	None	None	1	-1	1.8169944493570438
414	86.3125	172.8125	45	None	None	1	-2	1.8169944493570465
415	86.3125	172.8125	48	None	None	1	-1	1.8169944493570438
416	86.8750	173.9375	38	None	None	1	-4	1.307744265578557
417	86.8750	173.9375	45	None	None	1	-1	1.1702779583009288
418	87.0625	174.3125	39	None	None	1	-3	1.2210967047718522
419	87.0625	174.3125	45	None	None	1	-1	1.2521526053929732
420	87.2500	174.6875	40	None	None	1	-3	1.0446991892439046
421	87.2500	174.6875	45	None	None	1	-1	0.8335190650202988
422	87.4375	175.0625	41	None	None	1	-2	1.2639538476289922
423	87.4375	175.0625	45	None	None	1	-1	1.655258195455083
424	88.0000	176.1875	39	None	None	1	-3	1.655258195455083
425	88.0000	176.1875	45	None	None	1	-1	1.655258195455083
426	88.1875	176.5625	40	None	None	1	-3	1.447804779306014
427	88.1875	176.5625	45	None	None	1	-1	1.236624655082408
428	88.3750	176.9375	41	None	None	1	-2	1.6670594376911017
429	88.3750	176.9375	45	None	None	1	-1	2.058363785517192
430	88.5625	177.3125	42	None	None	1	-2	2.5707861457656405
431	88.5625	177.3125	45	None	None	1	-1	2.5528301886792475
432	89.1250	178.4375	39	None	None	1	-3	2.7473903455035558
433	89.1250	178.4375	45	None	None	1	-2	2.8647311033693317
434	89.3125	178.8125	41	None	None	1	-4	2.3300676991407094
435	89.3125	178.8125	45	None	None	1	-2	1.899632916532016
436	89.5000	179.1875	42	None	None	1	-3	2.0215979080622253
437	89.5000	179.1875	45	None	None	1	-2	2.137746976385207
438	89.6875	179.5625	43	None	None	1	-3	2.3644550509193687
439	89.6875	179.5625	45	None	None	1	-2	2.9238404790906865
440	90.2500	180.6875	41	None	None	1	-5	2.6594717241558916
441	90.2500	180.6875	45	None	None	1	-3	2.4974771149914723
442	90.4375	181.0625	42	None	None	1	-4	2.508001614646407
443	90.4375	181.0625	45	None	None	1	-3	2.6421631053296366
444	90.6250	181.4375	43	None	None	1	-4	2.8053791163717356
445	90.6250	181.4375	45	None	None	1	-3	3.5171803586077557
446	90.8125	181.8125	44	None	None	1	-3	3.5171803586077557
447	90.8125	181.8125	45	None	None	1	-2	3.5171803586077557
448	91.3750	182.9375	42	None	None	1	-3	3.5171803586077557
449	91.3750	182.9375	45	None	None	1	-2	3.5171803586077557
450	91.5625	183.3125	43	None	None	1	-3	3.5171803586077557
451	91.5625	183.3125	45	None	None	1	-2	3.5171803586077557
452	91.7500	183.6875	44	None	None	1	-3	3.5171803586077557
453	91.7500	183.6875	45	None	None	1	-2	3.5171803586077557
454	91.9375	92.6875	45	None	None	1	0	3.5171803586077557
