0	0.7500	1.6875	68	None	None	0	2	12.774651538039898
1	0.7500	1.6875	69	None	None	0	3	13.151880669308818
2	1.1250	2.4375	80	None	None	0	3	13.002054203349203
3	1.1250	2.4375	81	None	None	0	5	11.722014965030423
4	2.0625	4.3125	68	None	None	0	1	10.327866944376378
5	2.0625	4.3125	69	None	None	0	3	10.00194490889552
6	2.6250	5.4375	80	None	None	0	3	10.04748012412513
7	2.6250	5.4375	81	None	None	0	5	35.41396827847328
8	3.1875	6.5625	68	None	None	0	1	33.56564227478481
9	3.1875	6.5625	69	None	None	0	3	32.936109439451656
10	3.7500	7.6875	80	None	None	0	3	30.587982914622916
11	3.7500	7.6875	81	None	None	0	4	31.08377051049255
12	4.5000	9.1875	81	None	None	0	1	30.058743108227297
13	4.5000	9.1875	82	None	None	0	2	29.866936385538217
14	4.5000	9.1875	92	None	None	0	5	28.865135665250097
15	4.8750	9.9375	58	None	None	0	1	2.638067996077146
16	4.8750	9.9375	62	None	None	0	2	2.58881987577639
17	5.0625	10.3125	59	None	None	0	2	2.7193236714975577
18	5.0625	10.3125	62	None	None	0	4	2.1499654934437267
19	5.2500	10.6875	60	None	None	0	3	1.9804002760524186
20	5.2500	10.6875	62	None	None	0	4	1.7602484472049338
21	5.4375	11.0625	60	None	None	0	3	1.8549852893101964
22	5.4375	11.0625	62	None	None	0	4	1.896756383712875
23	5.6250	11.4375	60	None	None	0	3	1.9253278122843034
24	5.6250	11.4375	62	None	None	0	4	1.8618357487922403
25	5.8125	11.8125	58	None	None	0	2	2.169176234393602
26	5.8125	11.8125	62	None	None	0	4	2.958686241294918
27	6.0000	12.1875	58	None	None	0	2	3.128251458686226
28	6.0000	12.1875	62	None	None	0	4	3.348403287533711
29	6.3750	12.9375	59	None	None	0	2	3.5965235882855886
30	6.3750	12.9375	62	None	None	0	3	3.8515088775958226
31	6.5625	13.3125	60	None	None	0	2	3.851508877595822
32	6.5625	13.3125	62	None	None	0	3	3.851508877595822
33	6.7500	13.6875	61	None	None	0	2	4.018633540372672
34	6.7500	13.6875	62	None	None	0	4	3.7305728088336667
35	6.9375	14.0625	60	None	None	0	3	3.748861283643876
36	6.9375	14.0625	62	None	None	0	4	3.5287094547963918
37	7.1250	14.4375	59	None	None	0	2	3.280589154044514
38	7.1250	14.4375	62	None	None	0	4	2.978536922015154
39	7.3125	14.8125	60	None	None	0	3	3.0071083505865825
40	7.3125	14.8125	62	None	None	0	4	2.9436162870945197
41	7.5000	15.1875	59	None	None	0	2	3.0102829537611804
42	7.5000	15.1875	62	None	None	0	4	2.837750172532763
43	7.6875	15.5625	58	None	None	0	2	3.01028295376118
44	7.6875	15.5625	62	None	None	0	4	3.01028295376118
45	8.0625	16.3125	59	None	None	0	2	3.0102829537611804
46	8.0625	16.3125	62	None	None	0	4	2.978536922015154
47	8.2500	16.6875	60	None	None	0	3	3.0071083505865825
48	8.2500	16.6875	62	None	None	0	4	2.9436162870945197
49	8.4375	17.0625	59	None	None	0	2	2.497860593512732
50	8.4375	17.0625	62	None	None	0	4	1.9285024154589008
51	8.6250	17.4375	58	None	None	0	2	1.928502415458901
52	8.6250	17.4375	62	None	None	0	4	1.9285024154589008
53	9.0000	18.1875	59	None	None	0	2	2.1766227162107787
54	9.0000	18.1875	62	None	None	0	4	2.399861973774986
55	9.1875	18.5625	60	None	None	0	3	2.4284334023464145
56	9.1875	18.5625	62	None	None	0	4	2.3649413388543516
57	9.3750	18.9375	58	None	None	0	2	2.9593512767425607
58	9.3750	18.9375	62	None	None	0	4	3.3408557625948743
59	9.5625	19.3125	58	None	None	0	1	3.4673567977915782
60	9.5625	19.3125	62	None	None	0	2	3.042995169082114
61	9.7500	19.6875	59	None	None	0	2	3.5287094547963918
62	9.7500	19.6875	62	None	None	0	4	3.4816425120772654
63	9.9375	20.0625	60	None	None	0	3	3.510213940648694
64	9.9375	20.0625	62	None	None	0	4	3.446721877156631
65	10.1250	20.4375	59	None	None	0	2	3.0083760124949803
66	10.1250	20.4375	62	None	None	0	4	2.482895644909354
67	10.3125	20.8125	58	None	None	0	1	3.9276379354182556
68	10.3125	20.8125	62	None	None	0	0	-1
69	10.5000	21.1875	59	None	None	0	0	-1
70	10.5000	21.1875	62	None	None	0	0	-1
71	10.6875	21.5625	60	None	None	0	0	-1
72	10.6875	21.5625	62	None	None	0	0	-1
73	11.0625	22.3125	60	None	None	0	0	-1
74	11.0625	22.3125	62	None	None	0	0	-1
75	11.2500	11.4375	61	None	None	0	1	7.554347826086976
76	11.4375	23.0625	69	None	None	0	2	5.30052304674732
77	11.4375	23.0625	70	None	None	0	3	4.742830290010755
78	11.6250	23.4375	69	None	None	0	2	3.9800319899126797
79	11.6250	23.4375	70	None	None	0	3	3.727212051868807
80	11.8125	23.8125	69	None	None	0	2	3.3663424866514067
81	11.8125	23.8125	70	None	None	0	3	3.727212051868807
82	12.0000	24.3750	69	None	None	0	1	3.2701536449820066
83	12.0000	24.3750	72	None	None	0	4	3.9818014238494985
84	12.3750	25.1250	69	None	None	0	2	4.0671888053467145
85	12.3750	25.1250	73	None	None	0	4	4.755263157894753
86	12.7500	25.6875	69	None	None	0	2	5.030827067669189
87	12.7500	25.6875	70	None	None	0	3	4.742830290010755
88	12.9375	26.0625	69	None	None	0	2	4.0217122775883904
89	12.9375	26.0625	70	None	None	0	3	4.128160074098298
90	13.1250	26.4375	69	None	None	0	2	3.561978315353609
91	13.1250	26.4375	70	None	None	0	3	3.2922823362754774
92	13.3125	27.0000	69	None	None	0	1	2.6488870397336974
93	13.3125	27.0000	72	None	None	0	2	3.2911230645784264
94	13.6875	27.5625	69	None	None	0	2	3.448375467654661
95	13.6875	27.5625	73	None	None	0	4	3.982690421706465
96	13.8750	28.1250	69	None	None	0	1	3.810246961276702
97	13.8750	28.1250	75	None	None	0	5	4.349460608041858
98	14.2500	28.6875	69	None	None	0	2	4.434798953906518
99	14.2500	28.6875	70	None	None	0	3	4.146802176248084
100	14.4375	29.0625	69	None	None	0	2	3.4256841638257196
101	14.4375	29.0625	70	None	None	0	3	3.532131960335628
102	14.8125	29.8125	69	None	None	0	2	3.462190803094701
103	14.8125	29.8125	70	None	None	0	3	3.574490244055439
104	15.0000	30.3750	69	None	None	0	1	1.6458453445867274
105	15.0000	30.3750	72	None	None	0	2	1.7244687806472354
106	15.3750	30.9375	69	None	None	0	1	1.701912389669794
107	15.3750	30.9375	73	None	None	0	2	1.68170901979934
108	15.5625	31.3125	69	None	None	0	1	1.6090382123459186
109	15.5625	31.3125	75	None	None	0	3	1.9494532321087603
110	15.7500	31.8750	69	None	None	0	1	1.8776501630550557
111	15.7500	31.8750	75	None	None	0	3	1.8620069986746814
112	16.1250	32.8125	69	None	None	0	1	2.160862833914952
113	16.1250	32.8125	75	None	None	0	2	2.4136264366930167
114	17.0625	34.3125	75	None	None	0	1	7.6457015054675805
115	17.0625	34.3125	81	None	None	0	3	8.272960541612163
116	17.2500	34.8750	75	None	None	0	1	7.9787576430614155
117	17.2500	34.8750	81	None	None	0	3	8.299409816974444
118	18.0000	36.1875	75	None	None	0	1	8.400176439412885
119	18.0000	36.1875	81	None	None	0	3	8.802210937422611
120	18.1875	36.5625	75	None	None	0	1	8.508008038871862
121	18.1875	36.5625	81	None	None	0	3	8.828660212784891
122	18.5625	37.3125	63	None	None	0	3	3.7064114089571323
123	18.5625	37.3125	69	None	None	0	5	3.344569303693962
124	18.7500	37.8750	63	None	None	0	1	3.275286041189987
125	18.7500	37.8750	69	None	None	0	2	3.191075514874192
126	19.1250	38.4375	65	None	None	0	2	3.8769552658649276
127	19.1250	38.4375	69	None	None	0	5	3.061734214255106
128	19.3125	39.0000	63	None	None	0	2	2.848690735994241
129	19.3125	39.0000	69	None	None	0	5	2.5082757162314047
130	19.6875	39.5625	63	None	None	0	2	2.247749400441936
131	19.6875	39.5625	69	None	None	0	5	2.4150160340069915
132	19.8750	40.1250	63	None	None	0	2	2.4150160340069915
133	19.8750	40.1250	69	None	None	0	5	2.4150160340069915
134	20.4375	41.0625	57	None	None	0	1	2.10777408062186
135	20.4375	41.0625	63	None	None	0	3	2.374594373937543
136	20.6250	41.4375	57	None	None	0	1	2.840755923355335
137	20.6250	41.4375	63	None	None	0	2	3.1526904630794683
138	21.1875	42.5625	63	None	None	0	1	6.336795445550415
139	21.1875	42.5625	69	None	None	0	3	7.161020350169088
140	21.3750	43.1250	63	None	None	0	1	7.912647087820663
141	21.3750	43.1250	69	None	None	0	3	8.613820310733018
142	22.1250	22.1719	63	None	None	0	1	9.844986690328337
143	22.1719	22.2188	65	None	None	0	2	9.71879883621659
144	22.2188	22.2656	67	None	None	0	1	7.793035549094785
145	22.2656	22.3125	69	None	None	0	2	6.333038192150152
146	22.3125	22.5000	70	None	None	0	3	6.039751552795064
147	22.5000	45.1875	69	None	None	0	2	5.678881987577663
148	22.5000	45.1875	70	None	None	0	3	6.039751552795064
149	22.6875	45.5625	69	None	None	0	2	5.678881987577663
150	22.6875	45.5625	70	None	None	0	3	6.039751552795064
151	22.8750	45.9375	69	None	None	0	2	5.678881987577663
152	22.8750	45.9375	70	None	None	0	3	6.039751552795064
153	23.0625	46.3125	69	None	None	0	2	5.678881987577663
154	23.0625	46.3125	70	None	None	0	3	6.039751552795064
155	23.2500	46.6875	69	None	None	0	2	5.678881987577663
156	23.2500	46.6875	70	None	None	0	3	6.039751552795064
157	23.4375	47.0625	69	None	None	0	2	5.494998365478939
158	23.4375	47.0625	70	None	None	0	3	5.443723439032393
159	23.6250	47.4375	69	None	None	0	2	5.082853873814993
160	23.6250	47.4375	70	None	None	0	3	5.443723439032393
161	23.8125	47.8125	69	None	None	0	2	5.082853873814993
162	23.8125	47.8125	70	None	None	0	3	5.443723439032393
163	24.0000	48.1875	69	None	None	0	2	5.082853873814992
164	24.0000	48.1875	70	None	None	0	3	5.443723439032393
165	24.3750	48.9375	69	None	None	0	2	5.409186008499532
166	24.3750	48.9375	70	None	None	0	3	6.039751552795064
167	24.5625	49.3125	69	None	None	0	2	5.494998365478939
168	24.5625	49.3125	70	None	None	0	3	5.443723439032393
169	24.7500	49.6875	69	None	None	0	2	5.082853873814993
170	24.7500	49.6875	70	None	None	0	3	5.443723439032393
171	24.9375	50.0625	69	None	None	0	2	5.082853873814993
172	24.9375	50.0625	70	None	None	0	3	5.443723439032393
173	25.1250	50.4375	69	None	None	0	2	5.082853873814992
174	25.1250	50.4375	70	None	None	0	3	5.443723439032393
175	25.5000	51.1875	69	None	None	0	2	5.409186008499532
176	25.5000	51.1875	70	None	None	0	3	6.039751552795064
177	25.6875	51.5625	69	None	None	0	2	5.494998365478939
178	25.6875	51.5625	70	None	None	0	3	5.443723439032393
179	25.8750	51.9375	69	None	None	0	2	5.082853873814993
180	25.8750	51.9375	70	None	None	0	3	5.443723439032393
181	26.0625	52.3125	69	None	None	0	2	4.898970251716269
182	26.0625	52.3125	70	None	None	0	3	4.847695325269722
183	26.2500	52.6875	69	None	None	0	2	4.486825760052322
184	26.2500	52.6875	70	None	None	0	3	4.847695325269722
185	26.6250	53.4375	69	None	None	0	2	4.6292742726381375
186	26.6250	53.4375	70	None	None	0	3	4.847695325269722
187	26.8125	53.8125	69	None	None	0	2	4.486825760052322
188	26.8125	53.8125	70	None	None	0	3	4.847695325269722
189	27.1875	54.5625	69	None	None	0	2	4.6292742726381375
190	27.1875	54.5625	70	None	None	0	3	4.847695325269722
191	27.3750	54.9375	69	None	None	0	2	4.486825760052322
192	27.3750	54.9375	70	None	None	0	3	4.847695325269722
193	27.7500	55.6875	69	None	None	0	2	4.6292742726381375
194	27.7500	55.6875	70	None	None	0	3	4.847695325269722
195	27.9375	56.0625	69	None	None	0	2	4.486825760052322
196	27.9375	56.0625	70	None	None	0	3	4.847695325269722
197	28.3125	56.8125	69	None	None	0	2	4.6292742726381375
198	28.3125	56.8125	70	None	None	0	3	4.847695325269722
199	28.5000	57.1875	69	None	None	0	2	4.486825760052322
200	28.5000	57.1875	70	None	None	0	3	4.589310232102009
201	28.8750	57.9375	69	None	None	0	2	4.660362863680955
202	28.8750	57.9375	70	None	None	0	3	4.4542380796712395
203	29.0625	58.3125	69	None	None	0	2	3.7331200672488745
204	29.0625	58.3125	70	None	None	0	3	3.843930478369845
205	29.4375	59.0625	69	None	None	0	2	3.7739893211289175
206	29.4375	59.0625	70	None	None	0	3	4.1290890269151275
207	29.6250	59.4375	69	None	None	0	1	1.9648221343873098
208	29.6250	59.4375	72	None	None	0	2	2.1214568040654562
209	29.8125	59.8125	69	None	None	0	1	2.3015810276679383
210	29.8125	59.8125	73	None	None	0	2	2.3015810276679383
211	30.0000	60.1875	69	None	None	0	1	2.301581027667938
212	30.0000	60.1875	75	None	None	0	3	2.1449463579897916
213	30.1875	60.5625	69	None	None	0	1	1.96482213438731
214	30.1875	60.5625	75	None	None	0	3	2.751044607566318
215	30.3750	60.9375	69	None	None	0	2	3.4035196687370814
216	30.3750	60.9375	75	None	None	0	3	3.2714285714285563
217	30.5625	61.3125	69	None	None	0	1	3.091304347826074
218	30.5625	61.3125	73	None	None	0	2	3.091304347826074
219	30.7500	61.6875	69	None	None	0	1	3.0913043478260747
220	30.7500	61.6875	72	None	None	0	2	3.2479390175042213
221	30.9375	62.0625	69	None	None	0	2	3.4035196687370814
222	30.9375	62.0625	71	None	None	0	3	3.8095426312817415
223	31.1250	62.4375	69	None	None	0	1	1.8790097774079075
224	31.1250	62.4375	72	None	None	0	2	1.9576332134684156
225	31.3125	62.8125	69	None	None	0	1	3.3671231768485472
226	31.3125	62.8125	73	None	None	0	2	3.707235491797419
227	31.5000	63.1875	69	None	None	0	1	4.101853365297275
228	31.5000	63.1875	75	None	None	0	3	4.7924236645632305
229	31.6875	63.7500	69	None	None	0	1	5.146460931643984
230	31.6875	63.7500	75	None	None	0	3	5.156241523722719
231	32.0625	64.5000	69	None	None	0	1	5.130252638466103
232	32.0625	64.5000	75	None	None	0	2	5.147543678035689
233	32.4375	65.0625	81	None	None	0	2	3.7739893211289175
234	32.4375	65.0625	82	None	None	0	3	4.1290890269151275
235	32.6250	65.4375	81	None	None	0	1	1.9648221343873098
236	32.6250	65.4375	84	None	None	0	2	2.1214568040654562
237	32.8125	65.8125	81	None	None	0	1	2.3015810276679383
238	32.8125	65.8125	85	None	None	0	2	2.3015810276679383
239	33.0000	66.1875	81	None	None	0	1	2.301581027667938
240	33.0000	66.1875	87	None	None	0	3	2.1449463579897916
241	33.1875	66.5625	81	None	None	0	1	1.96482213438731
242	33.1875	66.5625	87	None	None	0	3	2.751044607566318
243	33.3750	66.9375	81	None	None	0	2	3.4035196687370814
244	33.3750	66.9375	87	None	None	0	3	3.2714285714285563
245	33.5625	67.3125	81	None	None	0	1	3.091304347826074
246	33.5625	67.3125	85	None	None	0	2	3.091304347826074
247	33.7500	67.6875	81	None	None	0	1	3.0913043478260747
248	33.7500	67.6875	84	None	None	0	2	3.2479390175042213
249	33.9375	68.0625	81	None	None	0	2	3.4035196687370814
250	33.9375	68.0625	83	None	None	0	3	3.8010351966873923
251	34.1250	68.4375	81	None	None	0	1	3.356226039406793
252	34.1250	68.4375	84	None	None	0	4	3.7022465584250703
253	34.3125	68.8125	81	None	None	0	2	4.058955733323092
254	34.3125	68.8125	85	None	None	0	4	4.403730019849299
255	34.5000	69.1875	81	None	None	0	2	6.450781674853622
256	34.5000	69.1875	87	None	None	0	5	5.78160563900174
257	34.6875	69.7500	81	None	None	0	2	5.658255954583263
258	34.6875	69.7500	82	None	None	0	4	5.254914740141725
259	35.0625	70.5000	81	None	None	0	4	5.593533024984271
260	35.0625	70.5000	82	None	None	0	5	5.0070896591573035
261	35.8125	72.0000	69	None	None	0	1	4.757111773266106
262	35.8125	72.0000	70	None	None	0	5	3.912087282335943
263	37.6875	75.7500	45	None	None	0	1	3.0249644118686345
264	37.6875	75.7500	46	None	None	0	3	3.315804717465771
265	38.2500	38.4375	51	None	None	0	5	3.437022519382965
266	38.4375	77.2500	45	None	None	0	2	3.267114052563742
267	38.4375	77.2500	46	None	None	0	3	2.997418073485611
268	39.0000	39.1875	51	None	None	0	5	2.972287862513433
269	39.3750	78.9375	45	None	None	0	2	3.3437164339420065
270	39.3750	78.9375	46	None	None	0	3	3.3584854994629554
271	39.7500	79.6875	45	None	None	0	2	3.1186358754028047
272	39.7500	79.6875	46	None	None	0	3	3.1186358754028047
273	39.7500	79.6875	51	None	None	0	5	2.972287862513433
274	40.1250	80.4375	45	None	None	0	2	3.3437164339420065
275	40.1250	80.4375	46	None	None	0	3	3.3584854994629554
276	40.5000	81.1875	45	None	None	0	2	3.1186358754028047
277	40.5000	81.1875	46	None	None	0	3	3.1186358754028047
278	40.5000	81.1875	51	None	None	0	5	2.972287862513433
279	40.8750	81.9375	45	None	None	0	2	3.3437164339420065
280	40.8750	81.9375	46	None	None	0	3	3.3584854994629554
281	41.2500	82.6875	45	None	None	0	2	3.1186358754028047
282	41.2500	82.6875	46	None	None	0	3	3.1186358754028047
283	41.2500	82.6875	51	None	None	0	5	2.972287862513433
284	41.6250	83.4375	45	None	None	0	2	3.3437164339420065
285	41.6250	83.4375	46	None	None	0	3	3.3584854994629554
286	42.0000	84.1875	45	None	None	0	2	3.1186358754028047
287	42.0000	84.1875	46	None	None	0	3	3.1186358754028047
288	42.0000	84.1875	51	None	None	0	5	2.972287862513433
289	42.3750	84.9375	45	None	None	0	2	3.3437164339420065
290	42.3750	84.9375	46	None	None	0	3	4.393058539205166
291	42.7500	85.6875	45	None	None	0	0	-1
292	42.7500	85.6875	46	None	None	0	0	-1
293	42.7500	85.6875	51	None	None	0	0	-1
294	43.1250	86.4375	45	None	None	0	0	-1
295	43.1250	86.4375	46	None	None	0	0	-1
296	43.5000	87.1875	45	None	None	0	0	-1
297	43.5000	87.1875	46	None	None	0	0	-1
298	43.5000	87.1875	53	None	None	0	1	6.308377688832136
299	43.6875	44.0000	66	None	None	0	4	3.1971138817552625
300	44.0000	44.3125	65	None	None	0	3	3.022945578545308
301	44.3125	44.6250	66	None	None	0	4	3.1707329763327117
302	44.6250	45.5625	65	None	None	0	3	2.663179610158655
303	45.5625	46.1875	63	None	None	0	2	3.0844647507209024
304	46.1875	46.5000	66	None	None	0	4	3.0425016053094818
305	46.5000	46.8125	68	None	None	0	5	3.3715832379625446
306	46.8125	47.1250	66	None	None	0	4	3.3118757129772436
307	47.1250	47.7500	65	None	None	0	3	2.969097279289718
308	47.7500	48.0625	63	None	None	0	2	3.4667163269087635
309	48.0625	48.6875	62	None	None	0	1	3.514335374527805
310	48.6875	49.0000	65	None	None	0	2	3.509438941505076
311	49.0000	49.3125	66	None	None	0	3	3.8953722852697443
312	49.3125	49.6250	68	None	None	0	4	4.394573129048905
313	49.6250	50.5625	69	None	None	0	5	4.622386981862764
314	50.8750	51.1875	68	None	None	0	4	5.674466182414859
315	51.1875	51.5000	66	None	None	0	3	5.493435092292861
316	51.5000	51.8125	65	None	None	0	2	4.927742201657709
317	51.8125	52.1250	63	None	None	0	1	4.380407338676194
318	52.7500	53.0625	66	None	None	0	5	3.8072212734505455
319	53.0625	53.3750	65	None	None	0	4	4.509000975230247
320	53.3750	53.6875	63	None	None	0	3	4.546387830798919
321	53.6875	54.0000	62	None	None	0	2	4.315435449846535
322	54.0000	54.6250	60	None	None	0	1	3.692058826469912
323	54.6250	55.5625	60	None	None	0	1	3.943141077552163
324	59.9375	60.2500	66	None	None	0	2	4.364357864357862
325	60.2500	60.5625	72	None	None	0	3	3.0916305916305875
326	60.5625	60.8750	77	None	None	0	5	3.091630591630588
327	60.8750	61.1875	66	None	None	0	1	1.8119378532912342
328	61.1875	61.5000	72	None	None	0	3	2.1654732068265856
329	61.5000	61.8125	77	None	None	0	5	1.971750263103641
330	62.4375	62.7500	77	None	None	0	5	2.3169883583417366
331	62.7500	63.0625	72	None	None	0	3	2.142625683979062
332	63.0625	63.3750	66	None	None	0	1	2.142625683979062
333	63.3750	63.6875	72	None	None	0	3	2.5446819610353395
334	63.6875	64.0000	77	None	None	0	5	3.222082429419415
335	65.2500	65.5625	72	None	None	0	3	3.3112989772825823
336	65.5625	65.8750	66	None	None	0	1	3.1514865674701755
337	65.8750	66.1875	72	None	None	0	3	3.251053667037276
338	66.1875	66.5000	77	None	None	0	5	3.410866076849696
339	67.4375	67.7500	72	None	None	0	3	3.485661651645273
340	67.7500	68.0625	66	None	None	0	1	3.3258492418328665
341	68.0625	68.3750	77	None	None	0	5	4.611563527547155
342	70.2500	70.5625	63	None	None	0	1	3.786553422423006
343	70.5625	70.8750	69	None	None	0	3	4.342669149346196
344	70.8750	71.1875	74	None	None	0	5	4.324929642476259
345	71.1875	71.5000	69	None	None	0	3	4.29123869574183
346	71.5000	71.8125	63	None	None	0	1	4.43471426778882
347	71.8125	72.1250	69	None	None	0	3	4.629669337015025
348	72.1250	72.4375	74	None	None	0	5	4.944596490958524
349	72.6250	72.8125	57	None	None	0	1	4.435711052725275
350	72.8125	73.0000	63	None	None	0	3	4.807440772281077
351	73.0000	73.1875	68	None	None	0	5	5.430210169895199
352	73.1875	73.3750	63	None	None	0	3	5.6720697595808645
353	73.3750	73.5625	57	None	None	0	1	6.342877212997014
354	74.5000	149.1875	69	None	None	0	3	6.097979253813341
355	74.5000	149.1875	70	None	None	0	4	6.035911466035704
356	74.6875	149.5625	69	None	None	0	2	4.259272404614029
357	74.6875	149.5625	70	None	None	0	3	3.825554134697362
358	74.8750	149.9375	69	None	None	0	2	3.464684569479961
359	74.8750	149.9375	70	None	None	0	3	3.825554134697362
360	75.0625	150.3125	69	None	None	0	1	2.969428206065017
361	75.0625	150.3125	72	None	None	0	2	3.7141487029594327
362	75.2500	150.6875	69	None	None	0	2	3.7646155563674824
363	75.2500	150.6875	73	None	None	0	4	3.81070645649565
364	76.0000	152.1875	69	None	None	0	1	3.837725090036014
365	76.0000	152.1875	70	None	None	0	2	4.1256728778467915
366	76.1875	152.5625	69	None	None	0	2	3.8000429704285397
367	76.1875	152.5625	70	None	None	0	3	3.413309113637257
368	76.3750	152.9375	69	None	None	0	1	2.3862272113275704
369	76.3750	152.9375	72	None	None	0	2	2.758767257094168
370	76.5625	153.3125	69	None	None	0	2	2.72525383050189
371	76.5625	153.3125	73	None	None	0	4	3.1958905672713573
372	76.7500	153.6875	69	None	None	0	1	3.0447267209712634
373	76.7500	153.6875	75	None	None	0	5	3.8210458467744637
374	77.3125	154.8125	69	None	None	0	2	3.8364097281760774
375	77.3125	154.8125	70	None	None	0	3	3.8808841217070733
376	77.6875	155.5625	69	None	None	0	2	3.9519367532860192
377	77.6875	155.5625	70	None	None	0	3	3.745811969276304
378	78.0625	156.3125	69	None	None	0	2	3.3510260915384786
379	78.0625	156.3125	70	None	None	0	3	3.729383960310964
380	78.2500	156.6875	69	None	None	0	2	3.328426536547928
381	78.2500	156.6875	70	None	None	0	3	2.8428251813813454
382	78.8125	157.8125	69	None	None	0	1	1.8558057460004334
383	78.8125	157.8125	72	None	None	0	2	1.9576332134684156
384	79.0000	158.1875	69	None	None	0	1	2.8239805905544046
385	79.0000	158.1875	73	None	None	0	2	2.7202202074069097
386	79.1875	158.5625	69	None	None	0	1	2.6475493999535007
387	79.1875	158.5625	75	None	None	0	3	3.218554481828161
388	79.3750	159.1250	69	None	None	0	1	3.1879556303105323
389	79.3750	159.1250	75	None	None	0	3	3.286823128685832
390	79.7500	160.2500	69	None	None	0	1	3.6210826906341795
391	79.7500	160.2500	75	None	None	0	2	3.4655844990179725
392	80.6875	161.5625	81	None	None	0	2	2.785894309689231
393	80.6875	161.5625	87	None	None	0	3	2.917070624207609
394	80.8750	162.1250	81	None	None	0	1	3.380700713924667
395	80.8750	162.1250	87	None	None	0	5	3.148599461660528
396	81.4375	163.0625	81	None	None	0	2	3.067397070942139
397	81.4375	163.0625	82	None	None	0	3	3.4422705314009674
398	81.6250	163.4375	81	None	None	0	1	3.0913043478260747
399	81.6250	163.4375	83	None	None	0	2	3.6037267080745226
400	81.8125	163.8125	81	None	None	0	1	3.2217391304347602
401	81.8125	163.8125	84	None	None	0	2	3.863975155279489
402	82.0000	164.1875	81	None	None	0	2	3.931374923499626
403	82.0000	164.1875	85	None	None	0	4	4.419382918603604
404	82.1875	164.5625	81	None	None	0	1	4.4305871323098485
405	82.1875	164.5625	84	None	None	0	4	4.402957797830654
406	82.3750	164.9375	81	None	None	0	2	4.0886720835449415
407	82.3750	164.9375	82	None	None	0	3	4.051405002799595
408	82.5625	165.3125	81	None	None	0	3	4.266587887547707
409	82.5625	165.3125	82	None	None	0	5	3.219758491310121
410	83.1250	166.4375	74	None	None	0	2	3.067397070942139
411	83.1250	166.4375	75	None	None	0	3	3.4422705314009674
412	83.3125	166.8125	74	None	None	0	1	3.0913043478260747
413	83.3125	166.8125	76	None	None	0	2	3.6037267080745226
414	83.5000	167.1875	74	None	None	0	1	3.2217391304347602
415	83.5000	167.1875	77	None	None	0	2	3.863975155279489
416	83.6875	167.5625	74	None	None	0	2	3.891958670260569
417	83.6875	167.5625	78	None	None	0	3	4.228137817883511
418	83.8750	167.9375	74	None	None	0	1	4.026274463846236
419	83.8750	167.9375	77	None	None	0	2	4.270994960740654
420	84.0625	168.3125	74	None	None	0	2	4.049255830305885
421	84.0625	168.3125	75	None	None	0	3	4.011988749560538
422	84.2500	168.6875	74	None	None	0	2	3.8663020690912484
423	84.2500	168.6875	75	None	None	0	5	3.148599461660528
424	84.8125	169.8125	69	None	None	0	2	3.067397070942139
425	84.8125	169.8125	70	None	None	0	3	3.4422705314009674
426	85.0000	170.1875	69	None	None	0	1	3.0913043478260747
427	85.0000	170.1875	71	None	None	0	2	3.6037267080745226
428	85.1875	170.5625	69	None	None	0	1	3.2217391304347602
429	85.1875	170.5625	72	None	None	0	2	3.863975155279489
430	85.3750	170.9375	69	None	None	0	2	3.931374923499626
431	85.3750	170.9375	73	None	None	0	4	4.419382918603604
432	85.5625	171.3125	69	None	None	0	1	4.4305871323098485
433	85.5625	171.3125	72	None	None	0	4	4.402957797830654
434	85.7500	171.6875	69	None	None	0	2	4.0886720835449415
435	85.7500	171.6875	70	None	None	0	3	4.051405002799595
436	85.9375	172.0625	69	None	None	0	3	4.266587887547707
437	85.9375	172.0625	70	None	None	0	5	3.219758491310121
438	86.5000	173.1875	62	None	None	0	2	3.067397070942139
439	86.5000	173.1875	63	None	None	0	3	3.4422705314009674
440	86.6875	173.5625	62	None	None	0	1	3.0913043478260747
441	86.6875	173.5625	64	None	None	0	2	3.6037267080745226
442	86.8750	173.9375	62	None	None	0	1	3.2217391304347602
443	86.8750	173.9375	65	None	None	0	2	3.863975155279489
444	87.0625	174.3125	62	None	None	0	2	3.8919586702605704
445	87.0625	174.3125	66	None	None	0	3	4.22813781788351
446	87.2500	174.6875	62	None	None	0	1	4.026274463846238
447	87.2500	174.6875	65	None	None	0	2	4.270994960740656
448	87.4375	175.0625	62	None	None	0	2	4.049255830305884
449	87.4375	175.0625	63	None	None	0	3	4.011988749560537
450	87.6250	175.4375	62	None	None	0	2	3.8663020690912444
451	87.6250	175.4375	63	None	None	0	5	3.1485994616605253
452	88.1875	176.5625	57	None	None	0	2	3.0076291112562092
453	88.1875	176.5625	58	None	None	0	3	3.0270589997005093
454	88.3750	176.9375	57	None	None	0	2	2.9010410562912634
455	88.3750	176.9375	59	None	None	0	3	2.9645331197833276
456	88.5625	177.3125	57	None	None	0	1	2.611754365404903
457	88.5625	177.3125	60	None	None	0	4	3.023263278513487
458	88.7500	177.6875	57	None	None	0	2	2.966120421370629
459	88.7500	177.6875	61	None	None	0	4	3.0122113214987967
460	89.3125	178.8125	57	None	None	0	2	3.0076291112562092
461	89.3125	178.8125	58	None	None	0	3	3.0270589997005093
462	89.5000	179.1875	57	None	None	0	2	2.9010410562912634
463	89.5000	179.1875	59	None	None	0	3	2.9645331197833276
464	89.6875	179.5625	57	None	None	0	1	2.611754365404903
465	89.6875	179.5625	60	None	None	0	4	3.023263278513487
466	89.8750	179.9375	57	None	None	0	2	2.966120421370629
467	89.8750	179.9375	61	None	None	0	4	3.0122113214987967
468	90.4375	181.0625	57	None	None	0	2	3.0257167832664233
469	90.4375	181.0625	58	None	None	0	3	3.1639933166248957
470	90.6250	181.4375	57	None	None	0	2	3.0379753732156503
471	90.6250	181.4375	59	None	None	0	3	3.1014674367077144
472	90.8125	181.8125	57	None	None	0	1	2.9542497548218423
473	90.8125	181.8125	60	None	None	0	4	3.1601975954378734
474	91.0000	182.1875	57	None	None	0	2	3.1030547382950164
475	91.0000	182.1875	61	None	None	0	4	3.7713087065489876
476	91.3750	182.9375	57	None	None	0	2	4.081348628488218
477	91.3750	182.9375	58	None	None	0	3	3.879227053140107
478	91.5625	183.3125	57	None	None	0	2	3.403519668737072
479	91.5625	183.3125	59	None	None	0	3	3.801035196687383
480	91.7500	183.6875	57	None	None	0	1	3.5146809712027065
481	91.7500	183.6875	60	None	None	0	2	4.200734048560133
482	91.9375	184.0625	57	None	None	0	1	4.200734048560133
483	91.9375	184.0625	63	None	None	0	3	4.200734048560133
484	92.1250	184.4375	57	None	None	0	1	4.200734048560133
485	92.1250	184.4375	61	None	None	0	2	4.200734048560133
486	92.3125	184.8125	57	None	None	0	1	4.200734048560133
487	92.3125	184.8125	58	None	None	0	2	4.200734048560133
488	92.5000	185.1875	57	None	None	0	2	4.200734048560133
489	92.5000	185.1875	58	None	None	0	3	4.200734048560133
490	92.6875	93.4375	57	None	None	0	0	4.200734048560133
