0	0.0000	0.8333	70	None	None	0	2	3.0608886536305913
1	0.2083	0.4167	72	None	None	0	3	3.143329908249264
2	0.4167	0.6250	75	None	None	0	4	4.218780358699718
3	0.6250	0.8333	74	None	None	0	3	3.957583447502801
4	0.8333	1.2500	77	None	None	0	5	3.3776431175624677
5	1.2500	1.4583	75	None	None	0	4	3.995362738104671
6	1.4583	1.6667	72	None	None	0	3	4.4297256724676055
7	1.6667	1.8750	75	None	None	0	5	3.2144062055352487
8	1.8750	2.2917	74	None	None	0	4	2.542655883784919
9	2.2917	2.5000	72	None	None	0	3	2.5363548613548637
10	2.5000	3.3333	70	None	None	0	2	3.12245524745525
11	2.7083	2.9167	72	None	None	0	3	3.2467959895379273
12	2.9167	3.1250	75	None	None	0	4	4.322246439988381
13	3.1250	3.3333	74	None	None	0	3	5.28917136958613
14	3.3333	3.5417	77	None	None	0	5	4.556545886960645
15	3.5417	3.7500	75	None	None	0	4	5.045111295687338
16	3.7500	3.9583	72	None	None	0	3	5.4642446698898315
17	3.9583	4.1667	75	None	None	0	5	4.470622119815669
18	4.1667	4.5833	74	None	None	0	4	7.597786419791025
19	4.5833	4.7917	72	None	None	0	3	8.295299601175183
20	4.7917	10.0000	70	None	None	0	2	8.938735894611467
21	4.7917	10.0000	70	None	None	0	1	4.029279501687332
22	5.2083	10.8333	70	None	None	0	1	4.197233169640998
23	5.2083	10.8333	70	None	None	0	2	3.3360871157530045
24	5.6250	6.4583	71	None	None	0	3	3.026185509077205
25	5.8333	6.0417	72	None	None	0	4	3.3028907857824894
26	6.0417	6.2500	75	None	None	0	5	3.8881488316972206
27	6.2500	6.4583	74	None	None	0	2	2.626364844106787
28	6.4583	6.8750	77	None	None	0	4	2.27237721592561
29	6.8750	7.0833	75	None	None	0	3	2.9412163105711535
30	7.0833	7.2917	72	None	None	0	2	3.0130631574180007
31	7.2917	7.5000	75	None	None	0	4	3.2815777182712784
32	7.5000	15.8333	71	None	None	0	1	3.621026996833452
33	7.5000	15.2083	74	None	None	0	3	3.459809846503401
34	7.7083	7.9167	75	None	None	0	4	2.573934685628234
35	7.9167	8.2292	77	None	None	0	5	2.4956835448770867
36	8.3333	9.1667	71	None	None	0	2	2.4500614250614166
37	8.5417	8.7500	72	None	None	0	3	2.954501579501577
38	8.7500	8.9583	75	None	None	0	4	3.1083655083655106
39	8.9583	9.1667	74	None	None	0	3	3.739639639639635
40	9.1667	9.3750	77	None	None	0	5	4.351389282034445
41	9.3750	9.5833	75	None	None	0	4	4.094793400438558
42	9.5833	9.7917	72	None	None	0	3	4.672001022807474
43	9.7917	10.0000	75	None	None	0	5	3.2426043676763747
44	10.2083	10.4167	75	None	None	0	5	3.2922961193770552
45	10.4167	10.6250	74	None	None	0	4	3.04885657013393
46	10.6250	10.8333	72	None	None	0	3	3.3813070391171367
47	10.8333	22.0833	70	None	None	0	2	3.505674545721487
48	10.8333	22.0833	70	None	None	0	3	2.7292017297749926
49	11.2500	23.3333	70	None	None	0	3	3.0006374419962643
50	11.2500	23.3333	70	None	None	0	2	2.351178784578697
51	12.0833	24.9359	71	None	None	0	2	2.448802612818129
52	12.0833	24.5513	75	None	None	0	4	2.8284393907749315
53	12.4679	12.8526	76	None	None	0	5	3.231768211338246
54	12.8526	13.0449	75	None	None	0	3	3.513601237943356
55	13.0449	13.2372	73	None	None	0	2	3.513601237943356
56	13.2372	13.6218	75	None	None	0	3	3.513601237943356
57	13.6218	28.0128	71	None	None	0	1	3.513601237943356
58	13.6218	27.4359	75	None	None	0	3	3.4566877149584005
59	13.8141	14.0064	73	None	None	0	2	3.5934328516095486
60	14.0064	14.1987	75	None	None	0	3	3.532842455163882
61	14.1987	14.3910	76	None	None	0	4	2.9464358421908603
62	14.3910	14.5833	75	None	None	0	3	2.433108252383012
63	14.5833	14.7756	73	None	None	0	2	2.7370515182858584
64	14.7756	15.1603	75	None	None	0	4	2.903155224521143
65	15.1603	31.0897	71	None	None	0	1	2.806311790177708
66	15.1603	30.7051	75	None	None	0	3	2.5167845735671563
67	15.5449	15.7372	76	None	None	0	4	2.2273107386672604
68	15.7372	15.9295	73	None	None	0	3	2.282785600063176
69	15.9295	32.6282	71	None	None	0	2	2.3229984834621455
70	15.9295	32.2436	75	None	None	0	4	2.4255454842312627
71	16.3141	16.5064	76	None	None	0	5	2.4844781581780397
72	16.5064	16.6987	72	None	None	0	3	2.23156462434345
73	16.8910	34.1667	71	None	None	0	2	5.849649492749423
74	16.8910	33.9744	75	None	None	0	5	5.918320640312717
75	17.0833	17.2756	73	None	None	0	4	6.091308712971844
76	17.2756	17.4679	76	None	None	0	5	6.533683124507427
77	17.6603	35.7051	71	None	None	0	3	6.873954007635459
78	17.6603	35.5128	76	None	None	0	5	7.188842237702263
79	17.8526	18.0449	75	None	None	0	4	6.172822032735815
80	18.0449	18.2372	73	None	None	0	3	5.99174692906543
81	18.2372	19.4872	62	None	None	0	1	3.0670949274397583
82	18.8622	19.0705	64	None	None	0	3	3.5656662820455813
83	19.0705	19.2788	67	None	None	0	5	3.1702029615822553
84	19.2788	19.4872	66	None	None	0	4	2.155063459835622
85	19.4872	40.2244	62	None	None	0	2	2.377950011101172
86	19.4872	39.5994	69	None	None	0	5	2.499167571658535
87	20.1122	20.3205	67	None	None	0	4	5.308918923945241
88	20.3205	20.5288	64	None	None	0	2	4.975369559037342
89	20.5288	20.7372	67	None	None	0	3	5.765901108310077
90	20.7372	42.3077	62	None	None	0	1	6.60486507227404
91	20.7372	42.3077	66	None	None	0	3	6.230325760234726
92	21.5705	21.7094	64	None	None	0	2	6.4949039225807415
93	21.7094	21.8483	66	None	None	0	3	6.88393393604639
94	21.8483	21.9872	64	None	None	0	1	5.505353551429877
95	22.1955	45.0160	74	None	None	0	2	3.5251149113996214
96	22.1955	44.5994	76	None	None	0	3	3.6786036036036034
97	22.4038	22.6122	79	None	None	0	4	3.0426692821854138
98	22.6122	22.8205	78	None	None	0	3	2.6986538381699736
99	22.8205	23.0288	81	None	None	0	5	3.611266450782579
100	23.0288	23.2372	79	None	None	0	4	3.285655125171254
101	23.2372	23.4455	76	None	None	0	2	3.444716029393449
102	23.4455	23.6538	79	None	None	0	5	3.83016661328875
103	23.6538	47.9327	74	None	None	0	3	3.639476114116106
104	23.6538	47.7244	78	None	None	0	5	3.5964994639965986
105	24.0705	24.2788	76	None	None	0	4	3.7161858659410645
106	24.2788	48.9744	74	None	None	0	3	4.220626020381216
107	24.2788	48.9744	74	None	None	0	4	2.8679876677428604
108	24.6955	50.2244	74	None	None	0	4	3.7853621851173815
109	24.6955	50.2244	74	None	None	0	5	3.1203198386234203
110	25.5288	51.8910	63	None	None	0	1	3.5978317893496525
111	25.5288	51.2660	65	None	None	0	2	3.822113022113036
112	25.7372	25.9455	70	None	None	0	4	4.703635778635794
113	25.9455	26.1538	68	None	None	0	3	4.666722241722258
114	26.1538	26.3622	67	None	None	0	2	4.092753992696409
115	26.3622	53.3494	64	None	None	0	1	4.914504314446721
116	26.3622	52.9327	65	None	None	0	2	4.583230183172584
117	26.5705	26.7788	67	None	None	0	3	4.583230183172588
118	26.7788	26.9872	68	None	None	0	4	3.7692018691442764
119	26.9872	54.1827	63	None	None	0	2	4.100476000418393
120	26.9872	54.1827	63	None	None	0	3	3.4812946669513454
121	27.1955	27.6122	65	None	None	0	4	4.307958993615673
122	27.6122	27.8205	68	None	None	0	5	4.5454407561550365
123	27.8205	28.0288	67	None	None	0	4	4.014552725267014
124	28.0288	56.6827	64	None	None	0	3	3.778548864263141
125	28.0288	56.2660	65	None	None	0	4	5.823829580972449
126	28.2372	28.4455	68	None	None	0	5	9.030894298751472
127	28.4455	28.6538	67	None	None	0	4	8.272850540707719
128	28.6538	57.5160	63	None	None	0	3	7.483544398578992
129	28.6538	57.5160	63	None	None	0	1	4.164432429466999
130	28.8622	58.5577	64	None	None	0	1	4.392617757652332
131	28.8622	57.9327	65	None	None	0	2	3.4752432402778113
132	29.0705	29.2788	67	None	None	0	3	3.296844177950181
133	29.2788	29.4872	68	None	None	0	4	2.482815863921868
134	29.4872	29.6955	70	None	None	0	5	2.660284148533002
135	29.6955	30.1122	65	None	None	0	2	2.27599796516847
136	30.1122	30.3205	68	None	None	0	3	2.3875821090106735
137	30.3205	30.5288	67	None	None	0	2	2.5341072055357707
138	30.5288	31.3622	64	None	None	0	1	2.590476729647231
139	31.3622	63.5577	64	None	None	0	3	3.1455479837968197
140	31.3622	62.9327	65	None	None	0	4	3.7005282191341973
141	31.5705	31.7788	68	None	None	0	5	3.6370284949201803
142	31.7788	31.9872	67	None	None	0	4	5.250211287653669
143	31.9872	32.1955	70	None	None	0	5	5.486016582744686
144	32.1955	65.2244	64	None	None	0	3	4.888365360093464
145	32.1955	64.8077	65	None	None	0	4	4.868936732718393
146	32.6122	32.8205	68	None	None	0	5	5.23482612366539
147	32.8205	33.0288	67	None	None	0	4	4.763505939845221
148	33.0288	66.8910	64	None	None	0	3	4.560567043156312
149	33.0288	66.8910	65	None	None	0	5	2.737014919604209
150	33.8622	34.6622	54	None	None	0	2	2.1124188311688292
151	34.2622	34.4622	56	None	None	0	3	2.3737824675324704
152	34.4622	34.6622	59	None	None	0	4	2.4008988696488824
153	34.6622	69.5244	54	None	None	0	1	2.735747354497339
154	34.6622	69.5244	58	None	None	0	4	2.697961330997045
155	34.8622	70.5244	53	None	None	0	2	3.0098721054078212
156	34.8622	70.1244	61	None	None	0	5	7.114493403421973
157	35.2622	35.4622	59	None	None	0	0	-1
158	35.4622	35.6622	56	None	None	0	0	-1
159	35.6622	71.5244	53	None	None	0	0	-1
160	35.6622	71.5244	59	None	None	0	0	-1
161	35.8622	72.3244	54	None	None	0	0	-1
162	35.8622	72.1244	58	None	None	0	0	-1
163	36.2622	36.4622	56	None	None	0	1	5.0203018707483045
164	36.6622	37.2622	66	None	None	0	2	3.2684796949082564
165	36.8622	37.0622	71	None	None	0	4	5.016067778121331
166	37.0622	37.2622	70	None	None	0	3	4.484983122036682
167	37.2622	37.4622	73	None	None	0	5	4.0640647546897295
168	37.4622	37.6622	71	None	None	0	4	4.7988531144781055
169	37.6622	37.8622	68	None	None	0	3	5.021688612313601
170	37.8622	38.0622	71	None	None	0	5	4.020067597746158
171	38.0622	38.4622	70	None	None	0	4	7.327922077922109
172	38.4622	38.6622	68	None	None	0	3	9.162500000000009
173	38.6622	39.4622	66	None	None	0	0	-1
174	38.8622	39.0622	71	None	None	0	0	-1
175	39.0622	39.2622	70	None	None	0	0	-1
176	39.2622	39.4622	73	None	None	0	0	-1
177	39.4622	39.6622	68	None	None	0	0	-1
178	39.6622	40.0622	66	None	None	0	0	-1
179	40.0622	80.8561	79	None	None	0	2	2.777122933484656
180	40.0622	80.4902	86	None	None	0	5	3.117401566489581
181	40.4280	40.7939	81	None	None	0	3	3.117401566489581
182	40.7939	41.1597	84	None	None	0	5	3.4589404595337077
183	41.1597	82.6853	79	None	None	0	2	3.2809518033382417
184	41.1597	82.6853	79	None	None	0	3	2.751969006030831
185	41.5256	41.8914	83	None	None	0	4	2.619576440471178
186	41.8914	42.0744	81	None	None	0	3	2.8424560458022072
187	42.0744	42.2573	83	None	None	0	4	2.709931300633033
188	42.2573	42.6232	84	None	None	0	5	2.665574944584866
189	42.6232	85.6122	79	None	None	0	3	2.733581353683975
190	42.6232	85.6122	79	None	None	0	2	2.705555971975046
191	42.9890	43.3549	86	None	None	0	4	2.744033272724141
192	43.3549	43.5378	81	None	None	0	2	2.8188403227331564
193	43.5378	43.7207	83	None	None	0	3	3.1849117513045915
194	43.7207	44.0866	84	None	None	0	4	3.1494266664660566
195	44.0866	44.4524	79	None	None	0	2	3.248498221127524
196	44.2695	44.4524	81	None	None	0	3	3.248498221127524
197	44.4524	89.2707	79	None	None	0	2	3.7275468664477183
198	44.4524	89.0878	83	None	None	0	4	3.4209094485495304
199	44.6354	44.8183	81	None	None	0	3	3.1811752907593105
200	44.8183	45.1841	79	None	None	0	2	3.0381371263149863
201	45.0012	45.1841	83	None	None	0	4	3.1268498384113004
202	45.1841	45.3671	81	None	None	0	3	3.2395816049684965
203	45.3671	45.7329	79	None	None	0	2	2.970814195946755
204	45.5500	45.7329	81	None	None	0	1	2.696656979763967
205	45.7329	45.9158	84	None	None	0	4	2.8529522082950023
206	45.9158	46.2817	86	None	None	0	5	2.8198164324329373
207	46.2817	92.9292	79	None	None	0	2	2.9138233050562117
208	46.2817	92.7463	81	None	None	0	3	2.7880940604788034
209	46.4646	46.6475	84	None	None	0	4	2.1621501762753175
210	46.6475	47.0134	86	None	None	0	5	2.5613573807088037
211	47.0134	94.3927	79	None	None	0	2	2.804948612937985
212	47.0134	94.2097	81	None	None	0	3	2.983471862220842
213	47.1963	47.3793	84	None	None	0	4	2.5838789503434456
214	47.3793	95.1244	79	None	None	0	2	2.2853413887670913
215	47.3793	95.1244	86	None	None	0	5	2.2317987334399274
216	47.7451	95.8561	79	None	None	0	2	2.3575279780173357
217	47.7451	95.6731	81	None	None	0	3	6.964241631489337
218	47.9280	48.1110	84	None	None	0	4	6.330495250401063
219	48.1110	48.2939	83	None	None	0	3	7.680401318242911
220	48.2939	48.4768	84	None	None	0	4	7.401685470693021
221	48.4768	97.3195	79	None	None	0	2	9.253405726243908
222	48.4768	97.3195	86	None	None	0	0	-1
223	48.8427	98.0512	79	None	None	0	0	-1
224	48.8427	98.0512	81	None	None	0	0	-1
225	49.5744	99.5146	55	None	None	0	0	-1
226	49.5744	99.5146	57	None	None	0	1	32.44639034592147
227	50.6719	101.7097	67	None	None	0	1	31.706693564473152
228	50.6719	101.7097	69	None	None	0	2	31.54907063750196
229	51.4036	103.1731	81	None	None	0	2	29.28925064784327
230	51.4036	103.1731	91	None	None	0	5	28.520852851219665
231	51.7695	51.9778	58	None	None	0	1	3.1875511875511746
232	51.9778	52.1862	60	None	None	0	3	3.0490728413142087
233	52.1862	52.3945	63	None	None	0	4	4.124523291764678
234	52.3945	52.6028	62	None	None	0	3	4.5643040863841735
235	52.6028	53.2278	65	None	None	0	5	4.655933105432552
236	53.2278	53.4362	63	None	None	0	4	4.876715111928835
237	53.4362	53.6445	60	None	None	0	3	5.565260800474522
238	53.6445	53.8528	63	None	None	0	4	5.894765304979037
239	53.8528	54.4778	62	None	None	0	3	5.289552949766688
240	54.4778	54.6862	60	None	None	0	2	5.2740493920217535
241	54.6862	55.1028	58	None	None	0	1	4.109956727929067
242	55.1028	55.9362	70	None	None	0	2	2.417106392106402
243	55.3112	55.5195	72	None	None	0	3	2.3574538824538886
244	55.5195	55.7278	75	None	None	0	4	2.7031746031746287
245	55.7278	55.9362	74	None	None	0	3	2.2102946264236745
246	55.9362	113.1223	71	None	None	0	2	1.7324953986244387
247	55.9362	112.4973	77	None	None	0	5	2.668876585005635
248	56.5612	56.7695	75	None	None	0	4	2.559749600878649
249	56.7695	56.9778	72	None	None	0	3	3.1369572232475584
250	56.9778	57.1862	75	None	None	0	4	6.016882078978888
251	57.1862	114.9973	71	None	None	0	3	7.680179991470321
252	57.1862	114.7890	74	None	None	0	5	7.277463499468109
253	57.6028	57.8112	72	None	None	0	4	7.9396464197155465
254	57.8112	116.0390	70	None	None	0	3	8.615146595215709
255	57.8112	116.0390	70	None	None	0	2	7.519627746874265
256	58.2278	116.8723	70	None	None	0	2	7.68758141482793
257	58.2278	116.8723	70	None	None	0	1	4.485233675383446
258	58.6445	59.4778	82	None	None	0	3	3.238894646786342
259	58.8528	59.0612	84	None	None	0	4	3.141919099810795
260	59.0612	59.2695	87	None	None	0	5	3.4143267115041334
261	59.2695	59.4778	86	None	None	0	3	2.670159733466183
262	59.4778	59.8945	89	None	None	0	5	2.122283285589745
263	59.8945	60.1028	87	None	None	0	4	3.00109451722357
264	60.1028	60.3112	84	None	None	0	3	2.8331408492699053
265	60.3112	120.8307	82	None	None	0	2	3.393553104843442
266	60.3112	120.8307	87	None	None	0	4	3.0094020090135185
267	60.5195	121.6640	83	None	None	0	2	5.403551319951154
268	60.5195	121.4557	86	None	None	0	4	5.01873793513776
269	60.9362	61.1445	84	None	None	0	3	5.930375955646773
270	61.1445	122.7057	82	None	None	0	2	6.4463991216699315
271	61.1445	122.7057	82	None	None	0	3	6.147083572354363
272	61.5612	123.5390	82	None	None	0	3	10.719799145070006
273	61.5612	123.5390	82	None	None	0	1	19.000948576313718
274	62.6028	125.6223	71	None	None	0	1	19.16465391630603
275	62.6028	125.4140	72	None	None	0	2	18.239647189482888
276	62.8112	63.0195	74	None	None	0	3	18.21683519750972
277	63.0195	63.2278	75	None	None	0	4	17.708241077073474
278	63.2278	63.4362	74	None	None	0	0	-1
279	63.4362	63.6445	77	None	None	0	0	-1
280	63.6445	128.0582	71	None	None	0	0	-1
281	63.6445	127.4813	72	None	None	0	0	-1
282	63.8368	64.0291	74	None	None	0	0	-1
283	64.0291	64.2214	75	None	None	0	0	-1
284	64.2214	64.4137	77	None	None	0	0	-1
285	64.4137	64.6060	74	None	None	0	5	23.134722968135236
286	64.7983	129.7890	60	None	None	0	1	30.309711779449206
287	64.7983	129.7890	60	None	None	0	2	29.790037593985552
288	64.9907	130.7505	59	None	None	0	1	22.712395572264263
289	64.9907	130.1736	62	None	None	0	2	16.315027151211314
290	65.1830	65.3753	63	None	None	0	3	15.679688805346654
291	65.3753	65.5676	62	None	None	0	1	21.168034670008282
292	65.5676	65.7599	65	None	None	0	2	28.42188805346691
293	65.7599	66.5291	59	None	None	0	1	30.892376775271412
294	65.9522	66.1445	62	None	None	0	2	24.54876775271504
295	66.1445	66.3368	63	None	None	0	3	24.689886173767704
296	66.3368	66.5291	65	None	None	0	4	25.108693609022506
297	66.5291	66.7214	62	None	None	0	2	28.83153195488715
298	66.7214	66.9137	47	None	None	0	1	38.14962406015036
299	66.9137	67.1060	48	None	None	0	2	30.22317875315997
300	67.1060	134.9813	47	None	None	0	1	23.145536731439034
301	67.1060	134.4044	50	None	None	0	2	16.748168310386415
302	67.2983	67.4907	51	None	None	0	0	-1
303	67.4907	67.6830	50	None	None	0	0	-1
304	67.6830	67.8753	53	None	None	0	0	-1
305	67.8753	136.5198	47	None	None	0	0	-1
306	67.8753	136.1351	48	None	None	0	0	-1
307	68.2599	68.4522	51	None	None	0	0	-1
308	68.4522	68.6445	53	None	None	0	0	-1
309	68.6445	68.8368	50	None	None	0	0	-1
310	69.0291	138.8275	59	None	None	0	0	-1
311	69.0291	138.2505	60	None	None	0	0	-1
312	69.2214	69.4137	63	None	None	0	0	-1
313	69.4137	69.6060	65	None	None	0	0	-1
314	69.6060	69.7983	62	None	None	0	0	-1
315	69.9907	140.7505	71	None	None	0	0	-1
316	69.9907	140.1736	72	None	None	0	0	-1
317	70.1830	70.3753	75	None	None	0	0	-1
318	70.3753	70.5676	77	None	None	0	0	-1
319	70.5676	70.7599	74	None	None	0	0	-1
320	70.7599	141.9044	70	None	None	0	0	-1
321	70.7599	141.9044	70	None	None	0	0	-1
322	71.1445	142.6736	70	None	None	0	0	-1
323	71.1445	142.6736	70	None	None	0	0	-1
