0	0.2055	0.4110	66	None	None	0	2	2.038940111164616
1	0.4110	0.6164	68	None	None	0	3	2.038940111164621
2	0.6164	0.8219	66	None	None	0	2	1.8232988306507605
3	0.8219	1.0274	68	None	None	0	3	1.8232988306507607
4	1.0274	1.2329	66	None	None	0	2	1.7026774194795118
5	1.2329	2.4658	68	None	None	0	3	1.7026774194795165
6	2.6712	2.8767	66	None	None	0	2	1.8191077988642435
7	2.8767	3.0822	68	None	None	0	3	1.819107798864248
8	3.0822	3.2877	70	None	None	0	4	1.7040791491382823
9	3.2877	4.1096	68	None	None	0	3	1.704079149138277
10	4.3151	4.5205	66	None	None	0	2	2.0347490793781033
11	4.5205	4.9315	68	None	None	0	3	2.034749079378108
12	5.1370	5.3425	70	None	None	0	4	2.1553704905493563
13	5.3425	5.7534	68	None	None	0	3	1.9109176339888738
14	5.9589	6.1644	70	None	None	0	4	1.9802039452824223
15	6.1644	6.3699	68	None	None	0	3	2.146567694886084
16	6.3699	6.5753	66	None	None	0	0	-1
17	6.5753	6.7808	68	None	None	0	0	-1
18	6.7808	6.9863	70	None	None	0	0	-1
19	6.9863	7.1918	68	None	None	0	0	-1
20	7.1918	7.3973	66	None	None	0	0	-1
21	7.6027	7.8082	66	None	None	0	0	-1
22	7.8082	8.0137	68	None	None	0	0	-1
23	8.0137	8.2192	70	None	None	0	1	12.985245694452532
24	8.2192	8.4247	71	None	None	0	5	11.442897262179772
25	8.4247	8.6301	70	None	None	0	1	6.707951714453969
26	8.6301	8.8356	68	None	None	0	3	1.8507797384479117
27	8.8356	9.0411	66	None	None	0	2	1.9108818713175646
28	9.0411	9.8630	68	None	None	0	3	1.8736234769963955
29	10.0685	10.2740	68	None	None	0	2	1.6862405282809085
30	10.2740	10.4795	70	None	None	0	3	1.73757562815861
31	10.4795	10.6849	68	None	None	0	2	1.6862405282809072
32	10.6849	11.5068	70	None	None	0	3	1.7375756281586103
33	11.7123	11.9178	70	None	None	0	4	2.342866586266273
34	11.9178	12.1233	68	None	None	0	3	2.3428665862662665
35	12.1233	12.3288	70	None	None	0	4	2.3428665862662696
36	12.3288	12.5342	72	None	None	0	5	2.35422567280753
37	12.5342	12.7397	70	None	None	0	4	2.5060492011725386
38	12.7397	12.9452	68	None	None	0	3	2.4946901146312768
39	12.9452	13.1507	70	None	None	0	4	2.34286658626627
40	13.1507	13.3562	68	None	None	0	3	2.33150749972501
41	13.3562	13.5616	66	None	None	0	2	2.2947126210859663
42	13.5616	13.7671	68	None	None	0	3	2.294712621085973
43	13.7671	13.9726	70	None	None	0	4	2.2947126210859725
44	13.9726	14.1781	68	None	None	0	2	1.803093717443519
45	14.1781	14.3836	70	None	None	0	4	2.1796839713600042
46	14.3836	14.5890	72	None	None	0	5	2.191043057901261
47	14.5890	14.7945	70	None	None	0	4	2.3428665862662674
48	14.7945	15.0000	72	None	None	0	5	2.3542256728075293
49	15.0000	15.2055	70	None	None	0	4	2.5060492011725373
50	15.2055	15.4110	68	None	None	0	3	2.4946901146312754
51	15.4110	15.6164	70	None	None	0	4	2.3428665862662683
52	15.6164	15.8219	68	None	None	0	3	2.3315074997250065
53	15.8219	16.0274	66	None	None	0	2	2.2947126210859676
54	16.0274	16.2329	68	None	None	0	3	2.2947126210859707
55	16.2329	16.4384	70	None	None	0	4	2.179683971360005
56	16.4384	16.6438	68	None	None	0	3	2.1796839713600002
57	16.6438	16.8493	70	None	None	0	4	2.1796839713600007
58	16.8493	17.0548	72	None	None	0	5	2.1796839713600002
59	17.0548	17.2603	70	None	None	0	4	2.1796839713600002
60	17.2603	17.4658	72	None	None	0	5	2.1910430579012603
61	17.4658	17.6712	70	None	None	0	4	2.2278379365402996
62	17.6712	17.8767	68	None	None	0	3	2.227837936540298
63	17.8767	18.0822	66	None	None	0	2	2.1392444423414223
64	18.0822	18.2877	68	None	None	0	3	1.9869280016438988
65	18.2877	18.4932	70	None	None	0	4	1.871899351917933
66	18.4932	18.6986	72	None	None	0	5	1.8832584384591913
67	18.6986	18.9041	70	None	None	0	4	1.8698742163560418
68	18.9041	19.1096	68	None	None	0	3	1.869874216356045
69	19.1096	19.3151	66	None	None	0	2	1.8698742163560447
70	19.3151	19.5205	68	None	None	0	3	1.8665645999334433
71	19.5205	19.7260	71	None	None	0	5	2.046758752140944
72	19.9315	20.1370	68	None	None	0	4	2.078393402608853
73	20.1370	20.3425	66	None	None	0	3	1.9880521295321605
74	20.3425	20.5479	68	None	None	0	4	1.763710539383398
75	20.7534	20.9589	70	None	None	0	5	1.6020393084009112
76	20.9589	21.1644	68	None	None	0	4	1.2282520242059793
77	21.1644	21.3699	66	None	None	0	3	1.1379107511292854
78	21.5753	21.7808	64	None	None	0	2	1.2336201501744153
79	21.7808	21.9863	66	None	None	0	3	1.233620150174415
80	21.9863	22.1918	64	None	None	0	2	1.0976723863721964
81	22.1918	22.3973	66	None	None	0	3	1.0976723863721944
82	22.3973	22.6027	64	None	None	0	0	-1
83	22.6027	23.8356	66	None	None	0	0	-1
84	24.0411	24.2466	64	None	None	0	0	-1
85	24.2466	24.4521	66	None	None	0	0	-1
86	24.4521	24.6575	69	None	None	0	0	-1
87	24.6575	25.4795	66	None	None	0	0	-1
88	25.6849	25.8904	64	None	None	0	0	-1
89	25.8904	26.0959	66	None	None	0	0	-1
90	26.0959	26.3014	71	None	None	0	0	-1
91	26.3014	26.7123	66	None	None	0	0	-1
92	26.7123	26.9178	64	None	None	0	0	-1
93	26.9178	27.1233	66	None	None	0	0	-1
94	27.1233	27.3288	71	None	None	0	0	-1
95	27.3288	27.5342	66	None	None	0	2	25.798772535920204
96	27.5342	27.7397	64	None	None	0	1	25.728625194472414
97	27.7397	27.9452	71	None	None	0	5	19.999341081724122
98	27.9452	28.1507	66	None	None	0	1	11.278940926146266
99	28.1507	28.3562	64	None	None	0	2	13.472400180542525
100	28.3562	28.5616	73	None	None	0	5	11.322630052012764
101	28.5616	28.7671	64	None	None	0	1	10.989430180135766
102	28.7671	28.9726	66	None	None	0	2	11.79281209343921
103	28.9726	29.1781	73	None	None	0	5	11.996739341532606
104	29.1781	29.3836	64	None	None	0	1	14.934986491240256
105	29.3836	29.5890	66	None	None	0	2	14.69050984191428
106	29.5890	29.7945	75	None	None	0	5	13.274034597107821
107	30.0000	30.2055	58	None	None	0	1	6.620540646305512
108	30.2055	30.4110	66	None	None	0	4	6.411302978342513
109	30.6164	30.8219	66	None	None	0	4	6.743053183204572
110	30.8219	31.0274	58	None	None	0	1	5.830023798144865
111	31.2329	31.4384	66	None	None	0	2	4.4359356155551
112	31.4384	31.6438	75	None	None	0	5	2.6143594738876814
113	31.8493	32.0548	65	None	None	0	2	2.637267408053822
114	32.0548	32.4658	68	None	None	0	3	2.6608921042559897
115	32.6712	32.8767	67	None	None	0	2	2.6327738049737732
116	32.8767	33.2877	70	None	None	0	3	3.059456544300264
117	33.4932	33.6986	69	None	None	0	2	3.0594565443002613
118	33.6986	34.1096	72	None	None	0	3	2.986098954124916
119	34.3151	34.5205	71	None	None	0	2	3.1288771837492595
120	34.5205	34.9315	74	None	None	0	3	2.849586842799721
121	35.1370	35.3425	73	None	None	0	2	3.6635765482515565
122	35.3425	35.7534	76	None	None	0	3	3.4940538064194007
123	35.9589	36.1644	75	None	None	0	2	3.271203575613334
124	36.1644	36.5753	78	None	None	0	4	3.041146276161413
125	36.7808	36.9863	77	None	None	0	3	3.459184590692276
126	36.9863	37.1918	76	None	None	0	2	3.432294776470623
127	37.1918	37.3973	77	None	None	0	3	4.244022924381497
128	37.3973	75.6164	79	None	None	0	4	5.109544618858985
129	37.3973	75.6164	79	None	None	0	3	4.291464039167152
130	38.2192	76.6438	79	None	None	0	3	4.560362181383683
131	38.2192	77.2603	81	None	None	0	4	4.747250163765871
132	38.4247	38.6301	77	None	None	0	2	4.879068709569829
133	38.6301	38.8356	76	None	None	0	1	4.136676012580723
134	38.8356	39.0411	77	None	None	0	2	4.291357395597304
135	39.0411	78.4932	78	None	None	0	3	4.355659125257778
136	39.0411	78.4932	82	None	None	0	5	3.595061522988176
137	39.4521	39.6575	79	None	None	0	4	4.194583689230546
138	39.6575	39.8630	77	None	None	0	3	4.025060947398384
139	39.8630	79.9315	76	None	None	0	2	4.809899281087611
140	39.8630	80.1370	82	None	None	0	5	4.793823848672495
141	40.0685	40.2740	77	None	None	0	3	4.990236404726303
142	40.2740	40.4795	78	None	None	0	4	4.633004573279225
143	40.4795	40.6849	77	None	None	0	3	4.025060947398384
144	40.6849	81.5753	76	None	None	0	2	4.025060947398383
145	40.6849	81.7808	82	None	None	0	5	4.025060947398384
146	40.8904	41.0959	77	None	None	0	3	4.025060947398384
147	41.0959	41.3014	78	None	None	0	4	3.2402226137091557
148	41.3014	41.5068	77	None	None	0	3	3.256298046124272
149	41.5068	83.2192	76	None	None	0	2	3.059885490070464
150	41.5068	83.4247	82	None	None	0	5	2.6322789878283146
151	41.7123	41.9178	77	None	None	0	3	3.256298046124272
152	41.9178	84.0411	76	None	None	0	2	3.0598854900704593
153	41.9178	84.2466	82	None	None	0	5	2.632278987828293
154	42.1233	42.3288	77	None	None	0	3	3.2562980461242508
155	42.3288	84.8630	76	None	None	0	2	3.059885490070443
156	42.3288	85.0685	82	None	None	0	5	2.6322789878282933
157	42.5342	42.7397	77	None	None	0	3	2.6847271158089243
158	42.7397	85.6849	76	None	None	0	2	3.3615028204854114
159	42.7397	85.8904	82	None	None	0	5	3.209536933233651
160	42.9452	43.1507	77	None	None	0	3	3.424447247134992
161	43.1507	86.5068	76	None	None	0	2	3.289977441145392
162	43.1507	86.7123	82	None	None	0	5	3.5999680756327654
163	43.3562	43.5616	77	None	None	0	3	4.072021246676964
164	43.5616	87.3108	76	None	None	0	2	4.090519004524498
165	43.5616	87.3108	80	None	None	0	4	4.100013626608075
166	43.5616	87.3108	81	None	None	0	5	4.16083505866111
167	43.7491	43.9366	77	None	None	0	3	4.160835058661111
168	43.9366	88.0608	76	None	None	0	2	3.8465493443753993
169	43.9366	88.0608	80	None	None	0	4	3.999516908212534
170	43.9366	88.0608	81	None	None	0	5	3.127449965493411
171	44.1241	44.3116	77	None	None	0	3	3.5894064872325444
172	44.3116	88.8108	76	None	None	0	2	3.5230992096045126
173	44.3116	88.8108	80	None	None	0	4	3.559917705118672
174	44.3116	88.8108	81	None	None	0	5	3.0645760902118306
175	44.4991	44.6866	77	None	None	0	3	2.741125955440944
176	44.8741	45.0616	77	None	None	0	3	2.9392626014036805
177	45.0616	90.6858	76	None	None	0	2	2.7540314074768304
178	45.0616	90.6858	80	None	None	0	4	4.068977675839253
179	45.0616	90.6858	81	None	None	0	5	4.0728596634168905
180	45.6241	45.8116	77	None	None	0	3	4.023017872721947
181	45.8116	92.1858	75	None	None	0	2	3.953935747118073
182	45.8116	92.1858	81	None	None	0	5	4.892156687668214
183	46.3741	46.5616	77	None	None	0	3	5.681445331755873
184	46.5616	93.3108	75	None	None	0	2	5.681445331755872
185	46.5616	93.3108	79	None	None	0	4	5.681445331755872
186	46.5616	93.3108	80	None	None	0	5	5.681445331755873
187	46.7491	46.9366	77	None	None	0	3	5.681445331755873
188	46.9366	94.0608	75	None	None	0	2	5.483308685793135
189	46.9366	94.0608	79	None	None	0	4	5.55239081139701
190	46.9366	94.0608	80	None	None	0	5	4.205180912944872
191	47.1241	47.3116	77	None	None	0	3	4.644178251010534
192	47.3116	94.8108	75	None	None	0	2	4.896176375937284
193	47.3116	94.8108	79	None	None	0	4	4.965258501541158
194	47.3116	94.8108	80	None	None	0	5	3.6180486030890204
195	47.4991	47.6866	77	None	None	0	3	4.057045941154683
196	47.8741	48.0616	77	None	None	0	3	5.094313021900021
197	48.0616	96.6858	75	None	None	0	2	5.09431302190002
198	48.0616	96.6858	79	None	None	0	4	5.094313021900021
199	48.0616	96.6858	80	None	None	0	5	5.094313021900021
200	48.6241	48.8116	77	None	None	0	3	5.271997799882713
201	48.8116	97.8108	75	None	None	0	2	5.193785965950053
202	48.8116	97.8108	79	None	None	0	4	5.42016548523576
203	48.8116	97.8108	80	None	None	0	5	4.499874332924341
204	48.9991	49.1866	77	None	None	0	3	4.357365320161988
205	49.1866	98.7483	75	None	None	0	2	4.357365320161988
206	49.1866	98.7483	79	None	None	0	4	4.815549647911543
207	49.1866	98.7483	80	None	None	0	5	4.257849756360722
208	49.5616	49.7491	77	None	None	0	3	4.682918903424808
209	49.9366	100.4358	75	None	None	0	2	4.761130737357466
210	49.9366	100.4358	78	None	None	0	4	4.819965241272069
211	49.9366	100.4358	79	None	None	0	5	5.113059843720218
212	50.4991	50.6866	77	None	None	0	3	5.51365743453519
213	50.6866	101.7483	75	None	None	0	2	5.513657434535189
214	50.6866	101.7483	78	None	None	0	4	5.22788040962774
215	50.6866	101.7483	79	None	None	0	5	5.113059843720218
216	51.2491	51.4366	77	None	None	0	3	6.364471919476006
217	51.4366	103.4358	75	None	None	0	2	6.3644719194760055
218	51.4366	103.4358	78	None	None	0	4	6.078694894568556
219	51.4366	103.4358	79	None	None	0	5	5.963874328661034
220	51.9991	52.1866	77	None	None	0	3	7.215286404416823
221	52.1866	104.5608	75	None	None	0	2	7.2152864044168235
222	52.1866	104.5608	78	None	None	0	4	6.929509379509373
223	52.1866	104.5608	79	None	None	0	5	6.81468881360185
224	52.3741	52.5616	77	None	None	0	3	7.215286404416823
225	52.5616	105.3108	75	None	None	0	2	7.017149758454087
226	52.5616	105.3108	78	None	None	0	4	6.342270531400956
227	52.5616	105.3108	79	None	None	0	5	5.8961242863416725
228	52.7491	52.9366	77	None	None	0	3	5.311583223539742
229	52.9366	106.0608	75	None	None	0	2	7.017149758454087
230	52.9366	106.0608	78	None	None	0	4	6.14413388543822
231	52.9366	106.0608	79	None	None	0	5	5.308885438233256
232	53.1241	53.3116	77	None	None	0	3	4.393018696279564
233	53.4991	53.6866	77	None	None	0	3	5.311583223539742
234	53.6866	107.5608	75	None	None	0	2	6.589710996388005
235	53.6866	107.5608	78	None	None	0	4	6.153203059880072
236	53.6866	107.5608	79	None	None	0	5	5.1198179667123735
237	53.8741	54.0616	77	None	None	0	3	4.20395122475868
238	54.2491	54.4366	77	None	None	0	2	4.4287592318355244
239	54.4366	109.0608	75	None	None	0	1	3.2265296525550813
240	54.4366	109.0608	78	None	None	0	2	3.185535863735204
241	54.4366	109.0608	79	None	None	0	3	3.276570669782314
242	54.6241	54.8116	80	None	None	0	4	2.128365010707092
243	54.8116	55.1866	78	None	None	0	3	2.5950632837220238
244	55.3741	55.5616	78	None	None	0	4	2.7519196713413225
245	55.5616	55.9366	75	None	None	0	2	2.6971426060169708
246	56.1241	56.3116	81	None	None	0	5	2.4636520399792396
247	56.3116	56.6866	74	None	None	0	4	2.0910494170074565
248	56.8741	57.0616	74	None	None	0	5	1.6965884760446994
249	57.0616	57.4366	72	None	None	0	4	1.4716057293228297
250	57.6241	57.8116	72	None	None	0	4	1.5659453519643411
251	57.8116	58.1866	70	None	None	0	3	2.0854258714448575
252	58.3741	58.5616	75	None	None	0	5	2.770999488616384
253	58.5616	58.9366	68	None	None	0	4	2.6577685030310145
254	59.1241	59.3116	68	None	None	0	4	3.3409983166956145
255	59.3116	59.6866	66	None	None	0	3	3.9998225842155346
256	59.8741	60.0616	66	None	None	0	4	3.997008844785757
257	60.0616	60.4366	63	None	None	0	2	4.430668951049329
258	60.6241	60.8116	69	None	None	0	5	5.1157429122717755
259	60.8116	61.1866	62	None	None	0	2	5.387570773851193
260	61.3741	61.5616	60	None	None	0	1	5.060436540601935
261	61.5616	61.7491	62	None	None	0	2	4.469442751782055
262	61.7491	61.9366	63	None	None	0	3	5.445256090912007
263	61.9366	62.6866	64	None	None	0	4	5.096193113180315
264	62.8741	63.0616	62	None	None	0	2	6.223392505247254
265	63.0616	63.2491	63	None	None	0	3	6.1115912630112215
266	63.2491	63.4366	64	None	None	0	1	5.446797334264581
267	63.4366	64.1866	66	None	None	0	2	5.536593252631923
268	64.3741	64.5616	64	None	None	0	1	7.2577984817115055
269	64.5616	64.7491	65	None	None	0	2	9.918872173375275
270	64.7491	64.9366	66	None	None	0	3	9.7551228791912
271	64.9366	65.1241	68	None	None	0	4	9.7551228791912
272	65.1241	65.3116	69	None	None	0	5	9.7551228791912
273	65.3116	65.4991	65	None	None	0	1	8.773113566902397
274	65.4991	65.6866	66	None	None	0	2	11.061206788380698
275	65.6866	65.8741	68	None	None	0	3	11.076656314699786
276	65.8741	66.0616	69	None	None	0	1	6.9194005270092145
277	66.0616	66.2491	70	None	None	0	2	7.405316026278755
278	66.2491	66.4366	66	None	None	0	1	9.209201374884621
279	66.4366	66.6241	68	None	None	0	2	14.968155602161842
280	66.6241	66.8116	69	None	None	0	0	-1
281	66.8116	66.9991	70	None	None	0	0	-1
282	66.9991	67.1866	71	None	None	0	0	-1
283	67.1866	135.1233	68	None	None	0	0	-1
284	67.1866	134.5608	68	None	None	0	1	8.215006318733082
285	67.3741	67.5616	70	None	None	0	2	9.239851039229972
286	67.5616	67.7491	73	None	None	0	3	8.912352450861817
287	67.7491	67.9366	75	None	None	0	4	9.462732022980521
288	67.9366	68.1241	78	None	None	0	5	8.75510114454219
289	68.1241	68.3116	75	None	None	0	4	7.850201213555292
290	68.3116	68.4991	73	None	None	0	3	11.397027058517782
291	68.4991	68.6866	70	None	None	0	2	11.205948571787113
292	68.6866	138.1233	68	None	None	0	1	8.538867826445482
293	68.6866	137.5608	68	None	None	0	2	6.6543957767560435
294	68.8741	69.0616	70	None	None	0	3	10.375218914970512
295	69.0616	69.2491	73	None	None	0	4	11.397027058517782
296	69.2491	69.4366	75	None	None	0	5	11.095542828462118
297	69.4366	139.6233	68	None	None	0	1	8.413486237709881
298	69.4366	139.0608	78	None	None	0	5	8.75510114454219
299	69.6241	69.8116	75	None	None	0	0	-1
300	69.8116	69.9991	73	None	None	0	0	-1
301	69.9991	70.1866	70	None	None	0	0	-1
302	70.1866	141.1233	68	None	None	0	0	-1
303	70.1866	140.5608	68	None	None	0	1	8.215006318733082
304	70.3741	70.5616	70	None	None	0	2	9.239851039229972
305	70.5616	70.7491	73	None	None	0	3	8.912352450861817
306	70.7491	70.9366	75	None	None	0	4	9.462732022980521
307	70.9366	71.1241	78	None	None	0	5	8.75510114454219
308	71.1241	71.3116	75	None	None	0	4	8.198648418524243
309	71.3116	71.4991	73	None	None	0	3	10.421295026574581
310	71.4991	71.6866	70	None	None	0	2	10.230216539843912
311	71.6866	144.1233	68	None	None	0	1	7.563135794502281
312	71.6866	143.5608	68	None	None	0	2	5.678663744812843
313	71.8741	72.0616	70	None	None	0	3	9.399486883027311
314	72.0616	72.2491	73	None	None	0	4	10.42129502657458
315	72.2491	72.4366	75	None	None	0	5	10.11981079651892
316	72.4366	145.6233	69	None	None	0	1	8.889307000797732
317	72.4366	145.0608	78	None	None	0	5	8.75510114454219
318	72.6241	72.8116	75	None	None	0	4	7.850201213555292
319	72.8116	72.9991	73	None	None	0	3	11.397027058517782
320	72.9991	73.1866	70	None	None	0	2	11.205948571787113
321	73.1866	147.1233	68	None	None	0	1	8.538867826445482
322	73.1866	146.5608	68	None	None	0	2	6.6543957767560435
323	73.3741	73.5616	70	None	None	0	3	10.375218914970512
324	73.5616	73.7491	73	None	None	0	4	10.217818827135606
325	73.7491	73.9366	75	None	None	0	5	10.398196696333384
326	73.9366	148.6233	68	None	None	0	1	7.165760533462441
327	73.9366	148.0608	78	None	None	0	5	7.398140231059499
328	74.1241	74.3116	75	None	None	0	4	7.959411327113246
329	74.3116	74.4991	73	None	None	0	3	8.2191515868535
330	74.4991	74.6866	70	None	None	0	2	7.822878294928032
331	74.6866	74.8741	68	None	None	0	1	4.965735437785161
332	74.8741	75.0616	70	None	None	0	2	3.9818845061081363
333	75.0616	75.2491	73	None	None	0	3	4.7855573282559805
334	75.2491	75.4366	75	None	None	0	4	5.919027198770884
335	75.4366	151.6233	68	None	None	0	1	4.295700106336221
336	75.4366	151.0608	78	None	None	0	5	4.340292695469516
337	75.6241	75.8116	75	None	None	0	4	3.5106163966856605
338	75.8116	75.9991	73	None	None	0	3	3.5150783090423094
339	75.9991	76.1866	70	None	None	0	2	2.961730512673916
340	76.5616	76.9366	70	None	None	0	4	1.5377003113845291
341	76.9366	77.3116	68	None	None	0	3	1.5377003113845262
342	77.3116	77.6866	66	None	None	0	2	1.6116769195716651
343	77.6866	78.0616	68	None	None	0	3	1.6116769195716685
344	78.0616	78.4366	70	None	None	0	4	1.6116769195716683
345	78.4366	78.8116	68	None	None	0	3	1.6116769195716685
346	78.8116	79.1866	70	None	None	0	4	1.5377003113845291
347	79.1866	79.5616	68	None	None	0	3	1.5791140060489957
348	79.5616	79.9366	66	None	None	0	2	1.5791140060489994
349	79.9366	80.3116	68	None	None	0	3	1.6757738821206405
350	80.3116	80.6866	70	None	None	0	4	1.4115717100237286
351	80.6866	81.0616	68	None	None	0	3	2.0059132952119922
352	81.0616	81.4366	70	None	None	0	4	2.8899167821903022
353	81.4366	81.8116	68	None	None	0	3	3.1908811317278896
354	81.8116	82.1866	66	None	None	0	2	3.0006555678181166
355	82.5616	82.9366	70	None	None	0	4	2.9651110469794753
356	82.9366	83.3116	68	None	None	0	3	2.807899837136685
357	83.3116	83.6866	66	None	None	0	2	2.7201200134277554
358	84.2491	84.4366	66	None	None	0	2	2.7201200134277554
359	84.4366	169.0608	67	None	None	0	3	2.7201200134277554
360	84.4366	169.0608	68	None	None	0	4	2.7201200134277554
361	85.3741	85.5616	66	None	None	0	2	2.7201200134277554
362	85.5616	171.3108	66	None	None	0	2	2.7201200134277554
363	85.5616	171.3108	68	None	None	0	3	2.7201200134277554
364	86.6866	173.5608	68	None	None	0	3	2.7201200134277554
365	86.6866	173.5608	70	None	None	0	4	2.7201200134277554
366	86.8741	87.0616	66	None	None	0	0	2.7201200134277554
