0	0.0000	0.1705	37	None	None	1	-5	13.470815835074939
1	0.1705	0.3409	39	None	None	1	-4	17.02681490136812
2	0.3409	0.5114	45	None	None	1	-2	18.00821746239252
3	0.5114	0.6818	47	None	None	1	-1	18.477445153468977
4	1.1932	1.3636	49	None	None	1	-4	17.678485517918524
5	1.3636	1.5341	51	None	None	1	-3	19.111046686715945
6	1.5341	1.7045	56	None	None	1	-1	21.480371530055326
7	1.7045	1.8750	58	None	None	1	-2	20.776970169511152
8	2.0455	2.2159	62	None	None	1	-1	26.86510502711638
9	2.2159	2.3864	63	None	None	1	-4	20.425009440973696
10	2.3864	2.5568	68	None	None	1	-2	20.165257627877317
11	2.5568	2.7273	71	None	None	1	-1	19.99284119301249
12	2.8977	3.0682	74	None	None	1	-4	12.752615075793447
13	3.0682	3.2386	75	None	None	1	-3	12.321916699788764
14	3.2386	3.4091	80	None	None	1	-2	10.749422869542908
15	3.4091	3.5795	82	None	None	1	-1	10.111607743492465
16	4.0909	5.1136	48	None	None	1	-5	3.695416921233332
17	5.1136	5.4545	51	None	None	1	-3	3.955088320157278
18	5.4545	6.1364	48	None	None	1	-4	4.39660307038726
19	6.1364	6.4773	46	None	None	1	-5	4.529773925938782
20	6.8182	7.3295	48	None	None	1	-4	8.122905999563514
21	7.3295	7.5000	52	None	None	1	-3	13.473307089367445
22	7.5000	7.6705	57	None	None	1	-2	12.658541183004896
23	7.6705	7.8409	59	None	None	1	-1	13.989303487926858
24	9.0341	9.2045	59	None	None	1	-1	14.032880918899242
25	9.2045	9.3750	56	None	None	1	-2	13.999794350938723
26	9.3750	9.5455	51	None	None	1	-4	14.358904661729719
27	9.5455	10.2273	48	None	None	1	-5	21.158825957767526
28	10.5682	10.7386	66	None	None	1	-1	17.588265537079923
29	10.7386	10.9091	69	None	None	1	-4	9.504652091701795
30	10.9091	11.0795	74	None	None	1	-2	9.12301943864057
31	11.0795	11.2500	77	None	None	1	-1	10.47759788712034
32	11.2500	11.4205	74	None	None	1	-2	10.577573066195411
33	11.4205	11.5909	69	None	None	1	-1	3.630274146627571
34	11.5909	11.7614	65	None	None	1	-2	3.6263125619937115
35	12.2727	12.7841	56	None	None	1	-5	3.5617064870055746
36	12.7841	12.9545	59	None	None	1	-4	4.065620816058137
37	12.9545	13.1250	64	None	None	1	-2	3.908477958915281
38	13.1250	13.2955	67	None	None	1	-1	5.776438476455647
39	13.6364	13.9773	54	None	None	1	-5	5.3581801880101585
40	13.9773	14.1477	57	None	None	1	-4	5.822070555153577
41	14.1477	14.3182	62	None	None	1	-2	5.756117507267755
42	14.3182	14.4886	65	None	None	1	-1	5.848554482057681
43	15.0000	15.1705	52	None	None	1	-5	5.880843326653024
44	15.1705	15.3409	55	None	None	1	0	-1
45	15.3409	15.5114	60	None	None	1	0	-1
46	15.5114	15.6818	63	None	None	1	0	-1
47	16.0227	16.1932	50	None	None	1	0	-1
48	16.1932	16.3636	53	None	None	1	0	-1
49	16.3636	16.5341	58	None	None	1	0	-1
50	16.5341	16.7045	61	None	None	1	0	-1
51	17.7273	18.7500	45	None	None	1	-1	5.3552800557266
52	18.2386	18.4091	42	None	None	1	-2	6.5947321512989845
53	18.4091	18.5795	37	None	None	1	-3	8.353327665308655
54	18.5795	18.7500	34	None	None	1	-5	7.381830208120791
55	18.7500	18.9205	37	None	None	1	-4	6.917811267211111
56	18.9205	19.0909	42	None	None	1	-2	7.84538801219481
57	19.0909	19.4318	45	None	None	1	-1	7.942026667656991
58	19.9432	20.1136	46	None	None	1	-4	5.552085309252057
59	20.1136	20.2841	49	None	None	1	-3	5.421179613640483
60	20.2841	20.4545	53	None	None	1	-2	5.262843080936695
61	20.4545	20.9659	57	None	None	1	-1	5.355280055726618
62	20.9659	21.1364	54	None	None	1	-2	8.634704978138569
63	21.1364	21.3068	49	None	None	1	-3	9.31401193901815
64	21.3068	21.4773	46	None	None	1	-5	8.342514481830284
65	21.4773	21.6477	49	None	None	1	-4	7.878495540920587
66	21.6477	21.8182	54	None	None	1	-2	8.80607228590431
67	21.8182	22.1591	57	None	None	1	-1	8.902710941366488
68	22.6705	22.8409	58	None	None	1	-4	6.512769582961564
69	22.8409	23.0114	61	None	None	1	-3	6.38186388734998
70	23.0114	23.1818	66	None	None	1	-2	4.758780081336853
71	23.1818	23.6932	69	None	None	1	-1	4.8882652087211405
72	23.6932	23.8636	66	None	None	1	-2	6.015396347953274
73	23.8636	24.0341	61	None	None	1	-3	5.826916193986902
74	24.0341	24.2045	58	None	None	1	-5	5.514076772504025
75	24.2045	24.3750	61	None	None	1	-4	4.567220954588258
76	24.3750	24.5455	66	None	None	1	-2	4.438506135327219
77	24.5455	25.5682	69	None	None	1	-1	4.174400493070322
78	25.0568	25.2273	66	None	None	1	-2	4.216812030175875
79	25.2273	25.3977	61	None	None	1	-3	4.1994566582165165
80	25.3977	25.5682	58	None	None	1	-5	3.5326178780947837
81	25.5682	25.7386	61	None	None	1	-4	3.4494979634622727
82	25.7386	25.9091	66	None	None	1	-2	4.678396189419309
83	26.2500	26.4205	60	None	None	1	-4	4.827842089216649
84	26.4205	26.5909	58	None	None	1	-5	5.332079498466073
85	26.5909	26.7614	60	None	None	1	-4	5.970275729339372
86	26.7614	26.9318	65	None	None	1	-2	6.0501676861220846
87	26.9318	27.1023	69	None	None	1	-1	6.202028430419805
88	27.1023	27.2727	60	None	None	1	-3	5.325660264105658
89	27.2727	27.4432	66	None	None	1	-1	5.904177385239843
90	27.4432	27.6136	58	None	None	1	-5	8.853121888290202
91	27.6136	27.7841	61	None	None	1	-4	7.973402302861528
92	27.7841	27.9545	66	None	None	1	0	-1
93	27.9545	28.1250	69	None	None	1	0	-1
94	28.1250	28.2955	66	None	None	1	0	-1
95	28.2955	28.4659	64	None	None	1	0	-1
96	28.4659	28.6364	61	None	None	1	0	-1
97	28.6364	29.3182	58	None	None	1	0	-1
98	29.3182	29.6591	56	None	None	1	0	-1
99	29.6591	59.6591	58	None	None	1	0	-1
100	29.6591	59.6591	66	None	None	1	0	-1
101	29.6591	59.6591	69	None	None	1	0	-1
102	30.4545	61.2500	60	None	None	1	0	-1
103	30.4545	61.9318	72	None	None	1	-2	11.538391341595467
104	30.4545	61.9318	76	None	None	1	-1	11.595277401298542
105	30.7955	62.2727	61	None	None	1	-5	8.932093622632435
106	30.7955	62.2727	65	None	None	1	0	-1
107	30.7955	62.2727	69	None	None	1	0	-1
108	31.4773	31.8182	79	None	None	1	0	-1
109	31.8182	32.5000	77	None	None	1	0	-1
110	32.5000	32.8409	79	None	None	1	0	-1
111	32.8409	67.0455	61	None	None	1	-3	6.130269745526222
112	32.8409	67.0455	65	None	None	1	-2	6.609948908418914
113	32.8409	67.0455	69	None	None	1	-1	6.72000853032079
114	33.5227	34.0341	57	None	None	1	-4	6.037952296974731
115	34.0341	34.2045	51	None	None	1	-5	4.324409072993703
116	34.8864	35.3977	51	None	None	1	-2	3.5293542221280503
117	35.3977	35.5682	45	None	None	1	-5	5.5106858501943865
118	39.6591	40.1705	69	None	None	1	-1	14.27690495616045
119	40.1705	40.3409	68	None	None	1	-2	15.575994726838173
120	40.3409	40.8523	69	None	None	1	-1	14.71831165360888
121	40.8523	41.0227	67	None	None	1	-2	14.879895394912108
122	41.0227	41.1932	69	None	None	1	-1	14.163142026898235
123	41.1932	41.3636	66	None	None	1	-2	13.936345246133428
124	41.3636	41.5341	62	None	None	1	-3	13.378722196913747
125	41.5341	41.7045	59	None	None	1	-1	5.9310097786131095
126	42.3864	43.0682	43	None	None	1	-5	7.611314955576481
127	43.2386	43.4091	65	None	None	1	-1	5.642341208559773
128	43.4091	43.5795	61	None	None	1	-2	5.642341208559781
129	43.5795	43.7500	58	None	None	1	-4	5.094430059215375
130	43.7500	44.4318	55	None	None	1	-5	5.666383840728
131	44.6023	44.7727	61	None	None	1	-2	5.666383840728
132	44.7727	44.9432	58	None	None	1	-4	4.929822549544869
133	44.9432	45.1136	65	None	None	1	-1	5.564349025210708
134	45.1136	45.7955	52	None	None	1	-5	5.828926284685936
135	45.9659	46.1364	62	None	None	1	-1	5.795172449022793
136	46.1364	46.3068	58	None	None	1	-2	5.664440156105622
137	46.3068	46.4773	55	None	None	1	-3	6.104023896578565
138	46.4773	47.1591	52	None	None	1	-5	5.947986908139748
139	47.3295	47.5000	58	None	None	1	-3	5.8846719640236795
140	47.5000	47.6705	55	None	None	1	-4	6.021860172640473
141	47.6705	47.8409	62	None	None	1	-1	5.757754530383577
142	47.8409	48.5227	49	None	None	1	-5	2.723007307012025
143	48.5227	48.6932	49	None	None	1	-5	3.224147763194495
144	48.6932	48.8636	55	None	None	1	-2	5.559738802584281
145	48.8636	49.0341	52	None	None	1	-4	5.3347904899258864
146	49.0341	49.2045	59	None	None	1	-1	4.969379715950873
147	49.2045	98.9205	48	None	None	1	-5	4.997440940440663
148	49.2045	98.9205	50	None	None	1	-4	5.352516303919394
149	49.2045	98.9205	52	None	None	1	-3	5.159755866411052
150	49.7159	49.8864	57	None	None	1	-2	4.7709879428847675
151	49.8864	50.0568	54	None	None	1	-5	3.9837726850343613
152	50.0568	50.2273	61	None	None	1	-1	3.4862073639865074
153	50.2273	50.5682	52	None	None	1	-5	4.436914739960138
154	50.7386	50.9091	58	None	None	1	-4	3.9032717049447565
155	50.9091	51.0795	55	None	None	1	-5	14.178796915028748
156	51.0795	51.2500	62	None	None	1	0	-1
157	51.2500	51.7614	54	None	None	1	0	-1
158	51.7614	51.9318	60	None	None	1	0	-1
159	51.9318	52.1023	57	None	None	1	0	-1
160	52.1023	52.2727	64	None	None	1	0	-1
161	52.7841	52.9545	66	None	None	1	0	-1
162	52.9545	53.1250	62	None	None	1	0	-1
163	53.1250	53.2955	59	None	None	1	0	-1
164	53.2955	53.9773	56	None	None	1	0	-1
165	54.1477	54.3182	59	None	None	1	-5	16.712664649806904
166	54.3182	54.4886	63	None	None	1	0	-1
167	54.4886	54.6591	66	None	None	1	0	-1
168	54.6591	55.3409	56	None	None	1	0	-1
169	55.5114	55.6818	64	None	None	1	0	-1
170	55.6818	55.8523	59	None	None	1	0	-1
171	55.8523	56.0227	66	None	None	1	0	-1
172	56.0227	56.7045	56	None	None	1	0	-1
173	57.0455	57.2159	59	None	None	1	0	-1
174	57.2159	57.3864	62	None	None	1	0	-1
175	57.3864	57.5568	66	None	None	1	0	-1
176	57.5568	57.7273	62	None	None	1	0	-1
177	57.7273	57.8977	59	None	None	1	0	-1
178	57.8977	58.0682	56	None	None	1	0	-1
179	58.0682	58.2386	59	None	None	1	0	-1
180	58.2386	58.4091	62	None	None	1	0	-1
181	58.4091	58.5795	66	None	None	1	0	-1
182	58.5795	58.7500	62	None	None	1	0	-1
183	58.7500	58.9205	59	None	None	1	0	-1
184	58.9205	59.0909	56	None	None	1	0	-1
185	59.0909	59.2614	59	None	None	1	-5	19.834958837686738
186	59.2614	59.4318	62	None	None	1	-2	11.863249191629004
187	59.4318	59.7727	66	None	None	1	-1	10.339740819207844
188	59.7727	120.2273	44	None	None	1	-5	2.0833442743356487
189	59.7727	120.2273	54	None	None	1	-1	2.8986178184212257
190	60.4545	121.2500	46	None	None	1	-4	3.0712953766178455
191	60.4545	121.2500	54	None	None	1	-1	2.628581513321384
192	60.7955	121.9318	47	None	None	1	-4	5.540639137618671
193	60.7955	121.9318	55	None	None	1	-1	5.316815968727626
194	61.1364	122.9545	47	None	None	1	-5	4.976711142254701
195	61.1364	122.9545	55	None	None	1	-2	4.262308339448239
196	61.8182	123.8068	48	None	None	1	-5	9.480218654664908
197	61.8182	123.8068	58	None	None	1	-1	9.39152362154549
198	62.1591	125.6818	49	None	None	1	-4	9.135090511920342
199	62.1591	125.6818	57	None	None	1	-1	9.266227368276512
200	63.5227	128.4091	61	None	None	1	0	-1
201	63.5227	128.4091	64	None	None	1	0	-1
202	63.5227	128.4091	69	None	None	1	0	-1
203	63.5227	128.4091	72	None	None	1	0	-1
204	64.8864	131.1364	37	None	None	1	0	-1
205	64.8864	131.1364	45	None	None	1	0	-1
206	64.8864	131.1364	48	None	None	1	0	-1
207	64.8864	131.1364	50	None	None	1	-5	13.678681385175013
208	67.6136	135.9091	61	None	None	1	-5	16.59423202397287
209	67.6136	135.9091	69	None	None	1	-2	21.96771854176352
210	67.6136	135.9091	72	None	None	1	-1	22.185623028173488
211	68.8068	68.9773	67	None	None	1	-3	22.59844216871781
212	68.9773	69.1477	62	None	None	1	-1	14.23289595023045
213	69.1477	69.3182	59	None	None	1	-5	12.064588627301287
214	69.3182	69.4886	62	None	None	1	-3	12.064588627301294
215	69.4886	69.6591	67	None	None	1	-1	12.064588627301294
216	69.6591	70.0000	70	None	None	1	-4	6.042341899152672
217	70.3409	70.8523	80	None	None	1	-1	6.584699722377989
218	70.8523	71.0227	77	None	None	1	0	-1
219	71.0227	71.1932	72	None	None	1	0	-1
220	71.1932	71.3636	69	None	None	1	0	-1
221	72.5568	72.7273	69	None	None	1	0	-1
222	72.7273	72.8977	72	None	None	1	0	-1
223	72.8977	73.0682	77	None	None	1	0	-1
224	73.0682	73.7500	80	None	None	1	0	-1
225	74.0909	74.2614	59	None	None	1	-1	3.9013263907095364
226	74.2614	74.4318	55	None	None	1	-2	4.507184103723145
227	74.4318	74.6023	54	None	None	1	-3	10.632718947732325
228	74.6023	74.7727	51	None	None	1	-5	9.736561139228778
229	75.2841	75.4545	64	None	None	1	-1	9.25854100189227
230	75.4545	75.6250	61	None	None	1	-2	9.509630008923661
231	75.6250	75.7955	56	None	None	1	-4	12.051702508671845
232	75.7955	75.9659	53	None	None	1	-5	12.340643084902336
233	76.6477	76.8182	64	None	None	1	-2	12.577422092448062
234	76.8182	76.9886	67	None	None	1	-1	13.031150250377918
235	76.9886	77.1591	72	None	None	1	-2	5.293156996396203
236	77.8409	78.5227	71	None	None	1	-1	4.425281721034421
237	78.3523	78.5227	68	None	None	1	-2	4.893252295474934
238	78.5227	78.6932	63	None	None	1	-3	6.007328356515486
239	78.6932	78.8636	60	None	None	1	0	-1
240	78.8636	79.0341	63	None	None	1	0	-1
241	79.0341	79.2045	68	None	None	1	0	-1
242	79.2045	79.3750	71	None	None	1	0	-1
243	80.2273	161.1364	59	None	None	1	0	-1
244	80.2273	160.7955	59	None	None	1	-1	4.52116889506735
245	80.7386	80.9091	56	None	None	1	-2	4.8516956782713345
246	80.9091	81.0795	51	None	None	1	-3	5.03803688141927
247	81.0795	81.2500	48	None	None	1	-5	4.202802787781818
248	81.2500	81.4205	51	None	None	1	-4	3.3938125250099906
249	81.4205	81.5909	56	None	None	1	-2	3.8077981192477317
250	81.5909	81.9318	59	None	None	1	-1	3.9044367747099153
251	81.9318	82.1023	59	None	None	1	-1	4.784788915566261
252	82.1023	82.2727	48	None	None	1	-5	4.4338201947445945
253	82.2727	82.4432	51	None	None	1	-4	3.9873716153128185
254	82.4432	82.6136	56	None	None	1	-1	3.53345671601977
255	82.7841	82.9545	56	None	None	1	-1	5.004195011337888
256	82.9545	83.1250	51	None	None	1	-3	5.31631986127786
257	83.1250	83.2955	48	None	None	1	-5	5.3614379084967085
258	83.2955	83.4659	51	None	None	1	-4	4.805695611577935
259	83.4659	83.6364	56	None	None	1	-2	4.885587568360654
260	83.6364	83.8068	59	None	None	1	-1	4.706115779645184
261	83.8068	83.9773	51	None	None	1	-4	5.644241029745219
262	83.9773	84.1477	56	None	None	1	-1	5.213913898892884
263	84.1477	84.3182	48	None	None	1	-5	12.94812287318024
264	84.3182	84.4886	51	None	None	1	-4	13.451800399992925
265	84.4886	84.6591	56	None	None	1	0	-1
266	84.6591	84.8295	59	None	None	1	0	-1
267	84.8295	85.0000	56	None	None	1	0	-1
268	85.0000	85.1705	54	None	None	1	0	-1
269	85.1705	85.3409	51	None	None	1	0	-1
270	85.3409	86.0227	48	None	None	1	0	-1
271	86.0227	86.3636	46	None	None	1	0	-1
272	86.3636	173.0682	48	None	None	1	-5	2.955674324892507
273	86.3636	173.0682	56	None	None	1	-2	3.1071470789425826
274	86.3636	173.0682	59	None	None	1	-1	3.1071470789425826
275	87.0455	87.3864	51	None	None	1	-4	3.727584740441285
276	87.3864	175.4545	51	None	None	1	-5	2.399015941787862
277	87.3864	175.4545	56	None	None	1	-3	2.185466604527194
278	87.3864	175.4545	59	None	None	1	-2	2.1205993353425208
279	88.0682	88.4091	53	None	None	1	-4	1.9976050432542638
280	88.4091	177.5000	55	None	None	1	-3	2.0455033703723573
281	88.4091	177.5000	56	None	None	1	0	-1
282	88.4091	177.5000	59	None	None	1	0	-1
283	89.0909	89.4318	53	None	None	1	0	-1
284	89.4318	90.7955	51	None	None	1	0	-1
285	90.7955	181.9318	51	None	None	1	0	-1
286	90.7955	182.9545	56	None	None	1	0	-1
287	90.7955	182.9545	59	None	None	1	0	-1
288	91.1364	92.1591	51	None	None	1	0	-1
289	92.1591	92.3295	36	None	None	1	0	-1
290	92.3295	92.5000	40	None	None	1	0	-1
291	92.5000	92.6705	44	None	None	1	0	-1
292	92.6705	92.8409	47	None	None	1	0	-1
293	93.5227	94.2045	54	None	None	1	0	-1
294	94.2045	189.0909	62	None	None	1	0	-1
295	94.2045	189.0909	69	None	None	1	-3	11.875422176828463
296	94.2045	189.0909	71	None	None	1	-1	11.151021145840227
297	94.8864	95.5682	63	None	None	1	-2	10.374979541221737
298	95.5682	191.8182	52	None	None	1	-5	10.11092460780768
299	95.5682	191.3068	52	None	None	1	-3	15.686824269998096
300	95.7386	95.9091	57	None	None	1	-1	17.205431712975262
301	95.9091	96.0795	59	None	None	1	-4	11.408982931033387
302	96.9318	97.6136	66	None	None	1	-1	11.613916590205392
303	98.6364	197.6136	51	None	None	1	-5	11.158583961538339
304	98.6364	197.6136	56	None	None	1	-3	11.217367970523961
305	99.6591	100.3409	51	None	None	1	-5	11.660412597281548
306	101.7045	101.8750	74	None	None	1	-1	10.77876188491154
307	101.8750	102.0455	77	None	None	1	-3	10.77876188491154
308	102.0455	102.2159	82	None	None	1	-2	10.77876188491154
309	102.2159	102.3864	85	None	None	1	-1	10.77876188491154
310	103.7500	103.9205	84	None	None	1	-3	10.77876188491154
311	103.9205	104.0909	89	None	None	1	-1	10.77876188491154
312	104.0909	104.2614	82	None	None	1	-4	10.77876188491154
313	104.2614	104.4318	85	None	None	1	-2	10.77876188491154
314	105.7955	106.4773	78	None	None	1	-5	10.77876188491154
315	107.1591	108.5227	48	None	None	1	0	10.77876188491154
