0	0.6818	0.8523	49	None	None	0	1	16.388916067400615
1	0.8523	2.0455	51	None	None	0	2	17.146847741543024
2	0.8523	1.8750	51	None	None	0	1	17.71570355706512
3	1.0227	1.1932	57	None	None	0	3	18.069678480367784
4	1.1932	1.3636	58	None	None	0	4	17.112387230534505
5	1.7045	1.8750	62	None	None	0	1	13.604819780145775
6	1.8750	2.0455	63	None	None	0	2	19.214350619973104
7	2.0455	2.2159	68	None	None	0	3	20.056632515549197
8	2.2159	2.3864	70	None	None	0	4	19.868724018817172
9	2.5568	2.7273	74	None	None	0	1	18.407140354098484
10	2.7273	2.8977	75	None	None	0	2	16.86014155457866
11	2.8977	3.0682	80	None	None	0	3	15.507016971412053
12	3.0682	3.2386	83	None	None	0	1	9.774509682782329
13	3.4091	3.5795	85	None	None	0	4	7.474241207694697
14	3.5795	3.7500	87	None	None	0	5	7.497980227111992
15	3.7500	3.9205	80	None	None	0	4	3.747079866967935
16	3.9205	4.0909	82	None	None	0	5	6.308749950283643
17	7.8409	8.0114	62	None	None	0	1	5.953603084166978
18	8.0114	8.1818	65	None	None	0	2	6.37807954141655
19	8.1818	8.3523	70	None	None	0	3	6.427075330208235
20	8.3523	8.5227	73	None	None	0	5	5.233883767869021
21	8.5227	8.6932	70	None	None	0	4	4.418824410792845
22	8.6932	8.8636	65	None	None	0	3	3.658200161092973
23	8.8636	9.0341	62	None	None	0	2	2.942473870576766
24	9.5455	10.0568	52	None	None	0	1	2.90987756541314
25	10.0568	10.2273	55	None	None	0	0	-1
26	10.2273	10.3977	60	None	None	0	0	-1
27	10.3977	10.5682	63	None	None	0	0	-1
28	11.7614	11.9318	63	None	None	0	0	-1
29	11.9318	12.1023	60	None	None	0	0	-1
30	12.1023	12.2727	55	None	None	0	0	-1
31	12.2727	12.9545	52	None	None	0	0	-1
32	13.2955	13.4659	69	None	None	0	1	6.128935024775037
33	13.4659	13.6364	73	None	None	0	2	5.584217137620181
34	13.6364	13.8068	78	None	None	0	4	5.467203665564688
35	13.8068	13.9773	81	None	None	0	5	6.148101024508268
36	14.4886	14.6591	68	None	None	0	1	5.024346871684346
37	14.6591	14.8295	71	None	None	0	2	4.566783846474255
38	14.8295	15.0000	76	None	None	0	3	4.457840269043273
39	15.0000	15.3409	79	None	None	0	5	5.670892156464916
40	15.5114	15.6818	65	None	None	0	1	5.159672240989427
41	15.6818	15.8523	69	None	None	0	2	5.23494234903264
42	15.8523	16.0227	74	None	None	0	3	4.9220505256366245
43	16.0227	16.1932	77	None	None	0	5	14.367302683779112
44	16.7045	16.8750	64	None	None	0	1	13.86266788527598
45	16.8750	17.0455	67	None	None	0	2	14.28714434252554
46	17.0455	17.2159	72	None	None	0	3	13.554251185262615
47	17.2159	34.6023	76	None	None	0	4	13.322425121503787
48	17.2159	34.6023	77	None	None	0	5	13.16891371694197
49	17.3864	17.5568	67	None	None	0	2	12.810463670256638
50	17.5568	17.7273	72	None	None	0	5	11.960230098567084
51	18.4091	19.0909	49	None	None	0	1	5.137697308329065
52	18.9205	19.0909	52	None	None	0	2	7.221975592133291
53	19.0909	19.2614	57	None	None	0	3	8.467450919810833
54	19.2614	19.4318	60	None	None	0	5	8.239659803364264
55	19.4318	19.6023	57	None	None	0	4	7.664496404671439
56	19.6023	19.7727	52	None	None	0	2	9.150824269150588
57	19.7727	19.9432	49	None	None	0	1	8.441933425363683
58	21.1364	21.8182	61	None	None	0	3	8.163730392698408
59	21.6477	21.8182	64	None	None	0	1	5.031096298168405
60	21.8182	21.9886	69	None	None	0	3	4.9584672465477615
61	21.9886	22.1591	72	None	None	0	5	4.649793777160014
62	22.1591	22.3295	69	None	None	0	4	6.734604476068475
63	22.3295	22.5000	64	None	None	0	2	6.920798953859585
64	22.5000	22.6705	61	None	None	0	1	5.66629715313928
65	23.5227	47.7273	73	None	None	0	2	6.251201452240871
66	23.5227	47.3864	73	None	None	0	1	4.69249699879957
67	23.8636	24.0341	73	None	None	0	1	5.536809723889613
68	24.0341	24.2045	76	None	None	0	2	5.6431122448980044
69	24.2045	24.3750	81	None	None	0	3	5.330220421501972
70	24.3750	24.5455	84	None	None	0	5	6.402562691743429
71	24.5455	24.7159	81	None	None	0	4	6.064434106976198
72	24.7159	24.8864	76	None	None	0	2	6.1112394957984
73	24.8864	25.2273	73	None	None	0	1	5.886749699880012
74	25.2273	25.3977	73	None	None	0	1	6.721983793517464
75	25.3977	25.5682	84	None	None	0	5	6.485114045618298
76	25.5682	25.7386	81	None	None	0	4	5.909950646925492
77	25.7386	25.9091	76	None	None	0	2	7.396278511404631
78	25.9091	26.0795	73	None	None	0	1	5.966439909297089
79	26.0795	26.2500	76	None	None	0	2	5.886547952514383
80	26.2500	53.1818	81	None	None	0	4	6.889232359610543
81	26.2500	52.6705	81	None	None	0	3	6.202557689742584
82	26.4205	26.5909	84	None	None	0	5	5.631429238362031
83	26.5909	26.7614	81	None	None	0	4	6.699736561291228
84	26.7614	26.9318	76	None	None	0	2	6.779628518073942
85	26.9318	27.1023	73	None	None	0	1	5.435090702947882
86	27.1023	27.2727	81	None	None	0	3	5.150847005468873
87	27.2727	27.4432	76	None	None	0	1	5.830919034280405
88	27.4432	27.6136	84	None	None	0	5	10.68431147652859
89	27.6136	27.7841	81	None	None	0	4	14.396106650224228
90	27.7841	27.9545	76	None	None	0	2	14.282258739926082
91	27.9545	28.1250	73	None	None	0	1	13.665805199747119
92	28.1250	28.2955	76	None	None	0	2	13.265860987566116
93	28.2955	28.4659	78	None	None	0	3	13.9558070690915
94	28.4659	28.6364	81	None	None	0	1	7.18187512517995
95	28.6364	29.3182	84	None	None	0	4	6.194298263139692
96	29.3182	29.6591	86	None	None	0	5	6.1548983461961715
97	29.6591	59.6591	73	None	None	0	1	3.3198467998044054
98	29.6591	59.6591	76	None	None	0	2	3.039176696711615
99	29.6591	59.6591	84	None	None	0	5	2.3233261812476895
100	30.3409	30.6818	82	None	None	0	4	2.350544481358429
101	30.6818	62.0455	73	None	None	0	1	1.5310795819966272
102	30.6818	62.0455	76	None	None	0	3	1.5465750381507903
103	30.6818	62.0455	81	None	None	0	5	1.5106868856389235
104	31.3636	31.7045	79	None	None	0	4	2.8630168195356944
105	31.7045	64.4318	72	None	None	0	2	2.3986566761014467
106	31.7045	64.4318	76	None	None	0	3	2.1394519632884927
107	31.7045	64.0909	77	None	None	0	4	2.6514144295917115
108	32.3864	32.7273	79	None	None	0	5	4.077835824377418
109	32.7273	66.8182	72	None	None	0	2	9.344415445916875
110	32.7273	66.8182	76	None	None	0	3	10.402165350002214
111	32.7273	66.8182	81	None	None	0	5	11.974460092641566
112	35.4545	36.4773	69	None	None	0	1	12.099443204857511
113	36.4773	36.8182	74	None	None	0	5	26.889141520630385
114	36.8182	37.8409	69	None	None	0	4	26.39440462773025
115	37.8409	38.1818	64	None	None	0	2	26.416399174536824
116	40.2273	40.3977	56	None	None	0	1	25.54389697438803
117	40.3977	40.5682	53	None	None	0	2	20.053140671866906
118	40.5682	40.7386	49	None	None	0	1	18.295180399452462
119	40.7386	40.9091	48	None	None	0	3	12.128130246057799
120	40.9091	41.2500	53	None	None	0	1	2.148238289275133
121	41.5909	42.2727	69	None	None	0	5	3.565454885215818
122	42.4432	42.6136	66	None	None	0	4	3.482372527372122
123	42.6136	42.7841	62	None	None	0	2	3.966346116807911
124	42.7841	42.9545	59	None	None	0	1	4.574248037266014
125	42.9545	43.6364	69	None	None	0	5	4.558272887516184
126	43.8068	43.9773	62	None	None	0	2	4.696935440843
127	43.9773	44.1477	66	None	None	0	4	4.550202992891665
128	44.1477	44.3182	59	None	None	0	1	5.025208651479683
129	44.3182	45.0000	72	None	None	0	5	2.8782496053313937
130	45.0000	45.1705	72	None	None	0	5	6.05240863705415
131	45.1705	45.3409	69	None	None	0	4	5.396366294466532
132	45.3409	45.5114	65	None	None	0	2	4.865367228173356
133	45.5114	45.6818	62	None	None	0	1	5.393578512687178
134	45.6818	46.3636	72	None	None	0	5	5.341124197627821
135	46.5341	46.7045	65	None	None	0	2	5.984666658307914
136	46.7045	46.8750	69	None	None	0	4	5.454834849500131
137	46.8750	47.0455	62	None	None	0	1	5.675076155440138
138	47.0455	47.5568	75	None	None	0	5	2.6869094601905474
139	47.5568	47.7273	68	None	None	0	3	2.611029084142098
140	47.7273	47.8977	72	None	None	0	5	3.143367019316187
141	47.8977	48.0682	65	None	None	0	1	2.966421264912433
142	48.0682	48.5795	73	None	None	0	5	2.7432024296707844
143	48.5795	48.7500	66	None	None	0	2	2.743202429670785
144	48.7500	48.9205	70	None	None	0	4	1.986649808622334
145	48.9205	49.0909	62	None	None	0	1	1.9866498086223285
146	49.0909	49.6023	72	None	None	0	5	2.5624944321860434
147	49.6023	49.7727	65	None	None	0	2	2.6308260819046025
148	49.7727	49.9432	69	None	None	0	4	2.3895362326315532
149	49.9432	50.1136	61	None	None	0	1	2.284627602512837
150	50.1136	50.4545	71	None	None	0	5	2.1432603413226485
151	50.6250	50.7955	64	None	None	0	2	2.1047048447745853
152	50.7955	50.9659	68	None	None	0	4	2.1672465281145934
153	50.9659	51.1364	60	None	None	0	1	2.2180868642490448
154	51.1364	51.8182	70	None	None	0	5	1.9344091074320344
155	51.9886	52.1591	60	None	None	0	1	2.5667819508755834
156	52.1591	52.3295	63	None	None	0	2	2.2321311388779206
157	52.3295	52.5000	67	None	None	0	4	2.1385203612335317
158	52.5000	53.1818	70	None	None	0	5	2.4490802994945486
159	53.1818	53.3523	70	None	None	0	5	2.7416139796332653
160	53.3523	53.5227	67	None	None	0	4	2.6990636261585426
161	53.5227	53.6932	63	None	None	0	2	2.880950666689025
162	53.6932	53.8636	60	None	None	0	1	2.880950666689037
163	53.8636	54.3750	70	None	None	0	5	2.642831133161342
164	54.3750	54.5455	60	None	None	0	1	2.613529697593301
165	54.5455	54.7159	64	None	None	0	2	2.946066998227839
166	54.7159	54.8864	67	None	None	0	4	2.4376636368833062
167	54.8864	55.0568	70	None	None	0	5	2.185018293031483
168	55.0568	55.2273	67	None	None	0	4	2.4065735818136704
169	55.2273	55.3977	63	None	None	0	2	2.7842446502410514
170	55.3977	55.5682	60	None	None	0	1	2.4658506259646518
171	55.5682	55.7386	63	None	None	0	2	2.3408249013890967
172	55.7386	55.9091	67	None	None	0	4	2.437663636883303
173	55.9091	56.0795	70	None	None	0	5	2.185018293031477
174	56.0795	56.2500	67	None	None	0	4	2.406573581813664
175	56.2500	56.4205	63	None	None	0	2	2.7842446502410425
176	56.4205	56.5909	60	None	None	0	1	2.4658506259646544
177	56.5909	56.7614	63	None	None	0	2	2.3408249013890994
178	56.7614	56.9318	67	None	None	0	4	2.4344908901213733
179	56.9318	57.1023	70	None	None	0	5	2.511839760450079
180	57.1023	57.2727	67	None	None	0	4	2.6848310887643496
181	57.2727	57.4432	63	None	None	0	2	3.27155227967818
182	57.4432	57.6136	60	None	None	0	1	2.841094631502629
183	57.6136	57.7841	63	None	None	0	2	2.3783389575276113
184	57.7841	57.9545	67	None	None	0	4	2.763742111037087
185	57.9545	58.2955	70	None	None	0	5	2.600555515800995
186	58.2955	117.2727	60	None	None	0	1	2.600555515800988
187	58.2955	117.2727	70	None	None	0	4	2.057283138121387
188	58.9773	118.2955	61	None	None	0	1	4.735674408818906
189	58.9773	118.2955	70	None	None	0	4	4.714761123761939
190	59.6591	120.0000	62	None	None	0	1	8.230622063478018
191	59.6591	120.0000	70	None	None	0	4	12.639263303575365
192	60.3409	120.8523	63	None	None	0	0	-1
193	60.3409	120.8523	73	None	None	0	0	-1
194	60.6818	122.7273	64	None	None	0	0	-1
195	60.6818	122.7273	72	None	None	0	0	-1
196	61.3636	61.8750	84	None	None	0	0	-1
197	61.8750	62.0455	78	None	None	0	5	3.6633128984876997
198	62.7273	63.2386	66	None	None	0	2	5.523521726336169
199	63.2386	63.4091	60	None	None	0	1	5.221407311413725
200	64.0909	64.6023	72	None	None	0	3	4.4353936219283705
201	64.6023	64.7727	67	None	None	0	1	6.136511669525563
202	64.7727	65.1136	72	None	None	0	2	5.324201193399085
203	65.1136	65.4545	70	None	None	0	1	4.893824712909992
204	65.4545	65.9659	75	None	None	0	2	4.666885964902209
205	65.9659	66.1364	77	None	None	0	3	5.526358378402916
206	66.3068	66.6477	84	None	None	0	5	8.042126386845936
207	66.6477	66.8182	81	None	None	0	4	13.998565526075494
208	66.8182	66.9886	76	None	None	0	2	15.09926580618753
209	66.9886	67.1591	73	None	None	0	1	15.0006663664116
210	68.3523	68.5227	73	None	None	0	1	15.501806822594077
211	68.5227	68.6932	76	None	None	0	2	15.5726201479242
212	68.6932	68.8636	81	None	None	0	3	15.87307961742629
213	68.8636	69.5455	84	None	None	0	5	25.97590789228547
214	69.8864	70.0568	66	None	None	0	1	22.431229633632423
215	70.0568	70.2273	63	None	None	0	4	14.316103583212291
216	70.2273	70.3977	58	None	None	0	2	14.35043731670569
217	70.3977	70.5682	55	None	None	0	1	15.289049378630821
218	70.5682	70.7386	58	None	None	0	3	14.037146555645954
219	70.7386	70.9091	64	None	None	0	1	4.71065231533822
220	70.9091	71.0795	66	None	None	0	2	4.665094092048911
221	71.5909	72.1023	76	None	None	0	0	-1
222	72.1023	72.2727	73	None	None	0	0	-1
223	72.2727	72.4432	68	None	None	0	0	-1
224	72.4432	72.6136	65	None	None	0	0	-1
225	72.9545	73.2955	78	None	None	0	0	-1
226	73.2955	73.4659	75	None	None	0	0	-1
227	73.4659	73.6364	70	None	None	0	0	-1
228	73.6364	73.8068	67	None	None	0	0	-1
229	74.4886	74.6591	50	None	None	0	0	-1
230	74.6591	74.8295	53	None	None	0	0	-1
231	74.8295	75.0000	56	None	None	0	0	-1
232	75.0000	75.1705	62	None	None	0	0	-1
233	75.6818	76.1932	75	None	None	0	1	2.738658766393309
234	76.1932	76.3636	78	None	None	0	2	4.683559577371129
235	76.3636	76.5341	83	None	None	0	4	5.250495500507315
236	76.5341	76.7045	86	None	None	0	5	5.0064929366564925
237	76.7045	76.8750	83	None	None	0	4	4.909654201162293
238	76.8750	77.0455	78	None	None	0	2	5.049465125532043
239	77.0455	77.3864	75	None	None	0	1	5.151439248514568
240	77.8977	78.0682	74	None	None	0	4	2.4008320366560563
241	78.0682	78.2386	71	None	None	0	3	2.3414082671482555
242	78.2386	78.4091	66	None	None	0	2	1.06062599141269
243	78.4091	78.9205	63	None	None	0	1	1.0657613789010139
244	78.9205	79.0909	66	None	None	0	2	1.3097639427518353
245	79.0909	79.2614	71	None	None	0	4	1.4066026782460486
246	79.2614	79.4318	74	None	None	0	5	1.2667917538762974
247	79.4318	79.6023	71	None	None	0	4	1.1648176308937723
248	79.6023	79.7727	66	None	None	0	2	1.084925674111061
249	79.7727	80.2841	63	None	None	0	1	1.0900610615993849
250	80.2841	80.4545	66	None	None	0	2	1.3340636254502067
251	80.4545	80.6250	71	None	None	0	4	1.4309023609444076
252	80.6250	80.7955	74	None	None	0	5	1.2910914365746562
253	80.7955	80.9659	71	None	None	0	4	1.189117313592119
254	80.9659	81.1364	66	None	None	0	2	1.1544167667066965
255	81.1364	81.3068	63	None	None	0	1	1.1458333333333426
256	81.3068	81.4773	66	None	None	0	2	1.2111994797919339
257	81.4773	81.6477	71	None	None	0	4	1.3080382152861347
258	81.6477	81.8182	74	None	None	0	5	1.1682272909163833
259	81.8182	81.9886	71	None	None	0	4	1.0662531679338585
260	81.9886	82.1591	66	None	None	0	2	0.9863612111511469
261	82.1591	82.3295	63	None	None	0	1	1.1304188342003587
262	82.3295	82.5000	71	None	None	0	4	1.2756769374416528
263	82.5000	82.6705	66	None	None	0	2	2.09638522075498
264	82.6705	82.8409	74	None	None	0	5	8.039213437312881
265	82.8409	83.0114	71	None	None	0	4	12.356250707847238
266	83.0114	83.1818	66	None	None	0	2	12.259511806100974
267	83.1818	83.3523	63	None	None	0	1	12.611949043882682
268	83.3523	83.5227	66	None	None	0	2	12.696786157022506
269	83.5227	83.6932	68	None	None	0	3	14.297209831646994
270	83.6932	83.8636	71	None	None	0	1	7.242607784642663
271	83.8636	84.5455	74	None	None	0	4	6.052077232535288
272	84.5455	84.8864	76	None	None	0	5	6.012677315591765
273	84.8864	170.1136	63	None	None	0	1	3.2046262601180526
274	84.8864	170.1136	66	None	None	0	2	3.2046262601180526
275	84.8864	170.1136	74	None	None	0	5	3.2101951113698894
276	85.5682	85.9091	72	None	None	0	4	3.2101951113698894
277	85.9091	172.5000	63	None	None	0	1	1.9261867657636125
278	85.9091	172.5000	66	None	None	0	2	2.282372332773921
279	85.9091	172.5000	71	None	None	0	4	2.292891274027398
280	86.5909	86.9318	69	None	None	0	3	3.056388835203223
281	86.9318	174.8864	63	None	None	0	1	2.811584384213195
282	86.9318	174.8864	66	None	None	0	0	-1
283	86.9318	174.5455	67	None	None	0	0	-1
284	87.6136	87.9545	69	None	None	0	0	-1
285	87.9545	177.2727	63	None	None	0	0	-1
286	87.9545	177.2727	66	None	None	0	0	-1
287	87.9545	177.2727	71	None	None	0	0	-1
288	89.3182	89.6591	72	None	None	0	0	-1
289	89.6591	90.6818	71	None	None	0	0	-1
290	91.3636	91.5341	48	None	None	0	0	-1
291	91.5341	91.7045	51	None	None	0	0	-1
292	91.7045	91.8750	56	None	None	0	0	-1
293	91.8750	92.0455	59	None	None	0	0	-1
294	92.7273	186.1364	77	None	None	0	0	-1
295	92.7273	186.1364	77	None	None	0	0	-1
296	92.7273	186.1364	84	None	None	0	0	-1
297	93.4091	94.0909	83	None	None	0	5	5.4987416980884545
298	94.7727	94.9432	60	None	None	0	1	4.38898127217896
299	94.9432	95.1136	63	None	None	0	2	4.061910443847619
300	95.1136	95.2841	70	None	None	0	4	2.7159673046872084
301	95.2841	95.4545	71	None	None	0	5	3.4237283358173705
302	96.1364	97.5000	66	None	None	0	4	11.428802951105387
303	97.1591	97.5000	60	None	None	0	0	-1
304	97.5000	98.8636	65	None	None	0	0	-1
305	98.1818	98.8636	59	None	None	0	0	-1
306	99.5455	99.7159	60	None	None	0	0	-1
307	99.7159	99.8864	63	None	None	0	0	-1
308	99.8864	100.0568	68	None	None	0	0	-1
309	100.0568	100.2273	71	None	None	0	0	-1
310	101.5909	101.7614	84	None	None	0	4	5.607867799083321
311	101.7614	101.9318	87	None	None	0	5	5.340515426835419
312	101.9318	102.1023	80	None	None	0	4	4.23989539064724
313	102.1023	102.2727	83	None	None	0	5	4.397651581542747
314	103.6364	103.8068	72	None	None	0	2	5.431347132556861
315	103.8068	207.9545	75	None	None	0	0	-1
316	103.8068	207.7841	75	None	None	0	0	-1
317	103.9773	104.1477	81	None	None	0	0	-1
318	104.1477	104.3182	83	None	None	0	0	-1
319	105.0000	210.3409	77	None	None	0	0	-1
320	105.0000	210.1705	77	None	None	0	0	-1
321	105.1705	105.3409	80	None	None	0	0	-1
322	105.3409	105.5114	85	None	None	0	0	-1
323	105.5114	105.6818	88	None	None	0	0	-1
324	106.5341	106.7045	64	None	None	0	0	-1
325	106.7045	106.8750	67	None	None	0	0	-1
326	106.8750	107.0455	72	None	None	0	0	-1
327	107.0455	107.2159	75	None	None	0	0	-1
