0	1.0714	1.3393	68	None	None	1	-2	1.3476280321151528
1	1.3393	2.1429	66	None	None	1	-3	2.458321417018545
2	2.1429	2.4107	68	None	None	1	-2	2.9002493854315574
3	2.4107	3.2143	66	None	None	1	-4	3.42043504439469
4	3.2143	3.4821	68	None	None	1	-3	3.5889846838114403
5	3.4821	4.2857	66	None	None	1	-4	5.042598491794182
6	4.2857	10.7143	64	None	None	1	-5	5.00160443494294
7	4.2857	10.7143	67	None	None	1	-4	4.997026909985108
8	4.2857	10.7143	68	None	None	1	-1	4.292991351248635
9	6.4286	15.0000	51	None	None	1	-5	3.860468294100474
10	6.4286	15.0000	62	None	None	1	-2	3.8355448349171164
11	8.5714	21.4286	67	None	None	1	-2	3.478393076401468
12	8.5714	21.4286	68	None	None	1	-1	3.1999998750921708
13	8.8393	10.7143	66	None	None	1	-3	2.4220904159593797
14	10.7143	10.9821	68	None	None	1	-2	2.7809577982747187
15	10.9821	11.7857	66	None	None	1	-3	3.585702593551179
16	11.7857	12.0536	67	None	None	1	-2	3.3967037012775703
17	12.0536	12.8571	66	None	None	1	-3	3.8821848245168544
18	12.8571	27.8571	63	None	None	1	-5	4.63784684542278
19	12.8571	27.8571	67	None	None	1	-3	6.104691313744668
20	12.8571	27.8571	68	None	None	1	-1	5.695864503688977
21	15.0000	32.1429	56	None	None	1	-5	5.470082171924919
22	15.0000	32.1429	68	None	None	1	-1	5.3270392890869624
23	17.1429	36.4286	51	None	None	1	-5	5.743919795755995
24	17.1429	36.4286	62	None	None	1	-2	6.179681796688106
25	18.2143	36.6964	67	None	None	1	-2	7.354572911670689
26	18.2143	36.6964	68	None	None	1	-1	6.383536326304836
27	18.4821	19.2857	66	None	None	1	-3	5.864040141989505
28	19.2857	39.6429	63	None	None	1	-5	5.732337664250443
29	19.2857	39.6429	67	None	None	1	-3	9.097522240973415
30	19.2857	39.6429	68	None	None	1	-1	8.268153058694637
31	20.3571	41.7857	56	None	None	1	-5	7.802060799945961
32	20.3571	41.7857	68	None	None	1	-1	7.25121925313411
33	21.4286	45.0000	51	None	None	1	-5	6.658340333273477
34	21.4286	45.0000	62	None	None	1	-2	6.905328976331844
35	22.5000	45.2679	47	None	None	1	-2	6.194583758950191
36	22.5000	45.2679	48	None	None	1	-1	5.934786881522818
37	22.7679	23.5714	46	None	None	1	-3	4.447725794647633
38	23.5714	48.2143	42	None	None	1	-5	4.320678478906049
39	23.5714	48.2143	47	None	None	1	-4	4.058988593955957
40	23.5714	48.2143	48	None	None	1	-3	3.961626451856275
41	24.6429	50.3571	56	None	None	1	0	-1
42	24.6429	50.3571	67	None	None	1	0	-1
43	26.7857	54.6429	46	None	None	1	0	-1
44	26.7857	54.6429	57	None	None	1	0	-1
45	28.9286	58.9286	49	None	None	1	0	-1
46	28.9286	58.9286	60	None	None	1	0	-1
47	30.0000	64.2857	51	None	None	1	0	-1
48	30.0000	64.2857	62	None	None	1	-3	2.3605984063690717
49	31.0714	64.2857	72	None	None	1	-3	1.2516906651177435
50	31.0714	64.2857	73	None	None	1	-2	3.240624644958576
51	31.0714	62.4107	73	None	None	1	0	-1
52	31.3393	33.2143	71	None	None	1	0	-1
53	33.2143	33.4821	73	None	None	1	0	-1
54	33.4821	34.2857	71	None	None	1	0	-1
55	34.2857	72.8571	68	None	None	1	0	-1
56	34.2857	72.8571	72	None	None	1	0	-1
57	34.2857	72.8571	73	None	None	1	0	-1
58	36.4286	38.5714	53	None	None	1	0	-1
59	38.5714	81.4286	72	None	None	1	-3	1.3586096977618065
60	38.5714	81.4286	73	None	None	1	-2	1.816239308691672
61	38.5714	77.4107	73	None	None	1	-4	1.8031239813145388
62	38.8393	39.6429	71	None	None	1	-5	2.814306488351001
63	41.7857	42.0536	75	None	None	1	-2	2.8587858659487844
64	42.0536	42.8571	73	None	None	1	-3	2.918828461597119
65	42.8571	86.7857	73	None	None	1	-3	12.097961745666801
66	42.8571	86.2500	74	None	None	1	-2	11.980802413747394
67	42.8571	86.7857	75	None	None	1	0	-1
68	43.9286	44.1964	73	None	None	1	0	-1
69	44.1964	45.0000	71	None	None	1	0	-1
70	45.0000	94.2857	69	None	None	1	0	-1
71	45.0000	94.2857	72	None	None	1	0	-1
72	45.0000	94.2857	73	None	None	1	0	-1
73	47.1429	48.2143	46	None	None	1	0	-1
74	48.2143	49.2857	53	None	None	1	0	-1
75	50.3571	100.9821	77	None	None	1	-4	3.6754209528359234
76	50.3571	100.9821	78	None	None	1	-3	5.51583284725443
77	50.6250	51.4286	76	None	None	1	0	-1
78	51.4286	105.0000	81	None	None	1	0	-1
79	51.4286	105.0000	82	None	None	1	-1	8.621979308841022
80	51.6964	53.5714	80	None	None	1	-2	9.022508876360877
81	53.5714	108.2143	79	None	None	1	-3	8.913105621388002
82	53.5714	108.2143	81	None	None	1	-2	8.9876987497786
83	53.5714	108.2143	82	None	None	1	-1	8.457861498422357
84	54.6429	54.9107	78	None	None	1	-4	8.278068137988754
85	54.9107	55.7143	77	None	None	1	-1	3.8905854750206865
86	55.7143	113.5714	76	None	None	1	-2	3.577541996759818
87	55.7143	113.5714	77	None	None	1	-1	3.4318459054115547
88	55.9821	57.8571	75	None	None	1	-3	2.9113983516669504
89	57.8571	116.7857	75	None	None	1	-3	3.02250946277806
90	57.8571	116.7857	76	None	None	1	-2	3.119557186655723
91	57.8571	116.7857	77	None	None	1	-1	4.104042737666085
92	58.9286	60.0000	74	None	None	1	-4	3.51627927845163
93	59.1964	60.0000	73	None	None	1	-5	2.396096643442076
94	60.0000	120.2679	73	None	None	1	-3	1.9548641605099917
95	60.0000	121.0714	75	None	None	1	-2	5.846120347646921
96	60.2679	61.0714	71	None	None	1	0	-1
97	61.0714	122.4107	72	None	None	1	0	-1
98	61.0714	122.4107	73	None	None	1	0	-1
99	61.3393	62.1429	71	None	None	1	0	-1
100	62.1429	128.5714	68	None	None	1	0	-1
101	62.1429	128.5714	72	None	None	1	0	-1
102	62.1429	128.5714	73	None	None	1	0	-1
103	64.2857	66.4286	53	None	None	1	0	-1
104	66.4286	68.5714	46	None	None	1	0	-1
105	68.5714	70.7143	59	None	None	1	-5	0.6989204319880505
106	70.7143	144.6429	65	None	None	1	-2	0.987191365652801
107	70.7143	143.5714	65	None	None	1	-3	0.8311404102387882
108	72.8571	73.9286	64	None	None	1	-4	0.8372812401013634
109	73.9286	148.9286	65	None	None	1	-3	0.7930739230281932
110	73.9286	148.9286	65	None	None	1	-2	0.5651319469523816
111	75.0000	77.1429	65	None	None	1	-2	0.602242704206451
112	76.0714	77.1429	63	None	None	1	-3	0.5939013678978927
113	77.1429	156.4286	65	None	None	1	0	-1
114	77.1429	156.4286	65	None	None	1	0	-1
115	79.2857	81.4286	65	None	None	1	0	-1
116	80.3571	81.4286	61	None	None	1	0	-1
117	81.4286	85.7143	65	None	None	1	0	-1
118	83.5714	85.7143	62	None	None	1	0	-1
119	85.7143	175.7143	64	None	None	1	-5	12.586773193254276
120	85.7143	175.7143	69	None	None	1	-4	13.355634583939468
121	86.7857	86.9196	82	None	None	1	-1	12.232661932457233
122	86.9196	87.0536	84	None	None	1	-4	6.5944939935261475
123	87.0536	87.1875	84	None	None	1	-3	5.819287454936295
124	87.1875	87.3214	85	None	None	1	-2	4.803256920585143
125	87.3214	87.4554	88	None	None	1	-1	4.467268308839239
126	91.0714	91.2054	74	None	None	1	-5	4.488815043756477
127	91.2054	91.3393	77	None	None	1	-4	3.5185012184808144
128	91.3393	91.4732	78	None	None	1	-3	2.767221196138603
129	91.4732	91.6071	79	None	None	1	-2	1.8727607837386726
130	91.6071	91.7411	81	None	None	1	-1	0.819702486466401
131	94.2857	96.4286	69	None	None	1	-3	0.69188394352097
132	96.4286	195.0000	69	None	None	1	-2	0.876849442459396
133	96.4286	193.9286	69	None	None	1	-3	0.8172161699722127
134	97.5000	98.5714	64	None	None	1	-5	1.472653107900506
135	98.5714	198.2143	64	None	None	1	-4	1.4180450369392257
136	98.5714	200.3571	69	None	None	1	-2	3.39236828534687
137	99.6429	101.7857	64	None	None	1	-4	3.5311212413477655
138	101.7857	206.7857	69	None	None	1	-2	4.229290031156683
139	101.7857	204.6429	69	None	None	1	-1	4.29855754708025
140	102.8571	103.9286	65	None	None	1	-3	5.670746649146426
141	103.9286	105.0000	64	None	None	1	-1	5.0982445238465095
142	105.0000	214.2857	59	None	None	1	-4	5.74964851638962
143	105.0000	214.2857	65	None	None	1	-1	5.921894904458596
144	107.1429	216.4286	38	None	None	1	-5	5.921894904458597
145	107.1429	216.4286	49	None	None	1	-2	5.829777070063692
146	109.2857	222.8571	58	None	None	1	-2	5.921894904458596
147	109.2857	222.8571	65	None	None	1	-1	5.921894904458596
148	111.4286	225.0000	38	None	None	1	-5	5.921894904458596
149	111.4286	225.0000	49	None	None	1	-2	5.829777070063693
150	113.5714	231.4286	58	None	None	1	-2	5.921894904458596
151	113.5714	231.4286	65	None	None	1	-1	5.921894904458596
152	115.7143	233.5714	38	None	None	1	-5	4.279777070063689
153	115.7143	233.5714	49	None	None	1	-2	3.951353503184708
154	117.8571	240.0000	58	None	None	1	-2	4.677707006369415
155	117.8571	240.0000	65	None	None	1	-1	4.621178343949031
156	120.0000	244.2857	38	None	None	1	-5	3.3798964968152827
157	120.0000	244.2857	49	None	None	1	-2	3.2845939490445857
158	122.1429	246.4286	58	None	None	1	-2	3.7969347133757823
159	122.1429	246.4286	65	None	None	1	-1	3.7404060509553965
160	124.2857	252.8571	55	None	None	1	-4	3.9851910828025296
161	124.2857	252.8571	62	None	None	1	-1	4.160350318471321
162	126.4286	255.0000	40	None	None	1	-5	4.309548453139207
163	126.4286	255.0000	51	None	None	1	-2	4.044659918107363
164	128.5714	261.4286	55	None	None	1	-2	4.112494313011819
165	128.5714	261.4286	62	None	None	1	-1	4.112494313011818
166	130.7143	263.5714	40	None	None	1	-5	3.7840707461328513
167	130.7143	263.5714	51	None	None	1	-2	3.6919529117379506
168	132.8571	270.0000	55	None	None	1	-2	3.4155957129371446
169	132.8571	270.0000	62	None	None	1	-1	3.298186638060072
170	135.0000	272.1429	42	None	None	1	-5	2.619713064586402
171	135.0000	272.1429	53	None	None	1	-2	2.4070014419386285
172	137.1429	278.5714	55	None	None	1	-2	2.945047170190971
173	137.1429	278.5714	62	None	None	1	-1	2.7121924590115274
174	139.2857	280.7143	43	None	None	1	-5	4.896008920484229
175	139.2857	280.7143	54	None	None	1	-1	5.121754609469775
176	143.5714	289.2857	43	None	None	1	-5	7.006730924318409
177	143.5714	289.2857	54	None	None	1	-1	6.910997230825118
178	147.8571	297.8571	31	None	None	1	-5	9.295665564224702
179	147.8571	297.8571	42	None	None	1	-2	9.594895920941957
180	151.0714	303.2143	54	None	None	1	-2	11.681856563411554
181	151.0714	303.2143	58	None	None	1	-1	11.714940350273023
182	152.1429	305.3571	31	None	None	1	-5	13.041510911547716
183	152.1429	305.3571	42	None	None	1	-2	13.072402552085354
184	153.2143	307.5000	54	None	None	1	-2	12.072038837925772
185	153.2143	307.5000	58	None	None	1	0	-1
186	154.2857	309.2857	31	None	None	1	0	-1
187	154.2857	309.2857	42	None	None	1	0	-1
188	155.0000	310.7143	54	None	None	1	0	-1
189	155.0000	310.7143	58	None	None	1	0	-1
190	155.7143	312.1429	31	None	None	1	0	-1
191	155.7143	312.1429	42	None	None	1	0	-1
192	156.4286	157.5000	48	None	None	1	0	-1
193	157.5000	316.0714	50	None	None	1	0	-1
194	157.5000	316.0714	55	None	None	1	0	-1
195	158.5714	321.4286	43	None	None	1	0	-1
196	158.5714	321.4286	54	None	None	1	-5	18.61910532423366
197	162.8571	163.1250	75	None	None	1	-1	18.804107962458193
198	163.1250	163.2589	78	None	None	1	-4	11.100563882239598
199	163.2589	163.3929	79	None	None	1	-3	10.300375369858228
200	163.3929	163.5268	80	None	None	1	-2	12.706873145611716
201	163.9286	166.0714	83	None	None	1	-1	12.65482121357554
202	166.0714	333.2143	54	None	None	1	-5	11.802518260780309
203	166.0714	333.2143	58	None	None	1	-1	10.381407883275255
204	167.1429	335.3571	31	None	None	1	-5	9.595394163763123
205	167.1429	335.3571	42	None	None	1	-2	9.419022212543622
206	168.2143	337.5000	51	None	None	1	-2	8.189550852770891
207	168.2143	337.5000	55	None	None	1	-1	8.4706930774097
208	169.2857	339.6429	32	None	None	1	0	-1
209	169.2857	339.6429	43	None	None	1	0	-1
210	170.3571	341.7857	51	None	None	1	0	-1
211	170.3571	341.7857	55	None	None	1	0	-1
212	171.4286	345.0000	33	None	None	1	0	-1
213	171.4286	345.0000	44	None	None	1	0	-1
214	173.5714	349.2857	34	None	None	1	0	-1
215	173.5714	349.2857	46	None	None	1	-5	8.178338097111832
216	175.7143	175.8482	73	None	None	1	-1	4.2801216679645595
217	175.8482	175.9821	73	None	None	1	-1	4.587160502916017
218	175.9821	176.1161	71	None	None	1	-2	5.55847416434612
219	176.1161	176.2500	68	None	None	1	-3	5.749629485490132
220	176.7857	176.9196	69	None	None	1	-2	10.55044996145606
221	176.9196	177.0536	68	None	None	1	-3	10.79992727948985
222	177.0536	177.1875	67	None	None	1	-1	7.301242734000287
223	177.1875	177.3214	64	None	None	1	-2	7.301301685408748
224	177.8571	182.1429	65	None	None	1	-1	6.9671949568704665
225	178.1250	178.3929	64	None	None	1	-1	6.283762193595243
226	178.3929	178.6607	63	None	None	1	-2	5.143913363507146
227	178.6607	178.9286	60	None	None	1	-1	1.4799440617362078
228	182.1429	182.6786	48	None	None	1	-5	1.3647895253453803
229	184.2857	186.4286	74	None	None	1	-1	0.37649881241863326
230	188.0952	188.9286	65	None	None	1	-3	0.5177340039789512
231	188.9286	189.7619	68	None	None	1	-2	0.5787671672442614
232	189.7619	190.5952	68	None	None	1	-2	0.6342518611218128
233	190.5952	191.4286	64	None	None	1	-4	0.658387854805001
234	191.4286	193.0952	68	None	None	1	-2	0.8057092833764311
235	193.0952	195.5952	63	None	None	1	-3	2.4885384760679576
236	195.5952	196.4286	63	None	None	1	-3	3.6899947867475653
237	196.4286	198.0952	68	None	None	1	-1	5.783617235727214
238	197.2619	198.0952	63	None	None	1	-3	5.714043951868218
239	198.0952	199.7619	68	None	None	1	-1	5.7998510019609775
240	198.9286	199.7619	65	None	None	1	-2	5.875057237052419
241	199.7619	402.8571	61	None	None	1	-4	5.838707803411038
242	199.7619	402.8571	69	None	None	1	-1	5.9977648009956654
243	201.4286	203.0952	45	None	None	1	-5	5.183068913758142
244	204.7619	205.5952	63	None	None	1	-1	4.638245256139775
245	205.5952	206.4286	68	None	None	1	-3	2.526696091019135
246	206.4286	413.6905	68	None	None	1	-3	4.09652535205463
247	206.4286	413.6905	68	None	None	1	-2	4.297075967347925
248	207.2619	208.9286	61	None	None	1	-5	4.2864163463566705
249	208.9286	418.6905	68	None	None	1	-2	6.840278976314286
250	208.9286	418.6905	68	None	None	1	-1	5.94371563399622
251	209.7619	210.5952	58	None	None	1	-5	6.835638068271603
252	210.5952	423.6905	68	None	None	1	-2	6.3013830375879865
253	210.5952	422.8571	68	None	None	1	-1	6.744167294147818
254	212.2619	213.0952	58	None	None	1	-4	11.738916501108486
255	213.0952	429.5238	57	None	None	1	-5	13.336048880845912
256	213.0952	429.5238	67	None	None	1	-1	13.332003064811762
257	214.7619	431.1905	42	None	None	1	-5	11.329191890063466
258	214.7619	431.1905	53	None	None	1	-2	11.397690397957206
259	217.2619	435.3571	63	None	None	1	-2	11.769305390107935
260	217.2619	434.6280	63	None	None	1	-3	11.891586568750718
261	217.3661	217.4702	65	None	None	1	0	-1
262	217.4702	217.5744	66	None	None	1	0	-1
263	217.5744	217.6786	67	None	None	1	0	-1
264	218.9286	219.7619	57	None	None	1	0	-1
265	219.7619	220.5952	53	None	None	1	0	-1
266	220.5952	442.0238	63	None	None	1	0	-1
267	220.5952	442.0238	68	None	None	1	0	-1
268	221.4286	222.2619	57	None	None	1	0	-1
269	222.2619	445.3571	41	None	None	1	0	-1
270	222.2619	445.3571	53	None	None	1	0	-1
271	223.0952	447.0238	63	None	None	1	0	-1
272	223.0952	447.0238	68	None	None	1	0	-1
273	223.9286	224.7619	57	None	None	1	-1	11.610777068883166
274	224.7619	450.3571	42	None	None	1	-5	12.403189931939432
275	224.7619	450.3571	53	None	None	1	-2	11.682715586540901
276	225.5952	452.0238	63	None	None	1	-2	9.95516807481773
277	225.5952	452.0238	68	None	None	1	-1	9.110582182208237
278	226.4286	454.5238	42	None	None	1	-5	4.191480365657491
279	226.4286	454.5238	53	None	None	1	-2	3.91230453811576
280	228.0952	457.8571	54	None	None	1	-2	4.0431324336270595
281	228.0952	457.8571	65	None	None	1	-1	3.532723789037145
282	229.7619	462.8571	42	None	None	1	-5	1.2954919269527114
283	229.7619	462.8571	53	None	None	1	-2	1.7037414897944574
284	233.0952	467.8571	46	None	None	1	-5	1.8290756257026366
285	233.0952	467.8571	57	None	None	1	-2	1.7855980647753569
286	235.5952	472.0238	57	None	None	1	-5	2.757678460794418
287	235.5952	472.0238	67	None	None	1	-1	2.8393185188495695
288	236.4286	473.6905	58	None	None	1	-5	3.703208085794956
289	236.4286	473.6905	69	None	None	1	-2	3.539086995984374
290	237.2619	475.3571	61	None	None	1	-5	5.816556019307966
291	237.2619	475.3571	72	None	None	1	-1	5.816556019307966
292	238.0952	477.0238	63	None	None	1	-5	5.816556019307966
293	238.0952	477.0238	74	None	None	1	-1	5.816556019307965
294	239.7619	481.1905	56	None	None	1	-5	4.472782955837307
295	239.7619	481.1905	67	None	None	1	-1	4.931713933888901
296	241.4286	483.6905	51	None	None	1	-5	4.067824366943516
297	241.4286	483.6905	62	None	None	1	-1	4.151755344995112
298	242.2619	485.3571	44	None	None	1	-5	2.9232494969011897
299	242.2619	485.3571	55	None	None	1	-1	2.839318518849594
300	243.0952	487.0238	46	None	None	1	0	-1
301	243.0952	487.0238	57	None	None	1	0	-1
302	243.9286	488.6905	49	None	None	1	0	-1
303	243.9286	488.6905	60	None	None	1	0	-1
304	244.7619	490.3571	51	None	None	1	0	-1
305	244.7619	490.3571	62	None	None	1	0	-1
306	246.4286	494.5238	44	None	None	1	0	-1
307	246.4286	494.5238	55	None	None	1	-5	12.091634250970177
308	249.1667	249.3006	68	None	None	1	-1	12.993140119895708
309	249.3006	249.4345	67	None	None	1	-4	7.696273104475368
310	249.4345	250.2381	66	None	None	1	-5	6.520378388504298
311	254.5238	254.6577	80	None	None	1	-1	7.1716463626352756
312	254.6577	254.7917	79	None	None	1	-2	6.8308259447156905
313	254.7917	255.5952	78	None	None	1	-3	7.104820383354757
314	255.5952	255.7292	80	None	None	1	-2	7.270843472526734
315	255.7292	255.8631	79	None	None	1	-3	7.348044831364902
316	255.8631	256.6667	78	None	None	1	-4	6.180402761814302
317	256.6667	256.8006	75	None	None	1	-5	6.408338138498034
318	256.8006	256.9345	78	None	None	1	-4	6.0756592419667035
319	256.9345	257.0685	79	None	None	1	-3	6.691395120539381
320	257.0685	257.2024	80	None	None	1	-2	5.949179241360586
321	257.7381	259.8810	82	None	None	1	-1	5.187624292574467
322	259.8810	260.0149	69	None	None	1	-4	7.773120396025353
323	260.0149	260.1488	70	None	None	1	-3	7.460143296788685
324	260.1488	260.2827	72	None	None	1	-2	11.864341770070364
325	260.2827	260.4167	75	None	None	1	-1	16.504817979831337
326	262.0238	265.2381	63	None	None	1	-2	16.24997403387571
327	265.2381	268.4524	51	None	None	1	-5	24.18735517035958
328	268.4524	269.5238	63	None	None	1	-1	24.809295154566012
329	269.5238	269.6577	69	None	None	1	-4	22.440925282413275
330	269.6577	269.7917	70	None	None	1	-3	22.19566044440879
331	269.7917	269.9256	72	None	None	1	-2	22.00732415326276
332	269.9256	270.0595	73	None	None	1	-1	17.501552164155033
333	270.5952	272.7381	51	None	None	1	-5	12.91557021059094
334	272.7381	272.8720	69	None	None	1	-1	13.463055259455441
335	272.8720	273.0060	73	None	None	1	-2	6.59393668911616
336	273.0060	273.1399	72	None	None	1	-3	5.727292799964593
337	273.1399	273.2738	73	None	None	1	-1	4.240270014700154
338	274.8810	278.0952	63	None	None	1	-5	4.240270014700154
339	277.0238	277.1577	69	None	None	1	-4	4.240270014700154
340	277.1577	277.2917	70	None	None	1	-3	4.240270014700154
341	277.2917	277.4256	72	None	None	1	-2	4.240270014700154
342	277.4256	277.5595	74	None	None	1	-1	4.240270014700154
343	280.2381	562.6190	49	None	None	1	-5	4.240270014700154
344	280.2381	562.6190	60	None	None	1	-1	4.240270014700154
345	282.3810	569.0476	51	None	None	1	-5	4.240270014700154
346	282.3810	569.0476	62	None	None	1	0	4.240270014700154
