0	1.0714	1.3393	70	None	None	0	2	2.651809835373571
1	1.3393	2.1429	71	None	None	0	3	2.541831460758912
2	2.1429	2.4107	70	None	None	0	2	5.290594543329286
3	2.4107	3.2143	71	None	None	0	3	5.036190040483623
4	3.2143	3.4821	70	None	None	0	2	4.902941820843445
5	3.4821	4.2857	71	None	None	0	3	4.315563180066745
6	4.2857	10.7143	69	None	None	0	1	3.643626421173463
7	4.2857	10.7143	70	None	None	0	2	3.7549181054284175
8	4.2857	10.7143	74	None	None	0	3	3.5011631647169548
9	6.4286	15.0000	75	None	None	0	1	1.3428684339699988
10	6.4286	15.0000	86	None	None	0	5	1.4910571282375116
11	9.6429	21.4286	69	None	None	0	1	1.7978920998175423
12	9.6429	21.4286	70	None	None	0	2	5.920308876042682
13	9.9107	11.7857	70	None	None	0	2	7.236056921786748
14	11.7857	12.0536	70	None	None	0	2	7.46320298432294
15	12.0536	12.8571	71	None	None	0	3	10.25835842386316
16	12.8571	27.8571	69	None	None	0	1	10.755839140698038
17	12.8571	27.8571	71	None	None	0	2	10.727380642674321
18	12.8571	27.8571	74	None	None	0	3	10.834890524097247
19	15.0000	32.1429	80	None	None	0	1	6.999819025393791
20	15.0000	32.1429	91	None	None	0	2	6.507337526389454
21	17.1429	36.4286	75	None	None	0	2	6.169454773801433
22	17.1429	36.4286	86	None	None	0	5	6.035422518869007
23	18.2143	18.4821	70	None	None	0	1	3.471207579844619
24	18.4821	19.2857	71	None	None	0	3	5.752558893548429
25	19.2857	39.6429	69	None	None	0	1	6.669778087412347
26	19.2857	39.6429	71	None	None	0	2	6.64131958938863
27	19.2857	39.6429	74	None	None	0	3	6.911872949072427
28	20.3571	41.7857	73	None	None	0	1	6.133804653443817
29	20.3571	41.7857	84	None	None	0	5	6.10655617783406
30	21.4286	45.0000	75	None	None	0	2	6.868219353198523
31	21.4286	45.0000	86	None	None	0	5	8.054004414174129
32	22.5000	22.7679	70	None	None	0	1	5.48978947514974
33	22.7679	23.5714	71	None	None	0	3	5.461605249204666
34	23.5714	48.2143	69	None	None	0	1	5.465474519184429
35	23.5714	48.2143	70	None	None	0	2	6.224143660223662
36	23.5714	48.2143	74	None	None	0	3	6.065320121951221
37	24.6429	50.3571	73	None	None	0	1	5.535823170731712
38	24.6429	50.3571	84	None	None	0	5	5.535823170731712
39	25.7143	52.5000	70	None	None	0	1	6.058048087583153
40	25.7143	52.5000	81	None	None	0	5	6.298018292682932
41	26.7857	54.6429	68	None	None	0	1	5.2228713156431255
42	26.7857	54.6429	79	None	None	0	5	5.103209095252599
43	27.8571	56.7857	66	None	None	0	1	3.951235525740846
44	27.8571	56.7857	77	None	None	0	0	-1
45	28.9286	58.9286	68	None	None	0	0	-1
46	28.9286	58.9286	79	None	None	0	0	-1
47	30.0000	64.2857	63	None	None	0	0	-1
48	30.0000	64.2857	74	None	None	0	0	-1
49	34.2857	72.8571	74	None	None	0	0	-1
50	34.2857	72.8571	75	None	None	0	1	2.2320863803095308
51	34.2857	72.8571	79	None	None	0	2	2.329522968092158
52	36.4286	38.5714	90	None	None	0	5	2.6347677432912637
53	39.6429	80.3571	74	None	None	0	1	2.568290044640589
54	39.6429	79.5536	75	None	None	0	2	3.025873426796603
55	39.9107	40.7143	76	None	None	0	3	2.538494786019911
56	40.7143	83.5714	77	None	None	0	4	2.6447749792566277
57	40.7143	83.5714	78	None	None	0	5	2.22125013453613
58	40.9821	42.8571	78	None	None	0	0	-1
59	42.8571	43.1250	77	None	None	0	0	-1
60	43.1250	43.9286	78	None	None	0	0	-1
61	43.9286	44.1964	75	None	None	0	0	-1
62	44.1964	45.0000	76	None	None	0	0	-1
63	45.0000	94.2857	74	None	None	0	0	-1
64	45.0000	94.2857	75	None	None	0	0	-1
65	45.0000	94.2857	79	None	None	0	0	-1
66	47.1429	48.2143	83	None	None	0	2	4.1124533829524195
67	48.2143	49.2857	90	None	None	0	5	3.5312409208939908
68	49.2857	101.7857	79	None	None	0	1	3.415443059369068
69	49.2857	101.7857	80	None	None	0	2	3.0482174496129697
70	49.5536	50.3571	81	None	None	0	3	2.497795330575405
71	52.5000	52.7679	84	None	None	0	4	2.514196150024289
72	52.7679	53.5714	85	None	None	0	5	2.257800711589996
73	53.5714	110.3571	81	None	None	0	2	2.0921062440331566
74	53.5714	110.3571	82	None	None	0	3	2.4620935804620228
75	53.8393	54.6429	83	None	None	0	5	1.7979187659961822
76	56.7857	57.0536	80	None	None	0	2	1.9789305016072434
77	57.0536	57.8571	80	None	None	0	2	2.0251261537811542
78	57.8571	117.8571	76	None	None	0	0	-1
79	57.8571	117.8571	77	None	None	0	0	-1
80	58.1250	58.9286	78	None	None	0	0	-1
81	61.0714	61.3393	75	None	None	0	0	-1
82	61.3393	62.1429	76	None	None	0	0	-1
83	62.1429	128.5714	74	None	None	0	0	-1
84	62.1429	128.5714	75	None	None	0	0	-1
85	62.1429	128.5714	79	None	None	0	0	-1
86	64.2857	66.4286	83	None	None	0	0	-1
87	66.4286	68.5714	90	None	None	0	0	-1
88	68.5714	70.7143	71	None	None	0	5	2.175917924585298
89	70.7143	75.0000	66	None	None	0	1	0.9192863415497199
90	71.7857	73.9286	67	None	None	0	2	0.5962787293079932
91	73.9286	75.0000	69	None	None	0	3	0.5827436974608604
92	75.0000	152.1429	66	None	None	0	2	0.5827436974608605
93	75.0000	152.1429	67	None	None	0	3	0.42996591968308284
94	78.2143	79.2857	67	None	None	0	0	-1
95	79.2857	161.7857	65	None	None	0	0	-1
96	79.2857	159.6429	70	None	None	0	0	-1
97	80.3571	82.5000	69	None	None	0	0	-1
98	82.5000	85.7143	66	None	None	0	0	-1
99	84.6429	85.7143	69	None	None	0	0	-1
100	85.7143	175.7143	66	None	None	0	0	-1
101	85.7143	175.7143	71	None	None	0	0	-1
102	87.8571	87.9911	84	None	None	0	2	6.167738401811913
103	87.9911	88.1250	85	None	None	0	3	6.061609459165207
104	88.1250	88.2589	86	None	None	0	4	5.190170719652604
105	88.2589	89.8661	89	None	None	0	5	4.115110482919536
106	91.7411	91.8750	78	None	None	0	2	4.000153220560272
107	91.8750	92.0089	79	None	None	0	3	3.1762426930925667
108	92.0089	92.1429	80	None	None	0	4	1.8577349489233221
109	92.1429	93.2143	83	None	None	0	5	1.660476394753812
110	93.2143	94.2857	71	None	None	0	2	1.1394016996318554
111	95.3571	193.9286	66	None	None	0	1	1.093411820355173
112	95.3571	192.8571	66	None	None	0	2	0.8594865022369089
113	97.5000	98.5714	71	None	None	0	3	0.9621262153818103
114	98.5714	199.2857	65	None	None	0	1	1.8430791427558186
115	98.5714	199.2857	69	None	None	0	3	2.4930776169785065
116	100.7143	105.0000	66	None	None	0	2	4.193253913611811
117	101.7857	102.8571	68	None	None	0	2	4.267025246752804
118	102.8571	103.9286	69	None	None	0	3	5.03225658990088
119	103.9286	105.0000	71	None	None	0	4	5.886184603418953
120	105.0000	214.2857	66	None	None	0	1	7.1758249537475125
121	105.0000	214.2857	73	None	None	0	3	7.348681652742165
122	107.1429	216.4286	79	None	None	0	1	7.086182686740012
123	107.1429	216.4286	90	None	None	0	2	7.429398109851933
124	109.2857	222.8571	66	None	None	0	2	7.315800521134917
125	109.2857	222.8571	73	None	None	0	3	7.3486816527421635
126	111.4286	225.0000	79	None	None	0	1	7.086182686740017
127	111.4286	225.0000	90	None	None	0	2	7.4293981098519355
128	113.5714	231.4286	66	None	None	0	2	7.315800521134919
129	113.5714	231.4286	73	None	None	0	3	7.348681652742165
130	115.7143	233.5714	79	None	None	0	1	6.1842708247166875
131	115.7143	233.5714	90	None	None	0	2	5.667471461659362
132	117.8571	240.0000	66	None	None	0	2	4.146098496337348
133	117.8571	240.0000	73	None	None	0	3	4.789291401273879
134	120.0000	244.2857	79	None	None	0	1	5.406904003639681
135	120.0000	244.2857	90	None	None	0	3	5.381157457192502
136	122.1429	246.4286	66	None	None	0	3	4.567055679635308
137	122.1429	246.4286	73	None	None	0	5	5.246059951195299
138	124.2857	252.8571	63	None	None	0	1	6.8152938621887635
139	124.2857	252.8571	70	None	None	0	3	7.060971751178756
140	126.4286	255.0000	76	None	None	0	1	6.385899601106609
141	126.4286	255.0000	87	None	None	0	2	6.6348689924725015
142	128.5714	261.4286	63	None	None	0	2	6.3509771279675675
143	128.5714	261.4286	70	None	None	0	3	6.383858259574812
144	130.7143	263.5714	74	None	None	0	1	5.8180073023225924
145	130.7143	263.5714	85	None	None	0	2	5.965208040367289
146	132.8571	270.0000	63	None	None	0	2	4.722796372075411
147	132.8571	270.0000	70	None	None	0	3	4.5047623061237285
148	135.0000	272.1429	72	None	None	0	1	4.116251911717201
149	135.0000	272.1429	83	None	None	0	2	3.702911679002343
150	137.1429	278.5714	63	None	None	0	2	2.21126049358125
151	137.1429	278.5714	70	None	None	0	3	1.9958933155967038
152	139.2857	280.7143	71	None	None	0	1	1.5772297300754943
153	139.2857	280.7143	82	None	None	0	5	1.710258439656263
154	143.5714	289.2857	59	None	None	0	1	1.2988987254890867
155	143.5714	289.2857	70	None	None	0	5	1.442506004541167
156	147.8571	297.8571	47	None	None	0	1	1.233212686037955
157	147.8571	297.8571	58	None	None	0	4	1.4249432838386242
158	151.0714	303.2143	55	None	None	0	3	1.463349449150276
159	151.0714	303.2143	59	None	None	0	5	1.6131799264421147
160	152.1429	305.3571	47	None	None	0	1	1.613179926442121
161	152.1429	305.3571	58	None	None	0	4	1.5782036391792564
162	153.2143	307.5000	55	None	None	0	3	1.6396365660085255
163	153.2143	307.5000	59	None	None	0	5	1.486393002322891
164	154.2857	309.6429	47	None	None	0	1	1.4256012872628787
165	154.2857	309.6429	58	None	None	0	4	1.3906250000000075
166	155.3571	311.7857	55	None	None	0	0	-1
167	155.3571	311.7857	59	None	None	0	0	-1
168	156.4286	313.9286	47	None	None	0	0	-1
169	156.4286	313.9286	58	None	None	0	0	-1
170	157.5000	316.0714	52	None	None	0	0	-1
171	157.5000	316.0714	56	None	None	0	0	-1
172	158.5714	321.4286	47	None	None	0	0	-1
173	158.5714	321.4286	58	None	None	0	1	7.242667937436695
174	162.8571	163.3929	83	None	None	0	5	6.797250897179741
175	163.5268	163.6607	81	None	None	0	2	5.7850257118478465
176	163.6607	163.7946	82	None	None	0	3	4.984922857527256
177	163.7946	163.9286	83	None	None	0	4	4.33484247286306
178	163.9286	166.0714	86	None	None	0	5	3.521712851483615
179	166.0714	333.2143	55	None	None	0	1	2.128291787495902
180	166.0714	333.2143	59	None	None	0	5	1.7425958188153299
181	167.1429	335.3571	47	None	None	0	1	1.5779616724738716
182	167.1429	335.3571	58	None	None	0	5	1.4944196428571535
183	168.2143	337.5000	52	None	None	0	3	1.3973159843205698
184	168.2143	337.5000	56	None	None	0	5	1.3780856804103867
185	169.2857	339.6429	43	None	None	0	1	1.3463879870129956
186	169.2857	339.6429	54	None	None	0	4	1.1360221333544613
187	170.3571	341.7857	52	None	None	0	3	2.7123436803716072
188	170.3571	341.7857	56	None	None	0	5	2.814782751227717
189	171.4286	343.9286	46	None	None	0	1	3.3530903289600174
190	171.4286	343.9286	57	None	None	0	5	4.518325477527329
191	172.5000	346.0714	51	None	None	0	3	4.77911669651316
192	172.5000	346.0714	55	None	None	0	5	6.023009297113852
193	173.5714	349.2857	43	None	None	0	1	6.969526115223255
194	173.5714	349.2857	54	None	None	0	3	6.573934257400724
195	175.9821	352.5000	74	None	None	0	3	6.7745775677720355
196	175.9821	352.0982	74	None	None	0	2	7.121745476501159
197	176.1161	352.5000	75	None	None	0	2	11.294845266753107
198	176.1161	352.4330	75	None	None	0	3	11.479950132201498
199	176.3170	352.9018	76	None	None	0	3	25.348006502870362
200	176.3170	352.7009	76	None	None	0	2	24.339049558520298
201	176.3839	176.6518	79	None	None	0	4	23.412960838242505
202	176.6518	177.1875	82	None	None	0	5	23.911130301386542
203	177.1875	354.9107	70	None	None	0	2	22.692360884753718
204	177.1875	354.5089	70	None	None	0	1	19.964336378748257
205	177.3214	177.4554	71	None	None	0	4	16.017182545319773
206	177.4554	355.0446	71	None	None	0	1	10.913151776532207
207	177.4554	355.1786	73	None	None	0	0	-1
208	177.5893	177.7232	76	None	None	0	0	-1
209	177.8571	178.3929	78	None	None	0	0	-1
210	178.9286	179.4643	66	None	None	0	0	-1
211	182.1429	366.4286	67	None	None	0	1	0.8446834809035765
212	182.1429	366.4286	69	None	None	0	2	0.9614965919645256
213	182.1429	366.4286	70	None	None	0	3	1.277229350585211
214	182.1429	366.4286	74	None	None	0	5	1.3452449000670414
215	186.4286	187.2619	72	None	None	0	4	1.4333225035297068
216	187.2619	189.7619	69	None	None	0	2	1.3035894495938498
217	188.9286	189.7619	70	None	None	0	4	1.2166032636100204
218	189.7619	192.2619	69	None	None	0	1	0.9160900798998771
219	191.4286	192.2619	72	None	None	0	5	1.0666893290334982
220	192.2619	385.3571	69	None	None	0	3	0.9982369480811167
221	192.2619	385.3571	69	None	None	0	2	0.7067509786933661
222	193.9286	194.7619	74	None	None	0	4	2.315008940969175
223	194.7619	196.4286	69	None	None	0	1	2.227264231164154
224	195.5952	196.4286	73	None	None	0	2	2.302412238480286
225	196.4286	197.2619	69	None	None	0	1	2.2239683609292684
226	197.2619	198.9286	69	None	None	0	1	2.26439962777563
227	198.0952	198.9286	72	None	None	0	2	2.578658869208055
228	198.9286	199.7619	74	None	None	0	1	1.3359930528815345
229	199.7619	203.0952	76	None	None	0	2	1.0581869304325549
230	201.4286	404.5238	81	None	None	0	4	1.7150368385224766
231	201.4286	404.5238	82	None	None	0	5	1.5139440465435638
232	203.0952	205.5952	69	None	None	0	1	1.3156774167784486
233	203.9286	205.5952	74	None	None	0	4	1.062461767311119
234	205.5952	412.0238	69	None	None	0	2	1.6167238966911668
235	205.5952	412.0238	69	None	None	0	1	1.3195540853704102
236	206.4286	207.2619	76	None	None	0	4	2.0304612160798556
237	207.2619	209.7619	69	None	None	0	1	2.4310193833249554
238	208.0952	209.7619	78	None	None	0	5	2.257106919080492
239	210.5952	212.2619	69	None	None	0	1	3.289387138860714
240	211.4286	212.2619	79	None	None	0	5	5.349030907082389
241	212.2619	425.3571	69	None	None	0	2	5.657941256936522
242	212.2619	425.3571	69	None	None	0	1	6.388930081037653
243	213.0952	429.5238	69	None	None	0	1	7.6396589440114795
244	213.0952	429.5238	80	None	None	0	3	11.958894162449711
245	214.7619	431.1905	82	None	None	0	4	12.357792384903357
246	214.7619	431.1905	84	None	None	0	5	12.393778919847525
247	217.6786	217.7827	68	None	None	0	1	12.217758511684272
248	217.7827	217.8869	69	None	None	0	2	10.187292039380967
249	217.8869	217.9911	70	None	None	0	3	9.713745209934988
250	217.9911	218.0952	71	None	None	0	1	2.771142478907165
251	218.0952	219.7619	74	None	None	0	2	2.789707985466927
252	218.9286	219.7619	80	None	None	0	3	3.1128758889919967
253	219.7619	440.3571	82	None	None	0	4	3.0549464672232913
254	219.7619	440.3571	84	None	None	0	5	3.4672073090600257
255	220.5952	442.0238	69	None	None	0	1	3.041732857915912
256	220.5952	442.0238	74	None	None	0	2	2.789707985466927
257	221.4286	222.2619	80	None	None	0	3	3.1128758889919967
258	222.2619	445.3571	82	None	None	0	4	3.0549464672232913
259	222.2619	445.3571	84	None	None	0	5	3.5989074022619647
260	223.0952	447.0238	69	None	None	0	1	2.7393258337855
261	223.0952	447.0238	74	None	None	0	2	2.7770949744606295
262	223.9286	224.7619	80	None	None	0	3	2.3180261625447893
263	224.7619	450.3571	82	None	None	0	4	2.292622250980163
264	224.7619	450.3571	84	None	None	0	5	2.4305481802804527
265	225.5952	452.0238	69	None	None	0	1	1.6441961394641125
266	225.5952	452.0238	74	None	None	0	3	1.7818829106011422
267	227.2619	456.1905	82	None	None	0	3	2.1339519500522552
268	227.2619	456.1905	84	None	None	0	5	2.245617152689915
269	228.9286	458.6905	72	None	None	0	1	3.6255507298943668
270	228.9286	458.6905	82	None	None	0	5	3.757038083090358
271	229.7619	460.3571	72	None	None	0	1	5.1977268586005945
272	229.7619	460.3571	82	None	None	0	5	5.228168276239084
273	230.5952	462.0238	72	None	None	0	1	5.482632561953365
274	230.5952	462.0238	82	None	None	0	5	5.513073979591842
275	231.4286	463.6905	70	None	None	0	1	7.603468518089036
276	231.4286	463.6905	81	None	None	0	5	7.9046556122448814
277	232.2619	465.3571	68	None	None	0	1	7.520604111606042
278	232.2619	465.3571	79	None	None	0	5	8.420408764921056
279	233.0952	467.0238	66	None	None	0	1	8.700178691759696
280	233.0952	467.0238	77	None	None	0	5	8.584773596938746
281	233.9286	468.6905	68	None	None	0	1	11.321676645036176
282	233.9286	468.6905	79	None	None	0	5	12.640896045918295
283	234.7619	470.3571	63	None	None	0	1	9.676674107142812
284	234.7619	470.3571	74	None	None	0	2	8.4243376043599
285	236.4286	474.5238	80	None	None	0	0	-1
286	236.4286	474.5238	91	None	None	0	0	-1
287	238.0952	477.0238	75	None	None	0	0	-1
288	238.0952	477.0238	86	None	None	0	0	-1
289	238.9286	478.6905	68	None	None	0	0	-1
290	238.9286	478.6905	79	None	None	0	0	-1
291	239.7619	240.5952	70	None	None	0	1	6.626332112126448
292	240.5952	482.0238	73	None	None	0	2	6.977224969269298
293	240.5952	482.0238	84	None	None	0	5	6.203787469269276
294	241.4286	483.6905	75	None	None	0	1	6.023366550901936
295	241.4286	483.6905	86	None	None	0	5	6.341569144439343
296	243.0952	487.8571	68	None	None	0	1	4.0462731281492275
297	243.0952	487.8571	79	None	None	0	2	4.225576539020599
298	245.5952	492.0238	56	None	None	0	2	3.82462298133988
299	245.5952	492.0238	67	None	None	0	5	8.822073285733063
300	246.4286	493.6905	58	None	None	0	1	9.878582072937261
301	246.4286	493.6905	69	None	None	0	4	10.331697065753671
302	247.2619	495.3571	61	None	None	0	1	10.352453095438277
303	247.2619	495.3571	72	None	None	0	4	11.28984247667977
304	251.3095	251.4435	69	None	None	0	2	12.375194684129442
305	251.4435	251.5774	70	None	None	0	3	11.626409118549924
306	251.5774	252.3810	71	None	None	0	1	6.431815991796461
307	253.4524	253.5863	81	None	None	0	2	6.9580263303462315
308	253.5863	253.7202	82	None	None	0	3	6.175403634155387
309	253.7202	254.5238	83	None	None	0	4	6.159376467253975
310	254.5238	254.6577	81	None	None	0	2	6.7622123266780205
311	254.6577	254.7917	82	None	None	0	3	7.014120723624707
312	254.7917	255.5952	83	None	None	0	4	5.988202199524546
313	255.5952	255.7292	81	None	None	0	2	6.510393590478331
314	255.7292	255.8631	82	None	None	0	3	6.799621749935613
315	255.8631	256.6667	83	None	None	0	4	6.153523361470766
316	257.2024	257.3363	81	None	None	0	2	6.789839382115531
317	257.3363	257.4702	82	None	None	0	3	10.076834602375154
318	257.4702	257.6042	83	None	None	0	1	9.209278604574433
319	257.6042	257.7381	86	None	None	0	5	10.637313201435946
320	260.4167	260.5506	74	None	None	0	1	10.755682955391944
321	260.5506	260.6845	75	None	None	0	2	10.32790517761457
322	260.6845	260.8185	76	None	None	0	1	7.372752505858635
323	260.8185	260.9524	77	None	None	0	2	13.37752349822409
324	260.9524	263.0952	80	None	None	0	3	14.446312533615938
325	262.0238	265.2381	86	None	None	0	5	16.319045180910642
326	263.0952	263.2292	69	None	None	0	1	15.811813885860529
327	263.2292	263.3631	70	None	None	0	2	18.099572464897697
328	263.3631	263.4970	72	None	None	0	1	14.75949974928482
329	263.4970	263.6310	73	None	None	0	2	14.75949974928483
330	263.6310	263.7649	74	None	None	0	1	10.75568295539142
331	263.7649	263.8988	75	None	None	0	2	10.327905177613257
332	263.8988	264.0327	76	None	None	0	1	7.372752505858346
333	264.0327	264.1667	77	None	None	0	2	13.377523498225084
334	264.1667	265.2381	80	None	None	0	3	14.446312533616933
335	265.2381	268.4524	86	None	None	0	5	16.319045180910354
336	266.3095	266.4435	69	None	None	0	1	15.811813885860241
337	266.4435	266.5774	70	None	None	0	2	18.099572464897424
338	266.5774	266.7113	72	None	None	0	1	13.993158796125883
339	266.7113	266.8452	73	None	None	0	2	13.34977989549066
340	266.8452	266.9792	74	None	None	0	1	10.253511871741496
341	266.9792	267.1131	75	None	None	0	2	8.897405001512265
342	267.1131	267.2470	76	None	None	0	1	5.4915290857183185
343	267.2470	267.3810	77	None	None	0	2	4.3269060554389895
344	267.3810	269.5238	80	None	None	0	3	4.965351579380743
345	268.4524	269.5238	86	None	None	0	5	5.815501529472874
346	270.0595	270.1935	74	None	None	0	1	6.122593739380483
347	270.1935	270.3274	75	None	None	0	2	5.643732278392674
348	270.3274	270.4613	76	None	None	0	3	4.752211013398064
349	270.4613	270.5952	77	None	None	0	4	5.162728401014829
350	270.5952	272.7381	80	None	None	0	5	5.856809341279015
351	273.2738	273.4077	74	None	None	0	1	6.110199321459073
352	273.4077	273.5417	75	None	None	0	2	5.57988224667632
353	273.5417	273.6756	76	None	None	0	3	4.656218124538853
354	273.6756	273.8095	77	None	None	0	4	4.2690211683479555
355	273.8095	277.0238	80	None	None	0	5	4.283896408088081
356	277.5595	277.6935	74	None	None	0	1	4.3699406569987795
357	277.6935	277.8274	75	None	None	0	2	2.5738070429658833
358	277.8274	277.9613	76	None	None	0	3	2.5738070429658833
359	277.9613	278.0952	77	None	None	0	4	2.5738070429658833
360	278.0952	282.3810	80	None	None	0	5	2.5738070429658833
361	280.2381	282.3810	80	None	None	0	3	2.5738070429658833
362	282.3810	569.0476	75	None	None	0	1	2.5738070429658833
363	282.3810	569.0476	86	None	None	0	5	2.5738070429658833
364	286.6667	577.6190	69	None	None	0	1	2.5738070429658833
365	286.6667	577.6190	76	None	None	0	4	2.5738070429658833
366	286.6667	577.6190	86	None	None	0	0	2.5738070429658833
