0	0.0000	0.4167	50	None	None	1	-5	4.937035443487044
1	0.4167	0.6250	62	None	None	1	-2	3.951433251433236
2	0.6250	0.8333	61	None	None	1	-3	3.3143676143676006
3	0.8333	1.0417	60	None	None	1	-4	2.9887562887562775
4	1.0417	1.2500	61	None	None	1	-3	2.7465660465660373
5	1.2500	1.4583	62	None	None	1	-2	2.03120131959417
6	1.4583	1.6667	61	None	None	1	-3	1.6871858755787252
7	1.6667	1.8750	60	None	None	1	-5	2.188640646676353
8	1.8750	2.0833	61	None	None	1	-4	1.7816264896621987
9	2.0833	2.5000	62	None	None	1	-2	2.6507553950634284
10	2.5000	2.9167	62	None	None	1	-2	3.0577695520775867
11	2.9167	3.3333	62	None	None	1	-2	3.7585417528497866
12	3.3333	3.7500	62	None	None	1	-2	3.7585417528497866
13	4.1667	4.3750	60	None	None	1	-3	4.343451147642185
14	4.3750	4.5833	61	None	None	1	-2	6.447733683793464
15	4.5833	5.0000	62	None	None	1	-1	8.803621714681496
16	5.0000	5.4167	62	None	None	1	-1	10.071961483021266
17	5.8333	6.0417	48	None	None	1	-5	10.11358969373429
18	6.0417	6.2500	49	None	None	1	-4	10.563074893219486
19	6.2500	6.6667	50	None	None	1	-3	10.228615433760025
20	6.6667	7.0833	50	None	None	1	-5	8.518842008260796
21	7.2917	7.5000	59	None	None	1	-2	8.997650090392021
22	7.5000	7.7083	60	None	None	1	-1	8.529985997727925
23	7.7083	7.9167	61	None	None	1	-3	6.41369662948002
24	7.9167	8.1250	62	None	None	1	-1	6.315864811486914
25	8.1250	8.3333	61	None	None	1	-2	5.187100332722432
26	8.3333	8.5417	60	None	None	1	-3	5.257177552799651
27	8.5417	8.7500	59	None	None	1	-4	5.226209084331186
28	8.9583	9.1667	61	None	None	1	-1	8.353255965324914
29	9.1667	9.3750	60	None	None	1	-2	8.716448256842336
30	9.3750	9.5833	59	None	None	1	-3	9.306538346932424
31	9.5833	9.7917	58	None	None	1	-4	9.362317489903683
32	9.7917	10.0000	59	None	None	1	-3	9.625107065193262
33	10.0000	10.2083	60	None	None	1	-2	11.48667858569335
34	10.2083	10.4167	61	None	None	1	-1	9.17341083037659
35	10.8333	11.0417	53	None	None	1	-2	8.548158977538531
36	11.0417	11.2500	52	None	None	1	-1	7.036801191180742
37	11.2500	11.4583	51	None	None	1	-2	7.5771113169747375
38	11.4583	11.6667	52	None	None	1	-1	7.703945293808719
39	11.6667	11.8750	51	None	None	1	-2	7.00954374940718
40	11.8750	12.0833	50	None	None	1	-3	6.6343828742463
41	12.0833	12.9167	49	None	None	1	-4	5.830167945031373
42	13.1250	13.3333	48	None	None	1	-5	6.502086187570054
43	13.3333	13.5417	49	None	None	1	-4	7.3634117988956636
44	13.5417	13.7500	50	None	None	1	-3	8.886717939137295
45	13.9583	14.1667	62	None	None	1	0	-1
46	14.1667	14.3750	61	None	None	1	0	-1
47	14.3750	14.5833	60	None	None	1	0	-1
48	14.5833	14.7917	59	None	None	1	0	-1
49	14.7917	15.0000	60	None	None	1	0	-1
50	15.0000	15.2083	61	None	None	1	0	-1
51	15.2083	15.4167	62	None	None	1	0	-1
52	15.6250	15.8333	47	None	None	1	-1	10.424457695022205
53	15.8333	16.0417	46	None	None	1	-2	9.800133370697887
54	16.0417	16.2500	45	None	None	1	-3	11.241993087557594
55	16.2500	16.8750	44	None	None	1	-4	12.406590566810243
56	16.8750	17.0833	41	None	None	1	-5	14.268739768183568
57	17.0833	17.2917	47	None	None	1	-4	13.84731579318818
58	17.5000	17.7083	58	None	None	1	-1	11.374322062129913
59	17.7083	17.9167	57	None	None	1	-2	10.616213954021815
60	17.9167	18.1250	56	None	None	1	-3	9.979148316956177
61	18.1250	18.3333	57	None	None	1	-2	9.31855235232795
62	18.3333	18.7500	58	None	None	1	-1	7.585813738137762
63	18.9583	19.1667	46	None	None	1	-3	7.600235011179715
64	19.1667	19.3750	45	None	None	1	-4	7.5763393413163005
65	19.3750	19.5833	44	None	None	1	-5	7.44200625007076
66	19.5833	19.7917	45	None	None	1	-4	9.208627579192108
67	19.7917	20.0000	46	None	None	1	-3	12.043896014258921
68	20.0000	20.4167	46	None	None	1	-5	9.847531604184834
69	20.4167	20.6250	48	None	None	1	-4	10.425799964711258
70	20.6250	20.8333	49	None	None	1	-3	10.24875736912027
71	20.8333	21.2500	50	None	None	1	-2	10.178680149043057
72	21.2500	21.4583	49	None	None	1	-3	10.869120012870008
73	21.4583	21.6667	50	None	None	1	-2	10.19850100676714
74	21.6667	22.0833	51	None	None	1	-1	6.263751972018093
75	22.0833	22.2917	36	None	None	1	-5	7.011585532207654
76	22.2917	22.5000	37	None	None	1	-4	6.359966438624269
77	22.5000	22.9167	38	None	None	1	-3	9.185352539010342
78	22.9167	23.1250	39	None	None	1	-2	9.993669265875461
79	23.1250	23.3333	38	None	None	1	-4	9.854102798486398
80	23.3333	23.7500	37	None	None	1	-5	9.74592574388079
81	23.7500	23.9583	40	None	None	1	-4	10.95281238020291
82	23.9583	24.1667	41	None	None	1	-3	14.558363988577119
83	24.1667	24.5833	42	None	None	1	-1	13.503032700656572
84	25.0000	25.2083	43	None	None	1	-3	13.985860630215484
85	25.2083	25.4167	44	None	None	1	-2	13.754420076361141
86	25.4167	25.6250	45	None	None	1	-1	12.670355492296556
87	25.8333	26.0417	46	None	None	1	-4	10.707810999607451
88	26.0417	26.2500	47	None	None	1	-1	10.031451863974128
89	26.2500	26.4583	48	None	None	1	-3	6.258908410382267
90	26.4583	26.6667	49	None	None	1	-2	7.234197985671846
91	26.6667	26.8750	50	None	None	1	-1	6.150133401607259
92	27.0833	27.7083	51	None	None	1	-2	4.902312481608929
93	27.7083	27.9167	52	None	None	1	-1	5.739420437559254
94	27.9167	28.5417	46	None	None	1	-4	5.130868278868049
95	28.5417	28.7500	45	None	None	1	-5	5.26907144111181
96	28.7500	29.1667	50	None	None	1	-3	5.434853294393665
97	29.1667	29.3750	51	None	None	1	-2	5.012895635811984
98	29.3750	29.5833	52	None	None	1	-1	4.693991039321176
99	29.5833	29.7917	46	None	None	1	-3	4.736316840267668
100	29.7917	30.0000	45	None	None	1	-4	4.341690070640891
101	30.0000	30.2083	44	None	None	1	-5	3.191774232917168
102	30.4167	31.0417	50	None	None	1	-3	3.8825489282385837
103	31.0417	31.2500	51	None	None	1	-1	3.0293046965460766
104	31.2500	31.8750	45	None	None	1	-2	3.156681681681682
105	31.8750	32.0833	49	None	None	1	-1	2.817268376751134
106	32.0833	32.7083	43	None	None	1	-2	3.577706559479984
107	32.7083	32.9167	47	None	None	1	-1	4.319120844982934
108	32.9167	33.5417	41	None	None	1	-4	4.347998491101956
109	33.5417	33.7500	45	None	None	1	-2	4.365146673767386
110	33.7500	34.3750	39	None	None	1	-4	4.258969067589754
111	34.3750	34.5833	40	None	None	1	-3	4.6617117117117015
112	34.5833	34.7917	41	None	None	1	-2	4.661711711711709
113	34.7917	35.0000	40	None	None	1	-3	4.661711711711709
114	35.0000	35.2083	39	None	None	1	-4	4.661711711711683
115	35.2083	35.4167	40	None	None	1	-3	4.6617117117117
116	35.4167	35.6250	41	None	None	1	-2	4.661711711711699
117	35.6250	35.8333	40	None	None	1	-4	9.18390922192765
118	35.8333	36.0417	39	None	None	1	-5	8.40074215267685
119	36.0417	36.2500	40	None	None	1	-4	8.181308433243132
120	36.2500	36.4583	41	None	None	1	-3	8.685748587683275
121	36.4583	36.6667	40	None	None	1	-4	9.923285755392866
122	36.6667	36.8750	39	None	None	1	-5	14.415293880632323
123	36.8750	37.0833	40	None	None	1	-4	14.152144277827539
124	37.0833	37.2917	41	None	None	1	-3	14.152144277827542
125	37.5000	37.9167	51	None	None	1	-1	10.585747466269417
126	38.1250	38.3333	50	None	None	1	-4	9.97862162121253
127	38.3333	38.5417	49	None	None	1	-5	10.437358254488355
128	38.5417	38.7500	50	None	None	1	-4	9.580858897989005
129	38.7500	38.9583	51	None	None	1	-3	10.338967006097095
130	39.1667	39.5833	61	None	None	1	-1	6.316236902721872
131	39.7917	40.0000	60	None	None	1	-4	5.3536191721675594
132	40.0000	40.2083	59	None	None	1	-5	6.139733051023369
133	40.2083	40.4167	60	None	None	1	-4	6.371999159297539
134	40.4167	40.6250	61	None	None	1	-3	6.060544847843236
135	40.8333	41.2500	71	None	None	1	-1	5.539776383526376
136	41.2500	41.4583	71	None	None	1	-1	7.759872563890406
137	41.4583	41.6667	70	None	None	1	-2	7.221198175216038
138	41.6667	41.8750	69	None	None	1	-3	7.15749161150947
139	41.8750	42.0833	70	None	None	1	-2	7.243141547159382
140	42.0833	42.2917	71	None	None	1	-1	7.351318601765035
141	42.9167	43.1250	59	None	None	1	-4	7.35662748207391
142	43.1250	43.3333	60	None	None	1	-3	7.727283852730273
143	43.3333	43.7500	61	None	None	1	-1	6.479399935649939
144	44.1667	44.3750	49	None	None	1	-4	6.48603603603603
145	44.3750	44.5833	50	None	None	1	-3	6.486036036036014
146	44.5833	44.7917	51	None	None	1	-2	6.486036036036031
147	44.7917	45.0000	50	None	None	1	-3	6.583650932038024
148	45.0000	45.2083	49	None	None	1	-5	5.542219350687075
149	45.2083	45.4167	50	None	None	1	-4	5.322785631253359
150	45.4167	45.6250	51	None	None	1	-3	5.456569415037141
151	45.6250	45.8333	50	None	None	1	-4	5.237135695603418
152	45.8333	46.0417	49	None	None	1	-5	4.717118229157386
153	46.0417	46.2500	50	None	None	1	-4	4.497684509723668
154	46.2500	46.6667	51	None	None	1	-3	4.631468293507454
155	46.6667	47.0833	57	None	None	1	-1	5.147566188637603
156	47.5000	47.7083	50	None	None	1	-4	5.802960102960079
157	47.7083	47.9167	51	None	None	1	-3	5.802960102960094
158	47.9167	48.1250	52	None	None	1	-2	5.8029601029600935
159	48.1250	48.3333	51	None	None	1	-3	5.410902146386001
160	48.3333	48.5417	50	None	None	1	-4	4.774909702329049
161	48.5417	48.7500	51	None	None	1	-3	4.821658467222987
162	48.7500	48.9583	52	None	None	1	-2	5.66752138082781
163	48.9583	49.1667	51	None	None	1	-3	5.7873681861584965
164	49.1667	49.3750	50	None	None	1	-5	8.440324137501532
165	49.3750	49.5833	51	None	None	1	-4	8.638039710217079
166	49.5833	50.0000	52	None	None	1	-3	10.041587785942587
167	50.0000	50.4167	47	None	None	1	-5	10.599930979366418
168	50.4167	50.6250	52	None	None	1	-4	12.324503504342228
169	50.6250	50.8333	53	None	None	1	-3	13.212904145767048
170	50.8333	51.0417	54	None	None	1	-1	12.184592193261595
171	51.2500	51.4583	55	None	None	1	-3	9.892510364889421
172	51.4583	51.6667	56	None	None	1	-2	9.577325968670547
173	51.6667	51.8750	57	None	None	1	-1	11.835144501489069
174	52.0833	52.2917	58	None	None	1	-3	10.847476219465925
175	52.2917	52.5000	60	None	None	1	-2	11.822765794755496
176	52.5000	52.7083	61	None	None	1	-1	9.100926732190583
177	52.9167	53.1250	48	None	None	1	-5	9.12912465338967
178	53.1250	53.3333	50	None	None	1	-4	9.21052748479249
179	53.3333	53.5417	51	None	None	1	-3	9.096765763887923
180	53.9583	54.1667	59	None	None	1	-1	8.946471044627685
181	54.1667	54.3750	60	None	None	1	-3	4.697987867573115
182	54.3750	54.5833	61	None	None	1	-2	4.811951831537081
183	54.5833	54.7917	62	None	None	1	-1	4.066915979358372
184	55.0000	55.2083	54	None	None	1	-2	3.0637884637884554
185	55.2083	55.4167	49	None	None	1	-3	3.0360828360828145
186	55.4167	55.6250	51	None	None	1	-2	3.0360828360828145
187	55.6250	55.8333	49	None	None	1	-3	3.0360828360828087
188	55.8333	56.0417	54	None	None	1	-1	3.036082836082827
189	56.0417	56.2500	49	None	None	1	-3	3.036082836082827
190	56.2500	56.4583	51	None	None	1	-2	3.0360828360828203
191	56.4583	56.6667	49	None	None	1	-3	3.036082836082825
192	56.6667	56.8750	54	None	None	1	-1	3.036082836082825
193	56.8750	57.0833	49	None	None	1	-3	3.0360828360828207
194	57.0833	57.2917	51	None	None	1	-2	3.5995319995320036
195	57.2917	57.5000	49	None	None	1	-4	3.4403578222126807
196	57.5000	57.7083	54	None	None	1	-2	5.526869218401497
197	57.7083	57.9167	49	None	None	1	-4	8.539835756368014
198	57.9167	58.1250	51	None	None	1	-3	13.618834329721542
199	58.1250	58.3333	49	None	None	1	0	-1
200	58.3333	58.5417	54	None	None	1	0	-1
201	58.5417	58.7500	49	None	None	1	0	-1
202	58.7500	59.1667	48	None	None	1	0	-1
203	59.1667	59.3750	59	None	None	1	0	-1
204	59.3750	59.5833	61	None	None	1	0	-1
205	59.5833	60.0000	62	None	None	1	0	-1
206	60.0000	60.2083	40	None	None	1	-1	4.507910704031376
207	60.2083	60.4167	39	None	None	1	-2	3.1127369588576435
208	60.4167	61.0417	37	None	None	1	-3	3.8228668417977527
209	61.0417	61.2500	36	None	None	1	-4	4.385160662712241
210	61.2500	61.8750	35	None	None	1	-5	3.747210212261782
211	61.8750	62.0833	37	None	None	1	-4	5.014600051080211
212	62.0833	62.7083	38	None	None	1	-3	6.525399710372696
213	62.7083	62.9167	40	None	None	1	-2	7.039690059437788
214	62.9167	63.3333	41	None	None	1	-1	6.906485426233171
215	63.3333	63.7500	41	None	None	1	-2	6.081793683799492
216	64.3750	64.5833	42	None	None	1	-1	4.939979293809917
217	64.5833	64.7917	41	None	None	1	-2	6.15770877444264
218	64.7917	65.0000	40	None	None	1	-3	6.4387649458214
219	65.0000	65.4167	39	None	None	1	-4	5.402889784946225
220	65.4167	65.8333	38	None	None	1	-5	5.7452355004774445
221	65.8333	66.0417	39	None	None	1	-4	5.258999762225587
222	66.0417	66.2500	40	None	None	1	-3	5.414726917952705
223	66.2500	66.6667	41	None	None	1	-2	5.332135908575977
224	66.6667	67.0833	41	None	None	1	-5	4.0707272649093
225	67.0833	67.5000	53	None	None	1	-2	4.502909403190155
226	67.5000	67.7083	52	None	None	1	-4	7.792820973746949
227	67.7083	67.9167	55	None	None	1	-2	8.706351129518502
228	67.9167	68.1250	53	None	None	1	-3	10.003648426815756
229	68.1250	68.3333	51	None	None	1	-4	17.51413538546747
230	68.3333	68.7500	50	None	None	1	-5	16.990148898981
231	69.1667	69.3750	51	None	None	1	-4	17.470437382617714
232	69.3750	69.5833	52	None	None	1	-3	16.80788912006944
233	69.5833	70.0000	56	None	None	1	-2	16.94308860526891
234	70.0000	70.4167	63	None	None	1	-1	13.51797339789558
235	70.6250	70.8333	64	None	None	1	-4	10.407213623342688
236	70.8333	71.2500	68	None	None	1	-3	10.841294503852184
237	71.2500	71.4583	80	None	None	1	-1	5.229543351778327
238	71.4583	71.6667	77	None	None	1	-3	5.089968062203109
239	71.6667	71.8750	79	None	None	1	-2	5.497690069925129
240	71.8750	72.0833	76	None	None	1	-4	5.917091614326633
241	72.0833	72.5000	80	None	None	1	-2	6.175103197338228
242	72.5000	72.7083	77	None	None	1	-3	6.4818869396058405
243	72.7083	72.9167	76	None	None	1	-4	6.857047814766706
244	72.9167	73.3333	75	None	None	1	-5	13.12581164113426
245	73.3333	73.5417	88	None	None	1	0	-1
246	73.5417	73.7500	87	None	None	1	0	-1
247	73.7500	73.9583	86	None	None	1	0	-1
248	73.9583	74.1667	85	None	None	1	0	-1
249	74.1667	74.3750	84	None	None	1	0	-1
250	74.3750	74.5833	85	None	None	1	0	-1
251	74.5833	74.7917	86	None	None	1	0	-1
252	75.0000	75.2083	64	None	None	1	0	-1
253	75.2083	75.4167	63	None	None	1	0	-1
254	75.4167	75.6250	62	None	None	1	0	-1
255	75.6250	75.8333	61	None	None	1	0	-1
256	75.8333	76.0417	60	None	None	1	0	-1
257	76.0417	76.2500	61	None	None	1	0	-1
258	76.2500	76.4583	62	None	None	1	0	-1
259	76.6667	76.8750	40	None	None	1	-1	4.640669240669256
260	76.8750	77.0833	39	None	None	1	-2	4.640669240669256
261	77.0833	77.2917	38	None	None	1	-3	4.640669240669256
262	77.2917	77.5000	37	None	None	1	-4	4.640669240669256
263	77.5000	77.7083	36	None	None	1	-5	4.640669240669256
264	77.7083	77.9167	37	None	None	1	-4	4.640669240669256
265	77.9167	78.3333	38	None	None	1	-3	4.640669240669256
266	78.3333	78.7500	38	None	None	1	-3	4.640669240669256
267	78.7500	79.1667	38	None	None	1	-3	4.640669240669256
268	79.1667	79.5833	38	None	None	1	0	4.640669240669256
