0	1.6667	2.0833	56	None	None	0	1	7.217198518465787
1	2.0833	2.2917	68	None	None	0	4	6.486036036036024
2	2.2917	2.5000	67	None	None	0	3	5.785263835263825
3	2.5000	2.7083	66	None	None	0	2	7.677295304097465
4	2.7083	2.9167	67	None	None	0	3	12.099740308265652
5	2.9167	3.1250	68	None	None	0	4	12.405632935586851
6	3.1250	3.3333	67	None	None	0	3	11.704860734814652
7	3.3333	3.5417	66	None	None	0	1	11.595864440132868
8	3.5417	3.7500	67	None	None	0	2	10.90146289573132
9	3.7500	4.1667	68	None	None	0	3	11.335021454289885
10	4.1667	4.5833	68	None	None	0	1	5.987889720617553
11	5.0000	5.2083	78	None	None	0	3	6.3015822824936185
12	5.2083	5.4167	79	None	None	0	4	5.772915438309537
13	5.4167	5.8333	80	None	None	0	5	5.033464252429788
14	5.8333	6.2500	80	None	None	0	5	5.3612967647450605
15	6.6667	6.8750	68	None	None	0	2	5.577582878444968
16	6.8750	7.0833	69	None	None	0	3	5.795178024611544
17	7.0833	7.7083	70	None	None	0	5	4.739738458550059
18	7.7083	7.9167	69	None	None	0	3	5.382240703053529
19	7.9167	8.5417	70	None	None	0	5	4.13421882061741
20	8.5417	8.7500	69	None	None	0	4	4.036369740009706
21	8.7500	9.3750	70	None	None	0	5	3.7304771126884892
22	9.3750	9.5833	69	None	None	0	4	4.329780541733292
23	9.5833	10.2083	68	None	None	0	3	4.763339100291855
24	10.4167	11.6667	66	None	None	0	1	5.172036437359012
25	11.6667	11.8750	67	None	None	0	3	5.5002973595715385
26	11.8750	12.0833	68	None	None	0	4	8.657472391746587
27	12.2917	12.5000	64	None	None	0	1	8.477019260639963
28	12.5000	12.7083	65	None	None	0	2	7.885256068876763
29	12.7083	12.9167	66	None	None	0	3	7.388496554260111
30	12.9167	13.1250	67	None	None	0	4	7.296475962239518
31	13.1250	13.3333	66	None	None	0	3	7.029978340569488
32	13.3333	13.5417	65	None	None	0	2	6.692159148405189
33	13.5417	13.7500	64	None	None	0	0	-1
34	13.7500	14.3750	63	None	None	0	0	-1
35	14.3750	14.5833	64	None	None	0	0	-1
36	14.5833	15.2083	65	None	None	0	0	-1
37	15.2083	15.4167	68	None	None	0	0	-1
38	15.4167	16.0417	60	None	None	0	0	-1
39	16.0417	16.2500	61	None	None	0	1	5.964636321376369
40	16.4583	16.6667	69	None	None	0	2	4.516134017228906
41	16.6667	16.8750	70	None	None	0	3	4.150004340754395
42	16.8750	17.0833	71	None	None	0	4	4.150004340754396
43	17.0833	17.9167	67	None	None	0	1	4.604277018662516
44	18.1250	18.3333	68	None	None	0	2	4.303926146413835
45	18.3333	18.5417	69	None	None	0	3	3.929923949830999
46	18.5417	18.7500	68	None	None	0	2	3.82162279152984
47	18.7500	19.1667	67	None	None	0	1	3.254055223962268
48	19.1667	19.5833	67	None	None	0	1	3.518447087547678
49	19.7917	20.0000	68	None	None	0	2	3.093051001806767
50	20.0000	20.2083	69	None	None	0	3	3.462902996658751
51	20.2083	20.4167	73	None	None	0	5	4.006835260061068
52	20.4167	20.6250	66	None	None	0	2	4.76579470577165
53	20.8333	21.0417	70	None	None	0	5	5.611997297135541
54	21.0417	21.2500	66	None	None	0	4	5.857782415098076
55	21.2500	21.4583	67	None	None	0	5	6.162560407376057
56	21.6667	21.8750	63	None	None	0	3	7.026520597142705
57	21.8750	22.0833	65	None	None	0	4	7.852968473590581
58	22.0833	22.2917	66	None	None	0	5	10.827336204553962
59	22.5000	22.7083	58	None	None	0	3	10.773117501141705
60	22.7083	22.9167	54	None	None	0	2	10.811341439365643
61	22.9167	23.1250	55	None	None	0	3	10.436180564204767
62	23.1250	23.3333	54	None	None	0	2	10.302396780420981
63	23.3333	23.5417	53	None	None	0	1	10.710324293187206
64	23.5417	23.7500	55	None	None	0	2	13.319108076971006
65	23.7500	23.9583	54	None	None	0	1	9.490922748785659
66	24.1667	24.3750	67	None	None	0	5	9.25348735832608
67	24.3750	24.5833	66	None	None	0	4	8.81992879976752
68	24.5833	24.7917	65	None	None	0	0	-1
69	24.7917	25.0000	67	None	None	0	0	-1
70	25.0000	25.2083	66	None	None	0	0	-1
71	25.4167	25.6250	55	None	None	0	0	-1
72	25.6250	25.8333	54	None	None	0	0	-1
73	25.8333	26.0417	52	None	None	0	0	-1
74	26.0417	26.2500	53	None	None	0	0	-1
75	26.2500	26.4583	54	None	None	0	1	6.49341745614787
76	26.6667	26.8750	68	None	None	0	5	4.545826121688186
77	26.8750	27.0833	66	None	None	0	4	5.41186234936235
78	27.0833	27.2917	61	None	None	0	1	4.858293946656021
79	27.2917	27.5000	62	None	None	0	2	3.5280552664173355
80	27.5000	28.1250	59	None	None	0	1	4.451578240802364
81	28.1250	28.3333	61	None	None	0	2	4.590243753605804
82	28.3333	28.5417	67	None	None	0	4	3.8014874648495236
83	28.5417	28.7500	66	None	None	0	3	4.020921184283243
84	28.7500	28.9583	60	None	None	0	2	4.12796449046449
85	28.9583	29.1667	61	None	None	0	3	3.5420756459549594
86	29.1667	29.7917	59	None	None	0	1	3.769202223943602
87	29.7917	30.0000	61	None	None	0	2	3.633433203691823
88	30.0000	30.2083	67	None	None	0	4	3.7454599920117193
89	30.2083	30.4167	65	None	None	0	3	3.4953068832379235
90	30.4167	30.6250	63	None	None	0	2	3.9224410258893014
91	30.6250	30.8333	64	None	None	0	5	2.5720219435736675
92	30.8333	31.4583	58	None	None	0	3	2.11252193752194
93	31.4583	31.6667	62	None	None	0	5	2.1333179518524394
94	31.6667	32.0833	56	None	None	0	3	2.838049540327873
95	32.2917	32.5000	60	None	None	0	5	3.075118505845115
96	32.5000	33.1250	54	None	None	0	3	3.139351570078161
97	33.1250	33.3333	58	None	None	0	5	2.9700165947087043
98	33.3333	33.7500	52	None	None	0	3	2.7383563630484753
99	33.9583	34.1667	56	None	None	0	5	4.155738488312373
100	34.1667	34.7917	50	None	None	0	2	4.923277310161554
101	34.7917	35.0000	56	None	None	0	5	5.255539991562162
102	35.0000	35.4167	49	None	None	0	1	5.3802406158317435
103	35.6250	35.8333	57	None	None	0	4	8.639324497649211
104	35.8333	36.2500	48	None	None	0	1	8.723991060764053
105	36.4583	36.6667	58	None	None	0	5	9.148989158791702
106	36.6667	37.0833	47	None	None	0	1	9.572006477498693
107	37.2917	37.5000	46	None	None	0	2	8.928875292126122
108	37.5000	37.7083	45	None	None	0	1	11.79787880024248
109	37.7083	37.9167	46	None	None	0	2	10.858027988839952
110	37.9167	38.1250	47	None	None	0	1	8.353201734013712
111	38.3333	38.7500	57	None	None	0	3	8.400208447942017
112	38.9583	39.1667	56	None	None	0	2	8.928875292126115
113	39.1667	39.3750	55	None	None	0	1	11.797878800242598
114	39.3750	39.5833	56	None	None	0	2	10.541183434926516
115	39.5833	39.7917	57	None	None	0	1	7.972650616393732
116	40.0000	40.4167	67	None	None	0	3	7.914529329504333
117	40.6250	40.8333	66	None	None	0	2	7.953009558501798
118	40.8333	41.0417	65	None	None	0	1	7.010281115773368
119	41.0417	41.2500	66	None	None	0	2	6.252173007665262
120	41.2500	41.4583	67	None	None	0	1	3.903073908566101
121	41.6667	42.0833	77	None	None	0	4	3.9741756534859864
122	42.2917	42.5000	76	None	None	0	3	4.127284427284412
123	42.5000	42.7083	75	None	None	0	2	4.127284427284394
124	42.7083	42.9167	76	None	None	0	3	4.12728442728441
125	42.9167	43.1250	77	None	None	0	4	4.12728442728441
126	43.1250	43.3333	76	None	None	0	3	3.8608751608751417
127	43.3333	43.5417	75	None	None	0	2	3.0900257400257285
128	43.5417	43.7500	76	None	None	0	3	2.3892535392535343
129	43.7500	43.9583	77	None	None	0	5	2.7939074278359923
130	43.9583	44.1667	76	None	None	0	4	3.385670619599204
131	44.1667	44.3750	75	None	None	0	3	3.3856706195992037
132	44.3750	44.5833	76	None	None	0	4	3.300020683949249
133	44.5833	45.0000	77	None	None	0	5	3.7676847766133608
134	45.0000	45.4167	77	None	None	0	5	4.685059293987871
135	45.4167	45.8333	77	None	None	0	5	5.322124931053502
136	45.8333	46.2500	77	None	None	0	5	5.443092672988986
137	46.6667	46.8750	64	None	None	0	1	4.847301856662455
138	46.8750	47.0833	65	None	None	0	2	4.196336605697192
139	47.0833	47.2917	66	None	None	0	4	4.236968481812926
140	47.2917	47.5000	65	None	None	0	3	3.954399046017691
141	47.5000	47.7083	64	None	None	0	1	3.7688830000177655
142	47.7083	47.9167	65	None	None	0	2	4.228025305588636
143	47.9167	48.3333	66	None	None	0	3	4.587875350663349
144	48.3333	48.7500	60	None	None	0	1	6.903505855262753
145	49.1667	49.3750	64	None	None	0	2	9.920473699505962
146	49.3750	49.5833	65	None	None	0	1	8.731619753393948
147	49.5833	49.7917	66	None	None	0	2	8.19294536471958
148	50.0000	50.2083	65	None	None	0	1	7.959336838484315
149	50.2083	50.4167	67	None	None	0	2	11.656589394694292
150	50.4167	50.6250	68	None	None	0	0	-1
151	50.8333	51.0417	69	None	None	0	0	-1
152	51.0417	51.2500	70	None	None	0	0	-1
153	51.2500	51.4583	71	None	None	0	0	-1
154	51.6667	51.8750	71	None	None	0	0	-1
155	51.8750	52.0833	72	None	None	0	0	-1
156	52.0833	52.2917	73	None	None	0	1	6.133564253552714
157	52.5000	52.7083	83	None	None	0	3	5.382744309184383
158	52.7083	52.9167	84	None	None	0	4	5.977062491002558
159	52.9167	53.1250	87	None	None	0	5	9.38836330046006
160	53.3333	53.5417	72	None	None	0	1	11.525913827526695
161	53.5417	53.7500	73	None	None	0	2	10.913909615522488
162	53.7500	53.9583	77	None	None	0	4	16.929179074340336
163	53.9583	54.1667	71	None	None	0	0	-1
164	54.1667	54.3750	72	None	None	0	0	-1
165	54.3750	54.5833	73	None	None	0	0	-1
166	54.5833	54.7917	74	None	None	0	0	-1
167	55.0000	110.2083	78	None	None	0	0	-1
168	55.0000	110.2083	90	None	None	0	0	-1
169	55.2083	55.4167	85	None	None	0	5	42.66180156456651
170	55.6250	55.8333	73	None	None	0	0	-1
171	55.8333	111.8750	66	None	None	0	0	-1
172	55.8333	111.8750	78	None	None	0	0	-1
173	56.0417	56.2500	73	None	None	0	0	-1
174	56.4583	56.6667	61	None	None	0	0	-1
175	56.6667	56.8750	66	None	None	0	0	-1
176	57.0833	57.2917	39	None	None	0	0	-1
177	57.2917	57.5000	37	None	None	0	0	-1
178	57.7083	115.6250	61	None	None	0	0	-1
179	57.7083	115.6250	73	None	None	0	0	-1
180	57.9167	58.1250	75	None	None	0	0	-1
181	58.3333	116.8750	78	None	None	0	0	-1
182	58.3333	116.8750	90	None	None	0	0	-1
183	58.5417	58.7500	85	None	None	0	0	-1
184	58.7500	117.9167	72	None	None	0	2	11.654367453964271
185	58.7500	117.9167	84	None	None	0	5	8.217503642100398
186	59.1667	59.3750	71	None	None	0	1	7.411475494136771
187	59.3750	59.5833	73	None	None	0	2	8.240239972901264
188	59.5833	60.0000	74	None	None	0	1	5.4742168068781165
189	60.0000	60.2083	88	None	None	0	5	4.663756288756296
190	60.2083	60.4167	87	None	None	0	4	12.62814395354721
191	60.4167	60.6250	85	None	None	0	3	13.781127456530704
192	60.6250	60.8333	87	None	None	0	5	11.689092239495478
193	60.8333	61.0417	85	None	None	0	4	12.052927503330734
194	61.0417	61.2500	84	None	None	0	3	11.939203389606622
195	61.2500	61.4583	83	None	None	0	2	21.725481365170324
196	61.4583	61.6667	85	None	None	0	4	24.4907001553891
197	61.6667	62.0833	86	None	None	0	5	24.795478147667094
198	62.0833	62.2917	70	None	None	0	1	19.120184609470297
199	62.2917	62.5000	71	None	None	0	4	16.146687643116184
200	62.5000	62.7083	73	None	None	0	5	17.085118420832686
201	62.7083	62.9167	72	None	None	0	4	17.87791121362552
202	62.9167	63.3333	75	None	None	0	5	17.938150006253483
203	63.7500	63.9583	51	None	None	0	1	10.43670212980556
204	63.9583	64.1667	49	None	None	0	4	4.695681888785346
205	64.1667	64.3750	48	None	None	0	3	4.237099930203393
206	64.3750	64.5833	50	None	None	0	5	12.903909677991987
207	64.5833	64.7917	49	None	None	0	4	12.00638345718994
208	64.7917	65.0000	48	None	None	0	3	12.006383457189939
209	65.0000	65.4167	47	None	None	0	2	11.969929145735614
210	65.6250	65.8333	48	None	None	0	1	10.57172529925591
211	65.8333	66.0417	50	None	None	0	2	10.42520020273085
212	66.0417	66.2500	49	None	None	0	1	7.031377808908369
213	66.2500	66.6667	51	None	None	0	2	6.912390388308048
214	66.6667	67.0833	63	None	None	0	5	4.881429704121589
215	67.2917	67.5000	61	None	None	0	4	6.441996598909071
216	67.5000	67.7083	60	None	None	0	3	6.597723754636229
217	67.7083	67.9167	63	None	None	0	4	6.707440614353087
218	67.9167	68.1250	61	None	None	0	3	6.783222722393257
219	68.1250	68.3333	60	None	None	0	2	6.337984627155138
220	68.3333	68.7500	59	None	None	0	1	6.8805246161237426
221	68.7500	68.9583	71	None	None	0	2	4.750992236476125
222	68.9583	69.1667	72	None	None	0	3	4.8101942956781825
223	69.1667	69.3750	73	None	None	0	4	6.653508635363504
224	69.3750	69.5833	72	None	None	0	2	7.705786019725989
225	69.5833	70.0000	74	None	None	0	3	8.517631769359793
226	70.0000	70.2083	71	None	None	0	1	8.066226446986718
227	70.2083	70.4167	72	None	None	0	2	7.515164670924957
228	70.4167	70.6250	73	None	None	0	3	7.000602874105091
229	70.6250	70.8333	72	None	None	0	2	6.753057369416698
230	70.8333	71.2500	74	None	None	0	1	4.197871629035239
231	71.2500	71.4583	83	None	None	0	2	3.4239273731209376
232	71.4583	71.6667	85	None	None	0	3	3.5642924134859686
233	71.6667	71.8750	87	None	None	0	4	3.3994684986620443
234	71.8750	72.0833	84	None	None	0	2	3.504157750125498
235	72.0833	72.5000	86	None	None	0	3	3.977379820121767
236	72.5000	72.7083	84	None	None	0	2	7.393284665058925
237	72.7083	72.9167	85	None	None	0	3	8.419434191208428
238	72.9167	73.1250	86	None	None	0	4	11.089093135867419
239	73.1250	73.3333	85	None	None	0	3	11.286004332778619
240	73.3333	73.5417	84	None	None	0	2	11.630151401925692
241	73.5417	73.7500	85	None	None	0	4	11.674103580958535
242	73.7500	73.9583	86	None	None	0	5	16.069659274901305
243	74.1667	74.3750	76	None	None	0	1	19.533605594492837
244	74.3750	74.5833	75	None	None	0	4	15.105815141702262
245	74.5833	74.7917	74	None	None	0	3	17.93120124208827
246	74.7917	75.0000	73	None	None	0	2	17.99432865521569
247	75.0000	75.2083	72	None	None	0	1	17.797549083436074
248	75.2083	75.4167	73	None	None	0	4	15.303135839022834
249	75.4167	75.6250	74	None	None	0	5	15.534648358035406
250	75.8333	76.0417	52	None	None	0	1	13.026526015811736
251	76.0417	76.2500	51	None	None	0	4	6.661871751157475
252	76.2500	76.4583	50	None	None	0	3	6.731948971234696
253	76.4583	76.6667	49	None	None	0	2	5.9610995503853
254	76.6667	76.8750	48	None	None	0	1	5.127122716408453
255	76.8750	77.0833	49	None	None	0	2	5.127122716408453
256	77.0833	77.2917	50	None	None	0	3	5.127122716408453
257	77.2917	77.5000	51	None	None	0	4	5.127122716408453
258	77.5000	77.7083	54	None	None	0	5	5.127122716408453
259	77.7083	77.9167	51	None	None	0	3	5.127122716408453
260	77.9167	78.3333	50	None	None	0	2	5.127122716408453
261	78.3333	78.7500	50	None	None	0	2	5.127122716408453
262	78.7500	79.1667	50	None	None	0	2	5.127122716408453
263	79.1667	79.5833	50	None	None	0	0	5.127122716408453
