0	0.0000	0.1786	50	None	None	1	-5	1.8267692291207143
1	0.0000	0.1786	56	None	None	1	-3	1.9111613221761736
2	0.0000	0.1786	57	None	None	1	-2	2.331859559582333
3	0.1786	0.5357	50	None	None	1	-5	3.5129749376036505
4	0.1786	0.5357	56	None	None	1	-3	3.5973670306591097
5	0.1786	0.5357	57	None	None	1	-2	4.018065268065269
6	0.3571	0.8929	50	None	None	1	-5	5.0963286713286715
7	0.3571	0.8929	56	None	None	1	-3	4.427039627039629
8	0.3571	0.8929	57	None	None	1	-2	4.018065268065269
9	0.5357	1.2500	50	None	None	1	-5	5.0963286713286715
10	0.5357	1.2500	56	None	None	1	-3	4.427039627039629
11	0.5357	1.2500	57	None	None	1	-2	4.018065268065269
12	0.7143	1.6071	50	None	None	1	-5	5.0963286713286715
13	0.7143	1.6071	56	None	None	1	-3	4.427039627039629
14	0.7143	1.6071	57	None	None	1	-2	4.0180652680652695
15	0.8929	1.9643	50	None	None	1	-5	5.096328671328672
16	0.8929	1.9643	56	None	None	1	-3	4.42703962703963
17	0.8929	1.9643	57	None	None	1	-2	4.0180652680652695
18	1.0714	2.3214	50	None	None	1	-5	5.096328671328672
19	1.0714	2.3214	56	None	None	1	-3	4.427039627039629
20	1.0714	2.3214	57	None	None	1	-2	4.018065268065269
21	1.2500	2.6786	50	None	None	1	-5	5.0963286713286715
22	1.2500	2.6786	56	None	None	1	-3	4.427039627039629
23	1.2500	2.6786	57	None	None	1	-2	4.018065268065269
24	1.4286	3.0357	50	None	None	1	-5	5.0963286713286715
25	1.4286	3.0357	56	None	None	1	-3	4.427039627039629
26	1.4286	3.0357	57	None	None	1	-2	4.018065268065269
27	1.6071	3.3929	50	None	None	1	-5	5.0963286713286715
28	1.6071	3.3929	56	None	None	1	-3	4.427039627039629
29	1.6071	3.3929	57	None	None	1	-2	4.0180652680652695
30	1.7857	3.7500	50	None	None	1	-5	5.096328671328672
31	1.7857	3.7500	56	None	None	1	-3	4.42703962703963
32	1.7857	3.7500	57	None	None	1	-2	4.0180652680652695
33	1.9643	4.1071	50	None	None	1	-5	5.0963286713286715
34	1.9643	4.1071	56	None	None	1	-3	4.427039627039629
35	1.9643	4.1071	57	None	None	1	-2	4.0180652680652695
36	2.1429	4.4643	50	None	None	1	-5	5.096328671328672
37	2.1429	4.4643	56	None	None	1	-3	4.427039627039629
38	2.1429	4.4643	57	None	None	1	-2	4.018065268065269
39	2.3214	4.8214	50	None	None	1	-5	5.096328671328671
40	2.3214	4.8214	56	None	None	1	-3	4.427039627039628
41	2.3214	4.8214	57	None	None	1	-2	4.0180652680652695
42	2.5000	5.1786	50	None	None	1	-5	5.096328671328672
43	2.5000	5.1786	56	None	None	1	-3	4.427039627039629
44	2.5000	5.1786	57	None	None	1	-2	4.0180652680652695
45	2.6786	5.5357	50	None	None	1	-5	5.096328671328672
46	2.6786	5.5357	56	None	None	1	-3	4.427039627039631
47	2.6786	5.5357	57	None	None	1	-2	4.018065268065271
48	2.8571	5.8929	50	None	None	1	-5	5.096328671328673
49	2.8571	5.8929	56	None	None	1	-3	4.42703962703963
50	2.8571	5.8929	57	None	None	1	-2	4.0180652680652695
51	3.0357	6.2500	50	None	None	1	-5	5.096328671328672
52	3.0357	6.2500	56	None	None	1	-3	4.427039627039629
53	3.0357	6.2500	57	None	None	1	-2	4.018065268065269
54	3.2143	6.6071	50	None	None	1	-5	5.096328671328671
55	3.2143	6.6071	56	None	None	1	-3	4.427039627039628
56	3.2143	6.6071	57	None	None	1	-2	4.0180652680652695
57	3.3929	6.9643	50	None	None	1	-5	5.096328671328672
58	3.3929	6.9643	56	None	None	1	-3	4.427039627039629
59	3.3929	6.9643	57	None	None	1	-2	4.018065268065269
60	3.5714	7.3214	50	None	None	1	-5	5.096328671328671
61	3.5714	7.3214	56	None	None	1	-3	4.427039627039628
62	3.5714	7.3214	57	None	None	1	-2	4.018065268065269
63	3.7500	7.6786	50	None	None	1	-5	5.09632867132867
64	3.7500	7.6786	56	None	None	1	-3	4.427039627039627
65	3.7500	7.6786	57	None	None	1	-2	4.018065268065267
66	3.9286	8.0357	50	None	None	1	-5	5.096328671328673
67	3.9286	8.0357	56	None	None	1	-3	4.427039627039631
68	3.9286	8.0357	57	None	None	1	-2	4.018065268065271
69	4.1071	8.3929	50	None	None	1	-5	5.096328671328673
70	4.1071	8.3929	56	None	None	1	-3	4.427039627039631
71	4.1071	8.3929	57	None	None	1	-2	4.018065268065271
72	4.2857	8.7500	50	None	None	1	-5	5.096328671328672
73	4.2857	8.7500	56	None	None	1	-3	4.427039627039628
74	4.2857	8.7500	57	None	None	1	-2	4.018065268065267
75	4.4643	9.1071	50	None	None	1	-5	5.096328671328673
76	4.4643	9.1071	56	None	None	1	-3	4.427039627039631
77	4.4643	9.1071	57	None	None	1	-2	4.018065268065271
78	4.6429	9.4643	50	None	None	1	-5	5.096328671328673
79	4.6429	9.4643	56	None	None	1	-3	4.427039627039631
80	4.6429	9.4643	57	None	None	1	-2	4.018065268065271
81	4.8214	9.8214	50	None	None	1	-5	5.096328671328672
82	4.8214	9.8214	56	None	None	1	-3	4.427039627039628
83	4.8214	9.8214	57	None	None	1	-2	4.018065268065266
84	5.0000	10.1786	50	None	None	1	-5	5.096328671328668
85	5.0000	10.1786	56	None	None	1	-3	4.427039627039625
86	5.0000	10.1786	57	None	None	1	-2	4.018065268065267
87	5.1786	10.5357	50	None	None	1	-5	5.096328671328673
88	5.1786	10.5357	56	None	None	1	-3	4.427039627039631
89	5.1786	10.5357	57	None	None	1	-2	4.018065268065271
90	5.3571	10.8929	50	None	None	1	-5	5.096328671328673
91	5.3571	10.8929	56	None	None	1	-3	4.427039627039631
92	5.3571	10.8929	57	None	None	1	-2	4.018065268065271
93	5.5357	11.2500	50	None	None	1	-5	5.096328671328672
94	5.5357	11.2500	56	None	None	1	-3	4.427039627039628
95	5.5357	11.2500	57	None	None	1	-2	4.018065268065267
96	5.7143	11.6071	50	None	None	1	-5	5.096328671328673
97	5.7143	11.6071	56	None	None	1	-3	4.427039627039631
98	5.7143	11.6071	57	None	None	1	-2	4.018065268065271
99	5.8929	11.9643	50	None	None	1	-5	5.096328671328673
100	5.8929	11.9643	56	None	None	1	-3	4.427039627039631
101	5.8929	11.9643	57	None	None	1	-2	4.018065268065271
102	6.0714	12.3214	50	None	None	1	-5	5.096328671328672
103	6.0714	12.3214	56	None	None	1	-3	4.427039627039628
104	6.0714	12.3214	57	None	None	1	-2	4.018065268065266
105	6.2500	12.6786	50	None	None	1	-5	5.096328671328668
106	6.2500	12.6786	56	None	None	1	-3	4.427039627039625
107	6.2500	12.6786	57	None	None	1	-2	4.018065268065267
108	6.4286	13.0357	50	None	None	1	-5	5.096328671328673
109	6.4286	13.0357	56	None	None	1	-3	4.427039627039631
110	6.4286	13.0357	57	None	None	1	-2	4.018065268065271
111	6.6071	13.3929	50	None	None	1	-5	5.096328671328673
112	6.6071	13.3929	56	None	None	1	-3	4.427039627039631
113	6.6071	13.3929	57	None	None	1	-2	4.018065268065271
114	6.7857	13.7500	50	None	None	1	-5	5.096328671328672
115	6.7857	13.7500	56	None	None	1	-3	4.427039627039628
116	6.7857	13.7500	57	None	None	1	-2	4.018065268065267
117	6.9643	14.1071	50	None	None	1	-5	5.096328671328673
118	6.9643	14.1071	56	None	None	1	-3	4.427039627039631
119	6.9643	14.1071	57	None	None	1	-2	4.018065268065271
120	7.1429	14.4643	50	None	None	1	-5	5.096328671328673
121	7.1429	14.4643	56	None	None	1	-3	4.427039627039631
122	7.1429	14.4643	57	None	None	1	-2	4.018065268065271
123	7.3214	14.8214	50	None	None	1	-5	5.096328671328672
124	7.3214	14.8214	56	None	None	1	-3	4.427039627039628
125	7.3214	14.8214	57	None	None	1	-2	4.018065268065266
126	7.5000	15.1786	50	None	None	1	-5	5.096328671328668
127	7.5000	15.1786	56	None	None	1	-3	4.427039627039625
128	7.5000	15.1786	57	None	None	1	-2	4.018065268065266
129	7.6786	15.5357	50	None	None	1	-5	5.096328671328668
130	7.6786	15.5357	56	None	None	1	-3	4.427039627039625
131	7.6786	15.5357	57	None	None	1	-2	4.018065268065266
132	7.8571	15.8929	50	None	None	1	-5	5.096328671328668
133	7.8571	15.8929	56	None	None	1	-3	4.427039627039626
134	7.8571	15.8929	57	None	None	1	-2	4.0180652680652695
135	8.0357	16.2500	50	None	None	1	-5	5.096328671328679
136	8.0357	16.2500	56	None	None	1	-3	4.427039627039636
137	8.0357	16.2500	57	None	None	1	-2	4.018065268065277
138	8.2143	16.6071	50	None	None	1	-5	5.096328671328679
139	8.2143	16.6071	56	None	None	1	-3	4.427039627039637
140	8.2143	16.6071	57	None	None	1	-2	4.018065268065277
141	8.3929	16.9643	50	None	None	1	-5	5.096328671328678
142	8.3929	16.9643	56	None	None	1	-3	4.427039627039631
143	8.3929	16.9643	57	None	None	1	-2	4.018065268065266
144	8.5714	17.3214	50	None	None	1	-5	5.096328671328668
145	8.5714	17.3214	56	None	None	1	-3	4.427039627039625
146	8.5714	17.3214	57	None	None	1	-2	4.018065268065266
147	8.7500	17.6786	50	None	None	1	-5	5.096328671328668
148	8.7500	17.6786	56	None	None	1	-3	4.427039627039625
149	8.7500	17.6786	57	None	None	1	-2	4.018065268065266
150	8.9286	18.0357	50	None	None	1	-5	5.096328671328668
151	8.9286	18.0357	56	None	None	1	-3	4.427039627039625
152	8.9286	18.0357	57	None	None	1	-2	4.018065268065266
153	9.1071	18.3929	50	None	None	1	-5	5.096328671328668
154	9.1071	18.3929	56	None	None	1	-3	4.427039627039626
155	9.1071	18.3929	57	None	None	1	-2	4.0180652680652695
156	9.2857	18.7500	50	None	None	1	-5	5.096328671328679
157	9.2857	18.7500	56	None	None	1	-3	4.427039627039636
158	9.2857	18.7500	57	None	None	1	-2	4.018065268065277
159	9.4643	19.1071	50	None	None	1	-5	5.096328671328679
160	9.4643	19.1071	56	None	None	1	-3	4.427039627039637
161	9.4643	19.1071	57	None	None	1	-2	4.018065268065277
162	9.6429	19.4643	50	None	None	1	-5	5.096328671328678
163	9.6429	19.4643	56	None	None	1	-3	4.427039627039631
164	9.6429	19.4643	57	None	None	1	-2	4.018065268065266
165	9.8214	19.8214	50	None	None	1	-5	5.096328671328668
166	9.8214	19.8214	56	None	None	1	-3	4.427039627039625
167	9.8214	19.8214	57	None	None	1	-2	4.018065268065266
168	10.0000	20.1786	50	None	None	1	-5	5.096328671328668
169	10.0000	20.1786	56	None	None	1	-3	4.427039627039625
170	10.0000	20.1786	57	None	None	1	-2	4.018065268065266
171	10.1786	20.5357	50	None	None	1	-5	5.096328671328668
172	10.1786	20.5357	56	None	None	1	-3	4.427039627039625
173	10.1786	20.5357	57	None	None	1	-2	4.018065268065266
174	10.3571	20.8929	50	None	None	1	-5	5.096328671328668
175	10.3571	20.8929	56	None	None	1	-3	4.427039627039626
176	10.3571	20.8929	57	None	None	1	-2	4.0180652680652695
177	10.5357	21.2500	50	None	None	1	-5	5.096328671328679
178	10.5357	21.2500	56	None	None	1	-3	4.427039627039636
179	10.5357	21.2500	57	None	None	1	-2	4.018065268065277
180	10.7143	21.6071	50	None	None	1	-5	5.096328671328679
181	10.7143	21.6071	56	None	None	1	-3	4.427039627039637
182	10.7143	21.6071	57	None	None	1	-2	4.018065268065277
183	10.8929	21.9643	50	None	None	1	-5	5.096328671328678
184	10.8929	21.9643	56	None	None	1	-3	4.427039627039631
185	10.8929	21.9643	57	None	None	1	-2	4.018065268065266
186	11.0714	22.3214	50	None	None	1	-5	5.096328671328668
187	11.0714	22.3214	56	None	None	1	-3	4.427039627039625
188	11.0714	22.3214	57	None	None	1	-2	4.018065268065266
189	11.2500	22.6786	50	None	None	1	-5	5.096328671328668
190	11.2500	22.6786	56	None	None	1	-3	4.427039627039625
191	11.2500	22.6786	57	None	None	1	-2	4.018065268065266
192	11.4286	23.0357	50	None	None	1	-5	5.096328671328668
193	11.4286	23.0357	56	None	None	1	-3	4.427039627039625
194	11.4286	23.0357	57	None	None	1	-2	4.018065268065266
195	11.6071	23.3929	50	None	None	1	-5	5.096328671328668
196	11.6071	23.3929	56	None	None	1	-3	4.427039627039626
197	11.6071	23.3929	57	None	None	1	-2	4.0180652680652695
198	11.7857	23.7500	50	None	None	1	-5	5.096328671328679
199	11.7857	23.7500	56	None	None	1	-3	4.427039627039636
200	11.7857	23.7500	57	None	None	1	-2	4.018065268065277
201	11.9643	24.1071	50	None	None	1	-5	5.096328671328679
202	11.9643	24.1071	56	None	None	1	-3	4.427039627039637
203	11.9643	24.1071	57	None	None	1	-2	4.018065268065277
204	12.1429	24.4643	50	None	None	1	-5	5.096328671328678
205	12.1429	24.4643	56	None	None	1	-3	4.427039627039631
206	12.1429	24.4643	57	None	None	1	-2	4.018065268065266
207	12.3214	24.8214	50	None	None	1	-5	5.096328671328668
208	12.3214	24.8214	56	None	None	1	-3	4.427039627039625
209	12.3214	24.8214	57	None	None	1	-2	4.018065268065266
210	12.5000	25.1786	50	None	None	1	-5	5.096328671328668
211	12.5000	25.1786	56	None	None	1	-3	4.427039627039625
212	12.5000	25.1786	57	None	None	1	-2	4.018065268065266
213	12.6786	25.5357	50	None	None	1	-5	5.096328671328668
214	12.6786	25.5357	56	None	None	1	-3	4.427039627039625
215	12.6786	25.5357	57	None	None	1	-2	4.018065268065266
216	12.8571	25.8929	50	None	None	1	-5	5.096328671328668
217	12.8571	25.8929	56	None	None	1	-3	4.427039627039626
218	12.8571	25.8929	57	None	None	1	-2	4.0180652680652695
219	13.0357	26.2500	50	None	None	1	-5	5.096328671328679
220	13.0357	26.2500	56	None	None	1	-3	4.427039627039636
221	13.0357	26.2500	57	None	None	1	-2	4.018065268065277
222	13.2143	26.6071	50	None	None	1	-5	5.096328671328679
223	13.2143	26.6071	56	None	None	1	-3	4.427039627039637
224	13.2143	26.6071	57	None	None	1	-2	4.018065268065277
225	13.3929	26.9643	50	None	None	1	-5	5.096328671328678
226	13.3929	26.9643	56	None	None	1	-3	4.427039627039631
227	13.3929	26.9643	57	None	None	1	-2	4.018065268065266
228	13.5714	27.3214	50	None	None	1	-5	5.096328671328668
229	13.5714	27.3214	56	None	None	1	-3	4.427039627039625
230	13.5714	27.3214	57	None	None	1	-2	4.018065268065266
231	13.7500	27.6786	50	None	None	1	-5	5.096328671328668
232	13.7500	27.6786	56	None	None	1	-3	4.427039627039625
233	13.7500	27.6786	57	None	None	1	-2	4.018065268065266
234	13.9286	28.0357	50	None	None	1	-5	5.096328671328668
235	13.9286	28.0357	56	None	None	1	-3	4.427039627039625
236	13.9286	28.0357	57	None	None	1	-2	4.018065268065266
237	14.1071	28.3929	50	None	None	1	-5	5.096328671328668
238	14.1071	28.3929	56	None	None	1	-3	4.427039627039626
239	14.1071	28.3929	57	None	None	1	-2	4.0180652680652695
240	14.2857	28.7500	50	None	None	1	-5	5.096328671328679
241	14.2857	28.7500	56	None	None	1	-3	4.427039627039636
242	14.2857	28.7500	57	None	None	1	-2	4.018065268065277
243	14.4643	29.1071	50	None	None	1	-5	5.096328671328679
244	14.4643	29.1071	56	None	None	1	-3	4.427039627039637
245	14.4643	29.1071	57	None	None	1	-2	4.018065268065277
246	14.6429	29.4643	50	None	None	1	-5	5.096328671328678
247	14.6429	29.4643	56	None	None	1	-3	4.427039627039631
248	14.6429	29.4643	57	None	None	1	-2	4.018065268065266
249	14.8214	29.8214	50	None	None	1	-5	5.096328671328668
250	14.8214	29.8214	56	None	None	1	-3	4.427039627039625
251	14.8214	29.8214	57	None	None	1	-2	4.018065268065266
252	15.0000	30.1786	50	None	None	1	-5	5.096328671328668
253	15.0000	30.1786	56	None	None	1	-3	4.427039627039625
254	15.0000	30.1786	57	None	None	1	-2	4.018065268065266
255	15.1786	30.5357	50	None	None	1	-5	5.096328671328668
256	15.1786	30.5357	56	None	None	1	-3	4.427039627039625
257	15.1786	30.5357	57	None	None	1	-2	4.018065268065266
258	15.3571	30.8929	50	None	None	1	-5	5.096328671328668
259	15.3571	30.8929	56	None	None	1	-3	4.427039627039626
260	15.3571	30.8929	57	None	None	1	-2	4.0180652680652695
261	15.5357	31.2500	50	None	None	1	-5	5.096328671328679
262	15.5357	31.2500	56	None	None	1	-3	4.427039627039635
263	15.5357	31.2500	57	None	None	1	-2	4.018065268065273
264	15.7143	31.6071	50	None	None	1	-5	5.096328671328667
265	15.7143	31.6071	56	None	None	1	-3	4.427039627039626
266	15.7143	31.6071	57	None	None	1	-2	4.0180652680652695
267	15.8929	31.9643	50	None	None	1	-5	5.096328671328678
268	15.8929	31.9643	56	None	None	1	-3	4.42703962703963
269	15.8929	31.9643	57	None	None	1	-2	4.018065268065262
270	16.0714	32.3214	50	None	None	1	-5	5.096328671328657
271	16.0714	32.3214	56	None	None	1	-3	4.427039627039621
272	16.0714	32.3214	57	None	None	1	-2	4.0180652680652695
273	16.2500	32.6786	50	None	None	1	-5	5.096328671328678
274	16.2500	32.6786	56	None	None	1	-3	4.4270396270396315
275	16.2500	32.6786	57	None	None	1	-2	4.0180652680652695
276	16.4286	33.0357	50	None	None	1	-5	5.096328671328679
277	16.4286	33.0357	56	None	None	1	-3	4.42703962703964
278	16.4286	33.0357	57	None	None	1	-2	4.018065268065285
279	16.6071	33.3929	50	None	None	1	-5	5.096328671328678
280	16.6071	33.3929	56	None	None	1	-3	4.4270396270396315
281	16.6071	33.3929	57	None	None	1	-2	4.0180652680652695
282	16.7857	33.7500	50	None	None	1	-5	5.096328671328678
283	16.7857	33.7500	56	None	None	1	-3	4.42703962703963
284	16.7857	33.7500	57	None	None	1	-2	4.018065268065262
285	16.9643	34.1071	50	None	None	1	-5	5.096328671328657
286	16.9643	34.1071	56	None	None	1	-3	4.427039627039621
287	16.9643	34.1071	57	None	None	1	-2	4.0180652680652695
288	17.1429	34.4643	50	None	None	1	-5	5.096328671328678
289	17.1429	34.4643	56	None	None	1	-3	4.42703962703963
290	17.1429	34.4643	57	None	None	1	-2	4.018065268065262
291	17.3214	34.8214	50	None	None	1	-5	5.096328671328657
292	17.3214	34.8214	56	None	None	1	-3	4.427039627039621
293	17.3214	34.8214	57	None	None	1	-2	4.0180652680652695
294	17.5000	35.1786	50	None	None	1	-5	5.096328671328678
295	17.5000	35.1786	56	None	None	1	-3	4.4270396270396315
296	17.5000	35.1786	57	None	None	1	-2	4.0180652680652695
297	17.6786	35.5357	50	None	None	1	-5	5.096328671328679
298	17.6786	35.5357	56	None	None	1	-3	4.42703962703964
299	17.6786	35.5357	57	None	None	1	-2	4.018065268065285
300	17.8571	35.8929	50	None	None	1	-5	5.096328671328678
301	17.8571	35.8929	56	None	None	1	-3	4.4270396270396315
302	17.8571	35.8929	57	None	None	1	-2	4.0180652680652695
303	18.0357	36.2500	50	None	None	1	-5	5.096328671328678
304	18.0357	36.2500	56	None	None	1	-3	4.42703962703963
305	18.0357	36.2500	57	None	None	1	-2	4.018065268065262
306	18.2143	36.6071	50	None	None	1	-5	5.096328671328657
307	18.2143	36.6071	56	None	None	1	-3	4.427039627039621
308	18.2143	36.6071	57	None	None	1	-2	4.0180652680652695
309	18.3929	36.9643	50	None	None	1	-5	5.096328671328678
310	18.3929	36.9643	56	None	None	1	-3	4.751094957673907
311	18.3929	36.9643	57	None	None	1	-2	4.691530180345963
312	18.5714	37.3214	50	None	None	1	-5	5.06602410747147
313	18.5714	37.3214	56	None	None	1	-3	4.964755006202382
314	18.5714	37.3214	57	None	None	1	-2	4.614096429885912
315	18.7500	37.6786	50	None	None	1	-5	5.692359833149311
316	18.7500	37.6786	56	None	None	1	-4	4.354497914366333
317	18.7500	37.6786	57	None	None	1	-3	4.023087657956071
318	19.4643	39.1071	57	None	None	1	-5	4.025102748129038
319	19.4643	39.1071	63	None	None	1	-3	3.8657204637467526
320	19.4643	39.1071	64	None	None	1	-2	4.018065268065249
321	19.6429	39.4643	57	None	None	1	-5	5.096328671328651
322	19.6429	39.4643	63	None	None	1	-3	4.427039627039603
323	19.6429	39.4643	64	None	None	1	-2	4.018065268065242
324	19.8214	39.8214	57	None	None	1	-5	5.0963286713286315
325	19.8214	39.8214	63	None	None	1	-3	4.427039627039593
326	19.8214	39.8214	64	None	None	1	-2	4.018065268065249
327	20.0000	40.1786	57	None	None	1	-5	5.096328671328651
328	20.0000	40.1786	63	None	None	1	-3	4.427039627039604
329	20.0000	40.1786	64	None	None	1	-2	4.018065268065249
330	20.1786	40.5357	57	None	None	1	-5	5.096328671328653
331	20.1786	40.5357	63	None	None	1	-3	4.427039627039615
332	20.1786	40.5357	64	None	None	1	-2	4.018065268065264
333	20.3571	40.8929	57	None	None	1	-5	5.096328671328652
334	20.3571	40.8929	63	None	None	1	-3	4.427039627039604
335	20.3571	40.8929	64	None	None	1	-2	4.018065268065249
336	20.5357	41.2500	57	None	None	1	-5	5.096328671328651
337	20.5357	41.2500	63	None	None	1	-3	4.427039627039603
338	20.5357	41.2500	64	None	None	1	-2	4.018065268065242
339	20.7143	41.6071	57	None	None	1	-5	5.0963286713286315
340	20.7143	41.6071	63	None	None	1	-3	4.427039627039593
341	20.7143	41.6071	64	None	None	1	-2	4.018065268065249
342	20.8929	41.9643	57	None	None	1	-5	5.096328671328651
343	20.8929	41.9643	63	None	None	1	-3	4.427039627039603
344	20.8929	41.9643	64	None	None	1	-2	4.018065268065242
345	21.0714	42.3214	57	None	None	1	-5	5.0963286713286315
346	21.0714	42.3214	63	None	None	1	-3	4.427039627039593
347	21.0714	42.3214	64	None	None	1	-2	4.018065268065249
348	21.2500	42.6786	57	None	None	1	-5	5.096328671328651
349	21.2500	42.6786	63	None	None	1	-3	4.427039627039604
350	21.2500	42.6786	64	None	None	1	-2	4.018065268065249
351	21.4286	43.0357	57	None	None	1	-5	5.096328671328653
352	21.4286	43.0357	63	None	None	1	-3	4.427039627039615
353	21.4286	43.0357	64	None	None	1	-2	4.018065268065264
354	21.6071	43.3929	57	None	None	1	-5	5.096328671328652
355	21.6071	43.3929	63	None	None	1	-3	4.385723521270374
356	21.6071	43.3929	64	None	None	1	-2	3.803221518065245
357	21.7857	43.7500	57	None	None	1	-5	4.418972173659648
358	21.7857	43.7500	63	None	None	1	-3	3.7083670236013697
359	21.7857	43.7500	64	None	None	1	-2	3.1258650203962404
360	21.9643	44.1071	57	None	None	1	-5	3.7416156759906443
361	21.9643	44.1071	63	None	None	1	-3	3.0310105259323774
362	21.9643	44.1071	64	None	None	1	-2	2.448508522727261
363	22.3214	45.0000	57	None	None	1	-5	3.105575284090899
364	22.3214	45.0000	63	None	None	1	-3	2.6977272727272625
365	22.3214	45.0000	64	None	None	1	-2	2.4485085227272663
366	22.6786	45.5357	57	None	None	1	-5	3.105575284090899
367	22.6786	45.5357	63	None	None	1	-3	2.6977272727272625
368	22.6786	45.5357	64	None	None	1	-2	2.4485085227272663
369	23.0357	46.4286	57	None	None	1	-5	3.105575284090898
370	23.0357	46.4286	63	None	None	1	-3	2.6977272727272585
371	23.0357	46.4286	64	None	None	1	-2	2.448508522727258
372	23.3929	46.9643	57	None	None	1	-5	3.1055752840908903
373	23.3929	46.9643	63	None	None	1	-3	2.6977272727272545
374	23.3929	46.9643	64	None	None	1	-2	2.448508522727258
375	23.7500	47.8571	57	None	None	1	-5	3.1055752840908903
376	23.7500	47.8571	63	None	None	1	-3	2.6977272727272545
377	23.7500	47.8571	64	None	None	1	-2	2.448508522727258
378	24.1071	48.3929	57	None	None	1	-5	3.1055752840908903
379	24.1071	48.3929	63	None	None	1	-3	2.6977272727272545
380	24.1071	48.3929	64	None	None	1	-2	2.448508522727258
381	24.4643	49.2857	57	None	None	1	-5	3.1055752840908903
382	24.4643	49.2857	63	None	None	1	-3	2.6977272727272554
383	24.4643	49.2857	64	None	None	1	-2	2.448508522727261
384	24.8214	49.8214	57	None	None	1	-5	3.105575284090899
385	24.8214	49.8214	63	None	None	1	-3	2.6977272727272625
386	24.8214	49.8214	64	None	None	1	-2	2.4485085227272663
387	25.1786	50.7143	57	None	None	1	-5	3.105575284090899
388	25.1786	50.7143	63	None	None	1	-3	2.6977272727272625
389	25.1786	50.7143	64	None	None	1	-2	2.229367897727262
390	25.5357	51.2500	57	None	None	1	-5	2.7274147727272635
391	25.5357	51.2500	63	None	None	1	-3	3.3720051071613413
392	25.5357	51.2500	64	None	None	1	-2	3.4643584280302933
393	25.8929	52.1429	57	None	None	1	-5	3.8441360722610716
394	25.8929	52.1429	63	None	None	1	-3	4.5558675699300695
395	25.8929	52.1429	64	None	None	1	-2	4.100398819930068
396	26.2500	52.6786	57	None	None	1	-5	4.306648819930073
397	26.2500	52.6786	64	None	None	1	-2	4.976606206293705
398	26.2500	52.6786	65	None	None	1	-1	4.478559331293702
399	26.4286	26.6071	62	None	None	1	-3	3.5313137383449913
400	26.6071	53.5714	57	None	None	1	-5	3.741615675990665
401	26.6071	53.5714	63	None	None	1	-3	3.031010525932387
402	26.6071	53.5714	64	None	None	1	-2	2.2293678977272537
403	26.9643	54.1071	57	None	None	1	-5	2.4597865675990565
404	26.9643	54.1071	63	None	None	1	-3	2.4987033799533798
405	26.9643	54.1071	64	None	None	1	-2	2.4230122741841567
406	27.3214	55.0000	57	None	None	1	-5	3.5425917832167904
407	27.3214	55.0000	63	None	None	1	-3	3.134743771853154
408	27.3214	55.0000	64	None	None	1	-2	2.6663843968531538
409	27.6786	55.5357	57	None	None	1	-5	2.896803066724952
410	27.6786	55.5357	64	None	None	1	-2	3.3564585154429105
411	27.8571	28.0357	62	None	None	1	-3	3.505817489801886
412	28.0357	56.4286	57	None	None	1	-5	4.178632175116561
413	28.0357	56.4286	63	None	None	1	-3	3.4680270250582836
414	28.0357	56.4286	64	None	None	1	-2	2.6663843968531498
415	28.3929	56.9643	57	None	None	1	-5	2.8968030667249525
416	28.3929	56.9643	64	None	None	1	-2	3.3564585154429043
417	28.5714	28.7500	62	None	None	1	-3	3.5058174898018777
418	28.7500	57.8571	57	None	None	1	-5	4.178632175116538
419	28.7500	57.8571	63	None	None	1	-3	3.4680270250582597
420	28.7500	57.8571	64	None	None	1	-2	2.8855250218531303
421	29.1071	58.3929	57	None	None	1	-5	3.542591783216763
422	29.1071	58.3929	64	None	None	1	-2	3.5554824082167618
423	29.2857	29.4643	62	None	None	1	-3	3.531313738344964
424	29.4643	59.2857	57	None	None	1	-5	3.7416156759906443
425	29.4643	59.2857	63	None	None	1	-3	3.0310105259323774
426	29.4643	59.2857	64	None	None	1	-2	2.229367897727255
427	29.8214	59.8214	57	None	None	1	-5	2.2706840034964837
428	29.8214	59.8214	63	None	None	1	-3	2.17017773892772
429	29.8214	59.8214	64	None	None	1	-2	1.974614838286697
430	30.1786	60.7143	57	None	None	1	-5	2.015930944055927
431	30.1786	60.7143	63	None	None	1	-3	1.9878605769230693
432	30.1786	60.7143	64	None	None	1	-2	2.651971335955702
433	30.5357	61.2500	57	None	None	1	-5	2.651971335955701
434	30.5357	61.2500	64	None	None	1	-2	2.6004088359557027
435	30.7143	61.6071	57	None	None	1	-5	2.938870374417247
436	30.7143	61.6071	62	None	None	1	-3	3.7511081366549925
437	30.7143	61.6071	64	None	None	1	-2	3.5325183930652444
438	30.8929	62.1429	57	None	None	1	-5	3.8709799315267923
439	30.8929	62.1429	63	None	None	1	-3	4.2799542905011485
440	30.8929	62.1429	64	None	None	1	-2	3.4912022872960145
441	31.2500	31.4286	57	None	None	1	-5	3.697452287296019
442	31.4286	63.0357	57	None	None	1	-5	4.4189721736596494
443	31.4286	63.0357	63	None	None	1	-3	3.7083670236013817
444	31.4286	63.0357	64	None	None	1	-2	3.1258650203962657
445	31.6071	63.5714	57	None	None	1	-5	3.7416156759906736
446	31.6071	63.5714	63	None	None	1	-3	3.0310105259323947
447	31.6071	63.5714	64	None	None	1	-2	2.448508522727264
448	31.9643	64.1071	57	None	None	1	-5	3.1055752840908903
449	31.9643	64.1071	63	None	None	1	-3	2.697727272727255
450	31.9643	64.1071	64	None	None	1	-2	2.4485085227272614
451	32.3214	65.0000	57	None	None	1	-5	3.1055752840908983
452	32.3214	65.0000	63	None	None	1	-3	2.6977272727272577
453	32.3214	65.0000	64	None	None	1	-2	2.448508522727256
454	32.6786	65.5357	57	None	None	1	-5	3.1055752840908823
455	32.6786	65.5357	63	None	None	1	-3	2.697727272727251
456	32.6786	65.5357	64	None	None	1	-2	2.4485085227272614
457	33.0357	66.4286	57	None	None	1	-5	3.1055752840908983
458	33.0357	66.4286	63	None	None	1	-3	2.6977272727272577
459	33.0357	66.4286	64	None	None	1	-2	2.2293678977272533
460	33.3929	66.9643	57	None	None	1	-5	2.727414772727251
461	33.3929	66.9643	63	None	None	1	-3	2.560669191919178
462	33.3929	66.9643	64	None	None	1	-2	2.6122316919191846
463	33.7500	67.8571	57	None	None	1	-5	3.3719460227272733
464	33.7500	67.8571	63	None	None	1	-3	2.964098011363635
465	33.7500	67.8571	64	None	None	1	-2	2.495738636363631
466	34.1071	68.3929	57	None	None	1	-5	2.9937855113636376
467	34.1071	68.3929	64	None	None	1	-3	4.282801118152676
468	34.1071	68.3929	65	None	None	1	-1	5.096287696678306
469	34.4643	69.2857	57	None	None	1	-5	4.831534090909071
470	34.4643	69.2857	63	None	None	1	-3	5.54326558857805
471	34.4643	69.2857	64	None	None	1	-2	5.087796838578046
472	34.8214	69.8214	57	None	None	1	-5	5.074906213578046
473	34.8214	69.8214	64	None	None	1	-2	5.318215508449844
474	34.8214	69.8214	65	None	None	1	-1	5.266933457167791
475	35.0000	35.1786	63	None	None	1	-3	4.1668751821095285
476	35.1786	70.7143	57	None	None	1	-5	4.178632175116514
477	35.1786	70.7143	63	None	None	1	-3	3.4680270250582463
478	35.1786	70.7143	64	None	None	1	-2	2.8855250218531303
479	35.5357	71.2500	57	None	None	1	-5	3.8758750364218857
480	35.5357	71.2500	64	None	None	1	-2	3.9300817671911132
481	35.7143	35.8929	62	None	None	1	-3	4.079440741550087
482	35.8929	72.1429	57	None	None	1	-5	4.752255426864752
483	35.8929	72.1429	63	None	None	1	-3	4.041650276806486
484	35.8929	72.1429	64	None	None	1	-2	3.240007648601364
485	36.2500	72.6786	57	None	None	1	-5	3.2813237543705918
486	36.2500	72.6786	63	None	None	1	-3	4.344635153619482
487	36.4286	36.6071	64	None	None	1	-2	3.4914300254143615
488	36.6071	73.5714	57	None	None	1	-5	4.32348130746566
489	36.6071	73.5714	63	None	None	1	-3	4.9522691862535755
490	36.6071	73.5714	64	None	None	1	-2	4.509654335826231
491	36.9643	74.1071	57	None	None	1	-4	4.481569804616689
492	36.9643	74.1071	64	None	None	1	-1	4.708132304616678
493	37.1429	74.4643	57	None	None	1	-4	4.535767632252003
494	37.1429	74.4643	57	None	None	1	-5	3.554855951340328
495	37.3214	75.0000	57	None	None	1	-5	4.477932874417244
496	37.3214	75.0000	63	None	None	1	-3	4.2042991007834685
497	37.3214	75.0000	64	None	None	1	-2	4.288914485398852
498	37.6786	75.5357	57	None	None	1	-5	5.576941287878808
499	37.6786	75.5357	64	None	None	1	-3	5.4894112398018855
500	37.6786	75.5357	65	None	None	1	-1	5.078894412878809
501	37.8571	75.8929	57	None	None	1	-5	4.477932874417274
502	37.8571	75.8929	64	None	None	1	-3	4.199710068046999
503	37.8571	75.8929	65	None	None	1	-1	3.8740575131678225
504	38.0357	76.4286	57	None	None	1	-5	3.0900687601143018
505	38.0357	76.4286	63	None	None	1	-3	2.4207797158252427
506	38.0357	76.4286	64	None	None	1	-2	2.0118053568508705
507	38.3929	76.9643	57	None	None	1	-5	3.131384865883489
508	38.3929	76.9643	64	None	None	1	-3	2.853622388365506
509	38.3929	76.9643	65	None	None	1	-1	2.633337990883493
510	39.2857	78.7500	57	None	None	1	-5	2.8693991419626323
511	39.2857	78.7500	63	None	None	1	-3	3.768828219038963
512	39.2857	78.7500	64	None	None	1	-2	4.141714925699274
513	39.4643	79.2857	57	None	None	1	-5	4.480176464160818
514	39.4643	79.2857	63	None	None	1	-3	4.889150823135169
515	39.4643	79.2857	64	None	None	1	0	-1
516	39.8214	79.8214	57	None	None	1	0	-1
517	39.8214	79.8214	64	None	None	1	-3	13.216292735042682
518	39.8214	79.8214	65	None	None	1	-1	12.017381218188739
519	40.0000	40.1786	62	None	None	1	-2	13.649753013060533
520	40.1786	80.5357	57	None	None	1	-3	12.635009423316948
521	40.1786	80.5357	63	None	None	1	-2	10.444351111591242
522	40.1786	80.5357	64	None	None	1	-1	10.263596686033447
523	40.5357	40.7143	52	None	None	1	-4	9.105521543583295
524	40.7143	82.1429	46	None	None	1	-5	5.2914545920163665
525	40.7143	81.9643	53	None	None	1	-1	5.444624107685904
526	41.2500	41.4286	52	None	None	1	-2	5.579452367233262
527	41.4286	83.5714	46	None	None	1	-4	4.605485130766028
528	41.4286	83.3929	53	None	None	1	-1	6.015064902845793
529	41.9643	42.1429	52	None	None	1	-2	6.149893162393152
530	42.1429	84.6429	46	None	None	1	-4	5.175925925925926
531	42.1429	84.4643	53	None	None	1	-1	6.58550569800571
532	42.3214	42.5000	52	None	None	1	-2	6.149893162393152
533	42.5000	85.3571	46	None	None	1	-4	5.175925925925918
534	42.5000	85.1786	53	None	None	1	-1	6.585505698005704
535	42.6786	42.8571	52	None	None	1	-2	6.1498931623931865
536	42.8571	86.0714	46	None	None	1	-4	5.175925925925954
537	42.8571	85.8929	53	None	None	1	-1	6.585505698005719
538	43.0357	43.2143	52	None	None	1	-2	6.149893162393162
539	43.2143	86.7857	46	None	None	1	-4	5.175925925925927
540	43.2143	86.6071	53	None	None	1	-1	6.585505698005713
541	43.3929	43.5714	52	None	None	1	-2	6.149893162393197
542	43.5714	87.5000	46	None	None	1	-4	5.175925925925931
543	43.5714	87.3214	53	None	None	1	-1	6.585505698005693
544	43.7500	43.9286	52	None	None	1	-2	6.149893162393162
545	43.9286	88.2143	46	None	None	1	-4	5.175925925925935
546	43.9286	88.0357	53	None	None	1	-1	6.5855056980057185
547	44.1071	44.2857	52	None	None	1	-2	6.149893162393187
548	44.2857	88.9286	46	None	None	1	-4	5.17592592592592
549	44.2857	88.7500	53	None	None	1	-1	6.585505698005684
550	44.4643	44.6429	52	None	None	1	-2	6.149893162393152
551	44.6429	89.6429	46	None	None	1	-4	5.175925925925926
552	44.6429	89.4643	53	None	None	1	-1	6.58550569800571
553	44.8214	45.0000	52	None	None	1	-2	6.149893162393152
554	45.0000	90.3571	46	None	None	1	-4	5.175925925925918
555	45.0000	90.1786	53	None	None	1	-1	6.585505698005704
556	45.1786	45.3571	52	None	None	1	-2	6.1498931623931865
557	45.3571	91.0714	46	None	None	1	-4	5.175925925925954
558	45.3571	90.8929	53	None	None	1	-1	6.585505698005719
559	45.5357	45.7143	52	None	None	1	-2	6.149893162393162
560	45.7143	91.7857	46	None	None	1	-4	5.175925925925927
561	45.7143	91.6071	53	None	None	1	-1	6.585505698005713
562	45.8929	46.0714	52	None	None	1	-2	6.149893162393197
563	46.0714	92.5000	46	None	None	1	-4	5.175925925925931
564	46.0714	92.3214	53	None	None	1	-1	6.585505698005693
565	46.2500	46.4286	52	None	None	1	-2	6.149893162393162
566	46.4286	93.2143	46	None	None	1	-4	5.175925925925935
567	46.4286	93.0357	53	None	None	1	-1	5.616631054131062
568	46.6071	46.7857	52	None	None	1	-2	4.685861823361835
569	46.7857	93.9286	46	None	None	1	-4	3.678205128205112
570	46.7857	93.7500	53	None	None	1	-1	4.118910256410237
571	46.9643	47.1429	52	None	None	1	-2	3.2025932400932215
572	47.1429	94.6429	46	None	None	1	-5	3.2625291375291425
573	47.1429	94.4643	53	None	None	1	-2	3.1034835534835596
574	47.3214	47.5000	52	None	None	1	-3	3.359893809893806
575	47.5000	95.3571	47	None	None	1	-5	3.438811188811182
576	47.5000	95.1786	53	None	None	1	-2	3.8654137529137564
577	47.6786	47.8571	52	None	None	1	-3	3.669609557109562
578	47.8571	96.0714	47	None	None	1	-5	4.011596736596736
579	47.8571	95.8929	51	None	None	1	-4	3.5842527842527905
580	48.0357	48.2143	52	None	None	1	-3	3.3598938098937987
581	48.2143	96.7857	47	None	None	1	-5	3.438811188811176
582	48.2143	96.6071	53	None	None	1	-2	3.8654137529137502
583	48.3929	48.5714	52	None	None	1	-3	3.6696095571095553
584	48.5714	97.5000	47	None	None	1	-5	4.011596736596717
585	48.5714	97.3214	51	None	None	1	-4	3.5842527842527705
586	48.7500	48.9286	52	None	None	1	-3	3.3598938098937987
587	48.9286	98.2143	47	None	None	1	-5	3.4388111888111834
588	48.9286	98.0357	53	None	None	1	-2	3.865413752913745
589	49.1071	49.2857	52	None	None	1	-3	3.6696095571095473
590	49.2857	98.9286	47	None	None	1	-5	4.011596736596709
591	49.2857	98.7500	51	None	None	1	-4	3.5842527842527625
592	49.4643	49.6429	52	None	None	1	-3	3.3598938098937916
593	49.6429	99.6429	47	None	None	1	-5	3.4388111888111754
594	49.6429	99.4643	53	None	None	1	-2	3.865413752913737
595	49.8214	50.0000	52	None	None	1	-3	3.6696095571095317
596	50.0000	100.3571	47	None	None	1	-5	4.011596736596706
597	50.0000	100.1786	51	None	None	1	-4	3.584252784252774
598	50.1786	50.3571	52	None	None	1	-3	3.3598938098938174
599	50.3571	101.0714	47	None	None	1	-5	3.438811188811201
600	50.3571	100.8929	53	None	None	1	-2	3.6382057757057913
601	50.5357	50.7143	52	None	None	1	-3	3.463205775705785
602	50.7143	101.7857	47	None	None	1	-5	4.832757057757056
603	50.7143	101.6071	51	None	None	1	-4	4.519017094017101
604	50.8929	51.0714	52	None	None	1	-3	4.681196581196614
605	51.0714	102.5000	47	None	None	1	-5	4.875106837606854
606	51.0714	102.3214	53	None	None	1	-3	8.372349409849397
607	51.2500	51.4286	52	None	None	1	-4	13.744714082214028
608	51.4286	103.2143	49	None	None	1	-5	14.853917378917345
609	51.4286	103.0357	53	None	None	1	-4	18.7295812983312
610	51.6071	51.7857	54	None	None	1	-1	21.27412587412576
611	51.7857	103.9286	49	None	None	1	-5	23.53415080290064
612	51.7857	103.7500	55	None	None	1	-3	23.001610777383075
613	51.9643	52.1429	54	None	None	1	-4	21.864356463864727
614	52.1429	104.6429	47	None	None	1	-5	17.684709027967326
615	52.1429	104.4643	52	None	None	1	-4	11.58143267469102
616	52.3214	52.5000	54	None	None	1	-3	11.821409364667716
617	52.5000	105.3571	47	None	None	1	-4	8.599151729980335
618	52.5000	105.1786	55	None	None	1	-2	4.287684493513132
619	52.6786	52.8571	54	None	None	1	-3	4.520376801205439
620	53.2143	106.7857	49	None	None	1	-5	6.13791886172502
621	53.2143	106.6071	53	None	None	1	-4	6.078663003662996
622	53.3929	53.5714	54	None	None	1	-3	5.458150183150181
623	53.5714	107.5000	50	None	None	1	-5	6.0134386446886365
624	53.5714	107.3214	55	None	None	1	-4	5.20059631124083
625	53.7500	53.9286	56	None	None	1	-3	4.766171231112633
626	53.9286	108.2143	51	None	None	1	-5	5.0906630153700405
627	53.9286	108.0357	57	None	None	1	-3	4.9432271179341445
628	54.1071	54.2857	58	None	None	1	-2	4.8043774584790215
629	54.2857	108.9286	52	None	None	1	-5	4.519792121940549
630	54.2857	108.7500	59	None	None	1	-2	5.489979876893918
631	54.4643	54.6429	58	None	None	1	-3	5.489979876893919
632	54.8214	109.8214	52	None	None	1	-5	5.489979876893919
633	54.8214	109.8214	58	None	None	1	-3	5.06924124053028
634	55.0000	55.1786	59	None	None	1	-2	4.921164317453358
635	55.1786	55.3571	58	None	None	1	-3	4.930391581075163
636	55.5357	111.2500	52	None	None	1	-5	4.267598612325158
637	55.5357	111.2500	58	None	None	1	-3	4.50042568108972
638	55.7143	55.8929	59	None	None	1	0	-1
639	55.8929	56.0714	58	None	None	1	0	-1
640	56.2500	112.6786	52	None	None	1	0	-1
641	56.2500	112.6786	59	None	None	1	0	-1
642	56.4286	56.6071	58	None	None	1	0	-1
643	56.7857	113.9286	52	None	None	1	0	-1
644	56.7857	113.7500	59	None	None	1	-2	18.61295917341501
645	56.9643	57.1429	58	None	None	1	-1	6.8877726626781115
646	57.8836	116.1376	37	None	None	1	-5	4.153815907987346
647	57.8836	116.1376	40	None	None	1	-4	4.226282740984118
648	57.8836	116.1376	44	None	None	1	-2	4.264515242530693
649	57.8836	116.1376	47	None	None	1	-1	4.405587039681148
650	58.9947	118.3598	49	None	None	1	-4	3.821907612242547
651	58.9947	118.3598	52	None	None	1	-3	3.8244784359142883
652	58.9947	118.3598	56	None	None	1	-2	3.5580759203659347
653	58.9947	118.3598	59	None	None	1	-1	3.544583007078652
654	59.3651	119.1005	49	None	None	1	-5	3.2627121419172798
655	59.3651	119.1005	52	None	None	1	-4	3.173480507410052
656	59.3651	119.1005	56	None	None	1	-2	3.1264031278252036
657	59.3651	119.1005	59	None	None	1	-1	2.9526951496779077
658	60.6614	121.5079	37	None	None	1	-5	4.892412865001693
659	60.6614	121.5079	40	None	None	1	-4	4.908678537655031
660	60.6614	121.5079	44	None	None	1	-2	5.302974367907112
661	60.6614	121.5079	47	None	None	1	-1	5.361285151760961
662	61.9577	124.2857	37	None	None	1	-5	7.575410116929456
663	61.9577	124.2857	40	None	None	1	-4	7.562825511838994
664	61.9577	124.2857	44	None	None	1	-2	7.761237904582325
665	61.9577	124.2857	47	None	None	1	-1	7.750904924149209
666	62.6984	125.7672	49	None	None	1	-4	3.6136226024047264
667	62.6984	125.7672	52	None	None	1	-3	3.946852906215858
668	62.6984	125.7672	56	None	None	1	-2	3.962949978608234
669	62.6984	125.7672	59	None	None	1	-1	3.839173944555219
670	64.1799	128.7302	61	None	None	1	-4	2.1753795906512643
671	64.1799	128.7302	64	None	None	1	-3	2.277195830248948
672	64.1799	128.7302	68	None	None	1	-2	2.125860817090459
673	64.1799	128.7302	71	None	None	1	-1	2.3099017756708746
674	64.5503	129.4709	62	None	None	1	-5	5.086442820650423
675	64.5503	129.4709	65	None	None	1	-4	4.882467408986576
676	64.5503	129.4709	69	None	None	1	-2	4.612565264320755
677	64.5503	129.4709	72	None	None	1	-1	4.7363412983737705
678	64.9206	130.2116	61	None	None	1	-5	4.5282849951438
679	64.9206	130.2116	64	None	None	1	-4	4.7112408188476484
680	64.9206	130.2116	68	None	None	1	-2	4.7613533047869065
681	64.9206	130.2116	71	None	None	1	-1	5.521592081757941
682	65.6614	131.6931	48	None	None	1	-5	2.7029119504710066
683	65.6614	131.6931	52	None	None	1	-4	2.7821996716644466
684	65.6614	131.6931	56	None	None	1	-2	2.9467698217613276
685	65.6614	131.6931	59	None	None	1	-1	3.0621670160547727
686	66.0317	132.4339	48	None	None	1	-5	2.5956781365543584
687	66.0317	132.4339	51	None	None	1	-3	2.4802771003521915
688	66.0317	132.4339	53	None	None	1	-2	2.4163064191405073
689	66.0317	132.4339	58	None	None	1	-1	1.3980531387396975
690	66.4021	133.1746	48	None	None	1	-5	1.3383198596966923
691	66.4021	133.1746	52	None	None	1	-4	0.8918627951337227
692	66.4021	133.1746	56	None	None	1	-3	0.7785623579302403
693	66.4021	133.1746	59	None	None	1	-2	0.6702010476424856
694	67.8836	136.5079	51	None	None	1	-5	0.7004926746823517
695	67.8836	136.5079	55	None	None	1	-3	1.3453942079106456
696	67.8836	136.5079	57	None	None	1	-2	1.7389097805623688
697	67.8836	136.5079	60	None	None	1	-1	2.42428605653315
698	68.6243	137.6190	51	None	None	1	-5	2.389741082155739
699	68.6243	137.6190	55	None	None	1	-4	2.375712104525448
700	68.6243	137.6190	57	None	None	1	-3	2.532089936495236
701	68.6243	137.6190	60	None	None	1	-2	2.4122976142800083
702	69.3651	139.4709	53	None	None	1	-5	2.5466391813032923
703	69.3651	139.4709	61	None	None	1	-3	2.123388423250766
704	69.3651	139.4709	63	None	None	1	-1	1.5751898707019882
705	70.1058	140.5820	53	None	None	1	-5	1.4612915856170265
706	70.1058	140.5820	61	None	None	1	-3	1.1102560572687192
707	70.1058	140.5820	63	None	None	1	-2	1.2364203115166736
708	70.8466	142.4339	55	None	None	1	-5	2.843455183572839
709	70.8466	142.4339	60	None	None	1	-3	2.8559132525216335
710	71.5873	143.5450	55	None	None	1	-5	2.8552023371689517
711	71.5873	143.5450	60	None	None	1	-3	2.951926473925214
712	71.5873	143.5450	65	None	None	1	-1	2.894196480169458
713	72.3280	145.3968	55	None	None	1	-5	2.888480871613068
714	72.3280	145.3968	59	None	None	1	-4	2.9029308814140515
715	72.3280	145.3968	65	None	None	1	-1	2.824149726430209
716	73.4392	148.3598	45	None	None	1	-5	1.0081996717956363
717	73.4392	148.3598	48	None	None	1	-2	2.2376814063646826
718	73.4392	148.3598	52	None	None	1	-1	2.8222740184165827
719	77.1429	155.0265	40	None	None	1	-4	2.8445561332236533
720	77.1429	155.0265	45	None	None	1	-2	2.826291227551174
721	77.1429	155.0265	48	None	None	1	-1	2.833006718581073
722	78.6243	157.6190	36	None	None	1	-5	2.6125157680313738
723	78.6243	157.6190	40	None	None	1	-3	2.532083556248879
724	78.6243	157.6190	45	None	None	1	-1	2.521886419341609
725	79.3651	160.2116	46	None	None	1	-4	0.5159549215088218
726	79.3651	160.2116	51	None	None	1	-2	0.4203683376196235
727	79.3651	160.2116	55	None	None	1	-1	0.3078626549891571
728	91.2169	182.8042	47	None	None	1	-4	0.44672757473466046
729	91.2169	182.8042	52	None	None	1	-2	0.47711845092846844
730	91.2169	182.8042	56	None	None	1	-1	0.49631450199825966
731	93.8095	187.9894	46	None	None	1	-5	0.6234178412481375
732	93.8095	187.9894	51	None	None	1	-3	0.6405814622975683
733	93.8095	187.9894	56	None	None	1	-1	0.6298988029582451
734	95.2910	190.9524	46	None	None	1	-5	0.7579568155838325
735	95.2910	190.9524	51	None	None	1	-3	0.7761636908905948
736	95.2910	190.9524	56	None	None	1	-1	0.7801745678592729
737	96.7725	193.9153	46	None	None	1	-5	0.9479291819561458
738	96.7725	193.9153	51	None	None	1	-3	1.0239024542656536
739	96.7725	193.9153	56	None	None	1	-1	1.0453925950609024
740	97.8836	196.1376	46	None	None	1	-4	1.2885707853935986
741	97.8836	196.1376	51	None	None	1	-2	1.3946751646522824
742	98.9947	198.3598	46	None	None	1	-4	1.770209859856673
743	98.9947	198.3598	51	None	None	1	-2	1.728272488577885
744	98.9947	198.3598	54	None	None	1	-1	1.7765269863736661
745	99.7354	199.8413	46	None	None	1	-4	1.7368303849023785
746	99.7354	199.8413	51	None	None	1	-2	1.679063987899632
747	99.7354	199.8413	55	None	None	1	-1	1.6615847240730615
748	100.1058	200.5820	46	None	None	1	-5	1.3806912182563746
749	100.1058	200.5820	51	None	None	1	-3	1.2745868389976909
750	100.1058	200.5820	56	None	None	1	-1	0.8878299943830765
751	101.2169	202.8042	46	None	None	1	-4	0.9437565262737709
752	101.2169	202.8042	51	None	None	1	-2	0.9616785963227064
753	102.3280	205.0265	46	None	None	1	-4	1.114223544100149
754	102.3280	205.0265	51	None	None	1	-2	1.03997714829412
755	102.3280	205.0265	54	None	None	1	-1	1.078312665987435
756	103.4392	207.2487	46	None	None	1	-4	0.9931226266689543
757	103.4392	207.2487	51	None	None	1	-2	1.1223067826495792
758	103.4392	207.2487	55	None	None	1	-1	1.058872666953208
759	104.1799	208.7302	46	None	None	1	-5	1.0152482257870765
760	104.1799	208.7302	51	None	None	1	-4	0.6820522290575697
761	104.1799	208.7302	56	None	None	1	-2	0.6821912294097605
762	105.2910	211.3228	48	None	None	1	-5	0.6744872647963931
763	105.2910	211.3228	50	None	None	1	-4	0.6266364296395519
764	105.2910	211.3228	55	None	None	1	-2	0.6557576529581234
765	106.0317	212.8042	48	None	None	1	-5	0.728185280396762
766	106.0317	212.8042	51	None	None	1	-4	0.669126910352708
767	106.0317	212.8042	55	None	None	1	-2	0.7766001639713346
768	107.1429	214.6561	48	None	None	1	-5	1.1445897790323398
769	107.1429	214.6561	52	None	None	1	-4	0.9980602074638009
770	107.1429	214.6561	55	None	None	1	-2	1.2008873933840347
771	107.8836	216.1376	48	None	None	1	-5	1.8546172774081153
772	107.8836	216.1376	53	None	None	1	-3	2.9643347547073855
773	107.8836	216.1376	55	None	None	1	-2	4.297028476970011
774	108.6243	217.6190	48	None	None	1	-5	4.544764585184662
775	108.6243	217.6190	54	None	None	1	-3	4.468096697300118
776	108.6243	217.6190	55	None	None	1	-2	4.39581819161051
777	111.9577	112.1429	48	None	None	1	-5	4.620788130151528
778	112.1429	112.3280	50	None	None	1	-4	4.906273672534966
779	112.3280	225.7672	51	None	None	1	-3	4.364268368990927
780	112.3280	225.7672	55	None	None	1	-2	3.2193301305376703
781	112.3280	225.7672	58	None	None	1	-1	1.7945425121410392
782	114.1799	229.1005	56	None	None	1	-5	0.8104860640889779
783	114.1799	229.1005	60	None	None	1	-4	1.051867786139362
784	114.1799	229.1005	63	None	None	1	-3	1.3502759544206508
785	115.2910	231.6931	61	None	None	1	-5	1.1843835231658182
786	115.2910	231.6931	68	None	None	1	-4	1.303322330360253
787	117.5132	235.3968	66	None	None	1	-5	1.5388830142053105
788	117.5132	235.3968	70	None	None	1	-4	1.6596855712587393
789	117.5132	235.3968	73	None	None	1	-3	1.6294627009435492
790	118.6243	237.9894	70	None	None	1	-5	1.4402453292943538
791	118.6243	237.9894	75	None	None	1	-4	1.1177456238350856
792	120.4762	241.3228	75	None	None	1	-5	1.3970903400697987
793	120.4762	241.3228	80	None	None	1	-3	1.4231903100744607
794	120.4762	241.3228	82	None	None	1	-2	1.61988028491333
795	121.2169	243.1746	78	None	None	1	-5	1.5121990010461552
796	121.2169	243.1746	82	None	None	1	-4	5.418800147004784
797	121.2169	243.1746	85	None	None	1	0	-1
798	121.9577	244.2857	80	None	None	1	0	-1
799	121.9577	244.2857	82	None	None	1	0	-1
800	121.9577	244.2857	87	None	None	1	0	-1
801	122.6984	246.1376	81	None	None	1	0	-1
802	122.6984	246.1376	84	None	None	1	0	-1
803	122.6984	246.1376	87	None	None	1	0	-1
804	123.8095	124.5238	55	None	None	1	0	-1
805	123.9881	248.3333	77	None	None	1	-5	4.3537887893356535
806	123.9881	248.3333	84	None	None	1	-3	3.0808247741841472
807	123.9881	248.3333	86	None	None	1	-2	3.525606424825198
808	123.9881	248.3333	89	None	None	1	-1	3.510582386363662
809	124.3452	248.8690	77	None	None	1	-5	3.5105823863636614
810	124.3452	248.8690	82	None	None	1	-4	2.8144886363636608
811	124.3452	248.8690	86	None	None	1	-2	3.5105823863636614
812	124.3452	248.8690	89	None	None	1	-1	3.5105823863636623
813	124.7024	249.7619	77	None	None	1	-5	3.510582386363634
814	124.7024	249.7619	82	None	None	1	-4	2.8144886363636097
815	124.7024	249.7619	86	None	None	1	-2	3.510582386363608
816	124.7024	249.7619	89	None	None	1	-1	3.510582386363607
817	125.0595	250.2976	77	None	None	1	-5	3.5105823863636356
818	125.0595	250.2976	82	None	None	1	-4	2.8144886363636363
819	125.0595	250.2976	86	None	None	1	-2	3.510582386363661
820	125.0595	250.2976	89	None	None	1	-1	3.510582386363662
821	125.4167	251.1905	77	None	None	1	-5	3.5105823863636614
822	125.4167	251.1905	82	None	None	1	-4	2.8144886363636608
823	125.4167	251.1905	86	None	None	1	-2	3.5105823863636614
824	125.4167	251.1905	89	None	None	1	-1	3.5105823863636623
825	125.7738	251.7262	77	None	None	1	-5	3.510582386363634
826	125.7738	251.7262	82	None	None	1	-4	2.8144886363636097
827	125.7738	251.7262	86	None	None	1	-2	3.510582386363608
828	125.7738	251.7262	89	None	None	1	-1	3.510582386363607
829	126.1310	252.6190	77	None	None	1	-5	2.704918323863613
830	126.1310	252.6190	82	None	None	1	-4	2.1750177556817927
831	126.1310	252.6190	86	None	None	1	-2	2.226580255681794
832	126.1310	252.6190	89	None	None	1	-1	2.519549005681796
833	126.4881	253.1548	77	None	None	1	-5	3.325213068181843
834	126.4881	253.1548	82	None	None	1	-4	2.6291193181818437
835	126.4881	253.1548	86	None	None	1	-2	3.325213068181869
836	126.4881	253.1548	89	None	None	1	-1	3.3252130681818692
837	126.8452	254.0476	79	None	None	1	-5	4.1308771306818635
838	126.8452	254.0476	84	None	None	1	-3	4.263689630681859
839	126.8452	254.0476	87	None	None	1	-2	4.5254517834596415
840	126.8452	254.0476	91	None	None	1	-1	4.2324830334596415
841	127.2024	254.5833	77	None	None	1	-5	3.4268189709595944
842	127.2024	254.5833	82	None	None	1	-4	2.73072522095957
843	127.2024	254.5833	86	None	None	1	-2	3.4268189709595687
844	127.2024	254.5833	89	None	None	1	-1	3.426818970959568
845	127.5595	255.4762	77	None	None	1	-5	3.426818970959568
846	127.5595	255.4762	81	None	None	1	-4	2.9906605113636098
847	127.5595	255.4762	86	None	None	1	-2	3.510582386363607
848	127.5595	255.4762	89	None	None	1	-1	3.510582386363607
849	127.9167	256.0119	77	None	None	1	-5	3.510582386363607
850	127.9167	256.0119	82	None	None	1	-4	2.8144886363636066
851	127.9167	256.0119	86	None	None	1	-2	3.510582386363607
852	127.9167	256.0119	89	None	None	1	-1	3.510582386363607
853	128.2738	256.9048	77	None	None	1	-5	3.1764366926476115
854	128.2738	256.9048	82	None	None	1	-4	4.25330695779921
855	128.2738	256.9048	86	None	None	1	-2	5.322567775106961
856	128.2738	256.9048	89	None	None	1	-1	5.3375918135685
857	128.6310	257.4405	77	None	None	1	-5	5.337591813568499
858	128.6310	257.4405	82	None	None	1	-4	4.329710263694772
859	128.6310	257.4405	86	None	None	1	-2	5.025804013694773
860	128.6310	257.4405	89	None	None	1	-1	5.025804013694773
861	128.8095	128.9881	84	None	None	1	-3	6.44603193392258
862	128.9881	258.3333	77	None	None	1	-5	4.7816962695868375
863	128.9881	258.3333	86	None	None	1	-2	4.901568064458638
864	128.9881	258.3333	89	None	None	1	-1	4.901568064458638
865	129.3452	258.8690	77	None	None	1	-5	4.901568064458638
866	129.3452	258.8690	82	None	None	1	-3	4.901568064458637
867	129.3452	258.8690	86	None	None	1	-2	4.901568064458638
868	129.3452	258.8690	89	None	None	1	-1	4.901568064458638
869	129.5238	129.7024	79	None	None	1	-4	3.2905765892094485
870	129.7024	259.7619	82	None	None	1	-3	3.19462579521177
871	129.7024	259.7619	86	None	None	1	-2	1.9558838080322196
872	129.7024	259.7619	89	None	None	1	-1	1.9432035195706805
873	130.0595	260.2976	77	None	None	1	-5	1.0642972695706852
874	130.0595	260.2976	82	None	None	1	-4	0.35504081811795524
875	130.0595	260.2976	86	None	None	1	-2	0.334522033005598
876	130.0595	260.2976	89	None	None	1	-1	0.4125385260611504
877	130.4167	261.1905	82	None	None	1	-4	7.106512237762492
878	130.4167	261.1905	86	None	None	1	-2	7.142439721736855
879	130.4167	261.1905	89	None	None	1	-1	7.852335555070221
880	130.7738	261.7262	86	None	None	1	-2	8.749631228147093
881	130.7738	261.7262	89	None	None	1	-1	10.712746972247752
882	131.3095	262.9762	82	None	None	1	-2	15.888688441208892
883	131.3095	262.9762	86	None	None	1	-1	16.31210374754763
884	131.6667	131.8452	82	None	None	1	-2	42.704285983058625
885	131.8452	264.0476	70	None	None	1	-5	37.38440539195134
886	131.8452	263.8690	74	None	None	1	-4	37.061229022548446
887	131.8452	263.8690	77	None	None	1	-3	37.04550575210814
888	132.0238	132.1131	79	None	None	1	-2	37.96129056253582
889	132.1131	132.2024	81	None	None	1	-1	36.96074783378461
890	132.2024	132.2917	82	None	None	1	-2	31.99350328587992
891	132.2917	132.3810	84	None	None	1	-1	31.8109778353442
892	132.3810	264.9249	58	None	None	1	-5	5.836347694012762
893	132.3810	264.9249	63	None	None	1	-4	5.435370292515552
894	132.3810	264.9249	66	None	None	1	-2	4.960099375523491
895	132.3810	264.9249	69	None	None	1	-1	4.598332364136767
896	132.5440	265.2510	58	None	None	1	-5	4.123787548529635
897	132.5440	265.2510	63	None	None	1	-4	3.8972073232228044
898	132.5440	265.2510	66	None	None	1	-2	3.6896404003497696
899	132.5440	265.2510	69	None	None	1	-1	3.510398839498749
900	132.8701	265.9032	58	None	None	1	-5	3.9849436551058295
901	132.8701	265.9032	63	None	None	1	-4	4.066592791093784
902	132.8701	265.9032	66	None	None	1	-2	4.419090803285648
903	132.8701	265.9032	69	None	None	1	-1	4.59833236413665
904	133.1962	266.5554	58	None	None	1	-5	5.072877179743782
905	133.1962	266.5554	63	None	None	1	-4	5.154526315731754
906	133.1962	266.5554	66	None	None	1	-2	5.507024327923648
907	133.1962	266.5554	69	None	None	1	-1	5.686265888774668
908	133.3592	266.8815	58	None	None	1	-5	5.686265888774667
909	133.3592	266.8815	63	None	None	1	-4	5.59665549916427
910	133.3592	266.8815	66	None	None	1	-2	5.686265888774669
911	133.3592	266.8815	69	None	None	1	-1	5.686265888774668
912	133.5223	267.2076	58	None	None	1	-5	5.686265888774801
913	133.5223	267.2076	63	None	None	1	-4	5.596655499164443
914	133.5223	267.2076	66	None	None	1	-2	5.686265888774925
915	133.5223	267.2076	69	None	None	1	-1	5.686265888774975
916	133.6853	267.5336	58	None	None	1	-5	5.211721073167842
917	133.6853	267.5336	63	None	None	1	-4	4.985140847861013
918	133.6853	267.5336	66	None	None	1	-2	4.777573924987977
919	133.6853	267.5336	69	None	None	1	-1	4.598332364136957
920	133.8483	267.8597	58	None	None	1	-5	4.123787548529692
921	133.8483	267.8597	63	None	None	1	-4	3.897207323222813
922	133.8483	267.8597	66	None	None	1	-2	4.035394773527538
923	133.8483	267.8597	69	None	None	1	-1	5.455123785754145
924	134.1744	268.5119	58	None	None	1	-5	6.100808020332322
925	134.1744	268.5119	63	None	None	1	-4	6.182457156320295
926	134.1744	268.5119	66	None	None	1	-2	5.974890233447263
927	134.1744	268.5119	69	None	None	1	-1	7.24710700090983
928	134.5005	269.1641	58	None	None	1	-5	6.721535861043907
929	134.5005	269.1641	63	None	None	1	-4	6.111676250676248
930	134.5005	269.1641	67	None	None	1	-2	6.2498637009810745
931	134.5005	269.1641	68	None	None	1	-1	4.751854520922007
932	134.6636	269.4902	58	None	None	1	-5	5.043888379920132
933	134.6636	269.4902	63	None	None	1	-3	4.790856288045069
934	134.6636	269.4902	65	None	None	1	-2	5.350921223109996
935	134.6636	269.4902	68	None	None	1	-1	4.257946016498447
936	134.8266	269.8163	58	None	None	1	-5	4.185937667704357
937	134.8266	269.8163	63	None	None	1	-3	3.9329055758292557
938	134.8266	269.8163	65	None	None	1	-2	4.492970510894158
939	134.8266	269.8163	68	None	None	1	-1	3.399995304282441
940	134.9896	270.1423	59	None	None	1	-5	2.9716599279241214
941	134.9896	270.1423	63	None	None	1	-4	2.841903207161321
942	134.9896	270.1423	66	None	None	1	-2	2.6343362842882856
943	134.9896	270.1423	69	None	None	1	-1	2.455094723437265
944	135.1527	270.4684	59	None	None	1	-5	3.0526742120973296
945	135.1527	270.4684	63	None	None	1	-4	3.0791260786655767
946	135.1527	270.4684	66	None	None	1	-2	2.871559155792574
947	135.1527	270.4684	69	None	None	1	-1	2.6923175949415725
948	135.4788	271.1206	59	None	None	1	-5	3.354190252167716
949	135.4788	271.1206	63	None	None	1	-4	3.455078139790289
950	135.4788	271.1206	66	None	None	1	-2	3.510398839498749
951	135.4788	271.1206	69	None	None	1	-1	3.510398839498749
952	135.8049	271.7728	58	None	None	1	-5	3.5103988394986976
953	135.8049	271.7728	63	None	None	1	-4	3.4550781397902197
954	135.8049	271.7728	66	None	None	1	-2	3.5103988394986514
955	135.8049	271.7728	69	None	None	1	-1	3.5103988394986323
956	136.1310	272.4249	58	None	None	1	-5	3.072626238961845
957	136.1310	272.4249	63	None	None	1	-4	3.472236591760999
958	136.1310	272.4249	66	None	None	1	-2	3.9516826559009925
959	136.1310	272.4249	69	None	None	1	-1	3.8412740877118274
960	136.4570	273.0771	58	None	None	1	-5	4.5605287569574235
961	136.4570	273.0771	63	None	None	1	-4	4.667476221598554
962	136.4570	273.0771	66	None	None	1	-2	4.597353805749074
963	136.4570	273.0771	69	None	None	1	-1	5.869570573211663
964	136.7831	273.7293	60	None	None	1	-5	5.640972640532061
965	136.7831	273.7293	65	None	None	1	-3	5.7916394597981204
966	136.7831	273.7293	65	None	None	1	-2	5.231574524733138
967	136.7831	273.7293	70	None	None	1	-1	5.661407910271479
968	136.9462	274.0554	60	None	None	1	-5	5.539129182763153
969	136.9462	274.0554	65	None	None	1	-3	5.893506558045641
970	136.9462	274.0554	67	None	None	1	-2	5.762062746754894
971	136.9462	274.0554	70	None	None	1	-1	4.22581536704741
972	137.1092	274.3815	60	None	None	1	-5	4.162991756619967
973	137.1092	274.3815	65	None	None	1	-4	2.861131972817774
974	137.1092	274.3815	67	None	None	1	-3	3.106670397750943
975	137.1092	274.3815	70	None	None	1	-1	3.6070658295786617
976	137.4353	275.0336	61	None	None	1	-5	2.930192188965962
977	137.4353	275.0336	65	None	None	1	-3	3.7567974754837734
978	137.4353	275.0336	67	None	None	1	-2	4.102551848661609
979	137.4353	275.0336	71	None	None	1	-1	5.041327358865683
980	137.7614	275.8489	61	None	None	1	-5	10.30021161216488
981	137.7614	275.8489	66	None	None	1	-4	10.151282038226944
982	137.7614	275.8489	67	None	None	1	-3	9.870868574140008
983	137.7614	275.8489	70	None	None	1	-1	9.848157311051883
984	138.0875	276.3380	61	None	None	1	-5	9.10500720314235
985	138.0875	276.3380	66	None	None	1	-4	10.039002413602033
986	138.0875	276.3380	67	None	None	1	-3	10.893914949436807
987	138.0875	276.3380	70	None	None	1	-1	8.348077779822406
988	138.2505	138.4136	69	None	None	1	-2	7.056194662939301
989	138.4136	138.5766	65	None	None	1	-3	8.910494747611251
990	138.5766	277.3163	61	None	None	1	-5	9.791823044555557
991	138.5766	277.3163	66	None	None	1	-4	7.604024300743281
992	138.5766	277.3163	68	None	None	1	-3	7.532197318904041
993	138.5766	277.3163	70	None	None	1	-1	8.369250982360713
994	138.7396	277.6423	61	None	None	1	-5	7.449885129959161
995	138.7396	277.6423	66	None	None	1	-4	5.529269403767659
996	138.7396	277.6423	68	None	None	1	-3	5.457442421928449
997	138.7396	277.6423	70	None	None	1	-1	6.447575058161648
998	139.0657	278.4576	61	None	None	1	-5	6.201756685976694
999	139.0657	278.4576	66	None	None	1	-4	5.289194343476394
1000	139.0657	278.4576	68	None	None	1	-3	5.325998610637817
1001	139.0657	278.4576	70	None	None	1	-1	6.447575058161871
1002	139.3918	278.9467	61	None	None	1	-5	6.201756685976918
1003	139.3918	278.9467	66	None	None	1	-4	5.289194343476513
1004	139.3918	278.9467	68	None	None	1	-3	5.325998610637922
1005	139.3918	278.9467	70	None	None	1	-1	6.4475750581618545
1006	139.7179	279.7619	61	None	None	1	-5	6.201756685976828
1007	139.7179	279.7619	66	None	None	1	-4	5.28919434347642
1008	139.7179	279.7619	68	None	None	1	-3	5.325998610637831
1009	139.7179	279.7619	70	None	None	1	-1	6.447575058161871
1010	140.0440	280.2510	61	None	None	1	-5	6.455754388954208
1011	140.0440	280.2510	66	None	None	1	-4	6.252790632166006
1012	140.0440	280.2510	68	None	None	1	-3	6.421038710618163
1013	140.0440	280.2510	70	None	None	1	-1	8.522329955137408
1014	140.3701	280.9032	61	None	None	1	-5	8.797692303550136
1015	140.3701	280.9032	66	None	None	1	-4	8.327545529141364
1016	140.3701	280.9032	68	None	None	1	-3	8.49579360759351
1017	140.3701	280.9032	70	None	None	1	-1	10.444005879336268
1018	140.5331	281.2293	61	None	None	1	-5	10.045820747532495
1019	140.5331	281.2293	66	None	None	1	-4	8.325080072098805
1020	140.5331	281.2293	68	None	None	1	-3	8.257748849602299
1021	140.5331	281.2293	70	None	None	1	-1	9.18991985975441
1022	140.6962	281.5554	61	None	None	1	-5	11.501915878834328
1023	140.6962	281.5554	66	None	None	1	-4	9.245305805557646
1024	140.6962	281.5554	68	None	None	1	-3	9.093798523885084
1025	140.6962	281.5554	70	None	None	1	-1	9.024034821978505
1026	140.8592	281.8815	61	None	None	1	-5	7.383702535217667
1027	140.8592	281.8815	65	None	None	1	-3	7.710602907572561
1028	140.8592	281.8815	68	None	None	1	-2	7.879029956555259
1029	140.8592	281.8815	70	None	None	1	-1	4.719537933426916
1030	141.6900	283.5585	74	None	None	1	-4	1.192057033723719
1031	141.6900	283.5585	78	None	None	1	-3	1.9753179211512102
1032	141.6900	283.5585	81	None	None	1	-2	2.2521103896103236
1033	141.8685	283.9156	74	None	None	1	-5	2.4707001332000478
1034	141.8685	283.9156	78	None	None	1	-3	4.789238076737859
1035	141.8685	283.9156	81	None	None	1	-2	5.870849058348849
1036	142.0471	284.2728	74	None	None	1	-5	6.856812169312054
1037	142.0471	284.2728	78	None	None	1	-3	7.082103544603435
1038	142.0471	284.2728	81	None	None	1	-2	9.295221907721897
1039	142.2257	284.6299	73	None	None	1	-5	10.64206256706247
1040	142.2257	284.6299	78	None	None	1	-4	8.870564690376135
1041	142.2257	284.6299	80	None	None	1	-3	9.744008856273107
1042	142.2257	284.6299	82	None	None	1	-1	9.572300952018013
1043	142.4042	284.9871	73	None	None	1	-5	15.036867290810118
1044	142.4042	284.9871	78	None	None	1	-4	12.624353743587726
1045	142.4042	284.9871	80	None	None	1	-3	12.51114284445449
1046	142.4042	284.9871	82	None	None	1	-2	12.292553100864737
1047	142.5828	142.6721	89	None	None	1	-1	9.949313007624792
1048	142.6721	142.7614	87	None	None	1	-2	9.43776245126285
1049	142.7614	142.8507	86	None	None	1	-1	4.321833568824765
1050	142.8507	142.9400	84	None	None	1	-2	2.9265615452509124
1051	143.1185	286.4156	74	None	None	1	-5	1.0485244528934
1052	143.1185	286.4156	78	None	None	1	-3	2.06896942054716
1053	143.1185	286.4156	81	None	None	1	-2	2.0230894105894808
1054	143.2971	286.7728	74	None	None	1	-5	2.241679154179227
1055	143.2971	286.7728	78	None	None	1	-3	3.6110588485589767
1056	143.2971	286.7728	81	None	None	1	-2	4.039263976764072
1057	143.4757	287.1299	74	None	None	1	-5	5.0777763902764335
1058	143.4757	287.1299	78	None	None	1	-3	5.303067765567793
1059	143.4757	287.1299	81	None	None	1	-2	6.567027879527826
1060	143.6542	287.4871	73	None	None	1	-5	5.5069559582716625
1061	143.6542	287.4871	77	None	None	1	-4	4.517378649615295
1062	143.6542	287.4871	79	None	None	1	-3	4.373822644217176
1063	143.6542	287.4871	82	None	None	1	-1	4.035820983353677
1064	143.8328	287.8442	73	None	None	1	-5	2.4728006703334495
1065	143.8328	287.8442	77	None	None	1	-4	1.2748661973990512
1066	143.8328	287.8442	79	None	None	1	-3	1.0857636332965153
1067	143.8328	287.8442	82	None	None	1	-2	2.0662835763165313
1068	144.5471	289.2728	74	None	None	1	-5	2.21292240897512
1069	144.5471	289.2728	78	None	None	1	-3	2.368997967188832
1070	144.5471	289.2728	81	None	None	1	-2	2.3329333738873936
1071	144.7257	289.6299	74	None	None	1	-5	2.3770038867079153
1072	144.7257	289.6299	78	None	None	1	-3	2.3770038867079255
1073	144.7257	289.6299	81	None	None	1	-2	2.496875681579708
1074	144.9042	289.9871	74	None	None	1	-5	3.2652323249363
1075	144.9042	289.9871	75	None	None	1	-4	2.28756172555512
1076	144.9042	289.9871	80	None	None	1	-2	1.948543506931616
1077	145.6185	291.4156	74	None	None	1	-5	1.927574070666123
1078	145.6185	291.4156	78	None	None	1	-3	2.098169703103853
1079	145.7971	291.7728	74	None	None	1	-5	2.7415991902833525
1080	145.7971	291.7728	78	None	None	1	-4	2.374466323150533
1081	145.9757	292.1299	80	None	None	1	-3	2.9596061832904463
1082	145.9757	292.1299	82	None	None	1	-2	2.671431419457804
1083	146.6900	293.5585	78	None	None	1	-3	2.497986443381244
1084	146.6900	293.5585	81	None	None	1	-2	2.4979864433812415
1085	146.8685	293.9156	78	None	None	1	-3	2.4347580051528186
1086	146.8685	293.9156	81	None	None	1	-2	2.329338424733251
1087	147.0471	294.2728	75	None	None	1	-5	1.7405563734511933
1088	147.0471	294.2728	80	None	None	1	-3	2.4980280684228116
1089	147.0471	294.2728	81	None	None	1	-2	1.7294383248330307
1090	147.7614	295.7013	74	None	None	1	-5	3.0971002681527873
1091	147.7614	295.7013	78	None	None	1	-3	5.231647725918785
1092	147.7614	295.7013	81	None	None	1	-2	5.26125463176017
1093	147.9400	296.0585	74	None	None	1	-5	6.970820799050996
1094	147.9400	296.0585	78	None	None	1	-3	7.209748537978716
1095	147.9400	296.0585	81	None	None	1	-2	7.858466486696601
1096	148.1185	296.4156	73	None	None	1	-5	6.799183664255943
1097	148.1185	296.4156	80	None	None	1	-4	6.175666561902392
1098	148.1185	296.4156	81	None	None	1	-1	5.414569813194809
1099	148.6542	297.4871	66	None	None	1	-5	3.351900039148598
1100	148.6542	297.4871	69	None	None	1	-2	2.329338424733033
1101	148.8328	297.8442	63	None	None	1	-5	1.7405563734510352
1102	148.8328	297.8442	68	None	None	1	-3	2.4980280684227996
1103	148.8328	297.8442	69	None	None	1	-2	1.7294383248331138
1104	149.5471	299.2728	62	None	None	1	-5	3.097100268153012
1105	149.5471	299.2728	66	None	None	1	-3	4.7561128564419
1106	149.5471	299.2728	69	None	None	1	-2	4.763885760925328
1107	149.7257	299.6299	62	None	None	1	-5	6.2251396629687
1108	149.7257	299.6299	66	None	None	1	-3	6.488242349755648
1109	149.7257	299.6299	69	None	None	1	-2	7.136960298473645
1110	149.9042	299.9871	61	None	None	1	-5	6.115548423831376
1111	149.9042	299.9871	68	None	None	1	-4	5.535594791567678
1112	149.9042	299.9871	69	None	None	1	-1	5.479196828069577
1113	150.6185	301.4156	54	None	None	1	-5	4.2038719091869385
1114	150.6185	301.4156	57	None	None	1	-2	4.732060168296319
1115	150.7971	301.7728	51	None	None	1	-5	4.105238305948103
1116	150.7971	301.7728	56	None	None	1	-3	3.918558757426436
1117	150.7971	301.7728	57	None	None	1	-2	3.874702175411941
1118	151.3328	302.8442	54	None	None	1	-3	4.830134196574346
1119	151.3328	302.8442	57	None	None	1	-2	5.055948015748976
1120	151.5114	303.2013	49	None	None	1	-5	5.5047117520127316
1121	151.5114	303.2013	56	None	None	1	-4	4.3206883003906285
1122	151.5114	303.2013	57	None	None	1	-3	4.222388646681927
1123	152.2257	304.6299	54	None	None	1	-4	5.694802812337091
1124	152.2257	304.6299	57	None	None	1	-3	22.84700820790073
1125	152.4042	304.9871	56	None	None	1	-3	22.84700820790073
1126	152.4042	304.9871	57	None	None	1	-2	22.84700820790073
1127	153.8328	154.0114	61	None	None	1	-1	22.84700820790073
1128	154.0114	154.1007	60	None	None	1	-2	22.84700820790073
1129	154.1007	154.1900	58	None	None	1	-3	22.84700820790073
1130	154.1900	154.2792	56	None	None	1	-4	22.84700820790073
1131	154.2792	154.3685	55	None	None	1	-1	22.84700820790073
1132	154.3685	308.9156	38	None	None	1	-5	22.84700820790073
1133	154.3685	308.9156	50	None	None	1	0	22.84700820790073
