0	2.8571	3.5714	38	None	None	0	0	-1
1	3.7500	4.1071	38	None	None	0	0	-1
2	4.6429	5.0000	38	None	None	0	0	-1
3	5.1786	10.5357	62	None	None	0	1	3.490528520584704
4	5.1786	10.5357	69	None	None	0	3	3.505898730898733
5	5.3571	10.8929	64	None	None	0	1	3.435385910385919
6	5.3571	10.8929	71	None	None	0	3	3.054616679616686
7	5.5357	11.2500	65	None	None	0	2	4.1527796103267836
8	5.5357	11.2500	72	None	None	0	4	5.053286249040955
9	5.7143	11.6071	67	None	None	0	2	6.5995022491484665
10	5.7143	11.6071	74	None	None	0	5	8.56680994145616
11	5.8929	6.0714	68	None	None	0	4	6.007893857540079
12	6.0714	6.2500	66	None	None	0	3	5.895286679143429
13	6.2500	6.4286	69	None	None	0	5	5.020029664145852
14	6.4286	6.5179	67	None	None	0	4	5.591588580789185
15	6.5179	6.6071	65	None	None	0	3	6.36807493114439
16	6.6071	6.7857	64	None	None	0	2	7.97929332689781
17	6.7857	13.9286	62	None	None	0	1	7.500447173051646
18	6.7857	13.9286	62	None	None	0	2	6.082556730161197
19	7.1429	7.8571	62	None	None	0	2	6.2684541660586355
20	7.8571	7.9464	67	None	None	0	1	4.145444719364975
21	7.9464	8.0357	69	None	None	0	2	4.009595662761201
22	8.0357	8.2143	71	None	None	0	3	5.146011832196212
23	8.2143	8.5714	72	None	None	0	4	8.688497587181995
24	8.5714	8.7500	74	None	None	0	5	8.707004394191705
25	8.7500	8.9286	68	None	None	0	4	7.647660959848275
26	8.9286	9.1071	66	None	None	0	3	7.908631936554885
27	9.1071	9.2857	69	None	None	0	4	9.039914525384642
28	9.2857	9.3750	67	None	None	0	3	10.500101662249234
29	9.3750	9.4643	65	None	None	0	2	11.517082794324697
30	9.4643	9.6429	64	None	None	0	1	20.35018310652773
31	9.6429	10.0000	63	None	None	0	3	15.411371917716512
32	10.1786	10.3571	66	None	None	0	5	14.903747519642678
33	10.3571	10.4464	65	None	None	0	0	-1
34	10.4464	10.5357	64	None	None	0	0	-1
35	10.5357	10.6250	62	None	None	0	0	-1
36	10.6250	10.7143	60	None	None	0	0	-1
37	10.7143	10.8929	62	None	None	0	0	-1
38	11.6071	12.1429	38	None	None	0	0	-1
39	12.5000	12.8571	38	None	None	0	0	-1
40	13.3929	13.5714	38	None	None	0	0	-1
41	13.7500	27.6786	74	None	None	0	1	3.6112272565397565
42	13.7500	27.6786	81	None	None	0	3	3.505898730898731
43	13.9286	28.0357	76	None	None	0	1	3.4353859103859175
44	13.9286	28.0357	83	None	None	0	3	3.054616679616684
45	14.1071	28.3929	77	None	None	0	2	4.152779610326778
46	14.1071	28.3929	84	None	None	0	4	5.05328624904096
47	14.2857	28.7500	79	None	None	0	2	6.599502249148465
48	14.2857	28.7500	86	None	None	0	5	9.844071505451204
49	14.4643	14.6429	80	None	None	0	4	8.13548564686535
50	14.6429	14.8214	78	None	None	0	3	8.191779353159056
51	14.8214	15.0000	81	None	None	0	4	8.09776225914196
52	15.0000	15.0893	79	None	None	0	3	8.213146874526572
53	15.0893	15.1786	77	None	None	0	2	7.9921986403707965
54	15.1786	15.3571	76	None	None	0	1	7.164106397184221
55	15.3571	15.7143	74	None	None	0	3	2.5522264728632766
56	15.7143	16.4286	69	None	None	0	1	4.0902145853796785
57	15.8929	16.0714	75	None	None	0	3	10.547643441246077
58	16.0714	16.2500	73	None	None	0	2	10.990244936972562
59	16.2500	16.4286	77	None	None	0	4	12.293568992835683
60	16.4286	33.5714	69	None	None	0	1	12.069210018476715
61	16.4286	32.9464	74	None	None	0	2	12.501973551240248
62	16.5179	16.6071	76	None	None	0	3	13.562350909730794
63	16.6071	16.7857	78	None	None	0	4	13.57833623467839
64	16.7857	17.1429	79	None	None	0	1	6.621427402769512
65	17.1429	17.3214	86	None	None	0	5	6.129250875381875
66	17.3214	17.5000	80	None	None	0	4	5.232086928217941
67	17.5000	17.6786	78	None	None	0	3	5.397983924303619
68	17.6786	17.8571	81	None	None	0	5	6.1773467354848615
69	17.8571	17.9464	72	None	None	0	2	5.411218288460182
70	17.9464	18.0357	74	None	None	0	3	5.524425835630006
71	18.0357	18.2143	76	None	None	0	0	-1
72	18.2143	18.5714	77	None	None	0	0	-1
73	18.7500	18.9286	65	None	None	0	0	-1
74	18.9286	19.0179	67	None	None	0	0	-1
75	19.0179	19.1071	69	None	None	0	0	-1
76	19.1071	19.1964	70	None	None	0	0	-1
77	19.1964	19.2857	72	None	None	0	0	-1
78	19.2857	19.4643	67	None	None	0	0	-1
79	20.1786	20.7143	45	None	None	0	0	-1
80	20.7143	21.4286	45	None	None	0	0	-1
81	21.6071	22.1429	45	None	None	0	0	-1
82	22.1429	22.3214	69	None	None	0	2	3.2415708679859785
83	22.3214	22.4107	73	None	None	0	4	3.3590922355073443
84	22.4107	22.5000	75	None	None	0	5	3.085878813709005
85	22.5000	45.1786	69	None	None	0	2	2.8763359980341123
86	22.5000	45.1786	76	None	None	0	3	2.6701048951048696
87	22.6786	45.5357	73	None	None	0	2	2.7691142191142086
88	22.6786	45.5357	75	None	None	0	5	2.534198209198226
89	22.8571	45.8929	69	None	None	0	2	2.256456043956053
90	22.8571	45.8929	76	None	None	0	5	2.72989926739929
91	23.0357	46.2500	73	None	None	0	4	2.890120065120091
92	23.0357	46.2500	75	None	None	0	5	2.416676841676853
93	23.2143	46.6071	69	None	None	0	2	2.2564560439560513
94	23.2143	46.6071	73	None	None	0	4	2.6691798941799125
95	23.3929	23.5714	71	None	None	0	3	2.9275132275132485
96	23.5714	47.3214	69	None	None	0	2	2.7696428571428777
97	23.5714	47.3214	73	None	None	0	4	2.7890516890517123
98	23.7500	23.9286	75	None	None	0	5	2.534198209198228
99	23.9286	48.0357	69	None	None	0	2	2.2564560439560633
100	23.9286	48.0357	76	None	None	0	5	2.729899267399294
101	24.1071	48.3929	73	None	None	0	4	2.890120065120101
102	24.1071	48.3929	75	None	None	0	5	2.416676841676864
103	24.2857	48.7500	69	None	None	0	2	9.074008572446079
104	24.2857	48.7500	73	None	None	0	4	15.449512155957468
105	24.4643	24.6429	71	None	None	0	0	-1
106	24.6429	49.4643	69	None	None	0	0	-1
107	24.6429	49.4643	73	None	None	0	0	-1
108	24.8214	25.0000	75	None	None	0	0	-1
109	25.0000	50.3571	69	None	None	0	0	-1
110	25.0000	50.3571	76	None	None	0	0	-1
111	25.3571	25.7143	45	None	None	0	0	-1
112	25.7143	25.8929	69	None	None	0	1	3.748220725815034
113	25.8929	25.9821	73	None	None	0	2	3.3374442381517575
114	25.9821	26.0714	75	None	None	0	3	4.198593466282105
115	26.0714	52.3214	69	None	None	0	1	5.00991422099909
116	26.0714	52.3214	76	None	None	0	3	4.228588628352761
117	26.2500	52.6786	73	None	None	0	2	4.595255295019428
118	26.2500	52.6786	75	None	None	0	3	4.630686530450669
119	26.4286	52.9464	69	None	None	0	1	5.3294044791686375
120	26.4286	52.9464	78	None	None	0	5	5.182838545102702
121	26.5179	26.6071	74	None	None	0	4	4.264334477542022
122	26.6071	53.3929	73	None	None	0	3	3.6708293977162016
123	26.6071	53.3929	74	None	None	0	4	4.329112554112593
124	26.7857	53.7500	69	None	None	0	1	3.9170204795204997
125	26.7857	53.7500	73	None	None	0	3	3.6973558848559005
126	26.9643	27.1429	71	None	None	0	2	4.169875957375958
127	27.1429	54.4643	69	None	None	0	1	3.6741008991009036
128	27.1429	54.4643	73	None	None	0	2	3.2888444888444983
129	27.3214	27.5000	75	None	None	0	3	3.345138195138205
130	27.5000	55.1786	69	None	None	0	1	3.2872678247678397
131	27.5000	55.1786	78	None	None	0	5	3.1487604987605153
132	27.6786	55.5357	73	None	None	0	4	2.890120065120091
133	27.6786	55.5357	75	None	None	0	5	5.368950320512829
134	27.8571	55.8929	69	None	None	0	1	5.161297469891212
135	27.8571	55.8929	73	None	None	0	3	13.425137416836684
136	28.0357	28.2143	71	None	None	0	2	19.762642424849496
137	28.2143	56.6071	69	None	None	0	0	-1
138	28.2143	56.6071	73	None	None	0	0	-1
139	28.3929	28.5714	75	None	None	0	0	-1
140	28.5714	28.9286	69	None	None	0	0	-1
141	28.9286	58.2143	80	None	None	0	0	-1
142	28.9286	58.2143	81	None	None	0	0	-1
143	29.2857	29.6429	45	None	None	0	0	-1
144	29.6429	29.8214	69	None	None	0	0	-1
145	29.8214	29.9107	73	None	None	0	0	-1
146	29.9107	30.0000	75	None	None	0	0	-1
147	30.0000	60.1786	69	None	None	0	0	-1
148	30.0000	60.1786	76	None	None	0	0	-1
149	30.1786	30.3571	75	None	None	0	0	-1
150	30.3571	30.7143	69	None	None	0	0	-1
151	30.7143	31.0714	45	None	None	0	0	-1
152	31.0714	62.5000	80	None	None	0	4	5.19481132627692
153	31.0714	62.5000	81	None	None	0	5	5.116062828680774
154	31.4286	31.6071	69	None	None	0	1	4.8543239779089085
155	31.6071	31.6964	73	None	None	0	2	4.613358811000334
156	31.6964	31.7857	75	None	None	0	3	5.275114508133388
157	31.7857	63.7500	69	None	None	0	1	5.558387367349649
158	31.7857	63.7500	78	None	None	0	5	4.605103475533899
159	31.9643	32.1429	71	None	None	0	2	4.654639840636306
160	32.1429	32.3214	69	None	None	0	1	5.111751596804652
161	32.3214	32.4107	73	None	None	0	2	5.735543842295021
162	32.4107	32.5000	75	None	None	0	3	5.954494231528426
163	32.5000	65.1786	69	None	None	0	1	6.5473824753601
164	32.5000	65.1786	78	None	None	0	5	6.208835409218712
165	32.6786	32.8571	71	None	None	0	2	6.208835409218713
166	33.0357	33.1250	73	None	None	0	3	7.0289293777501785
167	33.1250	33.2143	75	None	None	0	4	6.937085320340071
168	33.2143	66.6071	69	None	None	0	1	5.812728545039915
169	33.2143	66.6071	78	None	None	0	5	5.086650377923999
170	33.3929	33.5714	71	None	None	0	2	5.529455685823649
171	33.5714	67.3214	69	None	None	0	1	5.21984030120824
172	33.5714	67.3214	78	None	None	0	5	5.425197444065365
173	33.7500	33.9286	71	None	None	0	2	5.5294556858236055
174	33.9286	34.1071	69	None	None	0	1	5.2198403012082375
175	34.1071	34.1964	73	None	None	0	2	5.547123955054402
176	34.1964	34.2857	75	None	None	0	3	5.449097180826255
177	34.2857	68.7500	69	None	None	0	1	7.4692598502557335
178	34.2857	68.7500	78	None	None	0	5	6.828411231110527
179	34.4643	34.6429	71	None	None	0	2	15.883274442961161
180	34.6429	69.4643	69	None	None	0	0	-1
181	34.6429	69.4643	78	None	None	0	0	-1
182	34.8214	35.0000	71	None	None	0	0	-1
183	35.1786	70.5357	68	None	None	0	0	-1
184	35.1786	70.5357	71	None	None	0	0	-1
185	35.7143	71.7857	80	None	None	0	0	-1
186	35.7143	71.7857	81	None	None	0	0	-1
187	36.0714	36.4286	45	None	None	0	0	-1
188	36.4286	73.0357	69	None	None	0	1	21.5113045457941
189	36.4286	73.0357	78	None	None	0	5	21.74773322851186
190	36.6071	36.6964	76	None	None	0	4	26.089143550137994
191	36.6964	36.7857	75	None	None	0	3	25.317394911313173
192	36.7857	36.9643	73	None	None	0	2	35.389247052242006
193	36.9643	37.1429	71	None	None	0	1	35.35752963771209
194	37.1429	74.4643	80	None	None	0	4	39.54763433686284
195	37.1429	74.4643	81	None	None	0	5	38.80544566539786
196	37.3214	75.0000	41	None	None	0	1	33.006705693137775
197	37.3214	75.0000	48	None	None	0	3	32.71216776578733
198	38.2143	76.7857	80	None	None	0	3	33.72628237123216
199	38.2143	76.7857	81	None	None	0	5	33.266652268296966
200	38.5714	77.8571	41	None	None	0	1	25.64326654704935
201	38.5714	77.8571	48	None	None	0	3	25.741868520733565
202	39.2857	78.9286	80	None	None	0	3	22.834193082137084
203	39.2857	78.9286	81	None	None	0	5	22.202644592858327
204	39.6429	79.6429	41	None	None	0	0	-1
205	39.6429	79.6429	48	None	None	0	0	-1
206	40.3571	81.0714	80	None	None	0	0	-1
207	40.3571	81.0714	81	None	None	0	0	-1
208	41.0714	82.5000	68	None	None	0	0	-1
209	41.0714	82.5000	69	None	None	0	0	-1
210	41.7857	83.9286	56	None	None	0	0	-1
211	41.7857	83.9286	57	None	None	0	1	5.727514086232255
212	43.9286	44.1071	74	None	None	0	5	5.581359861312701
213	44.1071	44.2857	69	None	None	0	1	3.833186179648443
214	44.2857	44.4643	74	None	None	0	3	4.107174246089356
215	44.4643	44.6429	79	None	None	0	5	4.029918561522348
216	44.6429	44.8214	74	None	None	0	3	4.1354821802935104
217	44.8214	45.0000	69	None	None	0	1	5.237562489920985
218	45.0000	45.1786	71	None	None	0	2	4.380831720690214
219	45.1786	45.2679	72	None	None	0	3	4.457754797613302
220	45.2679	45.3571	74	None	None	0	4	4.183766731172412
221	45.3571	45.4464	76	None	None	0	5	4.602453233349475
222	45.4464	45.5357	74	None	None	0	4	4.36692670537009
223	45.5357	45.6250	72	None	None	0	3	4.463362764070318
224	45.6250	45.7143	71	None	None	0	2	4.582702386711837
225	45.7143	45.8929	69	None	None	0	1	3.7546101435252566
226	45.8929	46.0714	79	None	None	0	5	4.029918561522352
227	46.0714	46.2500	74	None	None	0	3	4.135482180293503
228	46.2500	46.4286	69	None	None	0	1	5.237562489920984
229	46.4286	46.6071	71	None	None	0	2	4.22217787453637
230	46.6071	46.6964	72	None	None	0	3	5.5063768033488
231	46.6964	46.7857	74	None	None	0	4	5.2323887369078905
232	46.7857	46.8750	76	None	None	0	5	4.892100880110602
233	46.8750	46.9643	74	None	None	0	4	5.514497555572523
234	46.9643	47.0536	72	None	None	0	3	5.336945547831842
235	47.0536	47.1429	71	None	None	0	2	5.370805005983756
236	47.1429	47.5000	69	None	None	0	1	4.602058029689621
237	47.5000	47.8571	69	None	None	0	4	2.9220310391363107
238	48.2143	48.3929	67	None	None	0	3	3.4940963823039333
239	48.3929	48.5714	72	None	None	0	5	4.341368999623716
240	48.5714	48.7500	67	None	None	0	3	5.463913750470339
241	48.7500	48.9286	62	None	None	0	1	5.641465758211036
242	48.9286	49.1071	67	None	None	0	3	5.915453824651926
243	49.1071	49.2857	72	None	None	0	5	5.838198140084917
244	49.2857	49.4643	69	None	None	0	4	5.279793581680346
245	49.4643	49.5536	67	None	None	0	3	5.241332043218812
246	49.5536	49.6429	65	None	None	0	2	5.275191501370739
247	49.6429	49.7321	64	None	None	0	1	4.001316319948398
248	49.7321	49.8214	65	None	None	0	2	3.4300536203838137
249	49.8214	49.9107	67	None	None	0	3	5.004581922270588
250	49.9107	50.0000	69	None	None	0	4	6.753963742407165
251	50.0000	50.1786	67	None	None	0	3	7.814341100897729
252	50.1786	50.3571	62	None	None	0	1	7.991893108638418
253	50.3571	50.5357	67	None	None	0	3	8.265881175079308
254	50.5357	50.7143	72	None	None	0	5	8.709380207493421
255	50.7143	50.8929	65	None	None	0	4	5.5441380422512765
256	50.8929	50.9821	64	None	None	0	3	5.249266247379486
257	50.9821	51.0714	62	None	None	0	2	4.771907756813445
258	51.0714	51.1607	60	None	None	0	1	3.4134171907756654
259	51.1607	51.2500	62	None	None	0	3	5.917266633565026
260	51.2500	51.3393	64	None	None	0	4	5.617375133325956
261	51.3393	51.4286	65	None	None	0	5	5.2092735113464865
262	51.4286	51.7857	62	None	None	0	4	4.240618908382061
263	51.7857	52.1429	62	None	None	0	5	3.7973927875243634
264	52.5000	52.8571	62	None	None	0	5	3.8335769980506793
265	53.2143	53.5714	62	None	None	0	5	3.8706556497360722
266	53.9286	54.2857	62	None	None	0	5	3.9170039643428134
267	54.6429	109.6429	36	None	None	0	0	-1
268	54.6429	109.6429	43	None	None	0	0	-1
269	55.3571	111.0714	36	None	None	0	0	-1
270	55.3571	111.0714	43	None	None	0	0	-1
271	56.0714	112.5000	36	None	None	0	0	-1
272	56.0714	112.5000	43	None	None	0	0	-1
273	56.6071	113.5714	36	None	None	0	0	-1
274	56.6071	113.5714	43	None	None	0	1	16.029704064673258
275	57.1429	57.3280	76	None	None	0	5	9.703735188094907
276	57.3280	57.5132	74	None	None	0	3	8.557097896814748
277	57.5132	57.6984	73	None	None	0	2	8.001102998855586
278	57.6984	57.8836	71	None	None	0	1	8.610825865274883
279	58.2540	58.4392	69	None	None	0	4	8.351202098231454
280	58.4392	58.6243	67	None	None	0	1	7.843982265651446
281	58.6243	58.8095	66	None	None	0	3	3.7084830246326925
282	58.8095	58.9947	64	None	None	0	2	3.708483024632692
283	59.7354	59.9206	62	None	None	0	1	6.808443802078013
284	59.9206	60.1058	64	None	None	0	2	6.168647883710659
285	60.1058	60.2910	66	None	None	0	3	6.692344965849282
286	60.2910	60.4762	67	None	None	0	4	5.966069455645201
287	61.0317	61.2169	69	None	None	0	5	5.996806316687363
288	61.2169	61.4021	67	None	None	0	3	5.488156038394211
289	61.4021	61.5873	66	None	None	0	2	5.050783589414633
290	61.5873	61.7725	64	None	None	0	1	4.981906038394216
291	63.0688	63.2540	88	None	None	0	5	3.2287114506118963
292	63.2540	63.4392	86	None	None	0	4	3.1647040294616096
293	63.4392	63.6243	85	None	None	0	3	2.7927652539514334
294	63.6243	63.8095	83	None	None	0	2	3.494690114804844
295	63.8095	63.9947	85	None	None	0	3	6.948285038206308
296	63.9947	64.1799	86	None	None	0	4	6.454314722807431
297	64.1799	64.3651	88	None	None	0	5	7.423816825371561
298	64.3651	64.5503	83	None	None	0	4	6.398005762397391
299	64.9206	65.1058	81	None	None	0	3	6.550126568346902
300	65.1058	65.2910	83	None	None	0	5	5.508353609163241
301	65.2910	65.4762	81	None	None	0	2	8.796922713265289
302	65.4762	65.6614	79	None	None	0	1	8.24729377077921
303	65.6614	65.8466	78	None	None	0	3	4.111794529760321
304	65.8466	66.0317	76	None	None	0	2	4.111794529760331
305	66.4021	66.5873	74	None	None	0	1	3.791356493220599
306	66.5873	66.7725	76	None	None	0	2	2.9992646564859164
307	66.7725	66.9577	78	None	None	0	3	2.9060000078613664
308	66.9577	67.1429	79	None	None	0	4	2.1797244976573134
309	67.1429	67.3280	81	None	None	0	5	1.8554923587308563
310	67.3280	67.5132	79	None	None	0	4	1.7031964403635185
311	67.5132	67.6984	78	None	None	0	3	1.0862347096003502
312	67.6984	68.2540	76	None	None	0	2	1.0862347096003502
313	68.2540	68.4392	78	None	None	0	3	1.2075202037672021
314	68.4392	68.9947	76	None	None	0	2	1.4072651017263853
315	68.9947	69.1799	78	None	None	0	4	1.7291026618660013
316	69.1799	69.7354	76	None	None	0	3	3.9001770777648677
317	69.7354	69.9206	78	None	None	0	4	5.775071145561469
318	69.9206	70.4762	76	None	None	0	3	6.047714587305758
319	70.4762	70.6614	78	None	None	0	4	7.279985772364801
320	70.6614	71.2169	76	None	None	0	1	7.1397371633718345
321	71.2169	71.4021	81	None	None	0	5	6.968862043716986
322	71.4021	71.9577	76	None	None	0	4	5.06218003596833
323	71.9577	72.1429	75	None	None	0	3	4.8142037088605205
324	72.1429	72.6984	70	None	None	0	1	4.002571517097336
325	72.6984	72.8836	68	None	None	0	3	1.7673262037914077
326	72.8836	73.4392	73	None	None	0	5	3.008876718534713
327	76.4021	154.2857	47	None	None	0	1	2.8582114741569815
328	76.4021	154.2857	51	None	None	0	2	3.0305004698856792
329	76.4021	154.2857	56	None	None	0	3	3.1796389547093935
330	79.3651	159.4709	51	None	None	0	1	3.3710279316314153
331	79.3651	159.4709	56	None	None	0	2	3.5590181414561317
332	79.3651	159.4709	59	None	None	0	3	3.7418559742918154
333	80.8466	82.3280	61	None	None	0	4	4.151193245730663
334	81.2169	81.5873	66	None	None	0	5	2.351164588893464
335	81.5873	81.9577	65	None	None	0	4	2.2490835990172147
336	81.9577	82.3280	68	None	None	0	5	2.232569257059953
337	82.3280	166.1376	62	None	None	0	2	2.727131767103325
338	82.3280	164.8413	67	None	None	0	4	2.7354326268172997
339	82.5132	82.6984	65	None	None	0	3	3.0131791150229645
340	82.6984	83.0688	63	None	None	0	2	3.374879661383235
341	83.0688	83.8095	64	None	None	0	3	3.2035486021162822
342	83.8095	84.1799	66	None	None	0	4	3.3091895038514343
343	84.1799	84.3651	65	None	None	0	3	3.4418304466084324
344	84.3651	84.5503	63	None	None	0	2	3.4418304466084413
345	84.5503	84.7354	64	None	None	0	3	2.781880343219082
346	84.7354	84.9206	66	None	None	0	4	2.704201771790497
347	84.9206	85.2910	68	None	None	0	5	2.7122419381454486
348	85.2910	85.4762	67	None	None	0	4	9.157521911265558
349	85.4762	85.6614	65	None	None	0	3	15.501087436649154
350	85.6614	85.8466	63	None	None	0	2	15.702910718184057
351	85.8466	86.0317	66	None	None	0	4	15.239691794250868
352	86.0317	86.7725	64	None	None	0	3	15.058105523378874
353	86.7725	86.9577	65	None	None	0	4	15.097449361406335
354	86.9577	87.1429	63	None	None	0	3	15.12446879610805
355	87.1429	87.3280	61	None	None	0	2	21.814357478853733
356	87.3280	87.5132	59	None	None	0	1	21.43923098197433
357	87.5132	87.8836	63	None	None	0	2	15.166564467590998
358	87.8836	88.2540	66	None	None	0	4	15.049842410120899
359	88.2540	88.6243	61	None	None	0	2	14.966390625684864
360	88.6243	88.9947	61	None	None	0	2	21.56577158780506
361	88.9947	89.3651	63	None	None	0	3	28.597829350065158
362	89.3651	89.5503	61	None	None	0	2	28.405731487298002
363	89.5503	89.7354	59	None	None	0	1	21.39900606985843
364	89.7354	90.1058	63	None	None	0	2	14.724771375980666
365	90.1058	90.4762	66	None	None	0	0	-1
366	90.4762	90.8466	61	None	None	0	0	-1
367	90.8466	91.0317	63	None	None	0	0	-1
368	91.0317	91.2169	59	None	None	0	0	-1
369	91.2169	91.5873	62	None	None	0	0	-1
370	91.5873	91.9577	62	None	None	0	0	-1
371	91.9577	92.3280	62	None	None	0	0	-1
372	92.3280	92.6984	62	None	None	0	0	-1
373	93.0688	186.5079	84	None	None	0	2	0.7905337248342449
374	93.0688	186.5079	85	None	None	0	3	0.8938107168422024
375	93.4392	93.8095	85	None	None	0	3	1.0525692811125777
376	93.8095	187.9894	84	None	None	0	2	0.8604714183454234
377	93.8095	187.9894	85	None	None	0	3	0.893810716842208
378	94.1799	94.5503	85	None	None	0	3	1.0525692811125882
379	94.5503	189.4709	84	None	None	0	2	0.8604714183454397
380	94.5503	189.4709	85	None	None	0	3	0.8938107168422235
381	94.9206	95.2910	85	None	None	0	3	1.0525692811125986
382	95.2910	190.9524	84	None	None	0	2	0.8604714183454446
383	95.2910	190.9524	85	None	None	0	3	0.8938107168422176
384	95.6614	96.0317	85	None	None	0	3	1.052569281112588
385	96.0317	192.4339	84	None	None	0	2	0.8604714183454282
386	96.0317	192.4339	85	None	None	0	3	0.8938107168422024
387	96.4021	96.7725	85	None	None	0	3	1.0525692811125777
388	96.7725	193.9153	84	None	None	0	2	2.472058748338262
389	96.7725	193.9153	85	None	None	0	4	1.2670697412823146
390	97.1429	97.5132	85	None	None	0	4	1.859075138482539
391	97.5132	195.3968	84	None	None	0	3	1.6844407177851317
392	97.5132	195.3968	85	None	None	0	4	1.8519463420821085
393	97.8836	98.2540	85	None	None	0	4	1.8519463420821085
394	98.2540	196.8783	84	None	None	0	3	2.2068694943976275
395	98.2540	196.8783	85	None	None	0	4	2.201915448290343
396	98.6243	98.8095	82	None	None	0	2	4.1136380901030565
397	98.8095	98.9947	82	None	None	0	3	3.8693182387347407
398	98.9947	99.3651	85	None	None	0	5	2.7878236522279924
399	99.7354	100.1058	85	None	None	0	5	2.7878236522279924
400	100.1058	100.2910	82	None	None	0	4	3.704185978647515
401	100.2910	100.4762	82	None	None	0	5	3.0642732795389422
402	100.4762	100.6614	80	None	None	0	4	2.6242222591307818
403	100.6614	100.8466	82	None	None	0	5	2.3752791104427367
404	100.8466	101.2169	75	None	None	0	1	1.9867933728266012
405	101.2169	101.5873	75	None	None	0	1	3.815986524141738
406	101.9577	102.1429	82	None	None	0	3	3.693075371751963
407	102.1429	102.3280	82	None	None	0	3	3.693075371751963
408	102.3280	103.0688	85	None	None	0	5	4.2089046894694615
409	103.0688	103.2540	82	None	None	0	4	4.230360695394232
410	103.2540	103.4392	82	None	None	0	5	3.8366286774450074
411	103.4392	103.6243	80	None	None	0	4	3.713414391730722
412	103.6243	103.8095	82	None	None	0	5	3.40948304941812
413	103.8095	104.1799	75	None	None	0	1	4.248958283728991
414	104.1799	104.3651	82	None	None	0	3	3.8693182387346132
415	104.3651	104.5503	82	None	None	0	3	3.8693182387346132
416	104.5503	104.9206	85	None	None	0	5	3.141422664920692
417	104.9206	105.1058	82	None	None	0	4	2.5382168156518428
418	105.1058	105.2910	82	None	None	0	5	1.9234723703960124
419	105.2910	105.4762	80	None	None	0	4	1.4834213499878524
420	105.4762	105.6614	82	None	None	0	5	1.4804042401902449
421	105.6614	106.0317	75	None	None	0	2	1.6595997200350718
422	106.0317	106.2169	75	None	None	0	2	1.878755564190905
423	106.2169	106.4021	75	None	None	0	2	4.190193978139252
424	106.4021	107.1429	78	None	None	0	5	3.548769816455083
425	107.1429	107.5132	78	None	None	0	5	3.548769816455083
426	107.8836	108.0688	75	None	None	0	3	3.876428974824213
427	108.0688	108.2540	75	None	None	0	3	5.455628945142313
428	108.2540	108.4392	73	None	None	0	2	7.823781363589951
429	108.4392	108.6243	75	None	None	0	5	7.615132728760071
430	108.6243	108.9947	69	None	None	0	4	5.316431430058819
431	108.9947	109.1799	68	None	None	0	3	4.898827380564991
432	109.1799	109.3651	70	None	None	0	5	2.0480620744425906
433	109.3651	109.7354	70	None	None	0	5	2.0480620744425906
434	109.7354	109.9206	69	None	None	0	4	1.4866166301231234
435	109.9206	110.1058	68	None	None	0	3	0.7978411199190215
436	110.1058	110.2910	66	None	None	0	2	0.4810043852251523
437	110.2910	110.4762	68	None	None	0	3	0.21915584415583897
438	110.4762	110.8466	62	None	None	0	1	0.0
439	110.8466	111.2169	62	None	None	0	1	0.0
440	111.2169	111.5873	62	None	None	0	1	0.0
441	111.5873	111.9577	62	None	None	0	1	0.0
442	111.9577	112.3280	62	None	None	0	1	0.0
443	112.3280	112.6984	62	None	None	0	1	0.0
444	112.6984	113.0688	62	None	None	0	1	0.025056242969626167
445	113.0688	113.4392	62	None	None	0	1	0.047834645669286316
446	113.4392	113.8095	62	None	None	0	1	0.047834645669286316
447	113.8095	114.1799	62	None	None	0	1	0.07289088863891248
448	114.1799	114.5503	62	None	None	0	1	0.09566929133857263
449	114.5503	114.9206	62	None	None	0	1	0.09566929133857263
450	114.9206	115.2910	62	None	None	0	1	0.1207255343081988
451	115.2910	115.6614	62	None	None	0	1	0.14350393700785893
452	115.6614	116.0317	65	None	None	0	2	0.11844769403823278
453	116.0317	116.4021	62	None	None	0	1	0.12072553430819956
454	116.4021	116.7725	62	None	None	0	1	0.14350393700785902
455	116.7725	117.1429	65	None	None	0	2	0.11844769403823285
456	117.1429	117.5132	62	None	None	0	1	0.12072553430819886
457	117.5132	117.8836	62	None	None	0	1	0.14350393700785832
458	117.8836	118.2540	65	None	None	0	2	0.14350393700785832
459	118.2540	118.6243	62	None	None	0	1	0.14350393700785832
460	118.6243	118.9947	62	None	None	0	1	0.14350393700785832
461	118.9947	119.3651	65	None	None	0	2	0.14350393700785832
462	119.3651	119.7354	62	None	None	0	1	1.0167302747870988
463	119.7354	120.1058	62	None	None	0	1	2.3880196996479337
464	120.1058	120.4762	65	None	None	0	2	2.388019699647933
465	120.4762	120.8466	62	None	None	0	1	3.1729677994058534
466	120.8466	121.2169	65	None	None	0	4	3.234957595324204
467	121.2169	121.5873	62	None	None	0	2	3.245587516584033
468	121.5873	121.9577	62	None	None	0	2	3.4427244373378887
469	121.9577	122.1429	65	None	None	0	4	3.849258665202318
470	122.1429	122.3280	63	None	None	0	3	4.079005883931018
471	122.3280	122.6984	62	None	None	0	2	3.442724437337946
472	122.6984	122.8836	65	None	None	0	4	3.849258665202318
473	122.8836	123.0688	63	None	None	0	3	3.8468077881572658
474	123.0688	123.4392	62	None	None	0	2	3.5791693041923036
475	123.4392	123.6243	65	None	None	0	4	3.7137306090291946
476	123.6243	123.8095	63	None	None	0	3	4.594140496863831
477	123.8095	124.1799	62	None	None	0	2	4.296852665647348
478	124.1799	124.3651	65	None	None	0	3	4.051866762442942
479	124.3651	124.5503	63	None	None	0	2	3.903684364483762
480	124.5503	124.7354	62	None	None	0	1	2.9663572037738475
481	124.7354	124.9206	66	None	None	0	2	4.152421786839858
482	124.9206	125.2910	68	None	None	0	3	5.200097055294327
483	125.2910	251.2963	67	None	None	0	2	4.965499280406821
484	125.2910	250.7606	73	None	None	0	5	4.598677679271746
485	125.4696	125.6481	70	None	None	0	3	4.212386886730953
486	125.6481	125.8267	74	None	None	0	5	4.147162527756605
487	126.0053	126.7196	67	None	None	0	2	4.529562291907555
488	126.0946	126.1839	69	None	None	0	3	5.839572774087937
489	126.1839	126.3624	70	None	None	0	4	5.405123837280443
490	126.3624	126.7196	73	None	None	0	5	4.162006277756635
491	126.7196	253.7963	67	None	None	0	2	4.088959402756634
492	126.7196	253.6177	70	None	None	0	3	4.469374885711176
493	126.8981	127.0767	74	None	None	0	5	4.855665678251995
494	127.0767	127.4339	67	None	None	0	2	4.920890037226336
495	127.1660	127.2553	69	None	None	0	3	5.209041488353153
496	127.2553	127.4339	70	None	None	0	4	4.071129348082486
497	127.4339	127.7910	73	None	None	0	5	4.017265915917122
498	127.7910	128.1481	69	None	None	0	3	5.309350231955004
499	128.1481	257.0106	67	None	None	0	2	6.606033604596453
500	128.1481	256.4749	73	None	None	0	5	7.160371016153025
501	128.3267	128.5053	70	None	None	0	3	7.642758998541039
502	128.5053	128.6839	74	None	None	0	5	9.44185898709415
503	128.8624	129.0410	73	None	None	0	4	9.085129887200978
504	129.0410	129.1303	70	None	None	0	3	10.707915434986457
505	129.1303	129.2196	69	None	None	0	2	10.94659468026946
506	129.2196	129.5767	67	None	None	0	1	10.625839963288144
507	129.3089	129.3981	69	None	None	0	2	10.417908107637006
508	129.3981	129.5767	70	None	None	0	3	10.3955568739651
509	129.5767	129.9339	73	None	None	0	4	10.414774204503097
510	129.9339	130.1124	78	None	None	0	5	9.964786254330853
511	130.1124	130.2910	69	None	None	0	2	8.943763147458773
512	130.2910	130.6481	67	None	None	0	1	8.315558019253583
513	130.3803	260.8499	69	None	None	0	2	8.565191142943572
514	130.3803	260.9392	70	None	None	0	3	9.422603541865326
515	130.6481	131.0053	67	None	None	0	1	8.715408229087505
516	130.8267	130.9160	69	None	None	0	2	7.700023613702845
517	130.9160	131.0053	70	None	None	0	3	10.445621830999025
518	131.0053	131.1839	73	None	None	0	4	10.516245520726708
519	131.1839	131.5410	67	None	None	0	1	10.970003712220572
520	131.3624	131.4517	69	None	None	0	2	17.869788021203767
521	131.4517	131.5410	70	None	None	0	3	17.166433723509723
522	131.5410	131.7196	73	None	None	0	4	16.264180054746646
523	131.7196	131.8981	75	None	None	0	5	18.3435264159316
524	131.8981	131.9874	75	None	None	0	1	18.672865935601305
525	131.9874	132.0767	78	None	None	0	2	19.207299897865425
526	132.0767	132.2553	79	None	None	0	1	16.654264097188033
527	132.2553	132.4339	81	None	None	0	2	16.479445519539293
528	132.4339	132.5231	82	None	None	0	3	35.439175804978845
529	132.5231	132.6124	84	None	None	0	1	26.161817314413327
530	132.6124	132.7910	86	None	None	0	2	25.648609767243684
531	132.7910	132.9696	87	None	None	0	3	25.30388042251428
532	132.9696	133.0589	89	None	None	0	4	25.67337055851389
533	133.0589	133.1481	91	None	None	0	5	38.5828045207792
534	133.1481	133.2374	82	None	None	0	2	36.39695546417551
535	133.2374	133.3267	86	None	None	0	5	36.98301892901254
536	133.3267	266.8320	70	None	None	0	1	22.08679251391625
537	133.3267	266.8320	74	None	None	0	2	21.716681021634837
538	133.3267	266.8320	77	None	None	0	3	21.42941231419995
539	133.5053	133.5946	79	None	None	0	4	21.265884764308808
540	133.5946	133.6839	81	None	None	0	1	9.779202578568741
541	133.6839	133.7731	82	None	None	0	4	7.086047905313158
542	133.7731	133.8624	84	None	None	0	5	7.433579286789332
543	133.8624	267.8879	74	None	None	0	1	7.327453149779565
544	133.8624	267.8879	86	None	None	0	5	7.191724572035878
545	134.0255	134.1885	80	None	None	0	4	5.496478255849502
546	134.1885	134.3516	78	None	None	0	3	5.610486932587372
547	134.3516	134.5146	81	None	None	0	5	4.2485108404975085
548	134.5146	134.5961	79	None	None	0	4	4.109468101173931
549	134.5961	269.3553	75	None	None	0	3	4.166486332473033
550	134.5961	269.2738	77	None	None	0	5	4.3585586027298335
551	134.7592	269.8444	74	None	None	0	3	6.2757944254558495
552	134.7592	269.8444	74	None	None	0	2	5.356093688766536
553	135.3298	135.4929	80	None	None	0	4	14.484919581025691
554	135.4929	135.6559	78	None	None	0	3	15.754119653455671
555	135.6559	135.8190	81	None	None	0	4	18.679082296110074
556	135.8190	272.2901	74	None	None	0	1	18.292128340974312
557	135.8190	271.7194	79	None	None	0	2	17.470699769545757
558	135.9005	135.9820	81	None	None	0	3	18.434771625833395
559	135.9820	136.1450	82	None	None	0	4	19.117547455519766
560	136.1450	136.4711	84	None	None	0	1	11.405644583774212
561	136.4711	136.6342	86	None	None	0	5	7.403444236263551
562	136.6342	136.7972	80	None	None	0	4	4.827162223243731
563	136.7972	136.9603	78	None	None	0	3	5.249293810664573
564	136.9603	137.1233	81	None	None	0	5	4.033952901573728
565	137.1233	137.2048	79	None	None	0	4	4.104802544279658
566	137.2048	137.2863	77	None	None	0	3	4.20536332747511
567	137.2863	137.4494	75	None	None	0	2	4.320931217668735
568	137.4494	275.2249	74	None	None	0	1	6.021393024310074
569	137.4494	275.0618	80	None	None	0	3	6.275844564505409
570	137.7755	137.9385	77	None	None	0	2	6.836016241580258
571	137.9385	138.1016	81	None	None	0	3	6.326866300612144
572	138.1016	138.1831	79	None	None	0	1	5.456408475608619
573	138.1831	138.2646	81	None	None	0	2	5.4564084756086295
574	138.2646	138.4277	83	None	None	0	3	5.933972827424471
575	138.4277	138.7537	84	None	None	0	4	5.5522989457506
576	138.7537	138.9168	86	None	None	0	5	5.764312945073267
577	138.9168	139.0798	80	None	None	0	4	4.022752714670125
578	139.0798	139.2429	78	None	None	0	3	3.9794835412356386
579	139.2429	139.4059	81	None	None	0	4	3.9877807995328887
580	139.4059	139.7320	73	None	None	0	1	5.297117969349098
581	139.4874	139.5690	75	None	None	0	2	4.0241496203328575
582	139.5690	139.7320	78	None	None	0	3	4.349022061597495
583	139.7320	139.8950	78	None	None	0	3	4.619720113545546
584	139.8950	140.0581	80	None	None	0	4	4.7923030861285945
585	140.0581	140.2211	78	None	None	0	3	4.919798444237082
586	140.2211	140.3842	81	None	None	0	4	5.027861538827125
587	140.3842	141.0363	73	None	None	0	1	6.392464198072617
588	140.4657	140.5472	75	None	None	0	2	5.124642952808047
589	140.5472	140.7103	77	None	None	0	3	6.514334256892887
590	140.7103	140.8733	78	None	None	0	4	5.4225599220960135
591	140.8733	141.0363	81	None	None	0	5	5.2889834250248615
592	141.0363	141.6885	73	None	None	0	1	5.789870241373536
593	141.1179	141.1994	75	None	None	0	2	4.618065383740951
594	141.1994	141.3624	77	None	None	0	3	6.487184288787979
595	141.3624	141.6885	78	None	None	0	4	12.360123781911756
596	141.6885	283.5401	72	None	None	0	1	12.216931596892799
597	141.6885	283.5401	82	None	None	0	5	18.007175428775835
598	142.5037	285.1705	78	None	None	0	4	17.77237403584631
599	142.5037	285.1705	80	None	None	0	0	-1
600	142.6668	142.7483	77	None	None	0	0	-1
601	142.7483	142.8298	75	None	None	0	0	-1
602	142.8298	142.9113	74	None	None	0	0	-1
603	142.9113	142.9929	72	None	None	0	0	-1
604	142.9929	143.1714	74	None	None	0	0	-1
605	143.8857	287.9500	78	None	None	0	0	-1
606	143.8857	287.9500	80	None	None	0	1	19.22431462667363
607	143.8857	287.9500	90	None	None	0	2	21.073639129335834
608	143.8857	287.9500	92	None	None	0	4	20.571183950621652
609	144.0643	144.1536	89	None	None	0	3	21.455799335237092
610	144.1536	144.2429	87	None	None	0	1	20.95108235410496
611	144.2429	144.3322	86	None	None	0	4	13.129384240897803
612	144.3322	144.4214	84	None	None	0	3	19.606742731463576
613	144.4214	289.0215	74	None	None	0	1	16.172780467312197
614	144.4214	289.0215	86	None	None	0	2	11.365878852712001
615	145.3143	290.8072	90	None	None	0	4	12.723012376661993
616	145.3143	290.8072	92	None	None	0	5	16.35650126202918
617	145.4929	145.5822	89	None	None	0	3	18.224630790792695
618	145.5822	145.6714	87	None	None	0	1	21.697361607135335
619	145.6714	145.7607	86	None	None	0	4	12.893063913214414
620	145.7607	145.8500	84	None	None	0	3	12.858614051013701
621	145.8500	146.0286	86	None	None	0	5	12.500630856023317
622	146.3857	146.5643	85	None	None	0	4	15.826695861436743
623	146.5643	146.6536	84	None	None	0	3	17.829811814513278
624	146.6536	146.7429	82	None	None	0	1	21.049006091310837
625	146.7429	146.8322	81	None	None	0	4	12.658130307494108
626	146.8322	146.9214	79	None	None	0	3	12.907950108214775
627	146.9214	147.1000	81	None	None	0	5	12.390081542665877
628	147.4572	147.6357	78	None	None	0	4	16.061629467158422
629	147.6357	147.7250	77	None	None	0	3	18.224630790793746
630	147.7250	147.8143	75	None	None	0	1	21.697361607134205
631	147.8143	147.9036	74	None	None	0	4	12.893063913214254
632	147.9036	147.9929	72	None	None	0	3	12.858614051013639
633	147.9929	148.1714	74	None	None	0	5	12.500630856023255
634	148.5286	148.7072	73	None	None	0	4	15.826695861436667
635	148.7072	148.7964	72	None	None	0	3	17.82981181451281
636	148.7964	148.8857	70	None	None	0	1	21.049006091310638
637	148.8857	148.9750	69	None	None	0	4	12.65813030749403
638	148.9750	149.0643	67	None	None	0	3	13.38727883192539
639	149.0643	149.2429	69	None	None	0	5	12.869410266376718
640	149.6000	149.7786	66	None	None	0	4	16.457768908241402
641	149.7786	149.8679	65	None	None	0	3	18.890365129281157
642	149.8679	149.9572	63	None	None	0	1	22.093501048218055
643	149.9572	150.0464	62	None	None	0	4	13.289203354298104
644	150.0464	150.1357	60	None	None	0	3	13.254753492097834
645	150.1357	150.3143	62	None	None	0	5	13.166365194510515
646	150.3143	150.4929	61	None	None	0	4	15.826695861437251
647	150.4929	150.5822	60	None	None	0	3	17.82981181451301
648	150.5822	150.6714	58	None	None	0	1	21.049006091310424
649	150.6714	150.7607	57	None	None	0	4	12.658130307494325
650	150.7607	150.8500	55	None	None	0	3	13.05399557872058
651	150.8500	151.0286	57	None	None	0	5	12.536127013170454
652	151.3857	151.5643	54	None	None	0	4	16.18232820311214
653	151.5643	151.6536	53	None	None	0	3	18.427471722050665
654	151.6536	151.7429	51	None	None	0	1	21.818060343089634
655	151.7429	151.8322	50	None	None	0	4	13.013762649169339
656	151.8322	151.9214	48	None	None	0	3	13.094193224882945
657	151.9214	152.1000	50	None	None	0	5	12.818352225195186
658	152.2786	152.4572	49	None	None	0	4	15.92163837210953
659	152.4572	152.5464	48	None	None	0	3	17.989367978282445
660	152.5464	152.6357	46	None	None	0	1	21.557370512086667
661	152.6357	152.7250	45	None	None	0	4	12.045988097486077
662	152.7250	152.8143	43	None	None	0	3	12.910893468967457
663	152.8143	152.9929	45	None	None	0	5	12.997235199782972
664	152.9929	153.1714	42	None	None	0	4	14.779262964121957
665	153.1714	153.2607	41	None	None	0	3	16.382239305685037
666	153.2607	153.3500	39	None	None	0	1	21.322993299243997
667	153.3500	153.4393	38	None	None	0	4	12.026144119320758
668	153.4393	153.5286	36	None	None	0	3	15.3755159215228
669	153.8857	154.0643	37	None	None	0	5	14.91019410097055
670	154.0643	154.1536	36	None	None	0	4	15.639247271768857
671	154.1536	154.2429	34	None	None	0	3	15.515062023055275
672	154.2429	154.3322	33	None	None	0	2	15.515062023055275
673	154.3322	154.4214	31	None	None	0	1	15.515062023055275
674	156.0286	156.2072	75	None	None	0	5	15.515062023055275
675	156.2072	156.2964	75	None	None	0	2	15.515062023055275
676	156.2964	156.3857	78	None	None	0	3	15.515062023055275
677	156.3857	156.4750	79	None	None	0	4	15.515062023055275
678	156.4750	156.5643	81	None	None	0	5	15.515062023055275
679	156.5643	313.3072	74	None	None	0	2	15.515062023055275
680	156.5643	313.3072	86	None	None	0	0	15.515062023055275
