0	0.0000	0.4545	47	None	None	1	-4	0.8434940215333007
1	0.0000	0.4545	54	None	None	1	-1	0.9550830492885333
2	0.4545	1.3636	47	None	None	1	-4	0.9959990261321185
3	0.4545	1.3636	52	None	None	1	-2	1.1901639344262287
4	0.9091	2.2727	47	None	None	1	-4	1.1901639344262285
5	0.9091	2.2727	54	None	None	1	-1	1.1901639344262287
6	1.3636	3.1818	47	None	None	1	-4	1.1901639344262285
7	1.3636	3.1818	52	None	None	1	-2	1.1901639344262285
8	1.8182	4.0909	47	None	None	1	-4	1.1901639344262287
9	1.8182	4.0909	54	None	None	1	-1	1.1901639344262287
10	2.2727	5.0000	47	None	None	1	-4	1.1901639344262287
11	2.2727	5.0000	52	None	None	1	-2	1.1901639344262285
12	2.7273	5.9091	47	None	None	1	-4	1.1901639344262287
13	2.7273	5.9091	54	None	None	1	-1	1.190163934426229
14	3.1818	6.8182	47	None	None	1	-4	1.1901639344262287
15	3.1818	6.8182	52	None	None	1	-2	1.1901639344262285
16	3.6364	7.7273	47	None	None	1	-4	1.190163934426229
17	3.6364	7.7273	54	None	None	1	-1	1.190163934426229
18	4.0909	8.6364	47	None	None	1	-4	1.190163934426229
19	4.0909	8.6364	52	None	None	1	-2	1.1901639344262285
20	4.5455	9.5455	47	None	None	1	-4	1.1901639344262287
21	4.5455	9.5455	54	None	None	1	-1	1.1901639344262287
22	5.0000	10.4545	47	None	None	1	-4	1.1901639344262287
23	5.0000	10.4545	52	None	None	1	-2	1.1901639344262285
24	5.4545	11.3636	47	None	None	1	-4	1.1901639344262287
25	5.4545	11.3636	54	None	None	1	-1	1.1901639344262287
26	5.9091	12.2727	47	None	None	1	-4	1.190163934426229
27	5.9091	12.2727	52	None	None	1	-2	1.190163934426229
28	6.3636	13.1818	47	None	None	1	-4	1.1901639344262287
29	6.3636	13.1818	54	None	None	1	-1	1.1901639344262285
30	6.8182	14.0909	47	None	None	1	-4	1.1901639344262283
31	6.8182	14.0909	52	None	None	1	-2	1.1901639344262285
32	7.2727	15.0000	47	None	None	1	-4	1.190163934426229
33	7.2727	15.0000	54	None	None	1	-1	1.3979703356752549
34	7.7273	15.9091	47	None	None	1	-4	1.6895719489981804
35	7.7273	15.9091	52	None	None	1	-2	1.612932604735883
36	8.1818	16.8182	47	None	None	1	-4	4.1209748243559705
37	8.1818	16.8182	54	None	None	1	-1	5.639378415300545
38	8.6364	17.7273	47	None	None	1	-3	9.552063817330204
39	8.6364	17.7273	52	None	None	1	-1	9.46655119698152
40	9.0909	18.6364	47	None	None	1	-2	9.254021922976836
41	9.0909	18.6364	50	None	None	1	-1	12.446809133489463
42	9.5455	19.5455	47	None	None	1	-3	13.688495316159255
43	9.5455	19.5455	52	None	None	1	-1	13.579010538641691
44	10.0000	20.4545	35	None	None	1	-5	10.863949063231857
45	10.0000	20.4545	47	None	None	1	-2	9.729815573770498
46	10.0000	20.4545	54	None	None	1	-1	8.376551522248253
47	10.4545	21.3636	47	None	None	1	-3	9.417300936768157
48	10.4545	21.3636	52	None	None	1	-1	13.378073770491806
49	10.9091	22.2727	35	None	None	1	-5	10.685052367941708
50	10.9091	22.2727	47	None	None	1	-2	9.254021922976836
51	10.9091	22.2727	50	None	None	1	-1	9.462973263075718
52	11.3636	23.1818	47	None	None	1	-3	9.394062256049953
53	11.3636	23.1818	52	None	None	1	-1	9.600151249024194
54	11.8182	24.0909	35	None	None	1	-5	6.992642466822789
55	11.8182	24.0909	47	None	None	1	-2	5.484972677595624
56	11.8182	24.0909	54	None	None	1	-1	1.7167642466822801
57	12.2727	25.0000	47	None	None	1	-3	1.5831641946396036
58	12.2727	25.0000	52	None	None	1	-1	1.659803538901901
59	12.7273	25.9091	47	None	None	1	-4	4.700600117096018
60	12.7273	25.9091	50	None	None	1	-2	6.011197306791568
61	13.1818	26.8182	47	None	None	1	-4	5.668431238615662
62	13.1818	26.8182	52	None	None	1	-2	5.484239201144935
63	13.6364	27.7273	47	None	None	1	-4	5.758308938329426
64	13.6364	27.7273	54	None	None	1	-1	5.817465905023005
65	14.0909	28.6364	47	None	None	1	-3	6.484987309182642
66	14.0909	28.6364	52	None	None	1	-1	6.415750253289438
67	14.5455	29.5455	35	None	None	1	-5	3.962115766675441
68	14.5455	29.5455	47	None	None	1	-2	4.749722657074658
69	14.5455	29.5455	50	None	None	1	-1	5.788617359816866
70	15.0000	30.3030	47	None	None	1	-4	7.151037527950716
71	15.0000	30.3030	52	None	None	1	-2	6.988885563339732
72	15.3030	30.9091	47	None	None	1	-4	6.880241735979611
73	15.3030	30.9091	54	None	None	1	-1	6.946054199050183
74	15.6061	31.5152	47	None	None	1	-3	6.2444428753661825
75	15.6061	31.5152	52	None	None	1	-1	6.110507088042507
76	16.3636	33.1818	35	None	None	1	-5	4.547177230028842
77	16.3636	33.1818	47	None	None	1	-2	7.55358404953489
78	16.3636	33.1818	54	None	None	1	-1	6.545561735623225
79	16.8182	34.0909	47	None	None	1	-4	10.591847189695574
80	16.8182	34.0909	52	None	None	1	-2	10.42969522508459
81	17.2727	35.0000	47	None	None	1	-4	10.40686800676557
82	17.2727	35.0000	54	None	None	1	-1	10.5170683710643
83	17.7273	35.9091	47	None	None	1	-4	10.591847189695574
84	17.7273	35.9091	55	None	None	1	-1	10.429051196981549
85	18.1818	36.8182	35	None	None	1	-5	6.570517824616198
86	18.1818	36.8182	47	None	None	1	-2	5.185928961748644
87	18.1818	36.8182	54	None	None	1	-1	1.21442232630757
88	18.6364	37.7273	47	None	None	1	-4	1.2144223263075702
89	18.6364	37.7273	52	None	None	1	-2	1.2144223263075715
90	19.0909	38.6364	47	None	None	1	-4	1.2144223263075704
91	19.0909	38.6364	54	None	None	1	-1	1.2144223263075695
92	19.5455	39.5455	47	None	None	1	-4	1.2144223263075695
93	19.5455	39.5455	55	None	None	1	-1	1.2144223263075695
94	20.0000	40.4545	47	None	None	1	-4	1.2144223263075713
95	20.0000	40.4545	54	None	None	1	-1	1.214422326307572
96	20.4545	41.3636	47	None	None	1	-4	1.2144223263075717
97	20.4545	41.3636	52	None	None	1	-2	1.2144223263075706
98	20.9091	42.2727	47	None	None	1	-4	1.2144223263075717
99	20.9091	42.2727	54	None	None	1	-1	1.2144223263075726
100	21.3636	43.1818	47	None	None	1	-4	1.2144223263075726
101	21.3636	43.1818	55	None	None	1	-1	1.2144223263075726
102	21.8182	44.0909	47	None	None	1	-4	1.2144223263075709
103	21.8182	44.0909	54	None	None	1	-1	1.21442232630757
104	22.2727	45.0000	47	None	None	1	-4	1.2144223263075702
105	22.2727	45.0000	52	None	None	1	-2	1.2144223263075715
106	22.7273	45.9091	47	None	None	1	-4	1.2144223263075717
107	22.7273	45.9091	54	None	None	1	-1	1.2144223263075717
108	23.1818	46.8182	47	None	None	1	-4	1.2144223263075715
109	23.1818	46.8182	55	None	None	1	-1	1.2144223263075702
110	23.6364	47.7273	47	None	None	1	-4	1.2144223263075717
111	23.6364	47.7273	54	None	None	1	-1	1.2144223263075724
112	24.0909	48.6364	47	None	None	1	-4	1.2144223263075724
113	24.0909	48.6364	52	None	None	1	-2	1.2144223263075724
114	24.5455	49.5455	47	None	None	1	-4	1.214422326307571
115	24.5455	49.5455	54	None	None	1	-1	1.2144223263075702
116	25.0000	50.4545	47	None	None	1	-4	1.2144223263075706
117	25.0000	50.4545	55	None	None	1	-1	1.214422326307572
118	25.4545	51.3636	47	None	None	1	-4	1.2144223263075702
119	25.4545	51.3636	54	None	None	1	-1	1.2144223263075693
120	25.9091	52.2727	47	None	None	1	-4	1.2144223263075693
121	25.9091	52.2727	52	None	None	1	-2	1.2144223263075693
122	26.3636	53.1818	47	None	None	1	-4	1.2144223263075709
123	26.3636	53.1818	54	None	None	1	-1	1.2144223263075717
124	26.8182	54.0909	47	None	None	1	-4	1.2144223263075715
125	26.8182	54.0909	55	None	None	1	-1	1.2144223263075702
126	27.2727	55.0000	47	None	None	1	-4	5.027158144678645
127	27.2727	55.0000	54	None	None	1	-1	6.545561735623226
128	27.7273	55.9091	47	None	None	1	-4	10.591847189695574
129	27.7273	55.9091	52	None	None	1	-2	10.429695225084592
130	28.1818	56.8182	47	None	None	1	-4	10.406868006765572
131	28.1818	56.8182	54	None	None	1	-1	10.517068371064298
132	28.6364	57.7273	47	None	None	1	-4	10.591847189695573
133	28.6364	57.7273	55	None	None	1	-1	10.429051196981549
134	29.0909	58.6364	35	None	None	1	-5	6.570517824616197
135	29.0909	58.6364	47	None	None	1	-2	5.185928961748644
136	29.0909	58.6364	54	None	None	1	-1	1.214422326307572
137	29.5455	59.5455	47	None	None	1	-4	1.2144223263075717
138	29.5455	59.5455	52	None	None	1	-2	1.2144223263075706
139	30.0000	60.4545	47	None	None	1	-4	4.198258196721315
140	30.0000	60.4545	54	None	None	1	-1	5.716661787665895
141	30.4545	61.3636	47	None	None	1	-4	9.762947241738246
142	30.4545	61.3636	55	None	None	1	-1	9.600151249024217
143	30.9091	62.2727	47	None	None	1	-4	9.553709666926895
144	30.9091	62.2727	54	None	None	1	-1	12.647745901639365
145	31.3636	63.1818	47	None	None	1	-3	13.68849531615928
146	31.3636	63.1818	52	None	None	1	-1	13.579010538641713
147	31.8182	64.0909	35	None	None	1	-5	10.863949063231871
148	31.8182	64.0909	47	None	None	1	-2	9.729815573770512
149	31.8182	64.0909	54	None	None	1	-1	5.769042740046848
150	32.2727	65.0000	47	None	None	1	-3	6.0914145849596775
151	32.2727	65.0000	52	None	None	1	-1	9.69515433905805
152	32.7273	65.9091	35	None	None	1	-5	8.595315346083806
153	32.7273	65.9091	47	None	None	1	-2	7.461181856622446
154	32.7273	65.9091	50	None	None	1	-1	7.570666634140009
155	33.1818	66.8182	47	None	None	1	-4	6.920341367421297
156	33.1818	66.8182	52	None	None	1	-2	7.049791016133239
157	33.6364	67.7273	47	None	None	1	-4	7.05415609549832
158	33.6364	67.7273	54	None	None	1	-1	7.567231817590439
159	34.0909	68.6364	35	None	None	1	-5	4.091492648972162
160	34.0909	68.6364	47	None	None	1	-2	2.7631846864428864
161	34.0909	68.6364	52	None	None	1	-1	2.646052075201669
162	34.5455	69.5455	47	None	None	1	-5	2.1797131147541005
163	34.5455	69.5455	50	None	None	1	-3	2.111732370543853
164	35.0000	70.4545	47	None	None	1	-5	1.8224564142596966
165	35.0000	70.4545	52	None	None	1	-3	1.6594799131684386
166	35.0000	70.4545	52	None	None	1	-2	1.0781198059886588
167	35.4545	71.3636	47	None	None	1	-4	1.0781198059886585
168	35.4545	71.3636	54	None	None	1	-1	1.6509649139772118
169	35.9091	72.2727	47	None	None	1	-4	1.868503295450019
170	35.9091	72.2727	52	None	None	1	-2	2.4069107895952175
171	36.3636	73.1818	47	None	None	1	-4	2.365406756287907
172	36.3636	73.1818	54	None	None	1	-1	2.60155039407089
173	37.2727	75.0000	47	None	None	1	-5	4.082005322066806
174	37.2727	75.0000	52	None	None	1	-3	4.0027260427875255
175	37.7273	75.9091	47	None	None	1	-5	4.0219816127603085
176	37.7273	75.9091	54	None	None	1	-2	4.074354898140029
177	37.7273	75.9091	59	None	None	1	-1	3.8682659051657904
178	38.1818	76.8182	47	None	None	1	-5	3.892238062334657
179	38.1818	76.8182	52	None	None	1	-4	3.6907554865839307
180	38.1818	76.8182	59	None	None	1	-1	4.313147726599123
181	39.0909	78.6364	40	None	None	1	-5	2.7871181547711035
182	39.0909	78.6364	47	None	None	1	-3	6.166614927991521
183	39.0909	78.6364	52	None	None	1	-1	7.371491423354427
184	39.5455	79.5455	42	None	None	1	-5	8.203721760634549
185	39.5455	79.5455	47	None	None	1	-4	8.294153736980737
186	39.5455	79.5455	54	None	None	1	-1	11.78421446994545
187	40.4545	81.0606	44	None	None	1	-5	12.315707633166788
188	40.4545	81.0606	56	None	None	1	-1	11.62201393947309
189	40.6061	81.3636	46	None	None	1	-5	14.882145023527631
190	40.6061	81.3636	58	None	None	1	-1	11.822908051785262
191	40.7576	81.6667	47	None	None	1	-5	11.525933813686722
192	40.7576	81.6667	59	None	None	1	-1	13.10607941038676
193	40.9091	82.7273	49	None	None	1	-5	13.550053202513975
194	40.9091	82.7273	61	None	None	1	-1	9.871446861402243
195	41.8182	83.8636	50	None	None	1	-5	13.034055846357187
196	41.8182	83.8636	62	None	None	1	-1	16.344891100916087
197	42.0455	84.3182	47	None	None	1	-5	17.63635819378618
198	42.0455	84.3182	59	None	None	1	-1	20.32782401376858
199	42.2727	85.4545	49	None	None	1	-5	24.519535652929257
200	42.2727	85.4545	61	None	None	1	-1	25.07211264922989
201	43.1818	86.5152	47	None	None	1	-5	24.597476638362455
202	43.1818	86.5152	59	None	None	1	-1	25.936654750901226
203	43.3333	86.8182	46	None	None	1	-5	22.96558765169997
204	43.3333	86.8182	58	None	None	1	-1	22.597816565147134
205	43.4848	87.1212	44	None	None	1	-5	19.4386214106921
206	43.4848	87.1212	56	None	None	1	-1	16.65548891410325
207	43.6364	87.5000	42	None	None	1	-5	12.396352854514184
208	43.6364	87.5000	54	None	None	1	-1	14.171309835946793
209	44.0909	88.3333	44	None	None	1	-5	14.379468919252243
210	44.0909	88.3333	56	None	None	1	-1	15.674379424437928
211	44.2424	88.6364	46	None	None	1	-5	21.914743846704802
212	44.2424	88.6364	58	None	None	1	-1	18.85550687496244
213	44.3939	88.9394	47	None	None	1	-5	18.08266103822447
214	44.3939	88.9394	59	None	None	1	-1	21.309532825400737
215	44.5455	89.5455	48	None	None	1	-5	21.19638103073643
216	44.5455	89.5455	61	None	None	1	-1	16.344844735219112
217	45.0000	90.2273	54	None	None	1	-5	15.56067406249209
218	45.0000	90.2273	66	None	None	1	-1	14.950166465490202
219	45.2273	90.6818	47	None	None	1	-5	9.420502839713256
220	45.2273	90.6818	59	None	None	1	-1	12.111968659695558
221	45.4545	91.3636	48	None	None	1	-5	12.595724726975968
222	45.4545	91.3636	61	None	None	1	-1	11.784214421689299
223	46.3636	92.8788	51	None	None	1	-5	12.315707584910639
224	46.3636	92.8788	63	None	None	1	-1	11.62201389121695
225	46.5152	93.1818	52	None	None	1	-5	14.926230112901267
226	46.5152	93.1818	64	None	None	1	-1	16.50637568804524
227	46.6667	93.4848	54	None	None	1	-5	16.187008347268883
228	46.6667	93.4848	66	None	None	1	-1	14.984021447380217
229	46.8182	94.5455	56	None	None	1	-5	16.121015427494072
230	46.8182	94.5455	68	None	None	1	-1	13.044436113409366
231	47.7273	95.6818	57	None	None	1	-5	16.746381272276583
232	47.7273	95.6818	69	None	None	1	-1	17.64185506650199
233	47.9545	96.1364	54	None	None	1	-5	16.818648295690668
234	47.9545	96.1364	66	None	None	1	-1	17.37122522678407
235	48.1818	97.2727	56	None	None	1	-5	21.38264490368964
236	48.1818	97.2727	68	None	None	1	-1	19.51986043965679
237	49.0909	98.3333	54	None	None	1	-5	18.77501645088715
238	49.0909	98.3333	66	None	None	1	-1	19.420500869732226
239	49.2424	98.6364	52	None	None	1	-5	16.65862512905694
240	49.2424	98.6364	64	None	None	1	-1	16.658625129056944
241	49.3939	98.9394	51	None	None	1	-5	14.064652330213788
242	49.3939	98.9394	63	None	None	1	-1	13.696881250307545
243	49.5455	99.3182	48	None	None	1	-5	10.47911244507854
244	49.5455	99.3182	60	None	None	1	-1	12.894473905412031
245	50.0000	100.1515	51	None	None	1	-5	13.015559227495146
246	50.0000	100.1515	63	None	None	1	-1	12.84875594880663
247	50.1515	100.4545	52	None	None	1	-5	17.123612609043413
248	50.1515	100.4545	64	None	None	1	-1	18.70375818418738
249	50.3030	100.7576	54	None	None	1	-5	18.384390843411
250	50.3030	100.7576	66	None	None	1	-1	17.181403943522227
251	50.4545	101.3636	56	None	None	1	-5	18.318397923636077
252	50.4545	101.3636	68	None	None	1	-1	15.24181860955136
253	50.9091	102.0455	58	None	None	1	-5	19.056199823367802
254	50.9091	102.0455	70	None	None	1	-1	18.44569222636591
255	51.1364	102.5000	54	None	None	1	-5	16.818648295690746
256	51.1364	102.5000	66	None	None	1	-1	17.37122522678425
257	51.3636	103.6364	56	None	None	1	-5	21.382644903689837
258	51.3636	103.6364	68	None	None	1	-1	24.07794996797591
259	52.2727	104.6970	54	None	None	1	-5	23.556542080496605
260	52.2727	104.6970	66	None	None	1	-1	23.464875413829944
261	52.4242	105.0000	52	None	None	1	-5	23.556542080496616
262	52.4242	105.0000	64	None	None	1	-1	23.556542080496623
263	52.5758	105.3030	51	None	None	1	-5	23.55654208049663
264	52.5758	105.3030	63	None	None	1	-1	23.188771000590272
265	52.7273	105.6818	48	None	None	1	-5	24.154829365880968
266	52.7273	105.6818	61	None	None	1	-1	22.012101297895526
267	53.6364	107.4242	49	None	None	1	-5	22.858541920494932
268	53.6364	107.4242	61	None	None	1	-1	23.504026339339987
269	53.7879	107.7273	47	None	None	1	-5	24.26911690341295
270	53.7879	107.7273	59	None	None	1	-1	23.73662980898319
271	53.9394	108.0303	46	None	None	1	-5	23.452129566529315
272	53.9394	108.0303	58	None	None	1	-1	20.668997069940467
273	54.0909	108.4091	44	None	None	1	-5	19.623040277310544
274	54.0909	108.4091	56	None	None	1	-1	19.255269190757712
275	54.5455	109.2424	44	None	None	1	-5	20.571831679117185
276	54.5455	109.2424	56	None	None	1	-1	20.405028400428684
277	54.6970	109.5455	42	None	None	1	-5	16.56461624741382
278	54.6970	109.5455	53	None	None	1	-1	16.820998916987538
279	54.8485	109.8485	40	None	None	1	-5	14.327515454062135
280	54.8485	109.8485	52	None	None	1	-1	15.907661050762208
281	55.0000	110.2273	39	None	None	1	-5	14.064428489948039
282	55.0000	110.2273	51	None	None	1	-1	10.332933516644395
283	55.4545	111.1364	37	None	None	1	-5	8.340816587905676
284	55.4545	111.1364	49	None	None	1	-1	8.514704175727683
285	55.6818	111.5909	40	None	None	1	-5	8.123831718448974
286	55.6818	111.5909	52	None	None	1	-1	7.4108389393701275
287	55.9091	112.7273	42	None	None	1	-5	7.096175625273997
288	55.9091	112.7273	54	None	None	1	-2	5.88788485080933
289	56.3636	56.8182	56	None	None	1	-1	4.650384850809323
290	56.8182	115.4545	53	None	None	1	-3	3.850179932776533
291	56.8182	114.0909	57	None	None	1	-1	3.7793368414416313
292	57.2727	57.7273	56	None	None	1	-2	4.5406470622512805
293	58.1818	58.6364	52	None	None	1	-1	3.637424723987958
294	58.6364	117.7273	50	None	None	1	-2	3.27548093007695
295	58.6364	119.0909	53	None	None	1	-1	4.097421796587489
296	59.0909	118.6364	44	None	None	1	-5	4.045048511207764
297	59.0909	118.6364	52	None	None	1	-2	3.790013382402142
298	59.5455	119.5455	45	None	None	1	-5	4.277864670458349
299	59.5455	119.5455	57	None	None	1	-1	3.816579541652736
300	60.0000	120.4545	44	None	None	1	-4	2.1127341920374776
301	60.0000	120.4545	52	None	None	1	-1	2.7113583138173385
302	60.4545	60.9091	50	None	None	1	-2	2.4802327283372425
303	60.9091	122.2727	44	None	None	1	-5	2.1315061475409878
304	60.9091	122.2727	52	None	None	1	-2	1.9260611826697913
305	61.3636	123.1818	45	None	None	1	-5	2.1012010473588356
306	61.3636	123.1818	57	None	None	1	-1	1.6204340684361194
307	61.8182	124.0909	47	None	None	1	-5	1.8196802628155104
308	61.8182	124.0909	52	None	None	1	-4	1.1015889279208957
309	61.8182	124.0909	56	None	None	1	-2	1.2696444834764484
310	62.2727	125.0000	50	None	None	1	-5	1.0509164389799655
311	62.2727	126.3636	54	None	None	1	-3	1.280095303148582
312	62.2727	125.0000	57	None	None	1	-2	1.219878675513922
313	62.7273	125.9091	52	None	None	1	-4	1.219878675513922
314	62.7273	125.9091	56	None	None	1	-2	1.219878675513922
315	63.1818	126.8182	50	None	None	1	-5	1.219878675513922
316	63.1818	126.8182	57	None	None	1	-2	1.2198786755139222
317	63.6364	127.7273	52	None	None	1	-4	1.219878675513922
318	63.6364	127.7273	56	None	None	1	-2	1.219878675513922
319	64.0909	128.6364	50	None	None	1	-5	1.2198786755139255
320	64.0909	128.6364	57	None	None	1	-2	1.473625748113459
321	64.5455	129.5455	52	None	None	1	-4	1.5388067590424201
322	64.5455	129.5455	56	None	None	1	-2	1.6073957520166584
323	65.0000	130.4545	50	None	None	1	-5	1.5630651509237634
324	65.0000	130.4545	57	None	None	1	-2	1.5573282078917394
325	65.4545	131.3636	52	None	None	1	-4	1.362148045293546
326	65.4545	131.3636	56	None	None	1	-2	1.3778347298034137
327	65.9091	132.2727	50	None	None	1	-5	1.1536324464310472
328	65.9091	133.6364	53	None	None	1	-4	1.183257739171093
329	65.9091	132.2727	57	None	None	1	-2	1.085651702220793
330	66.3636	133.1818	52	None	None	1	-4	0.9175961466652403
331	66.3636	133.1818	56	None	None	1	-2	1.8785413277948408
332	67.2727	135.0000	52	None	None	1	-4	2.469219530460325
333	67.2727	135.0000	56	None	None	1	-2	6.758857664327502
334	67.7273	135.9091	49	None	None	1	-5	10.460950287162378
335	67.7273	137.2727	53	None	None	1	-4	10.241658718075723
336	67.7273	135.9091	57	None	None	1	-3	10.247010168765291
337	68.1818	136.8182	52	None	None	1	-5	10.0624578984036
338	68.1818	136.8182	56	None	None	1	-4	9.779287022609775
339	69.0909	69.2424	63	None	None	1	-2	16.703091215310366
340	69.2424	69.3939	65	None	None	1	-1	17.84967849827102
341	69.3939	69.5455	66	None	None	1	-2	16.065981628185092
342	69.5455	69.7727	55	None	None	1	-5	13.48075678472843
343	70.0000	70.2273	61	None	None	1	-2	16.362000751445425
344	70.2273	70.4545	64	None	None	1	-1	17.178283726173884
345	70.4545	70.9091	60	None	None	1	-2	17.888542623383223
346	70.9091	71.1364	59	None	None	1	-1	18.32826640521099
347	71.3636	142.8788	39	None	None	1	-5	13.075757204809502
348	71.3636	142.8788	51	None	None	1	-1	11.813462122842287
349	71.5152	143.1818	38	None	None	1	-5	12.830132125278606
350	71.5152	143.1818	50	None	None	1	-1	15.24549358561216
351	71.6667	143.4848	36	None	None	1	-5	16.34543441377395
352	71.6667	143.4848	48	None	None	1	-2	14.324744499134066
353	71.8182	143.8636	41	None	None	1	-5	14.953868140330753
354	71.8182	143.8636	53	None	None	1	-1	16.345434413773955
355	72.2727	144.6970	43	None	None	1	-5	16.345434413773955
356	72.2727	144.6970	55	None	None	1	-1	16.345434413773955
357	72.4242	145.0000	42	None	None	1	-5	16.345434413773955
358	72.4242	145.0000	54	None	None	1	-1	15.977663327221105
359	72.5758	145.3030	40	None	None	1	-5	16.94372168834558
360	72.5758	145.3030	52	None	None	1	-2	17.33839319038779
361	72.7273	145.6818	45	None	None	1	-5	17.388599116434026
362	72.7273	145.6818	57	None	None	1	-1	19.803960576767583
363	73.1818	146.5152	47	None	None	1	-5	21.269929546322633
364	73.1818	146.5152	59	None	None	1	-1	20.953209649988683
365	73.3333	146.8182	46	None	None	1	-5	17.569895288448528
366	73.3333	146.8182	58	None	None	1	-1	15.097731997529731
367	73.4848	147.1212	44	None	None	1	-5	10.832228558780528
368	73.4848	147.1212	56	None	None	1	-2	10.327003890664693
369	73.6364	147.5000	49	None	None	1	-5	10.393241537434635
370	73.6364	147.5000	61	None	None	1	-2	6.94826857373792
371	74.0909	75.0000	63	None	None	1	-1	5.605046428876415
372	75.9091	152.7273	62	None	None	1	-2	7.9336364652567095
373	75.9091	152.7273	65	None	None	1	-1	8.194206358983033
374	76.8182	154.5455	48	None	None	1	-5	6.7055686179727285
375	76.8182	154.5455	56	None	None	1	-1	5.894995106748455
376	77.7273	156.3636	36	None	None	1	-5	4.054810871065821
377	77.7273	156.3636	45	None	None	1	-3	3.456794618708731
378	78.6364	159.0909	43	None	None	1	-5	3.4763956534825993
379	78.6364	159.0909	47	None	None	1	-4	3.321036216829883
380	78.6364	159.0909	58	None	None	1	-1	1.666355121013074
381	82.7273	166.8182	44	None	None	1	-5	1.4636806518046435
382	82.7273	166.8182	47	None	None	1	-4	1.860353513708672
383	82.7273	166.8182	58	None	None	1	-1	1.636652703773374
384	85.4545	171.3636	45	None	None	1	-5	2.3565967124022573
385	85.4545	171.3636	47	None	None	1	-4	2.7328620496170375
386	85.4545	171.3636	58	None	None	1	-1	2.4206706346503353
387	88.6364	177.7273	47	None	None	1	-5	2.7267739064731185
388	88.6364	177.7273	50	None	None	1	-3	2.903005570715518
389	88.6364	177.7273	56	None	None	1	-1	2.9421628522550707
390	89.0909	178.6364	45	None	None	1	-5	3.0420061454897604
391	89.0909	178.6364	50	None	None	1	-4	2.454106880592543
392	89.0909	178.6364	58	None	None	1	-1	2.632287989101517
393	89.5455	179.5455	47	None	None	1	-5	2.5961955808267296
394	89.5455	179.5455	50	None	None	1	-3	2.711718121810337
395	89.5455	179.5455	56	None	None	1	-1	2.522803211583952
396	90.4545	181.3636	45	None	None	1	-5	3.2274905907078124
397	90.4545	181.3636	50	None	None	1	-4	2.9044108145030347
398	90.4545	181.3636	58	None	None	1	-1	3.002330162422381
399	90.9091	182.2727	47	None	None	1	-5	2.797011150494762
400	90.9091	182.2727	50	None	None	1	-3	2.912533691478369
401	90.9091	182.2727	56	None	None	1	-1	2.7236187812519836
402	91.3636	183.1818	45	None	None	1	-5	3.2428217151577923
403	91.3636	183.1818	50	None	None	1	-4	2.6549224502605746
404	91.3636	183.1818	58	None	None	1	-1	2.8331035587695483
405	92.2727	185.0000	47	None	None	1	-5	2.9824955957128134
406	92.2727	185.0000	50	None	None	1	-3	3.231465401291216
407	92.2727	185.0000	56	None	None	1	-1	3.2117770947176583
408	92.7273	185.9091	45	None	None	1	-5	3.730980028623443
409	92.7273	185.9091	50	None	None	1	-4	5.691534468978823
410	92.7273	185.9091	58	None	None	1	-1	8.986811596223166
411	93.1818	186.8182	47	None	None	1	-5	8.82741464071965
412	93.1818	186.8182	50	None	None	1	-3	8.95622026132855
413	93.1818	186.8182	56	None	None	1	-1	8.653357482570351
414	93.6364	187.7273	45	None	None	1	-5	8.503621245360588
415	93.6364	187.7273	50	None	None	1	-4	7.509532158660227
416	93.6364	187.7273	58	None	None	1	-1	9.576711103818901
417	94.0909	188.6364	42	None	None	1	-5	7.741094653293572
418	94.0909	188.6364	56	None	None	1	-1	4.90283176914191
419	94.5455	190.9091	47	None	None	1	-4	4.461223262215782
420	94.5455	190.9091	55	None	None	1	-1	5.638301745835273
421	96.3636	193.4091	47	None	None	1	-5	5.7790336069305175
422	96.3636	193.4091	55	None	None	1	-3	6.344627226267005
423	96.3636	192.8788	59	None	None	1	0	-1
424	96.5152	96.6667	63	None	None	1	0	-1
425	96.6667	96.8182	61	None	None	1	0	-1
426	96.8182	97.0455	65	None	None	1	0	-1
427	97.7273	97.8788	58	None	None	1	0	-1
428	97.8788	98.0303	54	None	None	1	0	-1
429	98.0303	98.1818	56	None	None	1	0	-1
430	98.1818	100.0000	48	None	None	1	-1	6.564584778528945
431	99.5455	199.3182	29	None	None	1	-5	6.564584778528945
432	99.5455	199.3182	35	None	None	1	-2	6.564584778528945
433	99.5455	199.3182	36	None	None	1	-1	6.564584778528945
434	101.3636	202.9545	24	None	None	1	-5	6.564584778528945
435	101.3636	202.9545	37	None	None	1	-1	6.564584778528945
436	101.5909	203.4091	27	None	None	1	-5	6.564584778528945
437	101.5909	203.4091	39	None	None	1	-1	6.564584778528945
438	101.8182	203.8636	28	None	None	1	-5	6.564584778528945
439	101.8182	203.8636	40	None	None	1	0	6.564584778528945
