0	0.1714	0.3429	54	None	None	0	1	5.443282733348537
1	0.3429	0.5143	56	None	None	0	2	5.374130686564911
2	0.5143	0.6857	57	None	None	0	3	4.994196476038598
3	0.6857	0.8571	59	None	None	0	4	6.137928153717654
4	0.8571	1.0286	61	None	None	0	5	5.85000522138682
5	1.0286	2.5714	54	None	None	0	1	5.891286454773299
6	1.0286	2.5714	63	None	None	0	4	5.653011600972133
7	1.7143	1.8857	54	None	None	0	1	5.443282733348534
8	1.8857	2.0571	56	None	None	0	2	5.374130686564907
9	2.0571	2.2286	57	None	None	0	3	4.994196476038594
10	2.2286	2.4000	59	None	None	0	4	6.137928153717649
11	2.4000	2.5714	61	None	None	0	5	5.850005221386815
12	2.5714	5.6571	54	None	None	0	1	5.891286454773304
13	2.5714	5.6571	63	None	None	0	0	-1
14	3.2571	3.4286	54	None	None	0	0	-1
15	3.4286	3.6000	56	None	None	0	0	-1
16	3.6000	3.7714	57	None	None	0	0	-1
17	3.7714	3.9429	59	None	None	0	0	-1
18	3.9429	4.1143	61	None	None	0	0	-1
19	4.1143	8.7429	54	None	None	0	0	-1
20	4.1143	8.7429	63	None	None	0	1	3.448245316427587
21	4.6286	4.8000	76	None	None	0	4	2.5946146512419817
22	4.8000	5.3143	76	None	None	0	4	2.5946146512419817
23	5.3143	5.6571	76	None	None	0	4	2.5946146512419817
24	5.6571	5.7143	74	None	None	0	3	2.594614651241982
25	5.7143	5.7714	76	None	None	0	4	2.594614651241982
26	5.7714	5.8286	74	None	None	0	3	2.594614651241982
27	5.8286	6.0000	72	None	None	0	2	2.5946146512419785
28	6.0000	6.1714	74	None	None	0	4	2.856081828735492
29	6.1714	6.3429	76	None	None	0	5	3.3873318287354928
30	6.3429	6.8571	76	None	None	0	5	3.3873318287354928
31	6.8571	7.2000	76	None	None	0	5	3.3873318287354928
32	7.2000	7.2571	74	None	None	0	4	3.321919642355563
33	7.2571	7.3143	76	None	None	0	5	2.9360643844249306
34	7.3143	7.3714	74	None	None	0	4	3.2445439072957356
35	7.3714	7.5429	72	None	None	0	3	3.990909761431587
36	7.5429	7.7143	71	None	None	0	2	3.7367666478022996
37	7.7143	7.8857	69	None	None	0	1	3.72775186669474
38	7.8857	8.4000	69	None	None	0	3	2.4637825832636486
39	8.4000	8.7429	69	None	None	0	3	2.9865098521892715
40	8.7429	8.9143	74	None	None	0	5	3.2399372799077555
41	8.9143	9.0857	72	None	None	0	4	4.506417863434905
42	9.0857	9.2571	71	None	None	0	3	5.245891547645429
43	9.2571	9.4286	69	None	None	0	1	5.0842398838790075
44	9.4286	9.6000	72	None	None	0	5	3.0536319585931597
45	9.6000	10.2857	71	None	None	0	4	3.1260566099651785
46	10.4571	10.5143	69	None	None	0	3	3.5808340050410763
47	10.5143	10.5714	71	None	None	0	4	3.550118197721734
48	10.5714	10.6286	69	None	None	0	3	7.072482765841221
49	10.6286	10.8000	67	None	None	0	2	10.379313998496059
50	10.8000	10.9714	69	None	None	0	4	12.7033532153672
51	10.9714	11.4857	64	None	None	0	2	12.283616373261928
52	11.8286	11.9143	65	None	None	0	1	11.041079059829093
53	11.9143	12.0000	67	None	None	0	2	9.744704645712742
54	12.0000	12.0857	69	None	None	0	1	3.6434900708139346
55	12.0857	12.1714	71	None	None	0	2	2.490296188672667
56	12.1714	12.2571	72	None	None	0	3	2.464106917417615
57	12.2571	12.3429	74	None	None	0	4	1.9235086268193329
58	12.3429	12.5143	76	None	None	0	5	1.3153355498962478
59	12.5143	13.0286	76	None	None	0	4	1.3763770986606336
60	13.0286	13.3714	76	None	None	0	4	1.709271835502737
61	13.3714	13.5429	74	None	None	0	3	2.4711563855876206
62	13.5429	13.7143	72	None	None	0	2	3.265542098243865
63	13.7143	13.8857	74	None	None	0	4	2.341994736622764
64	13.8857	14.0571	76	None	None	0	5	2.2587710524122295
65	14.0571	14.5714	76	None	None	0	5	3.206139473464863
66	14.5714	14.9143	76	None	None	0	5	3.249560526096444
67	14.9143	15.0857	74	None	None	0	4	3.97022643818849
68	15.0857	15.2571	72	None	None	0	3	4.129583163334683
69	15.2571	15.4286	71	None	None	0	2	4.744056847545222
70	15.4286	15.9429	69	None	None	0	1	4.5395365837073225
71	15.9429	16.1143	74	None	None	0	5	3.565423976608179
72	16.1143	16.2857	72	None	None	0	4	3.281361831194895
73	16.2857	16.4571	71	None	None	0	3	3.3486132931832064
74	16.4571	16.6286	74	None	None	0	5	2.932494872130572
75	16.6286	16.8000	72	None	None	0	4	3.447227215810294
76	16.8000	16.9714	71	None	None	0	3	4.360941790709085
77	16.9714	17.1429	69	None	None	0	1	4.082207803761226
78	17.1429	17.3143	71	None	None	0	2	4.20356407906486
79	17.3143	18.0000	67	None	None	0	1	4.704688685452624
80	18.1714	18.3429	69	None	None	0	2	5.017339374315997
81	18.3429	18.5143	71	None	None	0	1	5.499788800598877
82	18.5143	18.6000	72	None	None	0	2	10.319962117070363
83	18.6000	18.6857	69	None	None	0	1	13.203917511800007
84	18.6857	18.8571	72	None	None	0	2	13.140455973338476
85	19.5429	19.6286	70	None	None	0	1	12.711351495726538
86	19.6286	19.7143	71	None	None	0	2	11.140413047973567
87	19.7143	19.8000	72	None	None	0	1	5.35857646350539
88	19.8000	19.8857	74	None	None	0	2	4.319310697065308
89	19.8857	19.9714	76	None	None	0	1	3.928168520783124
90	19.9714	20.0571	78	None	None	0	2	3.198360828475431
91	20.0571	20.2286	79	None	None	0	3	2.0348992900138936
92	20.2286	20.7429	79	None	None	0	5	3.5599560821653276
93	20.7429	21.0857	79	None	None	0	5	4.566909201027186
94	21.0857	21.2571	78	None	None	0	4	4.09662111215888
95	21.2571	21.4286	75	None	None	0	3	4.227243121728253
96	21.4286	21.6000	78	None	None	0	5	3.096472882175892
97	21.6000	21.7714	72	None	None	0	4	1.5685115058669106
98	21.7714	22.2857	72	None	None	0	4	2.364564137445858
99	22.2857	22.6286	72	None	None	0	4	3.5807556579136945
100	22.6286	22.8000	70	None	None	0	3	4.068905559794503
101	22.8000	22.9714	68	None	None	0	2	6.863934324889067
102	22.9714	23.1429	70	None	None	0	4	6.675417578477585
103	23.1429	23.6571	66	None	None	0	2	6.342522841635483
104	23.6571	23.8286	63	None	None	0	1	6.453005007631527
105	23.8286	24.0000	66	None	None	0	2	6.984583950818131
106	24.0000	24.1714	67	None	None	0	1	5.831772982231762
107	24.1714	24.3429	68	None	None	0	3	4.812377620062952
108	24.3429	24.5143	70	None	None	0	4	4.587448743818282
109	24.5143	24.6857	72	None	None	0	5	4.7085266790409595
110	24.6857	24.8571	70	None	None	0	3	7.392915497478403
111	24.8571	25.2000	68	None	None	0	2	18.388920333285895
112	25.2000	25.2571	70	None	None	0	3	18.64631358967109
113	25.2571	25.3143	68	None	None	0	2	19.67107320923752
114	25.3143	25.3714	67	None	None	0	1	17.182436809402827
115	25.3714	25.7143	68	None	None	0	2	15.903957742184533
116	25.8000	25.8857	70	None	None	0	3	15.815905907358506
117	25.8857	25.9714	72	None	None	0	1	6.368970076376595
118	25.9714	26.0571	74	None	None	0	2	5.26562999540494
119	26.0571	26.1429	76	None	None	0	1	4.356739276695518
120	26.1429	26.2286	78	None	None	0	3	3.0974802540644
121	26.2286	26.4000	79	None	None	0	4	1.7679664216435913
122	26.4000	26.9143	79	None	None	0	4	3.2507222905350623
123	26.9143	27.2571	82	None	None	0	5	3.3243628864752344
124	27.2571	27.4286	75	None	None	0	3	3.3872798859460977
125	27.4286	27.6000	80	None	None	0	5	2.7693287581265293
126	27.6000	27.7714	75	None	None	0	3	2.7066765320716004
127	27.7714	27.9429	72	None	None	0	2	2.7719277282438557
128	27.9429	28.4571	72	None	None	0	2	3.647585622980698
129	28.4571	28.8000	78	None	None	0	5	4.074844408157183
130	28.8000	28.9714	70	None	None	0	2	6.514190757902496
131	28.9714	29.1429	75	None	None	0	4	10.118308698984865
132	29.1429	29.3143	70	None	None	0	2	12.100326242844544
133	29.3143	29.8286	66	None	None	0	1	13.170580002243057
134	29.8286	30.0000	75	None	None	0	4	13.119529410647797
135	30.0000	30.1714	73	None	None	0	3	13.568094003949227
136	30.1714	30.3429	72	None	None	0	2	13.445067688159746
137	30.3429	30.5143	70	None	None	0	1	12.464804530265006
138	30.5143	30.6857	68	None	None	0	4	11.752782999164612
139	30.6857	30.8571	63	None	None	0	2	11.913691318349667
140	30.8571	31.0286	62	None	None	0	1	11.515007107823342
141	31.0286	31.2000	73	None	None	0	5	10.878008866251674
142	31.2000	31.3714	71	None	None	0	4	10.94745331069612
143	31.3714	31.5429	70	None	None	0	3	10.427801358234317
144	31.5429	31.7143	66	None	None	0	2	9.977801358234332
145	31.7143	31.8857	62	None	None	0	1	9.777801358234337
146	31.8857	32.2286	59	None	None	0	3	2.665959252971151
147	32.2286	32.4000	57	None	None	0	2	2.831810035842304
148	32.4000	32.5714	59	None	None	0	3	4.094967930579156
149	32.5714	32.7429	57	None	None	0	2	5.051546877947579
150	32.7429	33.0857	59	None	None	0	3	5.081810035842316
151	33.0857	33.2571	57	None	None	0	1	5.275146198830432
152	33.2571	33.4286	59	None	None	0	2	6.3086988304093765
153	33.4286	33.6000	57	None	None	0	1	9.052777777777816
154	33.6000	33.7714	60	None	None	0	2	10.59422514619887
155	33.7714	33.9429	62	None	None	0	3	10.52185672514623
156	33.9429	68.9143	64	None	None	0	4	11.577490601503762
157	33.9429	68.0571	64	None	None	0	0	-1
158	34.1143	34.2857	62	None	None	0	0	-1
159	34.2857	34.4571	60	None	None	0	0	-1
160	34.4571	34.6286	59	None	None	0	0	-1
161	34.6286	34.8000	57	None	None	0	0	-1
162	34.8000	34.9714	58	None	None	0	0	-1
163	34.9714	70.2857	55	None	None	0	0	-1
164	34.9714	70.2857	66	None	None	0	1	14.779201524732853
165	36.5143	36.6857	79	None	None	0	4	16.513067323503094
166	36.6857	36.8571	84	None	None	0	1	5.329153910939402
167	36.8571	37.0286	86	None	None	0	2	4.311242196168601
168	37.0286	37.3714	88	None	None	0	3	4.324022803601168
169	37.3714	37.7143	91	None	None	0	5	4.071200222956007
170	37.7143	38.0571	81	None	None	0	2	3.711321190697925
171	38.0571	38.4000	83	None	None	0	3	3.580071190697932
172	38.4000	38.5714	86	None	None	0	5	5.570505778511553
173	40.1143	40.4571	59	None	None	0	1	8.142200764006795
174	40.4571	40.8000	62	None	None	0	2	9.635324702886255
175	40.8000	81.9429	59	None	None	0	1	10.155575598943605
176	40.8000	81.9429	67	None	None	0	3	11.092289512270424
177	41.1429	82.6286	62	None	None	0	1	12.818095963883334
178	41.1429	82.6286	71	None	None	0	2	11.831805641302708
179	41.4857	83.1429	71	None	None	0	1	12.94773306065752
180	41.4857	83.1429	79	None	None	0	5	13.147329834851057
181	41.6571	83.6571	62	None	None	0	1	11.173645624324738
182	41.6571	83.6571	74	None	None	0	2	9.837281987961099
183	42.3429	85.0286	74	None	None	0	1	9.287521222410854
184	42.3429	85.0286	86	None	None	0	5	10.282258064516121
185	42.6857	85.7143	71	None	None	0	1	8.428743379874804
186	42.6857	85.7143	83	None	None	0	5	7.92826191622531
187	43.0286	86.2286	69	None	None	0	1	6.7185844968704895
188	43.0286	86.2286	81	None	None	0	5	6.718584496870505
189	43.2000	86.5714	67	None	None	0	1	6.718584496870504
190	43.2000	86.5714	79	None	None	0	5	6.718584496870505
191	43.3714	87.2571	69	None	None	0	1	7.882421508755036
192	43.3714	87.2571	81	None	None	0	5	7.2941362795529825
193	44.2286	88.8000	71	None	None	0	1	8.542812254516877
194	44.2286	88.8000	83	None	None	0	5	9.043293718166371
195	44.5714	89.3143	72	None	None	0	1	9.043293718166373
196	44.5714	89.3143	84	None	None	0	5	9.043293718166371
197	44.7429	89.8286	71	None	None	0	1	10.047962648556867
198	44.7429	89.8286	83	None	None	0	5	9.45967741935483
199	45.0857	90.5143	69	None	None	0	1	8.26426146010188
200	45.0857	90.5143	81	None	None	0	5	10.193949254857602
201	45.4286	91.2000	67	None	None	0	1	9.177513975151594
202	45.4286	91.2000	79	None	None	0	5	8.61156869136229
203	45.7714	91.8857	69	None	None	0	1	10.631093309358901
204	45.7714	91.8857	81	None	None	0	5	11.219378538560939
205	46.1143	92.4000	62	None	None	0	1	9.404862409528675
206	46.1143	92.4000	74	None	None	0	4	8.542407212396057
207	46.2857	93.6000	67	None	None	0	1	7.976617738711846
208	46.2857	93.6000	79	None	None	0	5	6.57499480883814
209	47.3143	94.8000	67	None	None	0	1	6.631876105660671
210	47.3143	94.8000	79	None	None	0	5	6.712577889421532
211	47.4857	95.3143	65	None	None	0	1	5.781583737374745
212	47.4857	95.3143	77	None	None	0	5	4.42674989350581
213	47.8286	97.1571	64	None	None	0	1	3.445682305180153
214	47.8286	95.9071	76	None	None	0	4	2.5185396380774514
215	48.0786	48.8286	76	None	None	0	4	2.8053877106398133
216	48.8286	49.0786	74	None	None	0	3	2.708749055177627
217	49.0786	49.2036	76	None	None	0	4	2.5415738517629265
218	49.2036	49.3286	74	None	None	0	3	2.3573334889511335
219	49.3286	99.1571	68	None	None	0	1	1.796486928104582
220	49.3286	99.1571	72	None	None	0	2	4.343312324929987
221	49.8286	99.9071	69	None	None	0	1	4.946266469550803
222	49.8286	99.9071	74	None	None	0	3	4.9641236124079455
223	50.0786	50.3286	76	None	None	0	4	4.935438805151708
224	50.3286	51.0786	76	None	None	0	4	4.935438805151708
225	51.0786	51.3286	78	None	None	0	5	6.4287666918619415
226	51.3286	51.4536	76	None	None	0	4	6.719356261022939
227	51.4536	51.5786	74	None	None	0	3	6.416115520282191
228	51.5786	103.6571	64	None	None	0	1	3.4848513479465844
229	51.5786	103.6571	72	None	None	0	5	3.095058578987157
230	52.0786	52.3286	71	None	None	0	4	3.032492441421025
231	52.3286	52.5786	69	None	None	0	3	4.565655706727153
232	52.8286	53.5786	69	None	None	0	4	5.027224269337369
233	53.0786	53.5786	61	None	None	0	1	6.58461829176116
234	53.5786	107.6571	63	None	None	0	2	8.693962585034026
235	53.5786	107.4071	67	None	None	0	3	12.293877551020419
236	53.8286	53.9536	69	None	None	0	4	12.040702947845817
237	53.9536	54.0786	71	None	None	0	5	12.149050453514748
238	54.0786	108.6571	64	None	None	0	0	-1
239	54.0786	108.6571	72	None	None	0	0	-1
240	54.5786	54.8286	74	None	None	0	0	-1
241	54.8286	55.0786	76	None	None	0	0	-1
242	55.0786	55.5786	79	None	None	0	0	-1
243	55.3286	111.1571	66	None	None	0	0	-1
244	55.3286	111.1571	70	None	None	0	1	3.189611678004531
245	55.5786	55.8286	77	None	None	0	4	3.239131485927703
246	55.8286	56.0786	79	None	None	0	5	3.2391314859277025
247	56.0786	56.3286	76	None	None	0	4	4.202704415099374
248	56.3286	112.9071	67	None	None	0	1	4.882920668267302
249	56.3286	112.9071	72	None	None	0	4	4.056503434707215
250	56.5786	113.6571	68	None	None	0	1	3.730623916233159
251	56.5786	113.6571	74	None	None	0	4	4.066449913298651
252	57.0786	58.0786	69	None	None	0	2	4.338020208083235
253	57.8286	58.0786	71	None	None	0	1	3.337953514739235
254	58.0786	58.3286	72	None	None	0	2	2.852494331065762
255	58.3286	58.5786	74	None	None	0	3	2.6178004535147434
256	58.5786	117.4071	74	None	None	0	3	2.6455315459517195
257	58.5786	117.4071	76	None	None	0	4	2.8892957182873156
258	58.8286	117.9071	72	None	None	0	2	2.6598172602374257
259	58.8286	117.9071	78	None	None	0	4	1.9255718954248269
260	59.0786	118.4071	71	None	None	0	1	6.4552904495131385
261	59.0786	118.4071	79	None	None	0	2	5.880652260904359
262	59.3286	60.0786	81	None	None	0	4	5.853701480592238
263	60.0786	60.8286	81	None	None	0	4	6.1928927126406155
264	60.8286	61.0786	74	None	None	0	1	6.746914321284073
265	61.0786	61.3286	77	None	None	0	2	10.450995953937136
266	61.3286	61.5786	79	None	None	0	1	7.186757700496221
267	61.5786	62.3286	81	None	None	0	2	6.7484774761257595
268	62.3286	62.8286	91	None	None	0	5	6.149848550871453
269	62.8286	63.0786	88	None	None	0	4	6.104436409406674
270	63.0786	63.3286	86	None	None	0	3	6.172374110803031
271	63.3286	63.5786	84	None	None	0	2	6.66684242444426
272	63.5786	63.8286	83	None	None	0	1	8.450827147464492
273	63.8286	64.3429	81	None	None	0	3	4.279847511219959
274	64.3429	64.5143	83	None	None	0	4	4.245206038351741
275	64.5143	64.6857	84	None	None	0	5	4.923659985720147
276	64.6857	64.8571	83	None	None	0	4	5.769968465252335
277	64.8571	65.0286	81	None	None	0	3	5.658126359989179
278	65.0286	65.2000	83	None	None	0	5	4.4423003365973255
279	65.2000	65.3714	79	None	None	0	4	3.7290693424452983
280	65.3714	131.7714	71	None	None	0	1	3.3474903950768655
281	65.3714	131.2571	76	None	None	0	3	3.3049720352237326
282	65.8857	66.0571	78	None	None	0	4	3.972229447164457
283	66.0571	66.2286	79	None	None	0	5	3.753314973480253
284	66.2286	66.4000	78	None	None	0	4	2.9910708214334254
285	66.4000	66.5714	76	None	None	0	3	3.234251866894176
286	66.5714	66.7429	78	None	None	0	4	3.5410342717258083
287	66.7429	66.9143	74	None	None	0	2	4.417767948765491
288	66.9143	67.4286	71	None	None	0	1	4.594084510960293
289	67.4286	67.6000	73	None	None	0	4	13.76737938596489
290	67.6000	67.7714	74	None	None	0	5	13.284649122806982
291	67.7714	67.9429	73	None	None	0	4	13.588194444444486
292	67.9429	68.1143	71	None	None	0	3	13.515826023391856
293	68.1143	68.2857	73	None	None	0	4	14.744078947368415
294	68.2857	68.4571	69	None	None	0	2	16.713157894736895
295	68.4571	68.6286	71	None	None	0	1	13.85131578947366
296	68.6286	137.4286	73	None	None	0	2	18.68092105263144
297	68.6286	137.4286	85	None	None	0	5	14.881578947368372
298	68.8000	137.7714	74	None	None	0	1	16.855263157894747
299	68.8000	137.7714	86	None	None	0	5	16.855263157894747
300	68.9714	138.1143	76	None	None	0	1	17.986842105263143
301	68.9714	138.1143	88	None	None	0	5	18.638157894736814
302	69.1429	138.4571	74	None	None	0	1	20.118421052631597
303	69.1429	138.4571	86	None	None	0	5	20.118421052631593
304	69.3143	138.8000	73	None	None	0	1	14.907894736842245
305	69.3143	138.8000	85	None	None	0	5	14.256578947368578
306	69.4857	139.1429	71	None	None	0	1	11.724278438030641
307	69.4857	139.1429	83	None	None	0	5	10.785186757215662
308	69.6571	139.4857	73	None	None	0	1	11.95349698170161
309	69.6571	139.4857	85	None	None	0	5	10.578496981701683
310	69.8286	139.8286	69	None	None	0	1	7.88178645538577
311	69.8286	139.8286	81	None	None	0	5	6.8949443501225804
312	70.0000	140.3429	71	None	None	0	1	8.296260139596306
313	70.0000	141.0286	83	None	None	0	5	8.183687040181177
314	70.3429	70.6857	76	None	None	0	4	7.482121297868368
315	70.6857	70.8571	74	None	None	0	3	7.629532163742717
316	70.8571	71.0286	73	None	None	0	2	9.774342105263177
317	71.0286	71.2000	74	None	None	0	3	14.307236842105418
318	71.2000	71.3714	73	None	None	0	2	15.602631578947609
319	71.3714	142.9143	69	None	None	0	1	17.655263157895043
320	71.3714	142.9143	81	None	None	0	3	15.490789473684455
321	71.5429	143.2571	81	None	None	0	3	17.582894736842295
322	71.5429	143.2571	81	None	None	0	2	17.68421052631598
323	71.7143	143.6000	79	None	None	0	1	22.065789473684298
324	71.7143	143.6000	91	None	None	0	5	22.71710526315797
325	71.8857	143.9429	78	None	None	0	1	17.763157894736768
326	71.8857	143.9429	90	None	None	0	5	17.11184210526306
327	72.0571	144.2857	76	None	None	0	1	18.592105263157624
328	72.0571	144.2857	88	None	None	0	5	18.592105263157546
329	72.2286	144.6286	74	None	None	0	1	18.592105263157656
330	72.2286	144.6286	86	None	None	0	5	18.592105263157737
331	72.4000	144.9714	73	None	None	0	1	13.381578947368387
332	72.4000	144.9714	85	None	None	0	5	12.730263157894719
333	72.5714	145.3143	76	None	None	0	1	13.212406015037569
334	72.5714	145.3143	88	None	None	0	5	12.871240601503692
335	72.7429	145.6571	71	None	None	0	1	13.619538429406884
336	72.7429	145.6571	83	None	None	0	5	12.133475056689411
337	72.9143	146.0000	69	None	None	0	1	10.276063671082479
338	72.9143	146.0000	81	None	None	0	5	9.043174901539535
339	73.0857	146.4214	71	None	None	0	1	8.924753848907955
340	73.0857	146.4214	83	None	None	0	5	7.482047819127657
341	73.3357	147.4214	71	None	None	0	2	5.157835634253708
342	73.3357	147.4214	83	None	None	0	5	2.938192777110851
343	74.5857	74.8357	64	None	None	0	1	2.4529320061357978
344	74.8357	75.0857	67	None	None	0	2	2.706106609310398
345	75.0857	75.3357	69	None	None	0	3	2.794116813392036
346	75.3357	75.5857	71	None	None	0	4	2.5072687408296743
347	75.5857	76.3357	71	None	None	0	4	2.708319160997743
348	76.3357	153.1714	63	None	None	0	1	3.749198012538364
349	76.3357	153.1714	74	None	None	0	5	4.75091953448047
350	76.8357	77.0857	64	None	None	0	2	4.260103207949857
351	77.0857	77.3357	67	None	None	0	3	4.016339035614251
352	77.3357	77.5857	69	None	None	0	4	4.052195044684552
353	77.5857	77.8357	71	None	None	0	5	3.7294909630518958
354	77.8357	78.5857	71	None	None	0	4	4.029911131119125
355	78.5857	157.6714	63	None	None	0	1	4.125499366413243
356	78.5857	157.6714	74	None	None	0	5	4.115017673736168
357	79.0857	79.3357	64	None	None	0	2	4.500524098528302
358	79.3357	79.5857	67	None	None	0	1	3.498371570850559
359	79.5857	79.8357	69	None	None	0	2	2.6902083055444366
360	79.8357	80.0857	71	None	None	0	3	3.9945900582455134
361	80.0857	80.8357	71	None	None	0	3	7.582461456804941
362	80.8357	81.3357	74	None	None	0	0	-1
363	81.3357	81.5857	69	None	None	0	0	-1
364	81.5857	81.8357	67	None	None	0	0	-1
365	81.8357	82.0857	66	None	None	0	0	-1
366	82.0857	82.3357	64	None	None	0	0	-1
367	82.3357	83.0857	64	None	None	0	0	-1
368	83.0857	83.5857	62	None	None	0	0	-1
369	83.5857	83.8357	78	None	None	0	2	1.7610685941043172
370	83.8357	84.0857	81	None	None	0	3	1.935813492063496
371	84.0857	84.3357	83	None	None	0	4	4.1465298023971435
372	84.3357	84.8357	84	None	None	0	5	4.02487614093256
373	84.8357	85.3357	84	None	None	0	4	4.09035233140875
374	85.3357	85.8357	79	None	None	0	2	4.2590314697307505
375	85.8357	86.0857	78	None	None	0	1	2.9352644629280253
376	86.0857	86.3357	81	None	None	0	2	3.2546115957205357
377	86.3357	86.5857	83	None	None	0	3	7.309515223838451
378	86.5857	86.8357	84	None	None	0	4	7.572849029582976
379	86.8357	87.5857	87	None	None	0	5	7.4008905140339065
380	87.5857	88.0857	79	None	None	0	1	10.11907778894387
381	88.0857	88.3357	80	None	None	0	2	9.606195135882645
382	88.3357	88.5857	82	None	None	0	3	10.038245228647016
383	88.5857	88.8357	83	None	None	0	1	5.806102371504159
384	88.8357	89.0857	84	None	None	0	2	5.2020207388510995
385	89.0857	89.5857	86	None	None	0	3	5.612735024565381
386	89.5857	90.0857	87	None	None	0	4	5.154389880952376
387	90.0857	90.3357	89	None	None	0	5	5.239795918367342
388	90.3357	180.9214	72	None	None	0	1	2.7321428571428545
389	90.3357	180.9214	77	None	None	0	3	2.8577097505668836
390	90.3357	180.9214	81	None	None	0	5	2.4163832199546453
391	90.5857	181.4214	71	None	None	0	1	2.611394557823126
392	90.5857	181.4214	76	None	None	0	3	2.513902072456891
393	90.5857	181.4214	79	None	None	0	5	2.089133444075312
394	90.8357	181.9214	69	None	None	0	1	2.2033690608026224
395	90.8357	181.9214	74	None	None	0	2	3.0361130142229547
396	90.8357	181.9214	77	None	None	0	4	2.768465256195012
397	91.0857	182.6857	69	None	None	0	1	2.508466902014631
398	91.0857	182.6857	74	None	None	0	4	2.055745154400847
399	91.0857	182.6857	76	None	None	0	5	1.7330410727681902
400	91.6000	183.5429	68	None	None	0	2	1.7330410727681964
401	91.6000	183.5429	71	None	None	0	3	1.7330410727681982
402	91.6000	183.5429	76	None	None	0	5	1.7330410727682035
403	91.9429	184.4000	66	None	None	0	1	1.3527991372843131
404	91.9429	184.4000	69	None	None	0	2	1.1305321121947047
405	91.9429	184.4000	76	None	None	0	4	1.1069569475702363
406	92.4571	92.6286	76	None	None	0	4	1.3743988080353544
407	92.6286	93.1429	76	None	None	0	4	1.3743988080353544
408	93.1429	186.6286	68	None	None	0	1	1.4764659914978926
409	93.1429	186.6286	71	None	None	0	2	1.3575706426606784
410	93.1429	186.6286	76	None	None	0	4	1.3149349837459507
411	93.4857	187.3143	68	None	None	0	1	1.4251500375093764
412	93.4857	187.3143	72	None	None	0	2	1.3719242310577708
413	93.4857	187.4857	79	None	None	0	5	1.6626948403767567
414	94.0000	94.1714	76	None	None	0	4	2.604367166602212
415	94.1714	94.6857	76	None	None	0	4	3.148811611046658
416	94.6857	189.7143	68	None	None	0	1	3.487677009214375
417	94.6857	189.7143	74	None	None	0	3	3.718827560009974
418	94.6857	189.7143	76	None	None	0	4	6.080611494829465
419	95.0286	190.4000	67	None	None	0	1	11.151494347121371
420	95.0286	190.4000	70	None	None	0	2	13.016498591603497
421	95.0286	190.4000	75	None	None	0	3	14.670939863404808
422	95.0286	190.5714	81	None	None	0	5	15.45327751196174
423	95.7143	191.6000	81	None	None	0	3	16.65447368421049
424	95.7143	191.6000	81	None	None	0	2	17.684210526315717
425	95.8857	191.9429	79	None	None	0	1	18.828947368421012
426	95.8857	191.9429	91	None	None	0	5	18.82894736842101
427	96.0571	192.2857	78	None	None	0	1	15.59210526315793
428	96.0571	192.2857	90	None	None	0	5	14.940789473684262
429	96.2286	192.6286	76	None	None	0	1	14.447368421052662
430	96.2286	192.6286	88	None	None	0	5	14.447368421052662
431	96.4000	192.9714	74	None	None	0	1	13.637521222410914
432	96.4000	192.9714	86	None	None	0	5	13.049235993208885
433	96.5714	193.3143	72	None	None	0	1	16.28607809847214
434	96.5714	193.3143	84	None	None	0	5	16.93739388794584
435	96.7429	193.6571	71	None	None	0	1	17.43081494057741
436	96.7429	193.6571	83	None	None	0	5	17.43081494057741
437	96.9143	194.0000	69	None	None	0	1	17.43081494057741
438	96.9143	194.0000	81	None	None	0	5	17.43081494057741
439	97.2571	194.6857	67	None	None	0	1	18.240662139219165
440	97.2571	194.6857	79	None	None	0	5	18.828947368421193
441	97.4286	195.0286	66	None	None	0	1	15.592105263157938
442	97.4286	195.0286	78	None	None	0	5	14.940789473684235
443	97.6000	195.3714	64	None	None	0	1	14.447368421052664
444	97.6000	195.3714	76	None	None	0	5	14.447368421052666
445	97.7714	195.7143	62	None	None	0	1	14.447368421052671
446	97.7714	195.7143	74	None	None	0	5	14.447368421052671
447	97.9429	196.0571	60	None	None	0	1	15.6213921901529
448	97.9429	196.0571	72	None	None	0	5	15.432300509338
449	98.1143	196.4000	59	None	None	0	1	15.925721561969457
450	98.1143	196.4000	71	None	None	0	5	15.925721561969368
451	98.2857	196.7429	57	None	None	0	1	15.925721561969478
452	98.2857	196.7429	69	None	None	0	5	15.925721561969556
453	98.4571	197.0857	55	None	None	0	1	15.925721561969446
454	98.4571	197.0857	67	None	None	0	5	15.925721561969368
455	98.8000	197.7714	54	None	None	0	1	14.751697792869141
456	98.8000	197.7714	66	None	None	0	5	14.940789473684042
457	98.9714	198.1143	52	None	None	0	1	14.447368421052584
458	98.9714	198.1143	64	None	None	0	5	14.44736842105267
459	99.1429	198.4571	50	None	None	0	1	14.447368421052559
460	99.1429	198.4571	62	None	None	0	5	14.44736842105248
461	99.3143	198.8000	48	None	None	0	1	17.68421052631584
462	99.3143	198.8000	60	None	None	0	5	18.33552631578962
463	99.4857	199.1429	47	None	None	0	1	16.476608187134694
464	99.4857	199.1429	59	None	None	0	5	14.956871345029468
465	99.6571	199.4857	45	None	None	0	1	12.864766081871513
466	99.6571	199.4857	57	None	None	0	5	13.500505608858466
467	99.8286	199.8286	43	None	None	0	1	12.224887800897754
468	99.8286	199.8286	55	None	None	0	5	12.596728019724434
469	100.0000	200.1714	42	None	None	0	1	7.43638530246602
470	100.0000	200.1714	54	None	None	0	3	5.11417158017573
471	100.1714	100.3429	52	None	None	0	2	5.11417158017573
472	100.3429	100.8571	52	None	None	0	2	5.11417158017573
473	100.8571	101.2000	52	None	None	0	1	5.11417158017573
474	101.2000	202.9143	57	None	None	0	2	5.11417158017573
475	101.2000	202.9143	62	None	None	0	3	5.11417158017573
476	101.2000	202.9143	69	None	None	0	5	5.11417158017573
477	101.7143	203.7714	64	None	None	0	2	5.11417158017573
478	101.7143	203.7714	71	None	None	0	4	5.11417158017573
479	101.7143	203.7714	76	None	None	0	0	5.11417158017573
