0	0.1429	0.2857	55	None	None	0	1	0.0
1	0.4286	0.5714	55	None	None	0	1	0.0
2	0.7143	0.8571	55	None	None	0	1	0.0
3	0.8571	1.0000	55	None	None	0	1	0.0
4	1.1429	1.2857	55	None	None	0	1	0.18518518518518648
5	1.4286	1.5714	55	None	None	0	1	3.735416666666667
6	1.7143	1.8571	55	None	None	0	1	3.940534979423872
7	1.8571	2.0000	55	None	None	0	1	4.153770273541516
8	2.1429	2.2857	55	None	None	0	1	4.388029532800774
9	2.4286	2.5714	55	None	None	0	1	4.600992495763735
10	2.7143	2.8571	55	None	None	0	1	4.806110808520933
11	2.8571	3.0000	55	None	None	0	1	5.019346102638577
12	3.1429	3.2857	60	None	None	0	2	4.430019970951334
13	3.4286	3.5714	72	None	None	0	5	1.623307007988367
14	3.7143	3.8571	70	None	None	0	4	1.6233070079883607
15	3.8571	4.0000	67	None	None	0	3	1.6233070079883603
16	4.1429	4.2857	65	None	None	0	2	1.6233070079883603
17	4.4286	4.5714	67	None	None	0	4	1.837155263339884
18	4.7143	4.8571	70	None	None	0	5	1.8928761628107913
19	4.8571	5.0000	67	None	None	0	2	7.371259160229739
20	5.1429	5.2857	70	None	None	0	4	7.232936940208167
21	5.4286	5.5714	67	None	None	0	3	7.09867768094891
22	5.7143	5.8571	70	None	None	0	4	6.893559368191711
23	5.8571	6.0000	67	None	None	0	3	6.974441721132893
24	6.1429	6.2857	65	None	None	0	1	6.666476034858391
25	6.4286	6.5714	63	None	None	0	4	1.2317538126361671
26	6.7143	6.8571	60	None	None	0	3	1.0974945533769098
27	7.0000	7.1429	53	None	None	0	1	0.5882352941176516
28	7.4286	7.5714	53	None	None	0	1	0.5882352941176516
29	7.7143	7.8571	53	None	None	0	1	0.5882352941176516
30	7.8571	8.0000	53	None	None	0	1	0.882352941176478
31	8.0000	8.5714	59	None	None	0	3	0.8823529411764791
32	8.1429	8.2857	53	None	None	0	1	0.5882352941176527
33	8.4286	8.5714	53	None	None	0	1	1.6576797385620952
34	8.7143	8.8571	53	None	None	0	1	7.3792075163398625
35	8.8571	9.0000	53	None	None	0	1	7.584325829097068
36	9.1429	9.2857	53	None	None	0	1	7.797561123214712
37	9.4286	9.5714	53	None	None	0	1	7.945246308399899
38	9.5714	10.0000	59	None	None	0	3	8.061365286855478
39	9.7143	9.8571	53	None	None	0	1	7.901506899055908
40	9.8571	10.0000	53	None	None	0	1	8.086692084241095
41	10.1429	10.2857	65	None	None	0	2	7.471436352318706
42	10.4286	10.5714	77	None	None	0	5	5.695170012449433
43	10.7143	10.8571	75	None	None	0	4	6.156718366358896
44	10.8571	11.0000	72	None	None	0	3	6.253668257426437
45	11.1429	11.2857	70	None	None	0	2	6.340242331500507
46	11.4286	11.5714	75	None	None	0	5	5.4134713144517095
47	11.7143	11.8571	72	None	None	0	4	5.718494311304775
48	12.0000	12.5714	67	None	None	0	2	5.944365770999767
49	12.1429	24.4286	60	None	None	0	1	3.990662067296059
50	12.1429	24.4286	62	None	None	0	3	2.4815117404986626
51	12.4286	25.0000	60	None	None	0	2	2.43243766642459
52	12.4286	25.0000	62	None	None	0	3	2.404659888646811
53	12.7143	25.5714	60	None	None	0	2	2.756797688211081
54	12.7143	25.5714	65	None	None	0	4	2.525667211328974
55	12.8571	25.8571	60	None	None	0	2	2.5777913943355104
56	12.8571	25.8571	65	None	None	0	4	2.525667211328974
57	13.1429	26.4286	57	None	None	0	1	2.7506127450980404
58	13.1429	26.4286	62	None	None	0	3	3.0305010893246163
59	13.4286	27.0000	57	None	None	0	1	2.9776688453159044
60	13.4286	27.0000	62	None	None	0	3	3.086601307189541
61	13.5714	14.0000	67	None	None	0	5	2.6853894335511987
62	13.7143	27.5714	60	None	None	0	2	2.7735157952069667
63	13.7143	27.5714	65	None	None	0	4	2.486533224400862
64	13.8571	27.8571	60	None	None	0	2	2.3456048777535594
65	13.8571	27.8571	65	None	None	0	4	2.293480694747023
66	14.0000	14.5714	67	None	None	0	5	2.349648995400626
67	14.1429	28.4286	57	None	None	0	1	2.5741541084506276
68	14.1429	28.4286	62	None	None	0	3	2.7967848274048874
69	14.4286	29.0000	57	None	None	0	1	2.9047981716314726
70	14.4286	29.0000	62	None	None	0	2	4.187629492254107
71	14.7143	29.5714	60	None	None	0	1	3.7052713362257386
72	14.7143	29.5714	65	None	None	0	3	3.9240598681869923
73	14.8571	29.8571	60	None	None	0	1	4.677013528696968
74	14.8571	29.8571	65	None	None	0	4	5.602400525600995
75	15.5714	15.7143	61	None	None	0	2	6.726097636024118
76	15.7143	15.8571	63	None	None	0	3	6.756846299125723
77	15.8571	16.0000	65	None	None	0	4	6.909624076903493
78	16.0000	16.1429	66	None	None	0	5	6.909624076903506
79	16.5714	16.7143	60	None	None	0	4	10.728245692216307
80	16.7143	16.8571	58	None	None	0	3	10.841882055852667
81	16.8571	17.0000	56	None	None	0	2	11.307533316356874
82	17.0000	17.1429	55	None	None	0	1	10.784657499363409
83	17.1429	17.2857	57	None	None	0	2	9.813801884390143
84	17.2857	17.4286	59	None	None	0	1	5.288801884390142
85	17.4286	17.5714	60	None	None	0	2	5.73439011968426
86	17.5714	17.7143	61	None	None	0	3	11.222257766743105
87	17.7143	17.8571	63	None	None	0	4	10.918744694847675
88	17.8571	18.0000	61	None	None	0	3	10.905375710890457
89	18.0000	18.1429	66	None	None	0	5	11.23237150920979
90	18.1429	18.2857	65	None	None	0	4	10.483188502673846
91	18.2857	18.4286	63	None	None	0	3	10.702736928104619
92	18.4286	18.5714	61	None	None	0	1	10.637505835667632
93	18.5714	18.7143	60	None	None	0	3	9.293954248366044
94	18.7143	18.8571	58	None	None	0	2	9.272630718954268
95	18.8571	19.0000	60	None	None	0	3	10.98035130718957
96	19.0000	19.1429	55	None	None	0	1	10.908670797461498
97	19.1429	19.2857	57	None	None	0	2	10.004585830141234
98	19.2857	19.4286	59	None	None	0	1	5.851644653670631
99	19.4286	19.5714	60	None	None	0	2	4.87791099353991
100	19.5714	19.7143	61	None	None	0	3	4.390895974766444
101	19.7143	19.8571	63	None	None	0	4	4.287546301563819
102	19.8571	20.0000	60	None	None	0	1	3.2629213758359334
103	20.0000	20.1429	66	None	None	0	5	3.088444994374251
104	20.5714	20.7143	63	None	None	0	3	2.9772264257088743
105	20.7143	20.8571	65	None	None	0	4	3.233353876689258
106	20.8571	21.0000	62	None	None	0	2	2.702471523748094
107	21.0000	21.1429	66	None	None	0	4	3.441646360349381
108	21.5714	21.7143	65	None	None	0	3	3.119837849711083
109	21.7143	21.8571	67	None	None	0	4	2.7109326209529288
110	21.8571	22.0000	64	None	None	0	2	5.547246400171929
111	22.0000	22.1429	68	None	None	0	3	5.209340510865861
112	22.5714	22.7143	66	None	None	0	1	5.224632352941187
113	22.7143	22.8571	68	None	None	0	2	4.6537658982512085
114	22.8571	23.0000	65	None	None	0	1	4.1464129570747374
115	23.0000	23.1429	69	None	None	0	2	8.26455021197671
116	23.1429	23.2857	69	None	None	0	1	6.217368839427689
117	23.2857	46.7143	69	None	None	0	1	6.643839427662991
118	23.2857	46.7143	79	None	None	0	4	7.125827665901197
119	23.4286	23.5714	74	None	None	0	2	7.126277012306428
120	23.5714	23.7143	71	None	None	0	1	7.40299269858093
121	24.0000	24.1429	69	None	None	0	4	3.653383714596954
122	24.2857	24.4286	69	None	None	0	5	3.0668096405228726
123	24.5714	49.2857	59	None	None	0	1	3.3845179738561955
124	24.5714	49.2857	69	None	None	0	4	3.525571895424801
125	24.7143	24.8571	64	None	None	0	2	3.809026264826883
126	24.8571	25.0000	67	None	None	0	4	4.082588961510558
127	25.0000	25.2857	69	None	None	0	5	5.052700617283991
128	25.2857	50.8571	63	None	None	0	1	3.5327932098765866
129	25.2857	50.8571	69	None	None	0	3	3.9108796296296817
130	25.5714	51.4286	63	None	None	0	1	3.5327932098765866
131	25.5714	51.4286	69	None	None	0	3	4.910767396184081
132	25.8571	51.8571	63	None	None	0	1	5.179467468805716
133	25.8571	51.8571	69	None	None	0	3	5.996106902356903
134	25.8571	51.8571	74	None	None	0	5	5.965129233511585
135	26.1429	52.4286	63	None	None	0	2	4.580692959001792
136	26.1429	52.4286	69	None	None	0	5	4.6892101158645385
137	26.4286	53.0000	63	None	None	0	3	4.766394335511976
138	26.4286	53.0000	69	None	None	0	5	4.240584150326776
139	26.7143	27.0000	62	None	None	0	2	4.580514705882322
140	26.8571	27.0000	63	None	None	0	3	4.092524509803879
141	27.0000	54.1429	62	None	None	0	2	3.750796568627404
142	27.0000	54.1429	64	None	None	0	3	3.922120098039153
143	27.0000	54.1429	69	None	None	0	5	4.530984477124113
144	27.1429	54.4286	63	None	None	0	1	3.45858297022517
145	27.1429	54.4286	69	None	None	0	3	5.4806417937546
146	27.4286	55.0000	63	None	None	0	1	5.197871278140941
147	27.4286	55.0000	69	None	None	0	3	5.6222312999274315
148	27.7143	28.0000	63	None	None	0	1	6.517293028322497
149	27.8571	28.0000	69	None	None	0	3	6.421977124183061
150	28.0000	56.1429	63	None	None	0	1	5.933346949891117
151	28.0000	56.1429	69	None	None	0	3	5.871939954660591
152	28.0000	56.1429	74	None	None	0	5	5.5796605428958825
153	28.1429	56.4286	63	None	None	0	1	3.594366425248792
154	28.1429	56.4286	69	None	None	0	3	3.9234105428958386
155	28.1429	56.4286	74	None	None	0	5	5.616425248778214
156	28.4286	57.0000	63	None	None	0	1	4.438593004769489
157	28.4286	57.0000	69	None	None	0	3	4.86295302655598
158	28.4286	57.0000	74	None	None	0	5	5.928925248778217
159	28.8571	29.0000	69	None	None	0	3	5.8950163398693105
160	29.0000	58.1429	64	None	None	0	1	5.97011165577346
161	29.0000	58.1429	69	None	None	0	3	7.111179193899845
162	29.0000	58.1429	74	None	None	0	5	6.782135076252798
163	29.1429	58.4286	63	None	None	0	1	4.796840958605708
164	29.1429	58.4286	69	None	None	0	3	4.833605664488047
165	29.1429	58.4286	74	None	None	0	5	4.833605664488038
166	29.4286	59.0000	63	None	None	0	1	7.5132853441677145
167	29.4286	59.0000	69	None	None	0	3	8.165099658482028
168	29.4286	59.0000	74	None	None	0	5	8.08853872254609
169	29.7143	30.0000	63	None	None	0	1	6.714464648472
170	29.8571	30.0000	69	None	None	0	3	6.966370966554783
171	30.0000	60.1429	64	None	None	0	1	7.518896838014487
172	30.0000	60.1429	69	None	None	0	3	7.321838014485084
173	30.0000	60.1429	74	None	None	0	5	7.544264485073326
174	30.4286	61.0000	50	None	None	0	1	4.774068737855507
175	30.4286	61.0000	51	None	None	0	2	4.021328497615265
176	30.4286	61.0000	57	None	None	0	5	4.237935729847492
177	30.7143	61.5714	50	None	None	0	2	5.023468137254891
178	30.7143	61.5714	51	None	None	0	3	4.575319989106743
179	30.7143	61.5714	57	None	None	0	5	4.237935729847484
180	30.8571	61.8571	50	None	None	0	2	4.987520424836591
181	30.8571	61.8571	51	None	None	0	3	4.239808006535937
182	30.8571	61.8571	57	None	None	0	5	3.4043981481481382
183	31.1429	62.4286	50	None	None	0	2	4.189930555555547
184	31.1429	62.4286	51	None	None	0	3	3.7777301198257036
185	31.1429	62.4286	57	None	None	0	5	3.7399101307189566
186	31.4286	63.0000	50	None	None	0	2	5.023468137254905
187	31.4286	63.0000	51	None	None	0	3	4.575319989106756
188	31.4286	63.0000	57	None	None	0	5	4.2379357298474964
189	31.7143	63.5714	50	None	None	0	2	5.023468137254905
190	31.7143	63.5714	51	None	None	0	3	4.575319989106756
191	31.7143	63.5714	57	None	None	0	5	4.2379357298474964
192	31.8571	63.8571	50	None	None	0	2	4.987520424836603
193	31.8571	63.8571	51	None	None	0	3	4.23980800653595
194	31.8571	63.8571	57	None	None	0	5	3.4043981481481405
195	32.1429	64.4286	50	None	None	0	2	4.189930555555533
196	32.1429	64.4286	51	None	None	0	3	3.7777301198256863
197	32.1429	64.4286	57	None	None	0	5	3.7399101307189437
198	32.4286	65.0000	50	None	None	0	2	5.023468137254911
199	32.4286	65.0000	51	None	None	0	3	4.575319989106762
200	32.4286	65.0000	57	None	None	0	5	4.2379357298475036
201	32.7143	65.5714	50	None	None	0	2	5.023468137254913
202	32.7143	65.5714	51	None	None	0	3	4.575319989106774
203	32.7143	65.5714	57	None	None	0	5	4.23793572984753
204	32.8571	65.8571	50	None	None	0	2	4.987520424836635
205	32.8571	65.8571	51	None	None	0	3	4.239808006535969
206	32.8571	65.8571	57	None	None	0	5	3.4043981481481405
207	33.1429	66.4286	50	None	None	0	2	4.189930555555533
208	33.1429	66.4286	51	None	None	0	3	3.7777301198256863
209	33.1429	66.4286	57	None	None	0	5	3.7399101307189437
210	33.4286	67.0000	50	None	None	0	2	5.023468137254911
211	33.4286	67.0000	51	None	None	0	3	8.355242374727707
212	33.4286	67.0000	57	None	None	0	5	9.080698529411832
213	33.7143	67.5714	50	None	None	0	1	18.0105785524088
214	33.7143	67.5714	51	None	None	0	2	17.233536068748688
215	33.7143	67.5714	57	None	None	0	4	16.894362745098245
216	33.8571	67.8571	50	None	None	0	1	16.72708333333352
217	33.8571	67.8571	51	None	None	0	2	15.63223039215703
218	33.8571	67.8571	57	None	None	0	3	14.98737745098055
219	34.0000	34.1429	60	None	None	0	4	14.466135620915207
220	34.1429	34.2857	62	None	None	0	1	5.583782679738579
221	34.2857	34.4286	64	None	None	0	2	4.7911356209150595
222	34.4286	34.5714	65	None	None	0	1	4.647957516339863
223	34.5714	34.7143	67	None	None	0	3	4.626062091503249
224	34.7143	34.8571	69	None	None	0	4	6.197957516339899
225	34.8571	35.0000	65	None	None	0	2	6.758986928104569
226	35.0000	35.1429	72	None	None	0	5	9.841040452816088
227	35.1429	35.2857	71	None	None	0	4	9.934220707374047
228	35.2857	35.4286	69	None	None	0	3	10.37376319103418
229	35.4286	35.5714	67	None	None	0	2	10.508283314873186
230	35.5714	35.7143	65	None	None	0	1	10.227237563239214
231	35.7143	35.8571	67	None	None	0	5	6.351661954207762
232	35.8571	36.0000	63	None	None	0	0	-1
233	36.0000	36.5714	60	None	None	0	0	-1
234	36.8571	37.0000	48	None	None	0	0	-1
235	37.5714	37.8571	60	None	None	0	0	-1
236	37.8571	38.0000	48	None	None	0	0	-1
237	38.5714	38.8571	60	None	None	0	0	-1
238	38.8571	39.0000	48	None	None	0	0	-1
239	39.1429	39.2857	62	None	None	0	1	13.313159430438748
240	39.2857	39.4286	64	None	None	0	2	13.896090102707689
241	39.4286	39.5714	65	None	None	0	1	12.062663398692774
242	39.5714	39.7143	67	None	None	0	2	12.25723039215682
243	39.7143	39.8571	69	None	None	0	1	8.249877450980419
244	39.8571	40.0000	71	None	None	0	2	8.444444444444425
245	40.0000	40.1429	72	None	None	0	3	11.334150326797426
246	40.1429	40.2857	73	None	None	0	4	9.974877450980413
247	40.2857	40.4286	72	None	None	0	3	9.085171568627484
248	40.4286	40.5714	73	None	None	0	5	7.4568744164332195
249	40.5714	40.7143	72	None	None	0	4	6.369456115779641
250	40.7143	40.8571	73	None	None	0	5	4.6218195611578174
251	40.8571	41.0000	72	None	None	0	4	3.5344012605042074
252	41.0000	41.5714	73	None	None	0	5	1.786764705882384
253	41.1429	41.2857	60	None	None	0	1	0.0
254	41.4286	41.5714	60	None	None	0	1	0.0
255	41.7143	41.8571	60	None	None	0	1	3.215073529411727
256	41.8571	42.0000	60	None	None	0	1	5.553308823529347
257	42.1429	42.2857	60	None	None	0	1	5.553308823529347
258	42.4286	42.5714	60	None	None	0	1	7.2518382352940325
259	42.7143	42.8571	60	None	None	0	1	7.665236928104494
260	42.8571	43.0000	60	None	None	0	1	8.00347222222214
261	43.1429	43.2857	60	None	None	0	1	8.375531045751554
262	43.4286	43.5714	60	None	None	0	1	9.434354575163306
263	43.5714	43.8571	74	None	None	0	5	11.606045751633872
264	43.7143	43.8571	60	None	None	0	1	10.32663398692804
265	43.8571	44.0000	60	None	None	0	1	12.370751633986812
266	44.0000	44.1429	72	None	None	0	5	12.443545751633922
267	44.1429	44.2857	71	None	None	0	4	13.640441176470501
268	44.2857	44.4286	69	None	None	0	3	14.482152406417057
269	44.4286	44.5714	67	None	None	0	2	15.088770053475864
270	44.5714	44.7143	65	None	None	0	1	14.838770053475889
271	44.7143	44.8571	64	None	None	0	4	5.610866013071903
272	44.8571	45.0000	62	None	None	0	3	5.485866013071888
273	45.0000	45.1429	60	None	None	0	2	5.527205882352945
274	45.1429	45.2857	61	None	None	0	3	5.183455882352933
275	45.2857	45.4286	60	None	None	0	2	5.680514705882354
276	45.4286	45.5714	61	None	None	0	3	8.075367647058796
277	45.5714	45.7143	60	None	None	0	1	9.591841206179545
278	45.7143	45.8571	61	None	None	0	2	10.320517676767594
279	45.8571	46.0000	63	None	None	0	3	12.588194444444575
280	46.0000	46.1429	60	None	None	0	1	14.800904528478004
281	46.1429	46.2857	62	None	None	0	2	14.72361694677862
282	46.2857	46.4286	64	None	None	0	1	12.5607959850607
283	46.4286	46.5714	65	None	None	0	2	12.483508403361316
284	46.5714	46.7143	67	None	None	0	1	9.334086134453838
285	46.7143	46.8571	69	None	None	0	2	9.102795284780589
286	46.8571	47.0000	71	None	None	0	1	7.288623366013047
287	47.0000	47.1429	72	None	None	0	2	7.483190359477132
288	47.1429	47.2857	73	None	None	0	3	6.981853461081398
289	47.2857	47.4286	72	None	None	0	2	6.9818534610814265
290	47.4286	47.5714	73	None	None	0	3	6.9818534610814025
291	47.5714	47.7143	72	None	None	0	2	7.090595291146792
292	47.7143	47.8571	73	None	None	0	3	8.029408316356854
293	47.8571	48.0000	75	None	None	0	4	10.568330362448016
294	48.0000	48.1429	76	None	None	0	5	10.704257650029753
295	48.1429	48.2857	75	None	None	0	3	8.89276032382651
296	48.2857	48.4286	73	None	None	0	2	9.499377970885348
297	48.4286	48.5714	72	None	None	0	1	8.697907382650016
298	48.5714	48.7143	73	None	None	0	2	7.443332219251357
299	48.7143	48.8571	74	None	None	0	3	7.776971925133681
300	48.8571	49.0000	75	None	None	0	4	14.75244169637542
301	49.0000	49.1429	76	None	None	0	5	14.97027257872836
302	49.1429	49.2857	75	None	None	0	3	15.398663101604225
303	49.2857	49.4286	73	None	None	0	2	19.477421271538784
304	49.4286	49.5714	72	None	None	0	1	19.453475935828738
305	49.5714	49.7143	73	None	None	0	2	19.292446524064037
306	49.7143	49.8571	75	None	None	0	3	19.279077540106805
307	49.8571	50.0000	76	None	None	0	1	14.495254010695138
308	50.0000	100.5714	77	None	None	0	3	12.54084224598924
309	50.0000	100.1429	77	None	None	0	2	12.120254010695128
310	50.1429	50.2857	76	None	None	0	1	11.255280748663026
311	50.2857	50.4286	75	None	None	0	4	4.001076945929859
312	50.4286	50.5714	73	None	None	0	3	3.9281491384432274
313	50.5714	101.2857	72	None	None	0	2	3.287707961972646
314	50.5714	101.5714	77	None	None	0	5	3.2517602495543847
315	50.7143	50.8571	73	None	None	0	3	3.3513591800356672
316	50.8571	51.0000	71	None	None	0	2	3.5301990493167033
317	51.0000	51.1429	72	None	None	0	3	4.243434343434372
318	51.1429	51.2857	75	None	None	0	4	5.276931075460495
319	51.2857	51.4286	73	None	None	0	2	5.1691993464052395
320	51.4286	51.5714	71	None	None	0	1	6.121906565656549
321	51.5714	51.7143	72	None	None	0	2	5.766024212715399
322	51.7143	51.8571	73	None	None	0	3	5.191759506833034
323	51.8571	52.0000	71	None	None	0	2	5.295435977421262
324	52.0000	52.1429	72	None	None	0	3	8.42576447245568
325	52.1429	52.2857	76	None	None	0	4	8.57854225023343
326	52.2857	52.4286	75	None	None	0	3	8.513836367880506
327	52.4286	52.5714	73	None	None	0	2	8.185895191409902
328	52.5714	52.7143	72	None	None	0	1	7.437365779645215
329	52.7143	52.8571	73	None	None	0	2	6.830748132586352
330	52.8571	53.0000	71	None	None	0	1	6.66163048552753
331	53.0000	53.1429	72	None	None	0	2	11.801785714285675
332	53.1429	53.2857	80	None	None	0	5	10.545220588235225
333	53.2857	53.4286	79	None	None	0	4	9.457802287581645
334	53.4286	53.5714	76	None	None	0	3	8.693096405228687
335	53.5714	53.7143	72	None	None	0	2	7.851919934640463
336	53.7143	53.8571	69	None	None	0	1	7.807802287581644
337	53.8571	54.0000	71	None	None	0	4	3.3261846405228734
338	54.0000	54.5714	72	None	None	0	5	2.8611111111111183
339	54.2857	54.4286	55	None	None	0	1	0.0
340	54.7143	54.8571	55	None	None	0	1	0.0
341	54.8571	55.0000	55	None	None	0	1	0.0
342	55.1429	55.2857	55	None	None	0	5	0.77777777777778
343	55.4286	55.5714	55	None	None	0	5	0.77777777777778
344	55.7143	55.8571	55	None	None	0	5	0.77777777777778
345	55.8571	56.0000	55	None	None	0	5	0.77777777777778
346	56.1429	56.2857	55	None	None	0	5	0.77777777777778
347	56.4286	56.5714	55	None	None	0	5	0.77777777777778
348	56.7143	56.8571	55	None	None	0	5	0.77777777777778
349	56.8571	57.0000	55	None	None	0	5	0.77777777777778
350	57.1429	57.2857	43	None	None	0	1	0.0
351	57.2857	57.4286	43	None	None	0	1	0.0
352	57.4286	57.5714	43	None	None	0	1	0.0
353	57.7143	57.8571	43	None	None	0	1	0.0
354	57.8571	58.0000	43	None	None	0	1	0.0
355	58.1429	58.2857	43	None	None	0	1	0.0
356	58.2857	58.4286	43	None	None	0	1	0.0
357	58.4286	58.5714	43	None	None	0	1	0.0
358	58.7143	58.8571	43	None	None	0	1	0.0
359	58.8571	59.0000	43	None	None	0	1	0.0
360	59.1429	59.2857	43	None	None	0	1	0.0
361	59.2857	59.4286	43	None	None	0	1	0.0
362	59.4286	59.5714	43	None	None	0	1	0.0
363	59.7143	59.8571	43	None	None	0	1	0.0
364	59.8571	60.0000	43	None	None	0	0	0.0
