0	0.0000	1.1538	69	None	None	0	5	0.9304491286661507
1	1.1538	2.3077	67	None	None	0	4	0.9141617013553798
2	2.3077	3.4615	69	None	None	0	5	0.9955049789298425
3	3.4615	4.6154	67	None	None	0	4	0.987497870155864
4	4.6154	5.1923	69	None	None	0	5	0.9629306045993359
5	5.1923	5.7692	67	None	None	0	4	0.8866810915016654
6	5.7692	6.3462	65	None	None	0	3	0.8866810915016677
7	6.3462	6.9231	64	None	None	0	2	0.9015124407080172
8	6.9231	8.0769	69	None	None	0	5	0.7214569976708404
9	9.2308	10.3846	62	None	None	0	2	0.8599804395289449
10	10.3846	11.5385	64	None	None	0	3	0.8599804395289437
11	11.5385	12.6923	62	None	None	0	2	0.8599804395289435
12	12.6923	13.8462	64	None	None	0	3	1.1126443630532323
13	13.8462	14.4231	62	None	None	0	1	1.3700806849339746
14	14.4231	15.0000	64	None	None	0	2	1.0348265219190724
15	15.0000	15.5769	65	None	None	0	3	0.9935502070614708
16	15.5769	16.1538	67	None	None	0	4	0.9353166887052534
17	16.1538	17.3077	65	None	None	0	3	0.8273193545697415
18	17.3077	18.4615	64	None	None	0	2	1.2015298727800452
19	18.4615	19.6154	62	None	None	0	1	1.2220381988098423
20	20.7692	21.9231	72	None	None	0	4	1.1493975695597898
21	21.9231	23.0769	74	None	None	0	5	1.207631087916007
22	23.0769	24.2308	69	None	None	0	3	1.2918807866451907
23	24.2308	25.3846	71	None	None	0	4	1.3601231909688807
24	25.3846	26.5385	72	None	None	0	5	1.3355559254123517
25	27.6923	28.8462	62	None	None	0	2	1.3355559254123517
26	28.8462	30.0000	60	None	None	0	1	1.3355559254123517
27	30.0000	30.5769	62	None	None	0	2	1.3355559254123517
28	30.5769	31.1538	64	None	None	0	3	1.3355559254123517
29	31.1538	31.7308	65	None	None	0	4	1.3355559254123517
30	31.7308	32.3077	67	None	None	0	5	1.3355559254123517
31	32.3077	33.4615	65	None	None	0	4	1.3355559254123517
32	33.4615	34.6154	64	None	None	0	3	1.3355559254123517
33	34.6154	35.7692	62	None	None	0	0	1.3355559254123517
