0	0.0000	0.1500	71	None	None	0	1	3.920631313131323
1	0.1500	0.3000	73	None	None	0	2	3.6949567099567155
2	0.3000	0.4500	74	None	None	0	3	3.0378138528138634
3	0.4500	0.6000	76	None	None	0	4	2.9526948051948163
4	0.6000	0.7500	73	None	None	0	3	3.952775974025986
5	0.7500	0.9000	71	None	None	0	1	3.9206313131313237
6	0.9000	1.0500	73	None	None	0	2	3.694956709956716
7	1.0500	1.2000	74	None	None	0	3	3.0378138528138647
8	1.2000	1.3500	76	None	None	0	0	-1
9	1.3500	1.5000	73	None	None	0	0	-1
10	1.5000	1.6500	71	None	None	0	0	-1
11	1.6500	1.8000	73	None	None	0	0	-1
12	1.8000	1.9500	74	None	None	0	0	-1
13	1.9500	2.1000	76	None	None	0	0	-1
14	2.1000	2.2500	73	None	None	0	0	-1
15	2.2500	2.5500	71	None	None	0	0	-1
16	2.5500	5.4000	87	None	None	0	4	6.915387130230885
17	2.5500	5.4000	88	None	None	0	5	6.680808080808084
18	3.0000	6.3000	76	None	None	0	2	5.347479256854268
19	3.0000	6.3000	76	None	None	0	4	4.452141955266969
20	3.3000	7.0500	76	None	None	0	4	4.903927669552679
21	3.3000	7.0500	76	None	None	0	5	3.9309613997114092
22	3.7500	4.0500	74	None	None	0	3	3.9375563672438787
23	4.0500	4.5000	71	None	None	0	2	4.222296626984133
24	4.5000	4.8000	69	None	None	0	1	4.128140782828288
25	4.8000	4.9500	71	None	None	0	2	3.713692730880231
26	5.1000	5.4000	73	None	None	0	3	4.886663510101011
27	5.4000	5.7000	74	None	None	0	4	4.933588113275619
28	5.7000	6.1500	71	None	None	0	1	3.9046920093795228
29	6.1500	6.4500	76	None	None	0	3	4.435040133477647
30	6.4500	13.3500	78	None	None	0	4	4.689033189033195
31	6.4500	13.3500	78	None	None	0	5	4.495680014430024
32	6.9000	7.2000	74	None	None	0	3	5.076848845598856
33	7.2000	7.6500	71	None	None	0	2	5.076848845598855
34	7.6500	7.9500	69	None	None	0	1	4.912238455988459
35	7.9500	8.1000	71	None	None	0	2	4.2318813131313116
36	8.2500	8.5500	73	None	None	0	3	4.3606150793650755
37	8.5500	8.8500	74	None	None	0	4	4.24057539682539
38	8.8500	9.3000	71	None	None	0	1	2.918948412698416
39	9.3000	18.9000	79	None	None	0	4	5.443319805194812
40	9.3000	18.9000	79	None	None	0	5	5.530819805194813
41	9.6000	10.0500	76	None	None	0	3	5.209391233766249
42	10.0500	10.3500	74	None	None	0	2	5.827248376623391
43	10.3500	10.8000	71	None	None	0	1	6.4368262987013125
44	10.8000	11.1000	73	None	None	0	2	7.069086399711407
45	11.1000	11.2500	74	None	None	0	1	6.90707972582973
46	11.2500	11.5500	76	None	None	0	3	5.9135051406926475
47	11.5500	23.4000	78	None	None	0	4	5.894283910533914
48	11.5500	23.4000	78	None	None	0	5	4.697999639249638
49	11.8500	12.3000	75	None	None	0	3	4.76010688684076
50	12.3000	24.9000	76	None	None	0	4	4.82209101382489
51	12.3000	24.9000	76	None	None	0	5	4.811376728110594
52	12.7500	12.9000	74	None	None	0	3	4.427249743983617
53	12.9000	13.2000	73	None	None	0	2	3.6648471465810193
54	13.2000	13.5000	74	None	None	0	5	2.8144375203649394
55	13.5000	13.9500	69	None	None	0	4	2.867010485034678
56	13.9500	14.2500	71	None	None	0	5	2.990224770748962
57	16.9500	17.1000	59	None	None	0	1	3.295037878787883
58	17.1000	17.2500	61	None	None	0	2	2.941206709956708
59	17.2500	17.4000	62	None	None	0	3	2.3047781385281505
60	17.4000	17.5500	64	None	None	0	4	2.0915025252525346
61	17.5500	17.7000	61	None	None	0	3	2.959540043290046
62	17.7000	17.8500	65	None	None	0	5	3.244361471861481
63	17.8500	18.0000	64	None	None	0	4	3.1592424242424273
64	18.0000	18.1500	62	None	None	0	2	4.351863275613284
65	18.1500	18.3000	64	None	None	0	3	4.680434704184705
66	18.3000	18.4500	61	None	None	0	2	4.81400613275614
67	18.4500	18.6000	59	None	None	0	1	4.64972041847043
68	18.6000	18.7500	61	None	None	0	2	4.335434704184707
69	18.7500	18.9000	62	None	None	0	3	5.7441081735724815
70	18.9000	19.0500	64	None	None	0	4	6.398870078334392
71	19.0500	19.2000	61	None	None	0	1	6.671218820861709
72	19.2000	19.3500	67	None	None	0	4	6.703556483199363
73	19.3500	19.5000	64	None	None	0	2	6.342127911770788
74	19.5000	19.6500	62	None	None	0	1	5.612257781900659
75	19.6500	19.8000	64	None	None	0	2	5.431543496186364
76	19.8000	19.9500	61	None	None	0	1	4.53154349618635
77	19.9500	20.1000	70	None	None	0	4	4.027019686662547
78	20.1000	20.2500	69	None	None	0	3	3.6555911152339617
79	20.2500	20.4000	73	None	None	0	5	3.959213564213557
80	20.4000	20.5500	68	None	None	0	4	4.045815295815298
81	20.5500	20.7000	66	None	None	0	3	4.489971139971145
82	20.7000	20.8500	68	None	None	0	4	4.273701298701302
83	20.8500	21.0000	67	None	None	0	3	4.668304473304473
84	21.0000	21.1500	71	None	None	0	5	4.896161616161636
85	21.1500	21.3000	66	None	None	0	4	4.34646825396827
86	21.3000	21.4500	64	None	None	0	3	4.772261904761924
87	21.4500	21.6000	66	None	None	0	4	5.500793650793672
88	21.6000	21.7500	65	None	None	0	3	5.665079365079373
89	21.7500	21.9000	69	None	None	0	5	5.102777777777803
90	21.9000	22.0500	64	None	None	0	4	4.830853432282014
91	22.0500	22.2000	62	None	None	0	3	4.864926303854883
92	22.2000	22.3500	64	None	None	0	4	5.6732145433931125
93	22.3500	22.5000	63	None	None	0	3	6.26146310039167
94	22.5000	22.6500	68	None	None	0	5	5.698679653679642
95	22.6500	22.8000	62	None	None	0	2	5.53225108225107
96	22.8000	22.9500	60	None	None	0	1	4.72957251082251
97	23.2500	46.9500	67	None	None	0	2	4.101001082251079
98	23.2500	46.9500	67	None	None	0	1	3.2763257575757527
99	23.7000	24.0000	69	None	None	0	3	2.9302579365079313
100	24.0000	24.4500	72	None	None	0	4	3.806547619047615
101	24.4500	24.7500	74	None	None	0	5	3.938852813852814
102	24.7500	24.9000	72	None	None	0	4	4.252592893217896
103	24.9000	25.2000	71	None	None	0	3	4.132106782106781
104	25.2000	25.5000	69	None	None	0	2	4.157205988455983
105	25.5000	25.9500	72	None	None	0	5	3.6959686147186046
106	25.9500	26.2500	67	None	None	0	3	3.7335497835497753
107	26.2500	52.9500	65	None	None	0	1	3.823971861471856
108	26.2500	52.9500	65	None	None	0	2	2.625712481962481
109	26.7000	27.0000	69	None	None	0	3	3.3380501443001434
110	27.0000	27.4500	72	None	None	0	4	3.2348755411255445
111	27.4500	27.7500	74	None	None	0	5	3.2120580808080845
112	27.7500	27.9000	72	None	None	0	4	3.599458874458878
113	27.9000	28.2000	71	None	None	0	3	3.453427128427131
114	28.2000	28.5000	69	None	None	0	2	3.4328914141414173
115	28.5000	28.9500	72	None	None	0	4	3.2923358585858606
116	28.9500	58.2000	64	None	None	0	1	3.7809722222222204
117	28.9500	58.2000	64	None	None	0	2	4.174722222222216
118	29.2500	29.7000	67	None	None	0	3	3.7840972222222167
119	29.7000	30.0000	69	None	None	0	4	3.784097222222217
120	30.0000	30.4500	72	None	None	0	5	3.7820680014429993
121	30.4500	30.7500	71	None	None	0	4	4.6264831349206315
122	30.7500	30.9000	69	None	None	0	3	6.724613352916938
123	30.9000	31.2000	67	None	None	0	2	7.02340303545663
124	31.2000	62.7000	62	None	None	0	1	7.366033098845621
125	31.2000	62.7000	62	None	None	0	2	6.147283098845624
126	31.5000	31.9500	69	None	None	0	3	5.033249265615366
127	31.9500	64.2000	67	None	None	0	1	4.118731034080321
128	31.9500	64.2000	67	None	None	0	2	3.2548888305322325
129	32.2500	32.4000	69	None	None	0	3	3.334353116246518
130	32.4000	32.7000	70	None	None	0	4	2.135635167528555
131	32.7000	33.0000	69	None	None	0	1	2.7271673958839555
132	33.0000	33.4500	74	None	None	0	3	3.86903247524905
133	33.4500	67.2000	68	None	None	0	1	4.678637453604032
134	33.4500	67.2000	73	None	None	0	3	4.962161000763947
135	34.2000	68.7000	68	None	None	0	1	5.703477527374593
136	34.2000	68.7000	73	None	None	0	3	6.028670634920628
137	34.5000	34.9500	68	None	None	0	1	6.219146825396823
138	35.7000	35.8500	73	None	None	0	2	7.039781746031748
139	35.8500	36.0000	74	None	None	0	1	6.254603174603211
140	36.0000	36.1500	75	None	None	0	3	5.811428571428591
141	36.1500	36.3000	76	None	None	0	4	5.619365079365073
142	36.3000	36.4500	74	None	None	0	3	6.611230158730162
143	36.4500	36.6000	77	None	None	0	5	5.992480158730162
144	36.6000	36.7500	76	None	None	0	4	5.9924801587301735
145	36.7500	36.9000	75	None	None	0	3	5.613653628117936
146	36.9000	37.0500	76	None	None	0	4	5.6136536281179055
147	37.0500	37.2000	74	None	None	0	3	5.613653628117898
148	37.2000	37.3500	73	None	None	0	1	4.9589285714285305
149	37.3500	37.5000	74	None	None	0	2	3.466071428571432
150	37.5000	37.6500	75	None	None	0	4	4.018830395794684
151	37.6500	37.8000	77	None	None	0	5	6.701649659863929
152	37.8000	37.9500	76	None	None	0	4	6.792919501133773
153	37.9500	38.1000	78	None	None	0	5	8.10674603174602
154	38.1000	38.2500	77	None	None	0	4	8.655396825396844
155	38.2500	38.4000	76	None	None	0	3	10.995367965368004
156	38.4000	38.5500	77	None	None	0	5	10.182867965367961
157	38.5500	38.7000	75	None	None	0	4	14.2153282828283
158	38.7000	38.8500	74	None	None	0	3	14.215328282828295
159	38.8500	39.0000	73	None	None	0	2	13.626042568542603
160	39.0000	39.1500	71	None	None	0	1	14.296450731807903
161	39.1500	39.3000	72	None	None	0	4	10.09375231910947
162	39.3000	39.4500	70	None	None	0	3	10.123622448979598
163	39.4500	39.6000	68	None	None	0	2	9.990051020408162
164	39.6000	39.7500	67	None	None	0	1	9.101089981447165
165	39.7500	39.9000	66	None	None	0	4	4.344284425891588
166	39.9000	40.0500	67	None	None	0	5	3.8987487116058794
167	40.0500	40.2000	65	None	None	0	4	4.817597917955101
168	40.6500	40.8000	57	None	None	0	1	4.8614754689755015
169	40.8000	40.9500	59	None	None	0	2	4.63361832611836
170	40.9500	41.1000	60	None	None	0	3	4.497723665223694
171	41.1000	41.2500	58	None	None	0	1	2.719841269841278
172	41.2500	41.4000	61	None	None	0	2	4.370402494331078
173	41.4000	41.5500	59	None	None	0	1	3.998973922902502
174	41.5500	41.7000	62	None	None	0	2	4.521473922902504
175	41.7000	41.8500	63	None	None	0	3	3.846149247577815
176	41.8500	42.0000	60	None	None	0	2	4.43206761492478
177	42.0000	42.1500	64	None	None	0	3	6.306056998557022
178	42.1500	42.3000	61	None	None	0	1	7.021056998557032
179	42.3000	42.4500	65	None	None	0	3	6.199628427128452
180	42.4500	42.6000	66	None	None	0	4	5.841691919191929
181	42.6000	42.7500	62	None	None	0	2	6.175652958152975
182	42.7500	42.9000	67	None	None	0	4	7.891751443001434
183	42.9000	43.0500	63	None	None	0	1	6.498033910533891
184	43.0500	43.2000	68	None	None	0	2	5.466468253968248
185	43.2000	86.7000	69	None	None	0	3	9.835039682539698
186	43.2000	86.7000	69	None	None	0	4	8.32928571428572
187	43.5000	87.4500	69	None	None	0	4	8.685312500000009
188	43.5000	87.4500	69	None	None	0	5	7.679980158730188
189	43.9500	44.2500	67	None	None	0	3	7.637011408730174
190	44.2500	88.8000	66	None	None	0	2	7.453529265873038
191	44.2500	88.9500	69	None	None	0	3	7.582993551587326
192	44.5500	44.7000	64	None	None	0	1	9.224732368326151
193	44.7000	45.0000	62	None	None	0	2	4.866875225468989
194	45.0000	90.1500	64	None	None	0	3	5.032946654040414
195	45.0000	90.4500	69	None	None	0	5	5.526514024170289
196	45.3000	45.6000	66	None	None	0	4	5.421479301948063
197	45.6000	45.9000	67	None	None	0	5	5.062662337662361
198	45.9000	46.2000	64	None	None	0	1	8.186428571428465
199	46.3500	46.6500	69	None	None	0	3	8.261915584415483
200	46.6500	93.7500	71	None	None	0	4	9.28770923520914
201	46.6500	93.6000	71	None	None	0	5	9.305442370129775
202	47.1000	47.4000	67	None	None	0	3	9.749486607142751
203	47.4000	95.1000	66	None	None	0	2	9.566004464285607
204	47.4000	95.2500	71	None	None	0	4	11.91471478174594
205	47.7000	47.8500	64	None	None	0	1	12.167149846681
206	47.8500	48.1500	62	None	None	0	2	7.160185560966837
207	48.1500	96.4500	64	None	None	0	3	7.1601855609668315
208	48.1500	96.7500	71	None	None	0	5	6.881287202380965
209	48.4500	48.7500	66	None	None	0	4	5.886321924603176
210	48.7500	49.0500	67	None	None	0	5	8.402504960317497
211	49.0500	49.5000	64	None	None	0	1	5.960540674603196
212	49.5000	99.3000	72	None	None	0	2	8.280671672077883
213	49.5000	99.3000	72	None	None	0	3	8.18645089285711
214	49.8000	99.7500	71	None	None	0	2	8.500736607142828
215	49.8000	100.0500	72	None	None	0	3	8.651406249999974
216	49.9500	50.2500	69	None	None	0	1	8.202199900793614
217	50.2500	50.5500	67	None	None	0	0	-1
218	50.5500	101.4000	66	None	None	0	0	-1
219	50.5500	101.5500	72	None	None	0	0	-1
220	50.8500	51.0000	64	None	None	0	0	-1
221	51.0000	51.3000	66	None	None	0	1	3.6969246031746064
222	51.3000	102.7500	67	None	None	0	2	3.2578418109668017
223	51.3000	103.0500	72	None	None	0	5	3.0815521284271195
224	51.4500	51.7500	69	None	None	0	3	2.6297664141414003
225	51.7500	103.8000	71	None	None	0	4	4.18015782828281
226	51.7500	103.8000	71	None	None	0	5	3.711337707431444
227	52.0500	104.5500	68	None	None	0	3	3.5726046176046107
228	52.0500	104.5500	71	None	None	0	5	3.694013798701294
229	52.5000	105.3000	69	None	None	0	4	3.6997858044733007
230	52.5000	105.3000	69	None	None	0	5	2.9310883254817104
231	52.8000	105.7500	67	None	None	0	4	2.714760127535867
232	52.8000	105.9000	69	None	None	0	5	2.683386119599359
233	52.9500	53.2500	66	None	None	0	3	1.9275419637551967
234	53.2500	53.5500	67	None	None	0	0	-1
235	53.5500	107.5500	62	None	None	0	0	-1
236	53.5500	107.5500	69	None	None	0	0	-1
237	54.0000	54.6000	64	None	None	0	0	-1
238	54.7500	109.8000	62	None	None	0	0	-1
239	54.7500	109.8000	69	None	None	0	0	-1
240	55.0500	55.5000	67	None	None	0	0	-1
241	55.5000	56.1000	64	None	None	0	0	-1
242	56.2500	112.8000	79	None	None	0	4	4.421341566929815
243	56.2500	112.8000	81	None	None	0	5	4.740249129955026
244	56.5500	57.0000	74	None	None	0	3	4.128145955351849
245	57.0000	57.6000	76	None	None	0	5	3.254931669637566
246	57.7500	58.0500	67	None	None	0	3	2.9533326967150724
247	58.5000	59.1000	62	None	None	0	1	4.057691940412555
248	59.2500	59.4000	64	None	None	0	2	4.70516594516596
249	59.4000	59.5500	66	None	None	0	3	4.833322510822528
250	59.5500	59.7000	67	None	None	0	4	3.9841161616161744
251	59.7000	59.8500	69	None	None	0	5	3.848798701298722
252	59.8500	60.0000	66	None	None	0	3	3.952775974025997
253	60.0000	60.1500	64	None	None	0	1	3.9206313131313277
254	60.1500	60.3000	66	None	None	0	2	3.6949567099567293
255	60.3000	60.4500	67	None	None	0	3	4.289854669140363
256	60.4500	60.6000	69	None	None	0	4	4.94461657390228
257	60.6000	60.7500	66	None	None	0	2	4.8498196248196015
258	60.7500	60.9000	64	None	None	0	1	4.685533910533898
259	60.9000	61.0500	66	None	None	0	2	4.371248196248187
260	61.0500	61.2000	67	None	None	0	3	3.999819624819601
261	61.2000	61.3500	69	None	None	0	4	3.8701164708307516
262	61.3500	61.5000	66	None	None	0	2	4.685396825396811
263	61.5000	61.6500	70	None	None	0	5	3.899123376623397
264	61.6500	61.8000	69	None	None	0	4	3.1592424242424397
265	61.8000	61.9500	67	None	None	0	2	4.351863275613249
266	61.9500	62.1000	69	None	None	0	3	4.680434704184684
267	62.1000	62.2500	66	None	None	0	2	4.814006132756106
268	62.2500	62.4000	64	None	None	0	1	4.649720418470403
269	62.4000	62.5500	66	None	None	0	2	4.335434704184691
270	62.5500	62.7000	67	None	None	0	3	3.950413059163039
271	62.7000	62.8500	69	None	None	0	4	4.577397186147179
272	62.8500	63.0000	66	None	None	0	2	6.1456547619047734
273	63.0000	63.1500	72	None	None	0	5	6.658333333333337
274	63.1500	63.3000	69	None	None	0	4	5.793253968253972
275	63.3000	63.4500	67	None	None	0	3	8.564682539682524
276	63.4500	63.6000	69	None	None	0	5	6.187896825396801
277	63.6000	63.7500	66	None	None	0	4	6.445744680851046
278	63.7500	63.9000	64	None	None	0	3	6.64018912529548
279	63.9000	64.0500	62	None	None	0	2	6.730546268152603
280	64.0500	64.2000	60	None	None	0	1	6.359117696724043
281	64.2000	64.3500	62	None	None	0	5	3.21908730158731
282	64.3500	64.5000	59	None	None	0	3	2.890515873015879
283	64.5000	64.8000	57	None	None	0	2	2.930674603174605
284	66.7500	66.9000	57	None	None	0	2	3.3824603174603056
285	66.9000	67.0500	59	None	None	0	3	3.7110317460317357
286	67.0500	67.2000	60	None	None	0	4	3.6708730158730103
287	67.2000	67.3500	62	None	None	0	5	3.547658730158753
288	67.3500	67.5000	59	None	None	0	3	3.2921031746031684
289	67.5000	67.6500	57	None	None	0	2	3.3824603174603056
290	67.6500	67.8000	59	None	None	0	3	3.7110317460317357
291	67.8000	67.9500	60	None	None	0	4	6.506230158730188
292	67.9500	68.1000	62	None	None	0	5	6.711587301587362
293	68.1000	68.2500	59	None	None	0	2	6.22265873015873
294	68.2500	68.4000	57	None	None	0	1	5.773452380952409
295	68.4000	68.5500	59	None	None	0	2	5.670595238095263
296	68.5500	68.7000	60	None	None	0	3	5.670595238095263
297	68.7000	68.8500	62	None	None	0	4	5.670595238095263
298	68.8500	69.0000	59	None	None	0	2	5.670595238095263
299	69.0000	69.1500	67	None	None	0	5	5.670595238095263
300	69.1500	69.3000	64	None	None	0	4	5.670595238095263
301	69.3000	69.4500	62	None	None	0	3	5.670595238095263
302	69.4500	69.6000	60	None	None	0	2	5.670595238095263
303	69.6000	69.7500	59	None	None	0	1	5.670595238095263
304	69.7500	70.0500	57	None	None	0	0	5.670595238095263
