0	0.0000	0.3000	64	None	None	1	-5	1.045522444898698
1	0.0000	0.3000	68	None	None	1	-3	1.0929671244315837
2	0.3000	1.0500	64	None	None	1	-5	1.193187023653644
3	0.3000	1.0500	70	None	None	1	-2	1.4903095484061175
4	0.7500	1.8000	64	None	None	1	-5	1.4903095484061175
5	0.7500	1.8000	68	None	None	1	-3	1.4903095484061175
6	1.0500	2.5500	64	None	None	1	-5	6.700447658402188
7	1.0500	2.5500	70	None	None	1	-2	7.458719717225719
8	1.5000	3.3000	64	None	None	1	-4	7.551438956264318
9	1.5000	3.3000	68	None	None	1	-1	7.387550067375428
10	1.8000	4.0500	64	None	None	1	-3	7.512550067375434
11	1.8000	4.0500	70	None	None	1	-1	8.253380111514305
12	2.2500	4.8000	64	None	None	1	-2	8.02277044340465
13	2.2500	4.8000	68	None	None	1	-1	7.33445875509296
14	2.5500	2.8500	52	None	None	1	-5	4.595507862235814
15	3.3000	7.0500	64	None	None	1	-2	3.992146517698003
16	3.3000	7.0500	64	None	None	1	-1	4.879121307613966
17	3.7500	4.0500	62	None	None	1	-3	4.149556754519999
18	4.0500	4.5000	59	None	None	1	-4	3.6579892942025345
19	4.5000	4.8000	57	None	None	1	-5	4.500640597147958
20	4.8000	4.9500	59	None	None	1	-4	5.956433293014184
21	4.9500	5.2500	61	None	None	1	-3	6.019113668194559
22	5.2500	5.5500	62	None	None	1	-2	5.6132289279348235
23	5.5500	6.0000	59	None	None	1	-5	4.439568213649109
24	6.3000	13.0500	66	None	None	1	-2	4.702803507766758
25	6.3000	13.0500	66	None	None	1	-1	4.5261228354978496
26	6.7500	7.0500	62	None	None	1	-3	4.789109848484859
27	7.0500	7.5000	59	None	None	1	-4	4.786381673881677
28	7.5000	7.8000	57	None	None	1	-5	4.789109848484863
29	7.8000	7.9500	59	None	None	1	-4	5.752628968253981
30	7.9500	8.2500	61	None	None	1	-3	5.708166486291497
31	8.2500	8.5500	62	None	None	1	-2	5.654148629148643
32	8.5500	9.0000	59	None	None	1	-5	4.247720057720072
33	9.0000	18.3000	67	None	None	1	-2	11.897352994227987
34	9.0000	18.3000	67	None	None	1	-1	11.738262085137077
35	9.3000	9.7500	64	None	None	1	-3	11.599373196248193
36	9.7500	10.0500	62	None	None	1	-1	9.373259379509404
37	10.0500	10.5000	59	None	None	1	-2	10.043795093795115
38	10.5000	10.8000	61	None	None	1	-1	9.502398989899017
39	10.8000	10.9500	62	None	None	1	-4	3.4998692279942407
40	10.9500	11.2500	64	None	None	1	-3	4.993718434343444
41	11.2500	22.8000	66	None	None	1	-2	5.391486291486298
42	11.2500	22.8000	66	None	None	1	-3	4.952058531746044
43	11.5500	12.0000	63	None	None	1	-4	6.180154220779225
44	12.0000	24.3000	64	None	None	1	-3	5.8301542207792245
45	12.0000	24.3000	64	None	None	1	-1	5.17435064935066
46	12.3000	24.7500	62	None	None	1	-2	4.526136363636366
47	12.3000	24.9000	64	None	None	1	-1	3.936850649350644
48	12.4500	12.7500	61	None	None	1	-3	2.2589285714285623
49	12.7500	13.0500	62	None	None	1	-1	0.7830357142856993
50	13.0500	13.5000	57	None	None	1	-3	0.6633928571428402
51	13.5000	27.3000	52	None	None	1	-5	0.45803571428569745
52	13.5000	27.3000	59	None	None	1	-2	0.45803571428569745
53	13.8000	28.0500	52	None	None	1	-5	0.45803571428569745
54	13.8000	28.0500	59	None	None	1	-2	0.4580357142856974
55	14.2500	28.8000	52	None	None	1	-5	0.45803571428569745
56	14.2500	28.8000	59	None	None	1	-2	0.45803571428569745
57	14.5500	29.5500	52	None	None	1	-5	0.4580357142856971
58	14.5500	29.5500	59	None	None	1	-2	0.4580357142856968
59	15.0000	30.3000	52	None	None	1	-5	0.458035714285697
60	15.0000	30.3000	59	None	None	1	-2	0.4653556670601985
61	15.3000	31.0500	52	None	None	1	-5	0.49604763134591817
62	15.3000	31.0500	59	None	None	1	-2	0.7464940599173511
63	15.7500	31.8000	52	None	None	1	-5	0.9741726313459276
64	15.7500	31.8000	59	None	None	1	-2	0.9741726313459277
65	16.0500	32.5500	52	None	None	1	-5	0.9741726313459276
66	16.0500	32.5500	59	None	None	1	-2	1.224619059917361
67	16.5000	33.3000	52	None	None	1	-5	1.4522976313459373
68	16.5000	33.3000	56	None	None	1	-3	1.452297631345937
69	16.8000	34.0500	52	None	None	1	-5	1.452297631345937
70	16.8000	34.0500	58	None	None	1	-2	1.452297631345937
71	17.2500	34.8000	52	None	None	1	-5	1.4522976313459373
72	17.2500	34.8000	59	None	None	1	-2	1.4522976313459373
73	17.5500	35.5500	52	None	None	1	-5	1.4522976313459373
74	17.5500	35.5500	58	None	None	1	-2	1.452297631345937
75	18.0000	36.3000	52	None	None	1	-5	1.4522976313459373
76	18.0000	36.3000	56	None	None	1	-3	2.0190036525974158
77	18.3000	37.0500	52	None	None	1	-5	2.072495361781088
78	18.3000	37.0500	58	None	None	1	-2	2.017584647495373
79	18.7500	37.8000	52	None	None	1	-5	1.816691790352514
80	18.7500	37.8000	59	None	None	1	-2	2.2024060760668034
81	19.0500	38.5500	52	None	None	1	-5	2.62858592300558
82	19.0500	38.5500	58	None	None	1	-2	3.1147466372912898
83	19.5000	39.3000	52	None	None	1	-5	3.6930062744794956
84	19.5000	39.3000	61	None	None	1	-1	3.5046945861678034
85	19.8000	40.0500	51	None	None	1	-5	3.4573412698412724
86	19.8000	40.0500	60	None	None	1	-1	4.051091269841268
87	20.2500	40.8000	50	None	None	1	-4	4.165133477633472
88	20.2500	40.8000	59	None	None	1	-1	4.385912698412694
89	20.5500	41.5500	49	None	None	1	-4	3.512896825396822
90	20.5500	41.5500	58	None	None	1	-1	3.5128968253968282
91	21.0000	42.3000	48	None	None	1	-4	3.4528318903318906
92	21.0000	42.3000	57	None	None	1	-1	5.513789682539678
93	21.3000	43.0500	47	None	None	1	-5	6.278298611111104
94	21.3000	43.0500	56	None	None	1	-1	5.612624007936502
95	21.7500	43.8000	45	None	None	1	-4	5.615059072871566
96	21.7500	43.8000	53	None	None	1	-1	8.498762175324673
97	22.0500	44.5500	46	None	None	1	-4	8.482665945165941
98	22.0500	44.5500	54	None	None	1	-1	8.558856421356419
99	22.5000	22.8000	43	None	None	1	-5	8.989034992784985
100	22.8000	46.0500	55	None	None	1	-2	6.749749278499273
101	22.8000	46.0500	55	None	None	1	-1	5.943742784992783
102	23.2500	23.5500	53	None	None	1	-3	7.311922799422793
103	23.5500	24.0000	50	None	None	1	-1	7.074819624819619
104	24.0000	24.3000	43	None	None	1	-5	6.2266053391053315
105	24.3000	24.4500	50	None	None	1	-4	4.662617243867239
106	24.4500	24.7500	52	None	None	1	-3	9.881484487734475
107	24.7500	25.0500	53	None	None	1	-2	9.941305916305904
108	25.0500	25.5000	50	None	None	1	-5	10.047159090909085
109	25.5000	25.8000	55	None	None	1	-3	10.637240259740247
110	25.8000	52.0500	57	None	None	1	-2	10.440811688311674
111	25.8000	52.0500	57	None	None	1	-1	13.249963474025957
112	26.2500	26.5500	53	None	None	1	-3	13.269443993506478
113	26.5500	27.0000	50	None	None	1	-1	8.543997564935061
114	27.0000	27.3000	41	None	None	1	-5	8.162797168109657
115	27.3000	27.4500	50	None	None	1	-3	7.7790940656565715
116	27.4500	27.7500	52	None	None	1	-2	11.13593749999998
117	27.7500	28.0500	53	None	None	1	-1	11.912723214285704
118	28.0500	28.5000	50	None	None	1	-5	13.573035714285673
119	28.5000	57.3000	59	None	None	1	-2	15.212946428571371
120	28.5000	57.3000	59	None	None	1	-1	14.620008116883058
121	28.8000	29.2500	55	None	None	1	-3	17.94039502164491
122	29.2500	29.5500	53	None	None	1	0	-1
123	29.5500	30.0000	50	None	None	1	0	-1
124	30.0000	30.3000	40	None	None	1	0	-1
125	30.3000	30.4500	53	None	None	1	0	-1
126	30.4500	30.7500	55	None	None	1	0	-1
127	30.7500	61.8000	56	None	None	1	0	-1
128	30.7500	61.8000	60	None	None	1	-2	7.172429574393891
129	31.0500	31.5000	57	None	None	1	-1	3.373322431536719
130	32.2500	64.8000	42	None	None	1	-5	2.4428020590520636
131	32.2500	64.8000	42	None	None	1	-4	2.1613474025974093
132	32.5500	32.7000	43	None	None	1	-3	1.7997402597402663
133	32.7000	33.0000	45	None	None	1	-2	1.6168831168831235
134	33.0000	66.3000	41	None	None	1	-3	1.2824675324675436
135	33.0000	66.3000	47	None	None	1	-1	1.2337662337662458
136	33.3000	67.0500	41	None	None	1	-3	1.2337662337662458
137	33.3000	67.0500	47	None	None	1	-1	1.2337662337662458
138	33.7500	67.8000	41	None	None	1	-3	1.2337662337662458
139	33.7500	67.8000	47	None	None	1	-1	1.2337662337662458
140	34.0500	68.5500	41	None	None	1	-3	1.2337662337662458
141	34.0500	68.5500	47	None	None	1	-1	1.2337662337662458
142	34.5000	69.3000	41	None	None	1	-5	5.628744834710734
143	34.5000	69.3000	47	None	None	1	-3	6.630909336875229
144	34.8000	70.0500	41	None	None	1	-5	6.624088900367294
145	34.8000	70.0500	47	None	None	1	-3	6.985696043224441
146	35.2500	70.8000	41	None	None	1	-5	6.781330963859362
147	35.2500	70.8000	47	None	None	1	-3	7.335876418404814
148	35.5500	71.5500	41	None	None	1	-5	7.516934769775664
149	35.5500	71.5500	47	None	None	1	-3	7.8785419126328105
150	36.0000	72.3000	61	None	None	1	-3	4.1956168831168945
151	36.0000	72.3000	68	None	None	1	-1	4.01163419913421
152	36.3000	73.0500	60	None	None	1	-5	3.4068474927849923
153	36.3000	73.0500	69	None	None	1	-2	3.2983940166975962
154	36.7500	73.8000	61	None	None	1	-5	11.864082792207753
155	36.7500	73.8000	68	None	None	1	-1	11.72714871933618
156	37.0500	74.5500	60	None	None	1	-5	11.086895743145691
157	37.0500	74.5500	69	None	None	1	-1	11.784812409812364
158	37.5000	75.3000	59	None	None	1	-5	11.748106060606013
159	37.5000	75.3000	70	None	None	1	-1	10.949404761904718
160	37.8000	75.9000	60	None	None	1	-5	10.913938492063451
161	37.8000	75.9000	69	None	None	1	-1	10.945188492063453
162	38.2500	76.8000	36	None	None	1	-5	1.8683035714285778
163	38.2500	76.8000	45	None	None	1	-1	3.1805781024531057
164	38.5500	77.5500	37	None	None	1	-4	3.1655731421356483
165	38.5500	77.5500	46	None	None	1	-1	2.4989064754689787
166	39.0000	78.3000	38	None	None	1	-4	2.5098191738816764
167	39.0000	78.3000	47	None	None	1	-1	2.9946676587301577
168	39.3000	79.0500	39	None	None	1	-5	2.9537698412698443
169	39.3000	79.0500	48	None	None	1	-2	2.443948412698412
170	39.7500	79.8000	40	None	None	1	-5	2.1101190476190497
171	39.7500	79.8000	49	None	None	1	-1	1.9445346320346308
172	40.0500	80.5500	41	None	None	1	-4	2.2337211399711387
173	40.0500	80.5500	50	None	None	1	-1	3.2572826479076538
174	40.5000	81.3000	42	None	None	1	-4	3.3207829102715505
175	40.5000	81.3000	51	None	None	1	-1	3.149116161616176
176	40.8000	82.0500	43	None	None	1	-4	3.438302669552684
177	40.8000	82.0500	52	None	None	1	-1	4.461864177489206
178	41.2500	82.8000	44	None	None	1	-5	4.757516095016119
179	41.2500	82.8000	53	None	None	1	-1	4.572451159951186
180	41.5500	83.5500	45	None	None	1	-5	4.469326159951175
181	41.5500	83.5500	54	None	None	1	-2	3.796558302808312
182	42.0000	84.3000	49	None	None	1	-4	3.651270604395611
183	42.0000	84.3000	57	None	None	1	-1	3.7315037393162456
184	42.3000	85.0500	48	None	None	1	-5	3.2060573107448134
185	42.3000	85.0500	58	None	None	1	-2	2.240010683760682
186	43.5000	43.9500	59	None	None	1	-1	2.0226686507936504
187	43.9500	44.2500	59	None	None	1	-1	2.21098033910534
188	44.2500	44.5500	57	None	None	1	-2	2.0980339105339114
189	44.5500	89.4000	56	None	None	1	-3	1.7246572871572865
190	44.5500	89.5500	59	None	None	1	-2	1.9556231962481962
191	44.8500	45.0000	54	None	None	1	-4	3.2111967893218
192	45.0000	45.3000	52	None	None	1	-5	3.72182990620492
193	45.3000	90.7500	54	None	None	1	-4	3.599930104617614
194	45.3000	91.0500	59	None	None	1	-2	4.433238636363648
195	45.4500	45.7500	56	None	None	1	-3	4.554301948051959
196	45.7500	46.0500	57	None	None	1	-2	7.620315720985415
197	46.0500	46.5000	54	None	None	1	0	-1
198	46.5000	46.8000	59	None	None	1	0	-1
199	46.8000	94.0500	61	None	None	1	0	-1
200	46.8000	94.0500	61	None	None	1	-1	3.624149981962489
201	47.2500	47.5500	57	None	None	1	-2	3.9290606962481998
202	47.5500	95.4000	55	None	None	1	-3	3.841398358585861
203	47.5500	95.5500	61	None	None	1	-1	6.696779658833256
204	47.8500	48.0000	54	None	None	1	-4	6.746585755514355
205	48.0000	48.3000	52	None	None	1	-5	6.948777313955915
206	48.3000	96.7500	54	None	None	1	-4	7.701698940940043
207	48.3000	97.0500	61	None	None	1	-1	7.039763654004741
208	48.4500	48.7500	56	None	None	1	-3	7.017805349151699
209	48.7500	49.0500	57	None	None	1	-2	9.271980583117832
210	49.0500	49.5000	54	None	None	1	-5	6.398160430056583
211	49.5000	99.3000	62	None	None	1	-2	9.321731289543797
212	49.5000	99.1500	62	None	None	1	-3	8.984068951881465
213	49.6500	99.4500	61	None	None	1	-3	9.09125239343991
214	49.6500	99.7500	62	None	None	1	-2	8.8369666791542
215	49.8750	50.1750	59	None	None	1	-4	9.63787640434962
216	50.2500	50.5500	57	None	None	1	0	-1
217	50.5500	101.4000	56	None	None	1	0	-1
218	50.5500	101.5500	62	None	None	1	0	-1
219	50.8500	51.0000	54	None	None	1	0	-1
220	51.0000	51.3000	56	None	None	1	-5	3.8722447691197943
221	51.3000	102.7500	57	None	None	1	-4	3.848390151515167
222	51.3000	103.0500	62	None	None	1	-2	3.814560786435802
223	51.4500	51.7500	59	None	None	1	-3	3.2770607864357975
224	51.7500	103.8000	61	None	None	1	-2	5.0043921356421475
225	51.7500	103.8000	61	None	None	1	-1	4.25967712842714
226	52.0500	104.5500	58	None	None	1	-4	4.395817550505058
227	52.0500	104.5500	61	None	None	1	-2	4.08788104256855
228	52.5000	105.3000	59	None	None	1	-3	8.300988349885404
229	52.5000	105.3000	59	None	None	1	-1	7.599255156608099
230	52.8000	105.7500	57	None	None	1	-2	7.09746944232238
231	52.8000	105.9000	59	None	None	1	-1	6.598461505814438
232	52.9500	53.2500	56	None	None	1	-3	4.938396570749491
233	53.2500	53.5500	57	None	None	1	-1	5.512188587556235
234	53.5500	54.0000	52	None	None	1	-2	5.083004641250436
235	54.0000	54.6000	54	None	None	1	-1	4.4414809863339295
236	54.7500	109.8000	40	None	None	1	-5	3.534413992869877
237	54.7500	109.8000	47	None	None	1	-3	3.2324838458110547
238	55.0500	55.5000	45	None	None	1	-4	3.201246246604703
239	55.5000	111.6000	42	None	None	1	-5	3.1090552035208026
240	55.5000	111.6000	47	None	None	1	-3	3.7069853983259984
241	56.2500	112.8000	59	None	None	1	-3	1.7823530453848226
242	56.2500	112.8000	61	None	None	1	-2	1.7655133342937734
243	56.5500	57.0000	54	None	None	1	-5	1.7646364210284649
244	57.0000	57.3000	56	None	None	1	-4	1.8458368178538676
245	58.5000	117.3000	57	None	None	1	-3	1.9920421749967254
246	58.5000	117.3000	61	None	None	1	-2	1.8224648063426523
247	58.8000	118.0500	57	None	None	1	-5	1.490309548406148
248	58.8000	118.0500	63	None	None	1	-2	1.490309548406148
249	59.2500	118.8000	57	None	None	1	-5	1.490309548406148
250	59.2500	118.8000	61	None	None	1	-3	1.490309548406148
251	59.5500	119.5500	57	None	None	1	-5	1.748251429531874
252	59.5500	119.5500	63	None	None	1	-2	2.234412143817588
253	60.0000	120.3000	57	None	None	1	-5	2.234412143817588
254	60.0000	120.3000	61	None	None	1	-3	2.234412143817588
255	60.3000	121.0500	57	None	None	1	-5	2.2344121438175875
256	60.3000	121.0500	63	None	None	1	-2	2.234412143817588
257	60.7500	121.8000	57	None	None	1	-4	1.987884366039815
258	60.7500	121.8000	61	None	None	1	-2	1.9773471759571706
259	61.0500	122.5500	54	None	None	1	-5	2.3807272779979947
260	61.0500	122.5500	63	None	None	1	-2	1.6441201351408452
261	61.5000	123.3000	57	None	None	1	-5	1.6441201351408452
262	61.5000	123.3000	61	None	None	1	-3	1.6441201351408452
263	61.8000	124.0500	57	None	None	1	-5	2.330872603001269
264	61.8000	124.0500	63	None	None	1	-2	2.8697118887155613
265	62.2500	124.8000	57	None	None	1	-5	3.0036404601441262
266	62.2500	124.8000	61	None	None	1	-3	3.5703464813956027
267	62.5500	125.5500	56	None	None	1	-5	3.396511833900229
268	62.5500	125.5500	63	None	None	1	-2	4.133118976757378
269	63.0000	126.3000	57	None	None	1	-4	3.681871811224499
270	63.0000	126.3000	61	None	None	1	-2	3.8062224605751487
271	63.3000	127.0500	53	None	None	1	-5	3.347207083591017
272	63.3000	127.0500	63	None	None	1	-1	3.11952851216244
273	63.7500	127.8000	52	None	None	1	-5	3.2974621856318316
274	63.7500	127.8000	61	None	None	1	-2	2.6360985492682
275	64.0500	128.5500	54	None	None	1	-5	3.346398294166163
276	64.0500	128.5500	63	None	None	1	-2	3.346398294166163
277	64.5000	129.3000	56	None	None	1	-5	4.853796253349852
278	64.5000	129.3000	65	None	None	1	-1	5.285614435168034
279	64.8000	130.0500	58	None	None	1	-5	5.179293251391483
280	64.8000	130.0500	67	None	None	1	-1	5.720364679962916
281	65.2500	130.8000	56	None	None	1	-5	5.2037830473098525
282	65.2500	130.8000	65	None	None	1	-1	5.2037830473098525
283	65.5500	131.5500	54	None	None	1	-4	4.191878285405068
284	65.5500	131.5500	63	None	None	1	-1	4.035033047309836
285	66.0000	132.3000	52	None	None	1	-5	5.2037830473098525
286	66.0000	132.3000	61	None	None	1	-2	4.974237592764403
287	66.3000	133.0500	54	None	None	1	-5	5.2037830473098525
288	66.3000	133.0500	63	None	None	1	-2	5.2037830473098525
289	66.7500	133.8000	56	None	None	1	-5	7.563941390950333
290	66.7500	133.8000	65	None	None	1	-1	7.957447884456822
291	67.0500	134.5500	54	None	None	1	-4	6.2352433776540686
292	67.0500	134.5500	63	None	None	1	-1	5.518252035662729
293	67.5000	135.3000	52	None	None	1	-5	5.178966321377021
294	67.5000	135.3000	61	None	None	1	-1	5.178966321377022
295	67.8000	136.0500	54	None	None	1	-4	5.178966321377022
296	67.8000	136.0500	63	None	None	1	-1	5.178966321377022
297	68.2500	136.8000	49	None	None	1	-5	5.178966321377022
298	68.2500	136.8000	58	None	None	1	-2	5.178966321377022
299	68.5500	137.5500	51	None	None	1	-5	5.178966321377022
300	68.5500	137.5500	56	None	None	1	-3	5.178966321377022
301	69.0000	138.3000	52	None	None	1	-5	5.178966321377022
302	69.0000	138.3000	61	None	None	1	-1	5.178966321377022
303	69.7500	70.3500	33	None	None	1	0	5.178966321377022
