0	0.0000	0.4500	60	None	None	1	-5	1.0089649143485755
1	0.0000	0.4500	64	None	None	1	-2	1.0316212871287107
2	0.7500	1.9500	60	None	None	1	-5	1.2908690869086872
3	0.7500	1.9500	64	None	None	1	-3	1.5733044733044703
4	1.2000	2.8500	60	None	None	1	-5	1.4584686147186139
5	1.2000	2.8500	62	None	None	1	-4	1.386142942025296
6	1.2000	2.8500	66	None	None	1	-2	1.5187059672353802
7	1.9500	4.3500	60	None	None	1	-5	1.4792610983787475
8	1.9500	4.3500	62	None	None	1	-4	1.4644529712711556
9	1.9500	4.3500	66	None	None	1	-1	1.157454414272594
10	2.4000	5.2500	60	None	None	1	-4	1.0204414272596103
11	2.4000	5.2500	64	None	None	1	-2	0.7587149184742766
12	2.4000	5.2500	67	None	None	1	-1	0.8062512057164446
13	3.1500	6.7500	60	None	None	1	-4	0.5980345857351195
14	3.1500	6.7500	64	None	None	1	-2	0.7266993849881531
15	3.1500	6.7500	67	None	None	1	-1	1.042665771542775
16	3.6000	7.6500	61	None	None	1	-3	0.9588405058993288
17	3.6000	7.6500	64	None	None	1	-2	0.9851392071980324
18	3.6000	7.6500	67	None	None	1	-1	1.3370872591460825
19	4.3500	9.1500	61	None	None	1	-5	1.7084606569900709
20	4.3500	9.1500	64	None	None	1	-4	1.9689677765045444
21	4.3500	9.1500	67	None	None	1	-2	2.1670770202020218
22	4.8000	10.0500	60	None	None	1	-5	2.2920770202020213
23	4.8000	10.0500	64	None	None	1	-4	1.982684392627576
24	4.8000	10.0500	67	None	None	1	-3	1.7485934835366668
25	5.2500	10.8000	62	None	None	1	-5	1.9961584186016001
26	5.2500	10.8000	65	None	None	1	-4	1.6638171487603348
27	5.2500	10.8000	71	None	None	1	-2	1.7553755903187735
28	5.5500	11.5500	64	None	None	1	-5	1.8115850059031873
29	5.5500	11.5500	67	None	None	1	-3	1.5113617916174746
30	5.5500	11.5500	72	None	None	1	-1	1.7435046487603314
31	6.0000	12.4500	66	None	None	1	-4	1.4327313311688363
32	6.0000	12.4500	69	None	None	1	-3	1.4189326298701324
33	6.0000	12.4500	74	None	None	1	-1	1.587763798701301
34	6.4500	13.2000	64	None	None	1	-5	1.8788352272727296
35	6.4500	13.2000	67	None	None	1	-3	1.8102926587301638
36	6.4500	13.2000	72	None	None	1	-1	2.008993957431462
37	6.7500	13.9500	62	None	None	1	-5	2.1523448773448797
38	6.7500	13.9500	65	None	None	1	-3	1.8468601834673322
39	6.7500	13.9500	71	None	None	1	-1	2.0416653782725227
40	7.2000	14.8500	60	None	None	1	-5	2.3807391517213046
41	7.2000	14.8500	64	None	None	1	-4	2.021612167594323
42	7.2000	14.8500	67	None	None	1	-3	1.872261518243674
43	7.6500	15.6000	62	None	None	1	-5	2.2526186611008145
44	7.6500	15.6000	65	None	None	1	-4	1.9164508606473043
45	7.6500	15.6000	70	None	None	1	-2	1.9109313801278238
46	7.9500	16.3500	63	None	None	1	-5	2.4449875025767995
47	7.9500	16.3500	66	None	None	1	-4	2.122380855751401
48	7.9500	16.3500	71	None	None	1	-2	2.1078922193877645
49	8.4000	17.2500	64	None	None	1	-5	2.1967315051020457
50	8.4000	17.2500	69	None	None	1	-4	7.386437719027011
51	8.4000	17.2500	73	None	None	1	-2	7.740009147598435
52	8.8500	18.0000	66	None	None	1	-5	7.889371392496396
53	8.8500	18.0000	71	None	None	1	-4	8.282390873015872
54	8.8500	18.0000	75	None	None	1	-2	9.427976190476198
55	9.1500	18.7500	69	None	None	1	-4	12.511785714285713
56	9.1500	18.7500	73	None	None	1	-2	12.63544642857143
57	9.1500	18.7500	76	None	None	1	-1	12.525203373015872
58	9.6000	9.7500	52	None	None	1	-5	7.99969316893424
59	9.7500	10.0500	57	None	None	1	-3	8.999679640795708
60	10.0500	10.3500	59	None	None	1	-2	13.358367604617598
61	10.3500	10.6500	61	None	None	1	-1	12.745867604617597
62	10.6500	10.8000	64	None	None	1	-3	8.18381403318904
63	10.8000	10.9500	66	None	None	1	-2	8.982742604617606
64	10.9500	11.2500	64	None	None	1	-1	3.7608676046176055
65	11.2500	11.5500	61	None	None	1	-2	3.6075441919191893
66	11.5500	11.8500	58	None	None	1	-3	4.976063569367138
67	11.8500	12.0000	54	None	None	1	-4	4.502127782931356
68	12.0000	12.1500	52	None	None	1	-5	4.725916048237484
69	12.1500	12.4500	57	None	None	1	-3	4.5470199443413835
70	12.4500	12.7500	59	None	None	1	-2	14.31641736239956
71	12.7500	13.0500	61	None	None	1	-1	13.666255024737227
72	13.0500	13.2000	59	None	None	1	-2	13.553308596165799
73	13.2000	13.3500	54	None	None	1	-3	14.533828076685289
74	13.3500	13.6500	49	None	None	1	-5	14.248371469800093
75	13.6500	13.9500	54	None	None	1	-1	17.34454931972794
76	13.9500	14.2500	49	None	None	1	-3	17.480912956091572
77	14.2500	14.4000	54	None	None	1	-1	17.595000257678876
78	14.4000	14.5500	37	None	None	1	-5	9.102095283189024
79	14.5500	14.8500	42	None	None	1	-4	13.240965007215035
80	14.8500	15.1500	44	None	None	1	-1	12.173154182127375
81	15.1500	15.4500	46	None	None	1	-4	8.832407428880616
82	15.4500	15.6000	49	None	None	1	-2	10.427407428880619
83	15.6000	15.7500	51	None	None	1	-1	9.530621714594908
84	15.7500	16.0500	49	None	None	1	-2	8.585881454854652
85	16.0500	16.3500	46	None	None	1	-3	8.977579042980803
86	16.3500	16.6500	43	None	None	1	-4	12.37642689651615
87	16.6500	16.8000	39	None	None	1	-5	11.0421417620078
88	16.8000	16.9500	40	None	None	1	-4	10.494402249536153
89	16.9500	17.2500	47	None	None	1	-1	10.11550614564004
90	17.2500	17.5500	49	None	None	1	-2	6.37906406162253
91	17.5500	17.8500	51	None	None	1	-1	4.355046204479682
92	17.8500	18.0000	49	None	None	1	-2	4.30504620447968
93	18.0000	18.1500	44	None	None	1	-3	2.881588412271903
94	18.1500	18.4500	39	None	None	1	-5	2.0945986163535353
95	18.4500	18.7500	44	None	None	1	-3	3.216252656757586
96	18.7500	19.0500	39	None	None	1	-5	5.649706454943537
97	19.0500	19.2000	44	None	None	1	-3	5.94786843185553
98	20.4000	21.6000	42	None	None	1	-4	14.637745535714291
99	22.8000	24.0000	41	None	None	1	-5	19.61712053571428
100	22.9500	23.2500	45	None	None	1	-3	19.185870535714276
101	23.2500	23.5500	47	None	None	1	-2	19.98854910714286
102	23.5500	23.8500	50	None	None	1	-1	23.232299107142858
103	23.8500	24.0000	52	None	None	1	-2	21.204799107142822
104	24.0000	25.2000	53	None	None	1	-1	20.26551339285712
105	24.1500	24.4500	49	None	None	1	-2	19.67273561507934
106	24.4500	24.7500	47	None	None	1	-5	11.204543650793639
107	24.7500	25.0500	50	None	None	1	-3	6.334186507936502
108	25.0500	25.2000	52	None	None	1	-2	6.197579365079364
109	25.2000	26.4000	53	None	None	1	-1	6.969839466089461
110	25.5000	25.6500	55	None	None	1	-4	2.640785082972584
111	25.6500	25.9500	58	None	None	1	-3	2.8540606962481916
112	25.9500	26.4000	61	None	None	1	-2	2.531658098845591
113	26.4000	26.8500	53	None	None	1	-5	2.960408098845588
114	26.7000	26.8500	55	None	None	1	-4	3.202273178210678
115	26.8500	27.1500	58	None	None	1	-3	9.030158730158771
116	27.1500	27.3000	61	None	None	1	-2	8.740266106442615
117	27.3000	27.4500	64	None	None	1	-1	8.344047619047656
118	27.6000	28.0500	53	None	None	1	-4	7.401680672268935
119	27.7500	27.9000	55	None	None	1	-3	7.215519957983224
120	27.9000	28.0500	58	None	None	1	-2	7.081818659281925
121	28.0500	28.2000	61	None	None	1	-1	7.289440836940866
122	28.2000	28.3500	64	None	None	1	-2	1.5103174603174558
123	28.3500	28.5000	67	None	None	1	-1	1.6317460317460246
124	29.1000	58.3500	60	None	None	1	-4	1.5720354808590038
125	29.1000	58.3500	62	None	None	1	-3	1.862115575396817
126	29.4000	58.9500	60	None	None	1	-4	1.8621155753968168
127	29.4000	58.9500	63	None	None	1	-3	2.196206484487728
128	29.8500	59.8500	60	None	None	1	-4	2.245941558441548
129	29.8500	59.8500	64	None	None	1	-2	2.0816558441558315
130	30.3000	60.7500	60	None	None	1	-5	1.8474330357142774
131	30.3000	60.7500	62	None	None	1	-4	1.946143353174593
132	30.3000	60.7500	66	None	None	1	-1	1.8576298701298557
133	30.6000	61.3500	60	None	None	1	-5	1.8883928571428463
134	30.6000	61.3500	62	None	None	1	-4	1.7110615079365028
135	30.6000	61.3500	65	None	None	1	-3	1.4445684523809479
136	31.0500	62.2500	60	None	None	1	-5	1.269122023809515
137	31.0500	62.2500	62	None	None	1	-4	1.1401537698412643
138	31.0500	62.2500	66	None	None	1	-2	1.3781407828282761
139	31.5000	63.1500	60	None	None	1	-5	1.4683193542568507
140	31.5000	63.1500	62	None	None	1	-4	1.6345400022956784
141	31.5000	63.1500	67	None	None	1	-2	1.53096857372425
142	31.8000	63.7500	60	None	None	1	-3	1.4196973796405625
143	31.8000	63.7500	63	None	None	1	-2	1.4193321199003017
144	31.8000	63.7500	67	None	None	1	-1	1.9367428341860018
145	32.2500	64.6500	60	None	None	1	-4	2.2383301357732988
146	32.2500	64.6500	64	None	None	1	-2	2.0130644923258383
147	32.2500	64.6500	67	None	None	1	-1	2.097155401416746
148	32.7000	65.5500	61	None	None	1	-3	2.0133301357732996
149	32.7000	65.5500	64	None	None	1	-2	2.2510285484717105
150	32.7000	65.5500	67	None	None	1	-1	2.560119457562618
151	33.0000	66.1500	61	None	None	1	-4	1.6420188082119807
152	33.0000	66.1500	65	None	None	1	-2	1.7371080939262697
153	33.0000	66.1500	67	None	None	1	-1	1.6049652367834217
154	33.4500	67.0500	61	None	None	1	-5	2.126677489177497
155	33.4500	67.0500	64	None	None	1	-4	2.3528679653679716
156	33.4500	67.0500	67	None	None	1	-2	2.3528679653679676
157	33.9000	67.9500	60	None	None	1	-5	2.4382575757575813
158	33.9000	67.9500	64	None	None	1	-4	2.131419511675199
159	33.9000	67.9500	67	None	None	1	-3	1.8973286025842906
160	34.2000	68.5500	62	None	None	1	-5	2.0477953233635047
161	34.2000	68.5500	65	None	None	1	-4	1.590826077331761
162	34.2000	68.5500	71	None	None	1	-2	1.7167189344746154
163	34.6500	69.4500	64	None	None	1	-5	1.8417189344746163
164	34.6500	69.4500	67	None	None	1	-3	1.6233747786304629
165	34.6500	69.4500	72	None	None	1	-1	1.7922059474616305
166	35.1000	70.3500	66	None	None	1	-4	1.4327313311688377
167	35.1000	70.3500	69	None	None	1	-3	1.5834167568542616
168	35.1000	70.3500	74	None	None	1	-1	1.7522479256854302
169	35.4000	70.9500	64	None	None	1	-5	1.7716269841269856
170	35.4000	70.9500	67	None	None	1	-3	1.6258432539682632
171	35.4000	70.9500	72	None	None	1	-1	1.5162653318903379
172	35.8500	71.8500	62	None	None	1	-5	1.9493010461760458
173	35.8500	71.8500	65	None	None	1	-4	1.5911661255411285
174	35.8500	71.8500	71	None	None	1	-2	1.4447375541125582
175	36.3000	72.7500	64	None	None	1	-5	2.2677895021645047
176	36.3000	72.7500	67	None	None	1	-4	1.8987418831168827
177	36.3000	72.7500	72	None	None	1	-2	2.1665990259740218
178	36.6000	73.3500	65	None	None	1	-4	2.179667207792208
179	36.6000	73.3500	70	None	None	1	-2	2.171209866522373
180	36.6000	73.3500	74	None	None	1	-1	2.8310312950938084
181	37.0500	74.2500	66	None	None	1	-5	2.490135615196495
182	37.0500	74.2500	71	None	None	1	-4	2.1108336671445427
183	37.0500	74.2500	75	None	None	1	-2	2.1002964770618973
184	37.5000	75.1500	67	None	None	1	-5	1.8154750484904705
185	37.5000	75.1500	73	None	None	1	-3	3.147456387858185
186	37.5000	75.1500	76	None	None	1	-2	5.93231260307155
187	37.8000	75.7500	68	None	None	1	-5	5.245290919398073
188	37.8000	75.7500	75	None	None	1	-2	5.335437603071537
189	37.8000	75.7500	78	None	None	1	-1	5.3220447459286735
190	38.2500	76.6500	69	None	None	1	-3	5.5548189162028185
191	38.2500	76.6500	73	None	None	1	-2	5.590857877241785
192	38.2500	76.6500	76	None	None	1	-1	5.836442292826205
193	38.4000	38.5500	67	None	None	1	-4	5.788426419810327
194	38.5500	38.8500	63	None	None	1	-5	3.6990247500514912
195	38.8500	39.1500	67	None	None	1	-2	4.107871121933597
196	39.1500	39.4500	63	None	None	1	-4	4.177439574314546
197	39.4500	39.6000	67	None	None	1	-1	4.067668876262558
198	39.6000	39.7500	66	None	None	1	-2	2.544747249278467
199	39.7500	40.0500	70	None	None	1	-1	2.5799034992784775
200	40.0500	40.3500	66	None	None	1	-2	3.624374999999997
201	40.3500	40.6500	70	None	None	1	-1	4.192232142857156
202	40.6500	40.8000	66	None	None	1	-3	4.393540990259748
203	40.8000	40.9500	67	None	None	1	-1	3.573928571428576
204	40.9500	41.2500	63	None	None	1	-2	3.3740972222222196
205	41.2500	41.5500	60	None	None	1	-3	3.5013392857142884
206	41.5500	41.8500	63	None	None	1	-2	3.9953571428571353
207	41.8500	42.0000	60	None	None	1	-3	4.227499999999999
208	42.0000	42.1500	57	None	None	1	-5	3.7216964285714305
209	42.1500	42.4500	60	None	None	1	-2	3.2667406204906126
210	42.4500	42.7500	57	None	None	1	-5	3.92591495310244
211	42.7500	43.0500	60	None	None	1	-3	3.6580578102452854
212	43.0500	43.2000	57	None	None	1	-5	3.1227899531024224
213	43.2000	43.3500	67	None	None	1	-2	2.6049779040403647
214	43.3500	43.6500	63	None	None	1	-5	3.0261207096474902
215	43.6500	43.9500	67	None	None	1	-3	4.514513566790317
216	43.9500	44.2500	63	None	None	1	-5	4.412581168831133
217	44.2500	44.4000	65	None	None	1	-4	4.718632756132727
218	44.4000	44.5500	66	None	None	1	-3	4.497650613275576
219	44.5500	44.8500	70	None	None	1	-2	4.321628787878751
220	44.8500	45.1500	66	None	None	1	-4	4.0957359307359065
221	45.1500	45.4500	68	None	None	1	-3	3.9697619047618806
222	45.4500	45.6000	70	None	None	1	-2	5.162204348681593
223	45.6000	45.7500	71	None	None	1	-1	5.240775777253063
224	45.7500	46.0500	67	None	None	1	-2	10.426490062967389
225	46.0500	46.3500	64	None	None	1	-3	11.324542011019329
226	46.3500	46.6500	60	None	None	1	-4	12.321367407844743
227	46.6500	46.8000	57	None	None	1	-5	11.730117407844732
228	46.8000	47.2500	59	None	None	1	-4	11.792815820543144
229	47.2500	47.4000	63	None	None	1	-3	11.462273178210728
230	47.4000	47.5500	64	None	None	1	-2	11.61033121392502
231	47.5500	47.7000	66	None	None	1	-1	13.06768488455996
232	47.7000	47.8500	68	None	None	1	-3	7.6864980158730605
233	47.8500	48.0000	70	None	None	1	-2	9.702377136752181
234	48.0000	48.1500	71	None	None	1	-1	8.560169344544374
235	48.1500	48.4500	67	None	None	1	-2	9.222351884226923
236	48.4500	48.7500	64	None	None	1	-1	6.1566631087166925
237	48.7500	49.0500	61	None	None	1	0	-1
238	49.0500	49.2000	57	None	None	1	0	-1
239	49.2000	50.4000	55	None	None	1	0	-1
240	50.4000	50.5500	52	None	None	1	0	-1
241	50.5500	50.8500	49	None	None	1	-1	3.548086500440378
242	50.8500	51.1500	46	None	None	1	-2	3.546353307163066
243	51.1500	51.4500	42	None	None	1	-3	3.1641105499203075
244	51.4500	51.6000	39	None	None	1	-4	2.4547851530949045
245	51.6000	51.7500	36	None	None	1	-5	2.336928010237785
246	52.3500	52.5000	37	None	None	1	-4	3.1481043012670193
247	52.8000	52.9500	39	None	None	1	-2	15.953934945773195
248	53.5500	53.7000	38	None	None	1	0	-1
249	54.0000	54.1500	37	None	None	1	0	-1
250	54.7500	54.9000	44	None	None	1	0	-1
251	55.9500	56.1000	41	None	None	1	0	-1
252	56.1000	56.2500	41	None	None	1	0	-1
253	56.2500	56.4000	38	None	None	1	0	-1
254	56.4000	56.5500	37	None	None	1	0	-1
255	56.8500	57.0000	35	None	None	1	-1	8.468821312615994
256	57.1500	57.3000	34	None	None	1	-5	7.363715728715764
257	57.6000	57.7500	60	None	None	1	-1	4.3918650793650835
258	57.7500	57.9000	58	None	None	1	-2	3.944007936507954
259	57.9000	58.0500	58	None	None	1	-1	2.7390079365079574
260	58.0500	58.2000	55	None	None	1	-2	3.2254365079364966
261	58.2000	58.3500	55	None	None	1	-1	2.4249603174602985
262	58.3500	58.5000	52	None	None	1	-2	5.45281746031748
263	58.5000	58.6500	52	None	None	1	-2	5.45281746031748
264	58.6500	58.8000	48	None	None	1	-4	5.282579365079378
265	58.8000	58.9500	47	None	None	1	-5	4.9866393381252
266	58.9500	59.1000	53	None	None	1	-4	2.4276366427073897
267	59.1000	59.2500	53	None	None	1	-4	2.8747525456723473
268	59.2500	59.4000	55	None	None	1	-3	2.9586565941831453
269	59.4000	59.5500	55	None	None	1	-3	3.547500895948788
270	59.5500	59.7000	56	None	None	1	-1	1.750552081889782
271	59.7000	59.8500	56	None	None	1	-1	1.983296865196367
272	59.8500	60.0000	51	None	None	1	-3	2.3892066857129324
273	60.2069	120.6207	48	None	None	1	-4	2.2855889033586623
274	60.2069	120.6207	52	None	None	1	-2	2.1228080801962426
275	60.2069	120.6207	55	None	None	1	-1	2.7650080256821656
276	60.4138	121.0345	50	None	None	1	-4	2.490369181380406
277	60.4138	121.0345	53	None	None	1	-2	2.1342696629213482
278	60.4138	121.0345	57	None	None	1	-1	2.7650080256821887
279	60.6207	121.4483	52	None	None	1	-4	2.490369181380421
280	60.6207	121.4483	55	None	None	1	-2	2.134269662921346
281	60.6207	121.4483	59	None	None	1	-1	2.7650080256821887
282	60.8276	121.8621	53	None	None	1	-4	2.4903691813804194
283	60.8276	121.8621	57	None	None	1	-2	2.134269662921359
284	60.8276	121.8621	60	None	None	1	-1	2.765008025682187
285	61.0345	122.2759	55	None	None	1	-4	2.4903691813804154
286	61.0345	122.2759	59	None	None	1	-2	4.138042137524659
287	61.0345	122.2759	62	None	None	1	-1	4.422881139108252
288	61.2414	122.6897	57	None	None	1	-4	4.510933645383371
289	61.2414	122.6897	60	None	None	1	-2	4.334564820699925
290	61.2414	122.6897	64	None	None	1	-1	4.888497404969584
291	61.4483	123.1034	59	None	None	1	-4	4.613858560667808
292	61.4483	123.1034	62	None	None	1	-2	4.257759042208757
293	61.4483	123.1034	65	None	None	1	-1	4.888497404969603
294	61.8621	123.9310	50	None	None	1	-5	2.686891864555692
295	61.8621	123.9310	53	None	None	1	-2	2.1202112531914166
296	61.8621	123.9310	57	None	None	1	-1	2.7650080256821683
297	62.0690	124.3448	52	None	None	1	-4	2.490369181380406
298	62.0690	124.3448	55	None	None	1	-2	2.1342696629213456
299	62.0690	124.3448	59	None	None	1	-1	2.7650080256821887
300	62.2759	124.7586	53	None	None	1	-4	3.793739967897297
301	62.2759	124.7586	57	None	None	1	-2	3.558215177456757
302	62.2759	124.7586	60	None	None	1	-1	4.112147761726419
303	62.4828	125.1724	55	None	None	1	-5	3.148842964151949
304	62.4828	125.1724	59	None	None	1	-4	2.7674971018369945
305	62.4828	125.1724	62	None	None	1	-3	2.3479746299268816
306	62.6897	125.5862	57	None	None	1	-5	2.00031210986267
307	62.6897	125.5862	60	None	None	1	-3	3.3431001389382766
308	62.6897	125.5862	63	None	None	1	-2	3.4772368933308613
309	62.8966	126.0000	59	None	None	1	-4	3.7539419767417
310	62.8966	126.0000	62	None	None	1	-2	3.577573152058263
311	62.8966	126.0000	65	None	None	1	-1	4.131505736327919
312	63.1034	126.4138	60	None	None	1	-3	3.933672670517328
313	63.1034	126.4138	63	None	None	1	-2	3.9808034891369193
314	63.1034	126.4138	66	None	None	1	-1	4.530081177740453
315	63.5172	127.2414	52	None	None	1	-5	2.686891864555693
316	63.5172	127.2414	55	None	None	1	-2	2.120211253191415
317	63.5172	127.2414	59	None	None	1	-1	2.765008025682168
318	63.7241	127.6552	53	None	None	1	-4	3.7937399678972525
319	63.7241	127.6552	57	None	None	1	-2	3.558215177456723
320	63.7241	127.6552	60	None	None	1	-1	4.1121477617263995
321	63.9310	128.0690	55	None	None	1	-5	3.1488429641519664
322	63.9310	128.0690	59	None	None	1	-4	3.1430625476271583
323	63.9310	128.0690	62	None	None	1	-3	2.723540075717031
324	64.1379	128.4828	57	None	None	1	-5	2.294416881495526
325	64.1379	128.4828	60	None	None	1	-3	1.9918486631969756
326	64.1379	128.4828	63	None	None	1	-2	2.8984806937756655
327	64.3448	128.8966	59	None	None	1	-5	3.0899951417407534
328	64.3448	128.8966	62	None	None	1	-4	4.733642503139075
329	64.3448	128.8966	65	None	None	1	-2	4.464548920452986
330	64.5517	129.3103	61	None	None	1	-5	4.671721499850977
331	64.5517	129.3103	64	None	None	1	-4	4.877959238392087
332	64.5517	129.3103	67	None	None	1	-2	4.8779592383920924
333	64.7586	129.7241	62	None	None	1	-4	4.500395478805868
334	64.7586	129.7241	66	None	None	1	-2	4.6243320759166195
335	64.7586	129.7241	69	None	None	1	-1	4.888497404969583
336	65.1724	130.5517	53	None	None	1	-5	3.6038416594548903
337	65.1724	130.5517	57	None	None	1	-4	3.3505791912194796
338	65.1724	130.5517	60	None	None	1	-3	3.577966158373444
339	65.3793	130.9655	55	None	None	1	-5	3.148842964151939
340	65.3793	130.9655	59	None	None	1	-4	3.143062547627144
341	65.3793	130.9655	62	None	None	1	-3	2.723540075717031
342	65.5862	131.3793	57	None	None	1	-5	2.294416881495526
343	65.5862	131.3793	60	None	None	1	-3	1.9918486631969756
344	65.5862	131.3793	63	None	None	1	-2	2.471884778766793
345	65.7931	131.7931	59	None	None	1	-4	2.385898511600747
346	65.7931	131.7931	62	None	None	1	-2	2.029798993141668
347	65.7931	131.7931	65	None	None	1	-1	2.6605373559025307
348	66.0000	132.2069	61	None	None	1	-3	2.0871388443017755
349	66.0000	132.2069	64	None	None	1	-2	2.509835108711522
350	66.0000	132.2069	67	None	None	1	-1	2.660537355902533
351	66.2069	132.6207	62	None	None	1	-4	2.385898511600768
352	66.2069	132.6207	65	None	None	1	-2	6.216697066977961
353	66.2069	132.6207	69	None	None	1	-1	6.406785349481971
354	66.4138	133.0345	64	None	None	1	-4	6.468338683788097
355	66.4138	133.0345	67	None	None	1	-2	6.117968407996461
356	66.4138	133.0345	71	None	None	1	-1	6.472930878812164
357	66.6207	133.6914	66	None	None	1	-3	6.253658348128131
358	66.6207	133.6914	69	None	None	1	-2	6.219185256456998
359	66.6207	133.6914	72	None	None	1	-1	6.287844967532443
360	67.0707	134.4414	54	None	None	1	-5	1.9258310786435817
361	67.0707	134.4414	60	None	None	1	-3	1.7143303571428592
362	67.0707	134.4414	62	None	None	1	-2	1.9607589285714322
363	67.3707	135.1914	56	None	None	1	-5	1.6485317460317572
364	67.3707	135.1914	60	None	None	1	-4	1.7297817460317597
365	67.3707	135.1914	64	None	None	1	-2	1.4822817460317586
366	68.2707	136.8414	57	None	None	1	0	-1
367	68.2707	136.8414	62	None	None	1	0	-1
368	68.2707	136.8414	65	None	None	1	0	-1
369	68.5707	137.5914	59	None	None	1	0	-1
370	68.5707	137.5914	62	None	None	1	0	-1
371	68.5707	137.5914	66	None	None	1	0	-1
372	69.4707	139.2414	65	None	None	1	0	-1
373	69.4707	139.2414	69	None	None	1	-5	12.975131738301053
374	69.4707	139.2414	71	None	None	1	-1	12.595586283755594
375	69.7707	139.9914	58	None	None	1	-5	1.896383477633459
376	69.7707	139.9914	62	None	None	1	-3	2.2072093704906086
377	69.7707	139.9914	68	None	None	1	-1	2.0970903228715825
378	70.2207	140.8914	60	None	None	1	-4	2.4602723665223825
379	70.2207	140.8914	64	None	None	1	-2	8.464609101216224
380	70.2207	140.8914	67	None	None	1	-1	8.94012858173569
381	70.6707	141.6414	57	None	None	1	-4	9.893757730364834
382	70.6707	141.6414	62	None	None	1	-2	11.407329158936228
383	70.6707	141.6414	66	None	None	1	-1	10.859277210884285
384	70.9707	142.3914	60	None	None	1	-4	11.964535147392265
385	70.9707	142.3914	64	None	None	1	-2	11.79757086167797
386	70.9707	142.3914	67	None	None	1	-1	18.3880272108843
387	71.4207	71.5707	46	None	None	1	0	-1
388	71.5707	71.7207	52	None	None	1	0	-1
389	71.7207	71.8707	58	None	None	1	0	-1
390	71.8707	72.0207	57	None	None	1	0	-1
391	72.0207	72.1707	55	None	None	1	0	-1
392	72.1707	72.3207	54	None	None	1	0	-1
393	72.3207	72.4707	52	None	None	1	0	-1
394	72.4707	72.6207	46	None	None	1	0	-1
395	72.6207	145.3914	64	None	None	1	-4	4.862405045351444
396	72.6207	145.3914	72	None	None	1	-1	4.454369331065738
397	72.7707	145.8414	61	None	None	1	-5	19.186512188208273
398	72.7707	145.8414	69	None	None	1	-2	18.997940759636872
399	73.0707	146.4414	64	None	None	1	-4	19.969805839001932
400	73.0707	146.4414	72	None	None	1	-1	21.404805839001895
401	73.3707	147.0414	61	None	None	1	-4	20.04284793083863
402	73.3707	147.0414	69	None	None	1	-1	21.31417729591796
403	73.6707	147.4914	61	None	None	1	-4	21.523973922902098
404	73.6707	147.4914	69	None	None	1	-1	28.092108843537122
405	73.8207	73.9707	46	None	None	1	0	-1
406	73.9707	74.1207	52	None	None	1	0	-1
407	74.1207	74.2707	58	None	None	1	0	-1
408	74.2707	74.4207	57	None	None	1	0	-1
409	74.4207	74.5707	55	None	None	1	0	-1
410	74.5707	74.7207	54	None	None	1	0	-1
411	74.7207	74.8707	52	None	None	1	0	-1
412	74.8707	75.0207	46	None	None	1	0	-1
413	75.0207	150.1914	64	None	None	1	-4	4.698061804267262
414	75.0207	150.1914	69	None	None	1	-2	4.419457908163362
415	75.0207	150.1914	72	None	None	1	-1	4.887315051020495
416	75.1707	150.6414	60	None	None	1	-5	3.5254948399814676
417	75.1707	150.6414	66	None	None	1	-2	3.379701189187807
418	75.1707	150.6414	69	None	None	1	-1	3.3386297606163664
419	75.4707	151.2414	58	None	None	1	-5	2.714171852453084
420	75.4707	151.2414	63	None	None	1	-4	18.45684346655382
421	75.4707	151.2414	66	None	None	1	-2	18.500057752268095
422	75.7707	151.8414	60	None	None	1	-5	18.79619614512524
423	75.7707	151.8414	64	None	None	1	-3	18.592624716553832
424	75.7707	151.8414	69	None	None	1	-1	18.8156405895697
425	76.0707	152.2914	60	None	None	1	-4	20.164138321996052
426	76.0707	152.2914	64	None	None	1	-3	20.829390589569712
427	76.0707	152.2914	69	None	None	1	-1	25.397664399093678
428	76.2207	76.3707	46	None	None	1	-5	10.55230158730152
429	76.3707	76.5207	52	None	None	1	-2	10.307301587301529
430	76.5207	76.6707	54	None	None	1	-1	12.642301587301572
431	76.6707	76.8207	52	None	None	1	-2	12.64230158730154
432	76.8207	76.9707	50	None	None	1	-1	8.213730158730211
433	76.9707	77.1207	49	None	None	1	-3	6.9044047619048525
434	77.1207	77.2707	47	None	None	1	-4	6.9360515873016775
435	77.2707	77.4207	45	None	None	1	-5	11.637023809523841
436	77.4207	77.5707	46	None	None	1	-4	11.102301587301556
437	77.5707	77.7207	52	None	None	1	-2	13.52158730158721
438	77.7207	77.8707	54	None	None	1	-1	13.010158730158626
439	77.8707	78.0207	52	None	None	1	-2	13.253730158730045
440	78.0207	78.1707	50	None	None	1	-1	9.631507936507969
441	78.1707	78.3207	49	None	None	1	-3	7.787154195011317
442	78.3207	78.4707	47	None	None	1	0	-1
443	78.4707	78.6207	45	None	None	1	0	-1
444	78.6207	78.7707	46	None	None	1	0	-1
445	78.7707	78.9207	57	None	None	1	0	-1
446	78.9207	79.0707	55	None	None	1	0	-1
447	79.0707	79.2207	54	None	None	1	-1	18.549693362193636
448	79.2207	79.3707	51	None	None	1	-2	20.347689393939667
449	79.3707	79.5207	49	None	None	1	-3	20.347689393939667
450	79.5207	79.6707	46	None	None	1	-4	20.347689393939667
451	79.6707	79.8207	43	None	None	1	-1	20.347689393939667
452	79.8207	80.1207	41	None	None	1	-2	20.347689393939667
453	80.1207	80.5707	53	None	None	1	-1	20.347689393939667
454	80.5707	161.4414	36	None	None	1	-5	20.347689393939667
455	80.5707	161.4414	43	None	None	1	-4	20.347689393939667
456	80.8707	161.8914	48	None	None	1	-2	20.347689393939667
457	80.8707	161.8914	55	None	None	1	0	20.347689393939667
