0	0.0000	0.1500	84	None	None	0	5	5.028665674603179
1	0.1500	0.4500	79	None	None	0	4	3.6936210317460336
2	0.4500	0.7500	81	None	None	0	5	5.218769841269842
3	0.7500	1.0500	79	None	None	0	4	5.382063492063496
4	1.0500	1.2000	76	None	None	0	3	5.168769841269841
5	1.2000	1.3500	74	None	None	0	2	5.092162698412698
6	1.3500	1.6500	72	None	None	0	1	4.706448412698416
7	1.6500	1.9500	74	None	None	0	2	5.819518849206348
8	1.9500	2.2500	79	None	None	0	3	5.167752976190469
9	2.2500	2.4000	81	None	None	0	4	4.94622519841269
10	2.4000	2.5500	84	None	None	0	5	3.951582341269832
11	2.5500	2.8500	79	None	None	0	4	2.3341716269841184
12	2.8500	3.1500	81	None	None	0	5	6.648234126984112
13	3.1500	3.4500	76	None	None	0	4	5.676607142857122
14	3.4500	3.6000	74	None	None	0	3	5.722242063492038
15	3.6000	3.7500	72	None	None	0	2	5.566170634920611
16	3.7500	4.0500	69	None	None	0	1	6.034027777777761
17	4.0500	4.3500	72	None	None	0	2	7.033134920634913
18	4.3500	4.6500	69	None	None	0	1	8.60148313492063
19	4.6500	4.8000	69	None	None	0	1	9.308625992063485
20	4.8000	4.9500	84	None	None	0	5	5.02866567460318
21	4.9500	5.2500	79	None	None	0	4	3.6936210317460345
22	5.2500	5.5500	81	None	None	0	5	5.218769841269845
23	5.5500	5.8500	79	None	None	0	4	5.382063492063498
24	5.8500	6.0000	76	None	None	0	3	5.168769841269842
25	6.0000	6.1500	74	None	None	0	2	5.0921626984127
26	6.1500	6.4500	72	None	None	0	1	4.706448412698416
27	6.4500	6.7500	74	None	None	0	2	4.1760912698412715
28	6.7500	7.0500	79	None	None	0	3	3.6993055555555614
29	7.0500	7.2000	81	None	None	0	4	4.013045634920643
30	7.2000	7.3500	84	None	None	0	5	3.402331349206358
31	7.3500	7.6500	79	None	None	0	3	2.9880456349206432
32	7.6500	7.9500	81	None	None	0	4	5.296924603174612
33	7.9500	8.2500	76	None	None	0	2	5.648531746031745
34	8.2500	8.4000	74	None	None	0	1	5.212817460317453
35	8.4000	8.5500	84	None	None	0	5	5.393174603174595
36	8.5500	8.8500	81	None	None	0	3	4.865901875901864
37	8.8500	9.1500	84	None	None	0	5	4.483709415584406
38	9.1500	9.4500	81	None	None	0	4	4.300177669552666
39	9.4500	9.6000	81	None	None	0	5	3.4948205266955172
40	9.6000	19.6500	69	None	None	0	2	1.301599702380945
41	9.6000	19.6500	73	None	None	0	4	1.158940972222213
42	9.6000	19.6500	76	None	None	0	5	0.9584449404761859
43	10.0500	20.4000	69	None	None	0	2	1.0450520833333286
44	10.0500	20.4000	74	None	None	0	4	1.1256076388888816
45	10.0500	20.4000	76	None	None	0	5	1.207948908730149
46	10.3500	21.1500	69	None	None	0	2	1.2784846230158633
47	10.3500	21.1500	73	None	None	0	4	1.221465773809512
48	10.3500	21.1500	76	None	None	0	5	1.1593998015872933
49	10.8000	22.0500	69	None	None	0	2	1.2945560515872927
50	10.8000	22.0500	73	None	None	0	4	1.4459449404761822
51	10.8000	22.0500	76	None	None	0	5	1.3464905753968204
52	11.2500	22.8000	68	None	None	0	2	1.3328745039682501
53	11.2500	22.8000	73	None	None	0	4	1.4461704094516628
54	11.2500	22.8000	76	None	None	0	5	1.4729561237373778
55	11.5500	23.5500	69	None	None	0	2	1.6650196158008745
56	11.5500	23.5500	73	None	None	0	3	1.882864357864366
57	11.5500	23.5500	76	None	None	0	4	2.031595992391459
58	12.4500	25.2000	67	None	None	0	1	2.0323896431851094
59	12.4500	25.2000	75	None	None	0	3	1.866098581305814
60	12.4500	25.2000	76	None	None	0	4	1.7509375168800445
61	12.7500	25.9500	68	None	None	0	1	1.9542721840802446
62	12.7500	25.9500	74	None	None	0	2	0.9615211539161106
63	12.7500	25.9500	76	None	None	0	3	0.7932671856621405
64	13.2000	26.8500	70	None	None	0	1	0.7566490914547617
65	13.2000	26.8500	73	None	None	0	2	1.1624526628833318
66	13.2000	26.8500	76	None	None	0	3	1.18424423936241
67	13.9500	28.3500	71	None	None	0	1	1.8546971364303282
68	13.9500	28.3500	76	None	None	0	3	2.506738236961447
69	13.9500	28.3500	80	None	None	0	4	2.8090620490620433
70	14.8500	30.0000	73	None	None	0	1	2.5253318903318873
71	14.8500	30.0000	77	None	None	0	2	3.058865440115431
72	14.8500	30.0000	82	None	None	0	4	3.1305502262888543
73	15.1500	30.7500	74	None	None	0	1	3.597316099304721
74	15.1500	30.7500	78	None	None	0	2	4.065945634452122
75	15.1500	30.7500	82	None	None	0	4	3.680699035812655
76	15.6000	31.6500	73	None	None	0	1	3.1858510019021273
77	15.6000	31.6500	80	None	None	0	3	3.7030968017372263
78	15.6000	31.6500	82	None	None	0	4	3.7288904525308753
79	16.0500	32.4000	73	None	None	0	1	3.8079334333595725
80	16.0500	32.4000	78	None	None	0	3	4.200373880612854
81	16.0500	32.4000	82	None	None	0	5	3.7730929682479095
82	16.3500	33.1500	73	None	None	0	2	3.163715050414105
83	16.3500	33.1500	79	None	None	0	4	2.457663463112513
84	16.3500	33.1500	82	None	None	0	5	2.274787187602311
85	16.8000	34.0500	71	None	None	0	1	2.0732359610510853
86	16.8000	34.0500	79	None	None	0	4	2.0246248499399724
87	16.8000	34.0500	80	None	None	0	5	1.503933239962651
88	17.5500	35.5500	67	None	None	0	1	2.351370506535946
89	17.5500	35.5500	70	None	None	0	2	5.902955686062306
90	17.5500	35.5500	75	None	None	0	4	6.353226461038968
91	18.4500	37.2000	67	None	None	0	1	6.520271915584424
92	18.4500	37.2000	72	None	None	0	2	6.923168740981253
93	18.4500	37.2000	74	None	None	0	3	7.244405985879209
94	18.7500	37.9500	72	None	None	0	0	-1
95	18.7500	37.9500	74	None	None	0	0	-1
96	18.7500	37.9500	80	None	None	0	0	-1
97	19.2000	20.4000	57	None	None	0	0	-1
98	19.3500	19.6500	61	None	None	0	1	4.826181457431458
99	19.6500	19.9500	63	None	None	0	2	8.335193001443002
100	19.9500	20.2500	66	None	None	0	3	8.55597222222222
101	20.2500	20.4000	68	None	None	0	4	9.685982142857144
102	20.4000	21.6000	69	None	None	0	5	9.240446428571415
103	20.5500	20.8500	65	None	None	0	4	9.030016233766244
104	20.8500	21.1500	63	None	None	0	3	9.100633116883126
105	21.1500	21.4500	60	None	None	0	1	9.092976190476191
106	21.4500	21.6000	58	None	None	0	4	4.593261054421773
107	21.6000	21.9000	57	None	None	0	3	5.52814690270048
108	21.9000	43.9500	55	None	None	0	1	5.456123608534328
109	21.9000	43.9500	55	None	None	0	0	-1
110	22.0500	22.3500	59	None	None	0	0	-1
111	22.3500	22.8000	62	None	None	0	0	-1
112	22.8000	24.0000	57	None	None	0	0	-1
113	22.9500	23.2500	61	None	None	0	1	4.16672528860028
114	23.2500	23.5500	63	None	None	0	2	4.647975288600282
115	23.5500	23.8500	66	None	None	0	3	6.346643668831164
116	23.8500	24.0000	68	None	None	0	4	11.395894660894642
117	24.0000	25.2000	69	None	None	0	5	10.67178751803751
118	24.1500	24.4500	65	None	None	0	2	8.654420995670982
119	24.4500	24.7500	63	None	None	0	1	8.334778138528131
120	24.7500	25.0500	66	None	None	0	2	9.324634740259794
121	25.0500	25.2000	68	None	None	0	3	9.185089285714344
122	25.2000	26.4000	69	None	None	0	1	3.6378670634920875
123	25.5000	25.6500	71	None	None	0	2	3.5691170634920812
124	25.6500	25.9500	74	None	None	0	3	4.470151643990948
125	25.9500	26.4000	77	None	None	0	5	4.32059807256238
126	26.4000	26.8500	69	None	None	0	2	4.87345521541952
127	26.7000	26.8500	71	None	None	0	3	5.410955215419527
128	26.8500	54.0000	65	None	None	0	1	6.028812358276659
129	26.8500	54.0000	69	None	None	0	2	6.392922335600926
130	26.8500	54.0000	74	None	None	0	3	9.023227040816296
131	27.1500	27.3000	77	None	None	0	4	9.011766903731234
132	27.3000	27.4500	80	None	None	0	5	9.0191648629149
133	27.6000	28.0500	69	None	None	0	1	8.854978354978387
134	27.7500	27.9000	71	None	None	0	2	7.92890692640696
135	27.9000	28.0500	74	None	None	0	1	2.252379148629132
136	28.0500	28.2000	77	None	None	0	2	2.9774783549783512
137	28.2000	28.3500	80	None	None	0	3	4.606622023809518
138	28.3500	28.5000	83	None	None	0	4	5.060590277777774
139	28.8000	28.9500	84	None	None	0	5	5.171701388888886
140	28.9500	29.2500	79	None	None	0	4	4.006076388888889
141	29.2500	29.5500	81	None	None	0	5	5.129365079365078
142	29.5500	29.7000	79	None	None	0	4	5.292658730158733
143	29.7000	30.0000	76	None	None	0	3	4.800793650793652
144	30.0000	30.1500	74	None	None	0	2	5.228025793650797
145	30.1500	30.4500	72	None	None	0	1	5.763740079365071
146	30.4500	30.7500	74	None	None	0	2	6.207029671717169
147	30.7500	30.9000	79	None	None	0	3	6.31671626984126
148	30.9000	31.2000	81	None	None	0	4	5.9445932539682405
149	31.2000	31.3500	84	None	None	0	5	5.332986111111098
150	31.3500	31.6500	79	None	None	0	4	3.7155753968253826
151	31.6500	31.9500	81	None	None	0	5	6.305977182539639
152	31.9500	32.1000	75	None	None	0	4	4.476339285714242
153	32.1000	32.4000	74	None	None	0	3	3.8630456349205935
154	32.4000	32.5500	72	None	None	0	2	3.8425099206348756
155	32.5500	32.8500	69	None	None	0	1	4.4874107142856765
156	32.8500	33.1500	72	None	None	0	2	5.230188492063473
157	33.1500	33.3000	69	None	None	0	1	7.020858134920627
158	33.3000	33.6000	69	None	None	0	1	7.7280009920634765
159	33.6000	33.7500	84	None	None	0	5	5.171701388888909
160	33.7500	34.0500	79	None	None	0	4	4.006076388888896
161	34.0500	34.3500	81	None	None	0	5	5.129365079365085
162	34.3500	34.5000	79	None	None	0	4	5.2926587301587436
163	34.5000	34.8000	76	None	None	0	3	4.800793650793654
164	34.8000	34.9500	74	None	None	0	2	5.228025793650792
165	34.9500	35.2500	72	None	None	0	1	5.763740079365088
166	35.2500	35.5500	74	None	None	0	2	5.16708829365081
167	35.5500	35.7000	79	None	None	0	3	4.690302579365073
168	35.7000	36.0000	81	None	None	0	4	4.853447420634921
169	36.0000	36.1500	84	None	None	0	5	4.625768849206361
170	36.1500	36.4500	79	None	None	0	4	3.8991071428571438
171	36.4500	36.7500	81	None	None	0	5	4.7288442460317555
172	36.7500	36.9000	75	None	None	0	2	4.448933531746052
173	36.9000	37.2000	74	None	None	0	1	3.0900049603174677
174	37.2000	37.3500	84	None	None	0	5	3.2652281746031866
175	37.3500	37.6500	81	None	None	0	3	2.6552281746032027
176	37.6500	37.9500	84	None	None	0	5	2.419067460317489
177	37.9500	38.1000	81	None	None	0	4	2.1373214285714583
178	38.1000	38.4000	81	None	None	0	5	1.309464285714312
179	38.4000	76.9500	71	None	None	0	1	1.5576785714285997
180	38.4000	76.9500	74	None	None	0	2	1.813928571428594
181	38.4000	76.9500	76	None	None	0	3	1.6557142857143052
182	38.5500	77.2500	71	None	None	0	1	1.6985714285714406
183	38.5500	77.2500	74	None	None	0	2	1.9371428571428708
184	38.5500	77.2500	76	None	None	0	3	1.655714285714296
185	38.7000	77.5500	71	None	None	0	1	1.6985714285714406
186	38.7000	77.5500	74	None	None	0	2	1.937142857142871
187	38.7000	77.5500	76	None	None	0	3	1.655714285714296
188	38.8500	77.8500	71	None	None	0	1	1.6985714285714488
189	38.8500	77.8500	74	None	None	0	2	1.9371428571428806
190	38.8500	77.8500	76	None	None	0	3	1.6557142857143148
191	39.0000	78.1500	71	None	None	0	1	1.6985714285714595
192	39.0000	78.1500	74	None	None	0	2	2.162142857142879
193	39.0000	78.1500	76	None	None	0	3	2.038928571428584
194	39.1500	78.4500	71	None	None	0	1	2.5784871031746075
195	39.1500	78.4500	74	None	None	0	2	2.7384871031746036
196	39.1500	78.4500	76	None	None	0	3	2.81150297619047
197	39.3000	78.7500	71	None	None	0	1	4.223492772108853
198	39.3000	78.7500	74	None	None	0	2	4.459007936507936
199	39.3000	78.7500	76	None	None	0	3	4.532023809523802
200	39.6000	79.3500	72	None	None	0	1	5.381513605442196
201	39.6000	79.3500	74	None	None	0	2	5.53623015873019
202	39.6000	79.3500	75	None	None	0	3	5.446746031746065
203	39.7500	79.6500	72	None	None	0	1	6.100442176870792
204	39.7500	79.6500	74	None	None	0	2	5.830873015873058
205	39.7500	79.6500	75	None	None	0	3	5.446746031746065
206	39.9000	79.9500	72	None	None	0	1	6.100442176870792
207	39.9000	79.9500	74	None	None	0	2	5.830873015873052
208	39.9000	79.9500	75	None	None	0	3	5.446746031746048
209	40.0500	80.2500	72	None	None	0	1	6.100442176870727
210	40.0500	80.2500	74	None	None	0	2	5.8308730158729745
211	40.0500	80.2500	75	None	None	0	3	5.446746031745981
212	40.2000	80.5500	72	None	None	0	1	6.100442176870739
213	40.2000	80.5500	74	None	None	0	2	5.714549319727881
214	40.2000	80.5500	75	None	None	0	3	5.17982709750565
215	40.3500	80.8500	72	None	None	0	1	5.23552933673468
216	40.3500	80.8500	74	None	None	0	2	4.720441468253982
217	40.3500	80.8500	75	None	None	0	3	4.336314484127011
218	40.5000	81.1500	72	None	None	0	1	5.396617772108884
219	40.5000	81.1500	74	None	None	0	2	5.127048611111144
220	40.5000	81.1500	75	None	None	0	3	4.74292162698414
221	40.8000	81.7500	72	None	None	0	1	5.3815136054421515
222	40.8000	81.7500	74	None	None	0	2	5.536230158730115
223	40.8000	81.7500	75	None	None	0	3	5.446746031745981
224	40.9500	82.0500	72	None	None	0	1	6.100442176870739
225	40.9500	82.0500	74	None	None	0	2	5.830873015873005
226	40.9500	82.0500	75	None	None	0	3	5.446746031746012
227	41.1000	82.3500	72	None	None	0	1	6.100442176870738
228	41.1000	82.3500	74	None	None	0	2	5.830873015873035
229	41.1000	82.3500	75	None	None	0	3	5.446746031746065
230	41.2500	82.6500	72	None	None	0	1	6.100442176870792
231	41.2500	82.6500	74	None	None	0	2	5.830873015873058
232	41.2500	82.6500	75	None	None	0	3	5.446746031746065
233	41.4000	82.9500	72	None	None	0	1	6.100442176870792
234	41.4000	82.9500	74	None	None	0	2	5.764549319727919
235	41.4000	82.9500	75	None	None	0	3	5.850416666666682
236	41.5500	83.2500	72	None	None	0	1	5.8674737811791395
237	41.5500	83.2500	74	None	None	0	2	6.008902352607709
238	41.5500	83.2500	75	None	None	0	3	6.10025297619045
239	41.7000	83.5500	72	None	None	0	2	7.570099914965981
240	41.7000	83.5500	74	None	None	0	3	8.514385629251702
241	41.7000	83.5500	75	None	None	0	4	8.389062499999978
242	42.0000	84.1500	66	None	None	0	1	9.134385629251717
243	42.0000	84.1500	74	None	None	0	3	9.581349914966017
244	42.0000	84.1500	75	None	None	0	4	9.951190476190504
245	42.1500	84.4500	66	None	None	0	1	10.125085034013658
246	42.1500	84.4500	74	None	None	0	3	10.07651360544219
247	42.1500	84.4500	75	None	None	0	4	9.95119047619046
248	42.3000	84.7500	66	None	None	0	1	10.125085034013566
249	42.3000	84.7500	74	None	None	0	3	10.076513605442132
250	42.3000	84.7500	75	None	None	0	4	9.951190476190385
251	42.4500	85.0500	66	None	None	0	1	10.125085034013539
252	42.4500	85.0500	74	None	None	0	3	10.07651360544211
253	42.4500	85.0500	75	None	None	0	4	9.951190476190385
254	42.6000	85.3500	66	None	None	0	1	10.125085034013583
255	42.6000	85.3500	74	None	None	0	3	8.858851267779846
256	42.6000	85.3500	75	None	None	0	4	7.951113172541774
257	42.7500	85.6500	66	None	None	0	1	6.6326607915894
258	42.7500	85.6500	74	None	None	0	3	5.725517934446537
259	42.7500	85.6500	75	None	None	0	4	5.313017934446534
260	42.9000	85.9500	66	None	None	0	1	4.240994124922737
261	42.9000	85.9500	74	None	None	0	2	2.1698701298701537
262	42.9000	85.9500	75	None	None	0	3	1.4136201298701465
263	43.3500	86.8500	71	None	None	0	1	1.2456006493506704
264	43.3500	86.8500	74	None	None	0	2	1.509886363636388
265	43.3500	86.8500	76	None	None	0	3	1.4076785714285969
266	43.5000	87.1500	71	None	None	0	1	1.4505357142857414
267	43.5000	87.1500	74	None	None	0	2	1.6891071428571636
268	43.5000	87.1500	76	None	None	0	3	1.407678571428587
269	43.8000	87.7500	71	None	None	0	1	1.5576785714285808
270	43.8000	87.7500	74	None	None	0	2	1.899642857142867
271	43.8000	87.7500	76	None	None	0	3	1.84363636363637
272	43.9500	88.0500	71	None	None	0	1	2.158120490620501
273	43.9500	88.0500	74	None	None	0	2	2.318120490620497
274	43.9500	88.0500	76	None	None	0	3	2.3911363636363636
275	44.1000	88.3500	71	None	None	0	1	3.7408910533910777
276	44.1000	88.3500	74	None	None	0	2	3.8232124819625026
277	44.1000	88.3500	76	None	None	0	3	3.7456331168831363
278	44.5500	89.2500	72	None	None	0	1	4.189815051020416
279	44.5500	89.2500	74	None	None	0	2	4.214191468253968
280	44.5500	89.2500	75	None	None	0	3	4.108040674603171
281	44.7000	89.5500	72	None	None	0	1	4.531704931972805
282	44.7000	89.5500	74	None	None	0	2	4.016617063492077
283	44.7000	89.5500	75	None	None	0	3	3.6324900793650827
284	45.0000	90.1500	72	None	None	0	1	4.6776892006802875
285	45.0000	90.1500	74	None	None	0	2	4.832405753968277
286	45.0000	90.1500	75	None	None	0	3	4.74292162698414
287	45.3000	90.7500	72	None	None	0	1	5.3815136054421515
288	45.3000	90.7500	74	None	None	0	2	4.880035772929832
289	45.3000	90.7500	75	None	None	0	3	4.458203534287242
290	45.4500	91.0500	72	None	None	0	1	4.191669012432534
291	45.4500	91.0500	74	None	None	0	2	3.380265462506805
292	45.4500	91.0500	75	None	None	0	3	2.9961384783798
293	45.6000	91.3500	72	None	None	0	2	4.424148877941912
294	45.6000	91.3500	74	None	None	0	3	4.302720306513349
295	45.6000	91.3500	75	None	None	0	4	3.3838711001641646
296	46.9500	94.0500	72	None	None	0	1	4.513841191649051
297	46.9500	94.0500	74	None	None	0	2	4.444263331769467
298	46.9500	94.0500	75	None	None	0	3	4.605893565759613
299	47.1000	94.3500	72	None	None	0	1	4.918484848484825
300	47.1000	94.3500	74	None	None	0	2	4.843405483405489
301	47.1000	94.3500	75	None	None	0	3	4.843405483405505
302	47.2500	94.6500	72	None	None	0	1	5.581933621933652
303	47.2500	94.6500	74	None	None	0	2	5.209155844155857
304	47.2500	94.6500	75	None	None	0	3	5.479790764790743
305	48.1500	96.4500	73	None	None	0	1	6.00076298701296
306	48.1500	96.4500	74	None	None	0	2	6.626933621933597
307	48.3000	96.7500	73	None	None	0	2	6.796298701298676
308	48.3000	96.7500	74	None	None	0	3	6.988362193362169
309	48.4500	97.0500	73	None	None	0	2	6.288421717171696
310	48.4500	97.0500	74	None	None	0	3	5.466993145743122
311	48.6000	97.3500	73	None	None	0	2	7.186993145743156
312	48.6000	97.3500	74	None	None	0	3	7.564269931457482
313	48.7500	97.6500	73	None	None	0	3	8.117658730158773
314	48.7500	97.6500	74	None	None	0	4	7.154782430213503
315	48.9000	97.9500	73	None	None	0	4	6.8549261083744195
316	48.9000	97.9500	74	None	None	0	5	5.666533251231558
317	49.2000	49.3500	67	None	None	0	2	6.149747536945844
318	49.3500	49.6500	64	None	None	0	1	6.106890394088699
319	49.6500	49.9500	61	None	None	0	4	2.0560436881126476
320	49.9500	50.2500	58	None	None	0	3	1.6339657660347202
321	50.2500	50.4000	54	None	None	0	2	1.780439928845103
322	51.6000	51.7500	57	None	None	0	5	1.6586111111111157
323	51.7500	51.9000	52	None	None	0	4	2.104802618016916
324	51.9000	52.0500	52	None	None	0	4	2.104802618016916
325	52.0500	52.2000	54	None	None	0	5	2.8293434343434507
326	52.2000	52.3500	54	None	None	0	5	2.8293434343434507
327	52.3500	52.5000	52	None	None	0	4	2.694025974025996
328	52.5000	52.6500	52	None	None	0	4	2.694025974025996
329	52.6500	52.8000	49	None	None	0	3	4.65551587301589
330	52.8000	52.9500	47	None	None	0	2	5.899087301587327
331	52.9500	53.1000	45	None	None	0	1	5.284801587301603
332	53.1000	53.2500	45	None	None	0	1	5.284801587301603
333	53.2500	53.4000	47	None	None	0	2	5.05694444444446
334	53.4000	53.5500	47	None	None	0	1	2.9569444444444466
335	53.5500	53.7000	53	None	None	0	3	2.2655158730158713
336	53.7000	53.8500	53	None	None	0	3	2.2655158730158713
337	53.8500	54.0000	55	None	None	0	4	2.892500000000016
338	54.0000	54.1500	57	None	None	0	5	4.193571428571454
339	54.1500	54.3000	52	None	None	0	3	6.433253968253956
340	54.3000	54.4500	52	None	None	0	3	6.433253968253956
341	54.4500	54.6000	55	None	None	0	5	6.0718253968253855
342	54.6000	54.7500	55	None	None	0	5	6.0718253968253855
343	54.7500	54.9000	48	None	None	0	4	3.1556122448979274
344	54.9000	55.0500	48	None	None	0	5	3.799546485260789
345	55.0500	55.2000	47	None	None	0	4	3.397959183673488
346	55.2000	55.3500	45	None	None	0	3	5.467298752834488
347	55.3500	55.5000	42	None	None	0	1	4.060240929705238
348	55.5000	55.6500	42	None	None	0	1	4.886945475159789
349	55.6500	55.8000	45	None	None	0	2	4.344802618016925
350	55.8000	55.9500	45	None	None	0	1	4.725541125541134
351	56.4000	56.5500	46	None	None	0	2	9.735309214594977
352	56.5500	56.7000	51	None	None	0	3	8.644065141208035
353	56.7000	56.8500	51	None	None	0	1	6.205334577553979
354	56.8500	57.0000	53	None	None	0	2	5.972566720411136
355	57.0000	57.1500	53	None	None	0	1	5.839709577553998
356	57.1500	57.3000	55	None	None	0	2	4.906073664855579
357	57.3000	57.4500	55	None	None	0	1	2.8322641410111213
358	57.4500	57.6000	58	None	None	0	2	2.540385833799116
359	58.0500	116.2500	63	None	None	0	3	2.0968346757682417
360	58.0500	116.2500	67	None	None	0	4	1.6394607006920947
361	58.0500	116.2500	70	None	None	0	5	1.5902974916002894
362	58.3500	116.8500	64	None	None	0	1	1.3347455779211101
363	58.3500	116.8500	67	None	None	0	0	-1
364	58.3500	116.8500	70	None	None	0	0	-1
365	59.0000	118.1000	62	None	None	0	0	-1
366	59.0000	118.1000	69	None	None	0	0	-1
367	59.0000	118.1000	71	None	None	0	0	-1
368	59.5500	119.2500	63	None	None	0	0	-1
369	59.5500	119.2500	69	None	None	0	0	-1
370	59.5500	119.2500	71	None	None	0	1	6.4296961847511405
371	60.0000	60.2069	84	None	None	0	5	5.4740882393257895
372	60.2069	60.4138	79	None	None	0	4	6.721533015251681
373	60.4138	60.6207	81	None	None	0	5	7.286715166424169
374	60.6207	61.0345	75	None	None	0	4	5.190511114234274
375	61.0345	61.6552	74	None	None	0	3	5.097105130821872
376	61.6552	61.8621	72	None	None	0	2	5.822993235916084
377	61.8621	62.0690	70	None	None	0	1	5.245856465364415
378	62.0690	62.2759	72	None	None	0	2	6.224504589020984
379	62.2759	62.6897	77	None	None	0	1	4.874717576633753
380	62.6897	63.3103	82	None	None	0	4	4.369975245208689
381	63.3103	63.5172	84	None	None	0	5	4.361097674302356
382	63.5172	63.7241	79	None	None	0	4	4.079071873320107
383	63.7241	63.9310	81	None	None	0	5	5.338880624249431
384	63.9310	64.3448	75	None	None	0	4	3.3908425692793736
385	64.3448	64.9655	74	None	None	0	3	3.256015148378116
386	64.9655	65.1724	72	None	None	0	2	4.780639208528458
387	65.1724	65.3793	69	None	None	0	1	4.826084633889616
388	65.3793	65.5862	79	None	None	0	4	5.463499810900231
389	65.5862	66.0000	75	None	None	0	2	5.997548767561559
390	66.0000	66.6207	74	None	None	0	1	6.267653034100386
391	66.6207	133.3914	84	None	None	0	2	7.70886021872864
392	66.6207	133.3914	84	None	None	0	3	8.254464285714292
393	66.7707	133.8414	79	None	None	0	1	10.240178571428526
394	66.7707	133.8414	91	None	None	0	5	10.240178571428526
395	67.0707	134.4414	81	None	None	0	2	12.32678571428575
396	67.0707	134.4414	81	None	None	0	1	12.664285714285796
397	67.3707	135.0414	79	None	None	0	1	12.075000000000072
398	67.3707	135.0414	91	None	None	0	5	12.075000000000037
399	67.6707	135.4914	76	None	None	0	1	10.044642857142877
400	67.6707	135.4914	88	None	None	0	5	11.244642857142884
401	67.8207	135.7914	74	None	None	0	1	9.053571428571509
402	67.8207	135.7914	86	None	None	0	5	8.84732142857156
403	67.9707	136.2414	72	None	None	0	1	8.105357142857178
404	67.9707	136.2414	84	None	None	0	5	8.105357142857086
405	68.2707	136.8414	74	None	None	0	1	10.296428571428597
406	68.2707	136.8414	86	None	None	0	4	10.04017857142868
407	68.5707	137.4414	79	None	None	0	1	9.736607142857247
408	68.5707	137.4414	91	None	None	0	5	9.736607142857247
409	68.8707	137.8914	81	None	None	0	2	8.402678571428666
410	68.8707	137.8914	81	None	None	0	4	9.587500000000027
411	69.0207	138.1914	74	None	None	0	1	16.22524350649355
412	69.0207	138.1914	86	None	None	0	5	16.87678571428587
413	69.1707	138.6414	72	None	None	0	1	17.41250000000017
414	69.1707	138.6414	84	None	None	0	5	17.41250000000017
415	69.4707	139.2414	74	None	None	0	1	20.67500000000009
416	69.4707	139.2414	86	None	None	0	4	20.41875000000007
417	69.7707	139.8414	79	None	None	0	1	20.093750000000085
418	69.7707	139.8414	91	None	None	0	5	21.293750000000127
419	70.0707	140.2914	75	None	None	0	1	14.633035714285786
420	70.0707	140.2914	87	None	None	0	5	14.191071428571496
421	70.2207	140.5914	72	None	None	0	1	12.133928571428525
422	70.2207	140.5914	84	None	None	0	5	11.51517857142844
423	70.3707	141.0414	69	None	None	0	1	14.72946428571446
424	70.3707	141.0414	81	None	None	0	4	12.76319444444467
425	70.6707	141.6414	74	None	None	0	1	12.834980158730373
426	70.6707	141.6414	86	None	None	0	5	13.024393424036456
427	70.9707	142.2414	72	None	None	0	1	12.019929138322162
428	70.9707	142.2414	84	None	None	0	5	11.337885487528506
429	71.2707	142.6914	72	None	None	0	1	10.87270691609996
430	71.2707	142.6914	84	None	None	0	5	10.604371456916319
431	71.4207	142.9914	64	None	None	0	1	4.462407171201808
432	71.4207	142.9914	72	None	None	0	3	3.85725977891159
433	71.5707	143.4414	67	None	None	0	1	5.290989937641735
434	71.5707	143.4414	75	None	None	0	5	8.414799461451192
435	71.8707	144.0414	64	None	None	0	1	10.213906604308281
436	71.8707	144.0414	72	None	None	0	4	9.96073200113367
437	72.1707	144.6414	67	None	None	0	2	9.960732001133675
438	72.1707	144.6414	75	None	None	0	5	10.1922371031745
439	72.4707	145.0914	64	None	None	0	1	11.160987103174506
440	72.4707	145.0914	72	None	None	0	2	8.981721230158612
441	72.6207	145.3914	76	None	None	0	1	6.493625992063428
442	72.6207	145.3914	84	None	None	0	5	5.257217261904731
443	72.7707	145.8414	73	None	None	0	1	8.667844742063426
444	72.7707	145.8414	81	None	None	0	3	8.84014136904753
445	73.0707	146.4414	76	None	None	0	1	9.117284226190405
446	73.0707	146.4414	84	None	None	0	5	9.527679634353703
447	73.3707	147.0414	73	None	None	0	1	8.379140673314726
448	73.3707	147.0414	81	None	None	0	5	9.343875779478319
449	73.6707	147.4914	73	None	None	0	2	9.331822208049745
450	73.6707	147.4914	81	None	None	0	5	8.872806831065617
451	73.8207	147.7914	64	None	None	0	1	5.748699688208575
452	73.8207	147.7914	72	None	None	0	3	4.240763180272111
453	73.9707	148.2414	67	None	None	0	1	6.587985402494315
454	73.9707	148.2414	75	None	None	0	4	8.5885806405895
455	74.2707	148.8414	70	None	None	0	1	9.062113803854785
456	74.2707	148.8414	78	None	None	0	5	10.11887400793653
457	74.5707	149.4414	67	None	None	0	2	9.776325435477242
458	74.5707	149.4414	75	None	None	0	5	9.266585497835528
459	74.8707	149.8914	64	None	None	0	1	11.466607142857239
460	74.8707	149.8914	72	None	None	0	2	9.389659090909172
461	75.0207	150.1914	76	None	None	0	1	7.4033495670997125
462	75.0207	150.1914	81	None	None	0	3	7.4024567099568594
463	75.0207	150.1914	84	None	None	0	5	6.62834956709973
464	75.1707	150.6414	73	None	None	0	2	3.9436620670996203
465	75.1707	150.6414	78	None	None	0	4	3.737957702020239
466	75.1707	150.6414	81	None	None	0	5	3.5826005591630805
467	75.4707	151.2414	70	None	None	0	1	2.5546987734487816
468	75.4707	151.2414	75	None	None	0	2	6.724801587301739
469	75.4707	151.2414	78	None	None	0	4	6.656051587301762
470	75.7707	151.8414	73	None	None	0	2	6.826944444444616
471	75.7707	151.8414	76	None	None	0	3	7.918143424036426
472	75.7707	151.8414	81	None	None	0	5	7.797506248711757
473	76.0707	152.2914	73	None	None	0	2	7.981535218254206
474	76.0707	152.2914	76	None	None	0	3	7.9324280753970635
475	76.0707	152.2914	81	None	None	0	5	7.651426091270076
476	76.2207	152.5914	64	None	None	0	1	3.8576760912699024
477	76.2207	152.5914	72	None	None	0	3	2.075558035714278
478	76.3707	153.0414	67	None	None	0	1	2.7827008928571764
479	76.3707	153.0414	75	None	None	0	4	3.2213913690476694
480	76.6707	153.6414	70	None	None	0	2	3.392284226190515
481	76.6707	153.6414	77	None	None	0	5	4.078907312925169
482	76.9707	154.2414	67	None	None	0	1	4.233939780457639
483	76.9707	154.2414	75	None	None	0	5	5.2906639739230155
484	77.2707	154.6914	65	None	None	0	1	5.2715892985983475
485	77.2707	154.6914	73	None	None	0	5	5.587179350907135
486	77.4207	154.9914	64	None	None	0	1	7.269322208049999
487	77.4207	154.9914	72	None	None	0	3	5.487204152494378
488	77.5707	155.4414	67	None	None	0	1	6.19434700963722
489	77.5707	155.4414	75	None	None	0	3	5.566505456349217
490	77.8707	156.0414	70	None	None	0	1	5.426981646825389
491	77.8707	156.0414	78	None	None	0	4	6.211136975623539
492	78.1707	156.6414	73	None	None	0	2	6.16170515744172
493	78.1707	156.6414	81	None	None	0	5	6.238926091269808
494	78.4707	157.0914	65	None	None	0	1	4.218633883477585
495	78.4707	157.0914	73	None	None	0	5	5.024078959235135
496	78.6207	157.3914	64	None	None	0	1	4.926311102092287
497	78.6207	157.3914	72	None	None	0	3	3.6032084235209063
498	78.7707	157.8414	67	None	None	0	1	17.7076569264067
499	78.7707	157.8414	75	None	None	0	3	17.81260822510801
500	79.0707	158.4414	70	None	None	0	1	17.31165584415563
501	79.0707	158.4414	77	None	None	0	2	18.076596320346145
502	79.3707	159.0414	73	None	None	0	1	17.71945346320325
503	79.3707	159.0414	81	None	None	0	3	17.04981060606039
504	79.6707	159.4914	75	None	None	0	1	16.70754870129847
505	79.6707	159.4914	83	None	None	0	3	16.230862193361958
506	79.8207	159.7914	63	None	None	0	3	5.315277777777803
507	79.8207	159.7914	69	None	None	0	5	5.315277777777803
508	79.9707	160.2414	62	None	None	0	1	5.315277777777803
509	79.9707	160.2414	72	None	None	0	5	5.315277777777803
510	80.2707	160.8414	63	None	None	0	1	5.315277777777803
511	80.2707	160.8414	69	None	None	0	3	5.315277777777803
512	80.5707	161.4414	64	None	None	0	1	5.315277777777803
513	80.5707	161.4414	72	None	None	0	4	5.315277777777803
514	80.8707	161.8914	64	None	None	0	1	5.315277777777803
515	80.8707	161.8914	72	None	None	0	0	5.315277777777803
