0	0.0000	0.6667	55	None	None	1	-5	2.4607913825305077
1	0.6667	1.6667	57	None	None	1	-4	2.3566247158638394
2	0.6667	1.6667	64	None	None	1	-2	1.8451340326340269
3	1.0000	2.3333	59	None	None	1	-5	1.7108911921411862
4	1.0000	2.3333	64	None	None	1	-3	1.7347922910422855
5	1.3333	3.0000	61	None	None	1	-4	1.6608558108558062
6	1.3333	3.0000	64	None	None	1	-3	1.6728063603063557
7	1.6667	3.6667	63	None	None	1	-3	1.731809856809852
8	1.6667	3.6667	64	None	None	1	-2	1.845134032634026
9	2.6667	5.6667	57	None	None	1	-5	1.8674554612054537
10	2.6667	5.6667	64	None	None	1	-3	1.7875853313353238
11	3.0000	6.3333	59	None	None	1	-5	1.7510697635697556
12	3.0000	6.3333	64	None	None	1	-3	1.7749708624708544
13	3.3333	7.0000	61	None	None	1	-4	1.7010343822843754
14	3.3333	7.0000	64	None	None	1	-3	1.7129849317349244
15	3.6667	7.6667	63	None	None	1	-3	1.7719884282384215
16	3.6667	7.6667	64	None	None	1	-2	1.8853126040625963
17	4.1667	8.6667	57	None	None	1	-5	1.8853126040625963
18	4.1667	8.6667	64	None	None	1	-3	1.787585331335324
19	4.5000	9.3333	59	None	None	1	-5	1.7510697635697563
20	4.5000	9.3333	64	None	None	1	-3	1.7749708624708553
21	4.8333	10.0000	61	None	None	1	-4	1.7010343822843763
22	4.8333	10.0000	64	None	None	1	-3	1.7129849317349253
23	5.1667	10.6667	63	None	None	1	-3	1.771988428238422
24	5.1667	10.6667	64	None	None	1	-2	1.8853126040625963
25	5.6667	11.6667	57	None	None	1	-5	1.8853126040625963
26	5.6667	11.6667	64	None	None	1	-3	1.787585331335324
27	6.0000	12.3333	59	None	None	1	-5	1.7510697635697563
28	6.0000	12.3333	64	None	None	1	-3	1.7749708624708553
29	6.3333	13.0000	61	None	None	1	-4	1.7010343822843763
30	6.3333	13.0000	64	None	None	1	-3	1.7129849317349253
31	6.6667	13.6667	63	None	None	1	-3	1.771988428238422
32	6.6667	13.6667	64	None	None	1	-2	1.8853126040625963
33	7.1667	14.6667	57	None	None	1	-5	1.8853126040625963
34	7.1667	14.6667	64	None	None	1	-3	1.787585331335324
35	7.5000	15.3333	59	None	None	1	-5	1.7510697635697563
36	7.5000	15.3333	64	None	None	1	-3	1.7749708624708553
37	7.8333	16.0000	61	None	None	1	-4	1.7010343822843765
38	7.8333	16.0000	64	None	None	1	-3	1.7129849317349257
39	8.1667	16.6667	63	None	None	1	-3	1.7719884282384217
40	8.1667	16.6667	64	None	None	1	-2	1.885312604062595
41	8.6667	17.6667	57	None	None	1	-5	1.885312604062595
42	8.6667	17.6667	64	None	None	1	-3	1.7875853313353232
43	9.0000	18.3333	59	None	None	1	-5	1.7510697635697552
44	9.0000	18.3333	64	None	None	1	-3	1.774970862470854
45	9.3333	19.0000	61	None	None	1	-4	1.6708562271062197
46	9.3333	19.0000	64	None	None	1	-3	1.6462912087912014
47	9.6667	19.6667	63	None	None	1	-3	1.4804015429015356
48	9.6667	19.6667	64	None	None	1	-2	1.0354839604839552
49	10.1667	20.6667	57	None	None	1	-5	1.0950181762681717
50	10.1667	20.6667	64	None	None	1	-2	1.1871885059385012
51	10.5000	21.5000	59	None	None	1	-4	1.0846244033744006
52	10.5000	21.5000	64	None	None	1	-2	1.0302287989787984
53	11.0000	22.5000	61	None	None	1	-3	1.0873948472162762
54	11.0000	22.5000	64	None	None	1	-2	1.1860768200053917
55	12.0000	24.3333	59	None	None	1	-4	1.0824770467627598
56	12.0000	24.3333	64	None	None	1	-2	1.223729634754478
57	12.3333	25.0000	61	None	None	1	-3	1.209843895752289
58	12.3333	25.0000	64	None	None	1	-2	1.1888789232248216
59	12.6667	25.6667	62	None	None	1	-4	0.974356912497449
60	12.6667	25.6667	64	None	None	1	-3	0.8731893300798682
61	13.5000	27.6667	59	None	None	1	-5	0.7886009274111109
62	13.5000	27.6667	62	None	None	1	-4	0.6417210216026381
63	13.5000	27.6667	65	None	None	1	-2	0.5160930781175542
64	14.1667	14.3333	59	None	None	1	-5	0.5320570054945257
65	14.3333	14.5000	65	None	None	1	-2	0.443664148351665
66	14.5000	14.6667	59	None	None	1	-5	0.4436641483516658
67	14.6667	29.6667	59	None	None	1	-5	0.532057005494526
68	14.6667	29.6667	65	None	None	1	-2	0.6332245879121038
69	15.0000	30.3333	59	None	None	1	-5	0.7737465659340783
70	15.0000	30.3333	65	None	None	1	-2	1.147922390109897
71	15.3333	31.0000	59	None	None	1	-5	1.2884443681318751
72	15.3333	31.0000	65	None	None	1	-2	1.7087511446886483
73	15.6667	15.8333	65	None	None	1	-2	1.9716632326007373
74	15.8333	16.0000	59	None	None	1	-5	2.1209678342490843
75	16.0000	16.1667	65	None	None	1	-2	2.3933836996336955
76	16.3333	16.5000	64	None	None	1	-3	2.4801024496336974
77	16.6667	16.8333	65	None	None	1	-2	2.746288347069594
78	17.0000	17.1667	62	None	None	1	-4	2.545830471611722
79	17.3333	17.5000	64	None	None	1	-3	2.6160657051282024
80	17.5000	17.6667	59	None	None	1	-5	2.442834249084247
81	17.8333	18.0000	64	None	None	1	-3	2.4801024496336974
82	18.1667	18.3333	65	None	None	1	-2	2.746288347069594
83	18.5000	18.6667	62	None	None	1	-4	2.282918383699633
84	18.8333	19.0000	64	None	None	1	-3	2.3562700320512797
85	19.0000	19.1667	59	None	None	1	-5	2.1143543956043938
86	19.3333	19.5000	64	None	None	1	-2	1.976373626373635
87	19.6667	19.8333	65	None	None	1	-1	1.6508241758241833
88	20.0000	20.1667	62	None	None	1	-2	1.7884615384615508
89	20.3333	20.5000	64	None	None	1	-1	1.3598901098901188
90	20.5000	20.6667	59	None	None	1	-3	1.2568681318681403
91	20.8333	21.0000	59	None	None	1	-3	1.4217032967033068
92	21.1667	21.3333	64	None	None	1	-1	1.524725274725284
93	21.5000	21.6667	59	None	None	1	-3	1.8681490384615578
94	21.8333	22.0000	64	None	None	1	-1	2.6057864010989142
95	22.0000	22.1667	59	None	None	1	-5	2.8674994276556784
96	22.3333	22.5000	64	None	None	1	-3	3.530960966117219
97	22.6667	22.8333	59	None	None	1	-5	5.232601959052838
98	23.0000	23.1667	64	None	None	1	-3	5.261448112898997
99	23.3333	23.5000	59	None	None	1	-5	5.824102645866035
100	23.5000	23.6667	64	None	None	1	-4	5.211751455389848
101	23.6667	24.6667	61	None	None	1	-5	7.339291437728944
102	24.0000	24.3333	62	None	None	1	-4	6.935216346153856
103	24.3333	24.6667	63	None	None	1	-3	7.134666895604398
104	24.6667	25.0000	64	None	None	1	-2	6.894213598901108
105	25.0000	25.1667	65	None	None	1	-1	6.586831918081936
106	25.1667	50.5000	60	None	None	1	-5	5.166887019230781
107	25.1667	51.3333	61	None	None	1	-4	4.362127976190477
108	25.3333	25.6667	62	None	None	1	-3	3.628920558608065
109	25.6667	26.0000	63	None	None	1	-2	3.3647722069597066
110	26.1667	26.5000	65	None	None	1	-1	3.412025994838515
111	26.5000	26.6667	64	None	None	1	-4	1.1354731206293927
112	26.6667	53.6667	62	None	None	1	-5	0.8433800574425735
113	26.6667	53.6667	66	None	None	1	-3	0.8078843031968208
114	26.6667	53.6667	69	None	None	1	-2	0.6579545454545578
115	27.0000	54.3333	62	None	None	1	-5	0.7214160839160967
116	27.0000	54.3333	66	None	None	1	-3	0.7068369130869279
117	27.0000	54.3333	69	None	None	1	-2	0.6213765401265535
118	27.3333	55.0000	62	None	None	1	-5	0.6483225108225231
119	27.3333	55.0000	66	None	None	1	-3	0.6526307026307168
120	27.3333	55.0000	69	None	None	1	-2	0.5848609723609837
121	27.6667	55.6667	62	None	None	1	-5	0.6483225108225209
122	27.6667	55.6667	66	None	None	1	-3	0.6526307026307151
123	27.6667	55.6667	69	None	None	1	-2	0.5848609723609827
124	28.1667	56.6667	62	None	None	1	-5	0.6672098734598845
125	28.1667	56.6667	66	None	None	1	-3	0.6892087079587216
126	28.1667	56.6667	69	None	None	1	-2	0.6579545454545578
127	28.5000	57.3333	62	None	None	1	-5	0.7214160839160967
128	28.5000	57.3333	66	None	None	1	-3	2.347299278102867
129	28.5000	57.3333	69	None	None	1	-1	3.1231161695447427
130	28.8333	58.0000	62	None	None	1	-4	3.188592360020933
131	28.8333	58.0000	66	None	None	1	-2	3.206472396650971
132	28.8333	58.0000	69	None	None	1	-1	3.375428440607011
133	29.1667	58.6667	62	None	None	1	-4	4.006266352694938
134	29.1667	58.6667	66	None	None	1	-2	4.427832286760868
135	29.1667	58.6667	69	None	None	1	-1	4.69198063840922
136	29.6667	30.6667	58	None	None	1	-5	4.3206220862470905
137	29.8333	30.1667	59	None	None	1	-4	3.8017232767232914
138	30.1667	30.5000	60	None	None	1	-3	4.636922551654691
139	30.6667	31.0000	62	None	None	1	-2	5.675803809285944
140	31.0000	31.1667	61	None	None	1	-3	7.7315043587365215
141	31.1667	32.1667	58	None	None	1	-5	7.423836580086594
142	31.5000	31.8333	59	None	None	1	-4	7.719780219780243
143	31.8333	32.1667	60	None	None	1	-3	14.363612392072305
144	32.1667	64.6667	58	None	None	1	-5	14.30692324788316
145	32.1667	64.6667	61	None	None	1	-4	14.105458046417963
146	32.6667	33.6667	68	None	None	1	-2	13.972994676454586
147	33.0000	33.3333	69	None	None	1	-1	13.380045958505873
148	33.3333	33.6667	70	None	None	1	-3	10.531418659878545
149	33.6667	34.0000	71	None	None	1	-2	10.151760817720708
150	34.0000	34.1667	72	None	None	1	-1	9.899443690403585
151	34.1667	35.1667	56	None	None	1	-5	2.7569851444851476
152	34.5000	34.8333	57	None	None	1	-3	2.365361721611726
153	34.8333	35.1667	58	None	None	1	-2	2.4263049450549357
154	35.1667	35.6667	59	None	None	1	-1	1.878228021978015
155	35.6667	72.3333	55	None	None	1	-5	1.914451058201057
156	35.6667	72.3333	59	None	None	1	-2	1.6168320105820098
157	36.6667	37.1667	55	None	None	1	-4	1.8066431914646237
158	37.1667	37.5000	56	None	None	1	-2	2.1830939893439822
159	37.5000	37.8333	56	None	None	1	-2	2.476915792540788
160	37.8333	38.1667	54	None	None	1	-4	2.331225603100599
161	38.1667	76.8333	53	None	None	1	-5	1.6456143393643403
162	38.1667	76.8333	60	None	None	1	-1	1.7904094252308569
163	38.6667	39.0000	56	None	None	1	-2	2.1830939893439822
164	39.0000	39.3333	56	None	None	1	-2	2.476915792540788
165	39.3333	39.6667	54	None	None	1	-3	2.908848145901708
166	39.6667	79.8333	53	None	None	1	-4	2.584237340040907
167	39.6667	79.8333	60	None	None	1	-1	2.683138438942005
168	40.1667	40.5000	56	None	None	1	-2	2.7075660946196645
169	40.5000	40.8333	56	None	None	1	-2	3.3931773583559233
170	40.8333	41.1667	54	None	None	1	-3	7.114305040197872
171	41.1667	82.6667	53	None	None	1	-4	6.55546804386088
172	41.1667	82.6667	60	None	None	1	-1	6.338680367251772
173	41.6667	84.3333	49	None	None	1	-4	5.6492609242609015
174	41.6667	83.6667	57	None	None	1	-1	5.616522829022807
175	42.0000	42.3333	56	None	None	1	-2	4.6781986531986375
176	42.3333	42.6667	54	None	None	1	-3	4.7514066951566765
177	42.6667	43.0000	53	None	None	1	-1	2.3928902116402107
178	43.1667	86.6667	44	None	None	1	-4	2.930383158508147
179	43.1667	87.0000	48	None	None	1	-2	3.0470560689310595
180	43.5000	43.8333	44	None	None	1	-4	3.5494599150849044
181	43.8333	44.1667	41	None	None	1	-5	3.6863303363303226
182	44.1667	88.6667	41	None	None	1	-5	4.585958312520813
183	44.1667	88.6667	48	None	None	1	-4	4.159325917138407
184	44.6667	90.3333	49	None	None	1	-4	4.709598734598739
185	44.6667	89.6667	57	None	None	1	-1	5.48712849650351
186	45.0000	45.3333	56	None	None	1	-2	5.3857033591408685
187	45.3333	45.6667	54	None	None	1	-3	6.02364354395606
188	45.6667	46.0000	53	None	None	1	-5	6.269791666666698
189	46.1667	46.3333	57	None	None	1	-3	6.806250000000019
190	46.3333	46.5000	58	None	None	1	-2	6.806250000000018
191	46.5000	46.6667	57	None	None	1	-3	6.80625000000004
192	46.6667	46.8333	58	None	None	1	-2	6.806250000000016
193	46.8333	47.0000	57	None	None	1	-3	6.806250000000017
194	47.0000	47.1667	58	None	None	1	-2	6.806250000000041
195	47.1667	47.3333	57	None	None	1	-3	6.806250000000019
196	47.3333	47.5000	58	None	None	1	-2	6.806250000000018
197	47.5000	47.6667	57	None	None	1	-3	6.80625000000004
198	47.6667	47.8333	58	None	None	1	-2	6.806250000000016
199	47.8333	48.0000	57	None	None	1	-3	6.806250000000017
200	48.0000	48.1667	58	None	None	1	-2	6.806250000000041
201	48.1667	48.3333	57	None	None	1	-3	6.806250000000019
202	48.3333	48.5000	58	None	None	1	-2	6.806250000000018
203	48.5000	48.6667	57	None	None	1	-3	6.80625000000004
204	48.6667	48.8333	58	None	None	1	-2	6.806250000000016
205	48.8333	49.0000	57	None	None	1	-3	6.806250000000017
206	49.0000	49.1667	58	None	None	1	-2	6.806250000000041
207	49.1667	49.3333	57	None	None	1	-3	6.806250000000019
208	49.3333	49.5000	58	None	None	1	-2	6.806250000000018
209	49.5000	49.6667	57	None	None	1	-3	6.80625000000004
210	49.6667	49.8333	58	None	None	1	-2	6.806250000000016
211	49.8333	50.0000	57	None	None	1	-3	6.806250000000017
212	50.0000	50.1667	58	None	None	1	-2	6.806250000000041
213	50.1667	50.3333	57	None	None	1	-3	6.806250000000019
214	50.3333	50.5000	58	None	None	1	-2	6.806250000000018
215	50.5000	50.6667	57	None	None	1	-3	6.80625000000004
216	50.6667	50.8333	58	None	None	1	-2	6.806250000000016
217	50.8333	51.0000	57	None	None	1	-3	6.078399725274738
218	51.0000	51.1667	58	None	None	1	-2	7.6961023351648485
219	51.1667	51.3333	57	None	None	1	-4	5.591575091575104
220	51.3333	51.5000	58	None	None	1	-3	5.7421932234432225
221	51.5000	51.6667	57	None	None	1	-4	5.055949259074279
222	51.6667	51.8333	58	None	None	1	-2	14.116914187003546
223	51.8333	52.0000	57	None	None	1	-5	14.508942731375827
224	52.0000	52.1667	58	None	None	1	-4	13.699604933756795
225	52.3333	52.5000	61	None	None	1	-3	13.441450588102446
226	52.6667	52.8333	62	None	None	1	-2	13.486339553303907
227	53.0000	53.1667	59	None	None	1	-4	20.82705040495233
228	53.3333	53.5000	61	None	None	1	-3	20.935691763593685
229	53.5000	53.6667	56	None	None	1	-5	20.642263094048953
230	53.8333	54.0000	73	None	None	1	-1	12.37053482232059
231	54.1667	54.3333	74	None	None	1	-2	10.624452110389667
232	54.5000	54.6667	71	None	None	1	-3	18.68489167082932
233	54.8333	55.0000	73	None	None	1	-1	15.194631930569544
234	55.0000	55.1667	68	None	None	1	-2	14.594975337162976
235	55.3333	55.5000	56	None	None	1	-5	11.00512768481528
236	55.6667	55.8333	61	None	None	1	-3	11.680702110389698
237	56.0000	56.1667	56	None	None	1	-5	16.213669143356785
238	56.3333	56.5000	61	None	None	1	-3	16.213669143356782
239	56.5000	56.6667	56	None	None	1	-5	15.920240473812049
240	56.8333	57.0000	73	None	None	1	-1	7.648512202083689
241	57.1667	57.3333	68	None	None	1	-3	8.261576593049858
242	57.5000	57.6667	73	None	None	1	-1	8.88470101327248
243	57.8333	58.0000	68	None	None	1	-3	8.982103610675074
244	58.0000	58.1667	73	None	None	1	-1	8.239096617668089
245	58.3333	58.5000	56	None	None	1	-5	3.7061295847009923
246	58.6667	58.8333	61	None	None	1	-1	2.52613457970599
247	59.0000	59.1667	56	None	None	1	-3	2.5261345797059924
248	59.3333	59.5000	61	None	None	1	-1	2.739598571071754
249	59.5000	59.6667	56	None	None	1	-3	2.897877791850968
250	59.8333	119.8333	51	None	None	1	-5	6.216657226701876
251	59.8333	119.8333	61	None	None	1	-1	6.216657226701882
252	60.1667	60.3333	56	None	None	1	-3	6.216657226701884
253	60.5000	121.1667	51	None	None	1	-5	7.1276658609248
254	60.5000	121.1667	61	None	None	1	-1	10.061584620736408
255	60.8333	61.0000	56	None	None	1	-3	10.158987218139007
256	61.0000	122.1667	51	None	None	1	-5	9.545922827172852
257	61.0000	122.1667	61	None	None	1	-1	10.524631618381669
258	61.3333	122.8333	46	None	None	1	-5	7.333018097973448
259	61.3333	122.8333	56	None	None	1	-2	9.018888774915576
260	61.6667	123.5000	51	None	None	1	-5	8.563073756600572
261	61.6667	123.5000	60	None	None	1	-1	8.478033796560613
262	62.0000	124.1667	46	None	None	1	-5	7.678350444198702
263	62.0000	124.1667	56	None	None	1	-2	10.626976223181597
264	62.3333	124.8333	51	None	None	1	-5	10.171161204866578
265	62.3333	124.8333	60	None	None	1	-1	10.086121244826616
266	62.5000	62.6667	56	None	None	1	-2	11.870957613814785
267	62.8333	125.8333	46	None	None	1	-5	9.588953903239613
268	62.8333	125.8333	56	None	None	1	-2	11.605779042386178
269	63.1667	126.5000	51	None	None	1	-5	10.735979199372059
270	63.1667	126.5000	61	None	None	1	-1	10.638576601969469
271	63.5000	127.1667	46	None	None	1	-5	9.231799450549495
272	63.5000	127.1667	56	None	None	1	-2	11.60577904238616
273	63.8333	127.8333	51	None	None	1	-5	10.735979199372014
274	63.8333	127.8333	61	None	None	1	-1	10.638576601969419
275	64.0000	64.1667	56	None	None	1	-2	11.87095761381472
276	64.3333	128.8333	46	None	None	1	-5	9.588953903239547
277	64.3333	128.8333	56	None	None	1	-2	8.644154060225405
278	64.6667	129.5000	51	None	None	1	-5	7.76199157984863
279	64.6667	129.5000	61	None	None	1	-1	7.881909162266216
280	65.0000	130.1667	46	None	None	1	-5	4.458799533799511
281	65.0000	130.1667	56	None	None	1	-2	3.4473829741686917
282	65.3333	130.8333	51	None	None	1	-5	2.6975007135721345
283	65.3333	130.8333	61	None	None	1	-1	3.0436259425098493
284	65.5000	65.6667	56	None	None	1	-3	3.4150012933494835
285	65.8333	131.8333	51	None	None	1	-5	3.312685751748229
286	65.8333	131.8333	60	None	None	1	-1	3.690895042457514
287	66.1667	66.3333	56	None	None	1	-3	3.409926011488475
288	66.5000	133.1667	51	None	None	1	-5	3.48989068966745
289	66.5000	133.1667	60	None	None	1	-1	3.4985070732838324
290	66.8333	67.0000	56	None	None	1	-3	3.617138441915194
291	67.0000	134.1667	51	None	None	1	-5	3.0040740509490362
292	67.0000	134.1667	60	None	None	1	-2	2.4823660714285722
293	67.3333	67.5000	56	None	None	1	-4	2.7404933608058704
294	67.6667	67.8333	61	None	None	1	-2	2.9048134157509153
295	68.0000	68.1667	56	None	None	1	-4	3.133035714285745
296	68.3333	68.5000	61	None	None	1	-2	3.133035714285745
297	68.5000	68.6667	56	None	None	1	-4	3.133035714285745
298	68.8333	69.0000	61	None	None	1	-2	3.133035714285745
299	69.1667	69.3333	56	None	None	1	-4	3.133035714285745
300	69.5000	69.6667	61	None	None	1	-2	3.133035714285745
301	69.8333	70.0000	56	None	None	1	-4	3.133035714285745
302	70.0000	70.1667	61	None	None	1	-2	3.133035714285745
303	70.1667	70.5000	56	None	None	1	-4	3.133035714285745
304	70.5000	71.1667	61	None	None	1	0	3.133035714285745
