0	0.0000	0.6667	76	None	None	0	5	1.7144358616000597
1	0.9167	2.0833	69	None	None	0	1	1.888253164830186
2	0.9167	2.0833	76	None	None	0	4	2.094278948138395
3	1.3333	2.8333	67	None	None	0	1	1.9955846317021433
4	1.3333	2.8333	76	None	None	0	5	1.4769218428780604
5	1.7500	3.7500	69	None	None	0	2	2.110064239715732
6	1.7500	3.7500	76	None	None	0	4	2.0344660475852834
7	2.1667	4.5833	71	None	None	0	2	1.9334646296483795
8	2.1667	4.5833	76	None	None	0	4	1.8199129931128695
9	2.4167	2.6667	74	None	None	0	3	2.0838454891882194
10	2.8333	5.8333	73	None	None	0	2	2.628723796364911
11	2.8333	5.8333	76	None	None	0	3	2.718053821178806
12	3.1667	6.5000	73	None	None	0	2	3.1078889860139736
13	3.1667	6.5000	79	None	None	0	5	3.2067328504828376
14	3.5000	7.1667	73	None	None	0	3	3.317913336663322
15	3.5000	7.1667	76	None	None	0	4	3.588884032634021
16	3.8333	7.8333	73	None	None	0	3	3.90881410256409
17	3.8333	7.8333	74	None	None	0	4	3.4642170329670225
18	4.0000	4.1667	71	None	None	0	2	2.9513736263736234
19	4.3333	8.8333	72	None	None	0	3	3.4505494505494454
20	4.3333	8.8333	76	None	None	0	4	3.5794871794871757
21	4.6667	9.5000	75	None	None	0	2	3.5797390109890106
22	4.6667	9.5000	76	None	None	0	4	3.026717032967036
23	5.0000	10.1667	72	None	None	0	2	2.8159340659340706
24	5.0000	10.1667	76	None	None	0	4	2.720867673992682
25	5.3333	10.8333	71	None	None	0	2	2.746393183494646
26	5.3333	10.8333	76	None	None	0	4	2.4854661204534536
27	5.5000	5.6667	67	None	None	0	1	3.8339867313186153
28	5.8333	11.8333	69	None	None	0	2	3.507394941715517
29	5.8333	11.8333	75	None	None	0	5	3.1865117813149233
30	6.1667	6.5000	75	None	None	0	5	3.657940352743498
31	6.6667	13.5000	69	None	None	0	2	3.6542436835970022
32	6.6667	13.5000	75	None	None	0	5	3.6767933747215147
33	6.9444	14.0000	67	None	None	0	3	2.5039184515886226
34	6.9444	14.0000	71	None	None	0	4	2.184047144656025
35	7.0556	7.1667	66	None	None	0	2	2.6353026890239546
36	7.3333	14.8333	64	None	None	0	1	2.733718487951057
37	7.3333	14.8333	69	None	None	0	2	2.2017857142857116
38	7.6667	15.5000	65	None	None	0	2	2.289972527472521
39	7.6667	15.5000	69	None	None	0	3	2.0262362637362514
40	8.0000	16.1667	64	None	None	0	1	2.0262362637362514
41	8.0000	16.1667	69	None	None	0	2	1.8614010989010887
42	8.3333	16.8333	68	None	None	0	2	1.7109890109889976
43	8.3333	16.8333	69	None	None	0	3	1.6656593406593276
44	8.5000	8.6667	64	None	None	0	1	1.424999999999989
45	8.8333	17.8333	67	None	None	0	4	2.083928571428574
46	8.8333	17.8333	69	None	None	0	5	3.635336538461542
47	9.1667	18.5000	64	None	None	0	3	3.731729276158624
48	9.1667	18.5000	69	None	None	0	5	4.20384615384615
49	9.5000	19.1667	67	None	None	0	4	4.348649267399267
50	9.5000	19.1667	69	None	None	0	5	4.51155277014652
51	9.8333	19.8333	62	None	None	0	2	4.5290817689255185
52	9.8333	19.8333	65	None	None	0	4	4.345744273088021
53	10.0000	10.1667	58	None	None	0	1	4.4390478445165975
54	10.5000	11.1667	57	None	None	0	3	3.3832442730880308
55	11.1667	11.3333	55	None	None	0	2	3.2653871302308874
56	11.3333	11.5000	57	None	None	0	3	3.028349694774776
57	11.5000	11.6667	59	None	None	0	4	2.7339040550731095
58	11.6667	12.6667	60	None	None	0	5	2.4026527104087405
59	12.6667	12.8333	58	None	None	0	4	2.3851237116297423
60	12.8333	13.0000	56	None	None	0	3	2.959325764596848
61	13.0000	13.1667	54	None	None	0	2	2.872317980714062
62	13.1667	13.5000	53	None	None	0	1	1.669536387307466
63	13.5000	14.1667	53	None	None	0	1	2.322283640054721
64	16.1667	32.6667	60	None	None	0	2	2.3971534489606756
65	16.1667	32.6667	64	None	None	0	3	2.4371706606646364
66	16.1667	32.6667	67	None	None	0	4	2.6295787545787492
67	16.5000	33.3333	60	None	None	0	1	2.7037545787545794
68	16.5000	33.3333	67	None	None	0	3	2.5412087912087884
69	16.5000	33.3333	69	None	None	0	4	2.3291666666666653
70	16.8333	34.0000	60	None	None	0	1	2.374954212454211
71	16.8333	34.0000	62	None	None	0	2	2.1017348392348283
72	16.8333	34.0000	67	None	None	0	4	1.9744454619454503
73	17.1667	34.6667	60	None	None	0	1	1.8517348392348238
74	17.1667	34.6667	64	None	None	0	3	1.9081501831501775
75	17.1667	34.6667	67	None	None	0	5	1.57641941391941
76	17.6667	35.6667	60	None	None	0	2	1.8657738095238057
77	17.6667	35.6667	64	None	None	0	3	1.6106456043956034
78	17.6667	35.6667	67	None	None	0	5	1.6627289377289398
79	18.0000	36.3333	60	None	None	0	2	2.1296245421245397
80	18.0000	36.3333	65	None	None	0	4	1.8767857142857143
81	18.0000	36.3333	67	None	None	0	5	1.8549679487179558
82	18.3333	37.0000	60	None	None	0	2	2.1100961538461602
83	18.3333	37.0000	62	None	None	0	3	2.1125915750915754
84	18.3333	37.0000	67	None	None	0	5	2.076076007326005
85	18.6667	37.6667	60	None	None	0	1	1.8517348392348238
86	18.6667	37.6667	64	None	None	0	3	1.9081501831501775
87	18.6667	37.6667	67	None	None	0	5	1.57641941391941
88	19.1667	38.6667	60	None	None	0	2	1.8657738095238057
89	19.1667	38.6667	64	None	None	0	3	1.6106456043956034
90	19.1667	38.6667	67	None	None	0	5	1.6627289377289398
91	19.5000	39.3333	60	None	None	0	2	2.1296245421245397
92	19.5000	39.3333	65	None	None	0	4	1.8767857142857143
93	19.5000	39.3333	67	None	None	0	5	1.8549679487179558
94	19.8333	40.0000	60	None	None	0	2	2.1100961538461602
95	19.8333	40.0000	62	None	None	0	3	2.1125915750915754
96	19.8333	40.0000	67	None	None	0	5	1.9986212861212824
97	20.1667	40.6667	60	None	None	0	1	1.9109839234839079
98	20.1667	40.6667	64	None	None	0	2	2.2729802604802423
99	20.1667	40.6667	67	None	None	0	4	1.8368080993080804
100	20.6667	41.6667	60	None	None	0	1	2.009427146927132
101	20.6667	41.6667	64	None	None	0	2	2.378978428978411
102	20.6667	41.6667	67	None	None	0	4	2.071520146520128
103	21.0000	42.3333	60	None	None	0	1	2.145695970695958
104	21.0000	42.3333	64	None	None	0	2	2.4092490842490686
105	21.0000	42.3333	67	None	None	0	4	1.9655219780219664
106	21.3333	43.0000	60	None	None	0	1	1.9206501831501723
107	21.3333	43.0000	64	None	None	0	2	2.272980260480246
108	21.3333	43.0000	67	None	None	0	4	1.8368080993080842
109	21.6667	43.6667	60	None	None	0	1	1.9109839234839079
110	21.6667	43.6667	64	None	None	0	2	2.2729802604802423
111	21.6667	43.6667	67	None	None	0	4	1.8368080993080804
112	22.1667	44.6667	60	None	None	0	1	2.009427146927132
113	22.1667	44.6667	64	None	None	0	2	2.378978428978411
114	22.1667	44.6667	67	None	None	0	4	2.071520146520128
115	22.5000	45.3333	60	None	None	0	1	2.145695970695958
116	22.5000	45.3333	64	None	None	0	2	3.16663481446089
117	22.5000	45.3333	67	None	None	0	4	3.2054387641344104
118	22.8333	46.0000	60	None	None	0	1	3.2816252587991572
119	22.8333	46.0000	64	None	None	0	2	4.762848383500544
120	22.8333	46.0000	67	None	None	0	4	4.418983914636079
121	23.1667	46.6667	60	None	None	0	1	4.278204381669051
122	23.1667	46.6667	64	None	None	0	2	5.717524436614109
123	23.1667	46.6667	67	None	None	0	4	7.509600329471234
124	23.8333	48.3333	72	None	None	0	4	7.798599373905068
125	23.8333	48.0000	72	None	None	0	5	8.503574290293034
126	24.1667	24.5000	71	None	None	0	0	-1
127	24.5000	49.1667	70	None	None	0	0	-1
128	24.5000	49.1667	72	None	None	0	0	-1
129	24.6667	24.8333	70	None	None	0	0	-1
130	24.8333	25.0000	69	None	None	0	0	-1
131	25.0000	25.1667	68	None	None	0	5	9.843413506136725
132	25.3333	51.3333	60	None	None	0	3	8.939405014628226
133	25.3333	51.0000	60	None	None	0	2	8.520429347438276
134	25.6667	26.0000	59	None	None	0	1	8.280107169616095
135	26.0000	26.1667	58	None	None	0	3	5.711093519575673
136	26.3333	26.5000	56	None	None	0	1	4.479856527401167
137	26.5000	26.6667	57	None	None	0	2	3.336172755815617
138	26.8333	27.0000	61	None	None	0	3	2.8828760525189137
139	27.1667	27.3333	66	None	None	0	5	3.1763047220636507
140	27.5000	27.6667	61	None	None	0	1	3.013455294705315
141	27.8333	28.0000	66	None	None	0	3	3.4730373792873985
142	28.0000	28.1667	61	None	None	0	1	3.0334769397269525
143	28.3333	28.5000	66	None	None	0	3	3.493059024309031
144	28.6667	28.8333	61	None	None	0	1	3.680215617715624
145	29.0000	29.1667	66	None	None	0	3	4.520692848817861
146	29.3333	29.5000	61	None	None	0	1	5.14236479666168
147	29.5000	29.6667	66	None	None	0	2	5.32517014235764
148	29.8333	30.5000	72	None	None	0	5	7.060545574217453
149	30.1667	30.5000	71	None	None	0	4	8.96011059253248
150	30.5000	61.1667	70	None	None	0	3	9.409286416708303
151	30.5000	61.1667	71	None	None	0	4	9.301383902555795
152	30.6667	61.5000	70	None	None	0	4	8.872924081127218
153	30.6667	61.8333	71	None	None	0	5	8.066841491841501
154	30.8333	31.0000	68	None	None	0	3	8.322523310023335
155	31.0000	31.1667	69	None	None	0	5	7.4005452880453015
156	31.3333	32.0000	57	None	None	0	0	-1
157	31.6667	32.0000	56	None	None	0	0	-1
158	32.0000	64.1667	55	None	None	0	0	-1
159	32.0000	64.1667	57	None	None	0	0	-1
160	32.1667	64.5000	55	None	None	0	0	-1
161	32.1667	64.6667	57	None	None	0	0	-1
162	32.3333	32.5000	53	None	None	0	0	-1
163	32.5000	32.6667	54	None	None	0	0	-1
164	32.8333	33.5000	74	None	None	0	2	4.433450663919415
165	33.1667	33.5000	75	None	None	0	3	3.9927815116431185
166	33.5000	67.1667	75	None	None	0	2	3.601943183304791
167	33.5000	67.1667	76	None	None	0	3	3.6678257382498565
168	33.6667	67.8333	75	None	None	0	3	4.113723590397703
169	33.6667	67.5000	76	None	None	0	4	3.461014915144378
170	33.8333	34.1667	77	None	None	0	5	3.4139539032396162
171	34.1667	34.3333	74	None	None	0	4	3.1507899838256974
172	35.0000	70.1667	62	None	None	0	1	2.7508767896693587
173	35.0000	70.1667	65	None	None	0	3	4.431951390895089
174	35.1667	35.3333	65	None	None	0	3	5.24244687367318
175	35.3333	35.6667	63	None	None	0	2	5.436150755019117
176	35.6667	72.3333	62	None	None	0	1	5.026535370403732
177	35.6667	71.5000	64	None	None	0	2	4.781108070430976
178	35.8333	36.1667	65	None	None	0	3	4.869203308526217
179	36.1667	36.5000	67	None	None	0	1	2.906249696583731
180	37.5000	38.1667	69	None	None	0	0	-1
181	38.1667	38.2500	70	None	None	0	0	-1
182	38.2500	38.3333	68	None	None	0	0	-1
183	38.3333	38.4167	70	None	None	0	0	-1
184	38.4167	38.5000	68	None	None	0	0	-1
185	38.5000	38.6667	70	None	None	0	0	-1
186	39.0000	39.6667	69	None	None	0	0	-1
187	39.6667	39.7500	70	None	None	0	1	28.94908685064942
188	39.7500	39.8333	71	None	None	0	5	26.002658279220892
189	39.8333	39.9167	70	None	None	0	1	18.87483818265058
190	39.9167	40.0000	71	None	None	0	5	15.88739398622206
191	40.0000	40.1667	70	None	None	0	1	9.241317536630072
192	40.1667	40.3333	69	None	None	0	3	7.4324891254579155
193	40.3333	40.5000	67	None	None	0	2	7.470137934981732
194	40.5000	40.6667	69	None	None	0	3	7.585651327838881
195	40.6667	40.8333	67	None	None	0	2	7.623300137362698
196	40.8333	41.1667	69	None	None	0	1	3.587027815934091
197	41.1667	41.3333	70	None	None	0	2	2.7616360780423554
198	41.3333	41.5000	72	None	None	0	1	3.2877976190476197
199	41.5000	41.6667	74	None	None	0	2	2.65063244047621
200	41.6667	41.8333	76	None	None	0	3	2.3425967261904894
201	41.8333	42.0000	74	None	None	0	2	3.164759871339857
202	42.0000	42.1667	76	None	None	0	3	4.297200347530324
203	42.1667	42.3333	74	None	None	0	2	6.18172181079795
204	42.3333	42.6667	76	None	None	0	3	7.0522575250836494
205	42.8333	43.0000	74	None	None	0	1	6.533209906036017
206	43.0000	43.1667	79	None	None	0	2	7.19277950310562
207	43.1667	43.5000	81	None	None	0	3	8.591110248447242
208	43.5000	44.1667	81	None	None	0	3	9.03916219649918
209	44.1667	44.2500	82	None	None	0	4	10.409180312441263
210	44.2500	44.3333	81	None	None	0	3	10.851144598155534
211	44.3333	44.4167	82	None	None	0	5	15.374764728025552
212	44.4167	44.5000	81	None	None	0	4	17.87866575124479
213	44.5000	44.6667	79	None	None	0	3	17.48063033758439
214	45.0000	45.6667	69	None	None	0	1	16.305721912675967
215	45.6667	45.7500	67	None	None	0	2	14.668609116052288
216	45.7500	45.8333	69	None	None	0	1	8.226925799369047
217	45.8333	45.9167	70	None	None	0	3	4.621445105820069
218	45.9167	46.0000	71	None	None	0	4	5.502397486772466
219	46.0000	46.1667	72	None	None	0	5	5.056797996976562
220	46.5000	93.3333	53	None	None	0	1	2.8376940726270976
221	46.5000	93.3333	61	None	None	0	4	2.8840030876861142
222	46.8333	94.0000	53	None	None	0	1	2.9023597310427562
223	46.8333	94.0000	61	None	None	0	5	2.4360380690737786
224	47.1667	94.8333	53	None	None	0	2	2.7380985086342178
225	47.1667	94.8333	61	None	None	0	5	2.066023188121397
226	48.0000	96.3333	49	None	None	0	2	2.086748360058303
227	48.0000	96.3333	53	None	None	0	5	1.7220553150081188
228	48.3333	97.0000	49	None	None	0	3	1.9212810892338932
229	48.3333	97.0000	53	None	None	0	5	2.5030919866697965
230	48.6667	97.8333	49	None	None	0	3	2.5257151967930085
231	48.6667	97.8333	53	None	None	0	5	2.5287731507438176
232	49.5000	99.3333	41	None	None	0	2	1.9200510904911443
233	49.5000	99.3333	49	None	None	0	5	1.9962644756899488
234	49.8333	100.0000	39	None	None	0	1	1.93158956726504
235	49.8333	100.0000	47	None	None	0	3	1.6363418737060065
236	50.1667	100.8333	41	None	None	0	1	2.9505917995048434
237	50.1667	100.8333	49	None	None	0	2	3.180714339002379
238	50.6667	102.0000	47	None	None	0	1	3.0940327913833303
239	50.6667	102.0000	51	None	None	0	3	2.8372812096317457
240	51.3333	103.0000	49	None	None	0	1	2.5560690341260943
241	51.3333	103.0000	53	None	None	0	2	2.6091835826210783
242	51.6667	103.6667	51	None	None	0	1	1.7157769892144834
243	51.6667	103.6667	55	None	None	0	2	1.4166011650386576
244	52.1667	104.6667	57	None	None	0	2	0.979925340862832
245	52.1667	104.6667	61	None	None	0	4	1.0096554487179394
246	52.1667	104.6667	64	None	None	0	5	1.0552999084248975
247	52.5000	105.3333	57	None	None	0	1	3.3644230769230887
248	52.5000	105.3333	62	None	None	0	3	4.0134933353683495
249	52.5000	105.3333	64	None	None	0	4	3.9004839489214596
250	52.8333	106.0000	57	None	None	0	1	3.600483948921452
251	52.8333	106.0000	64	None	None	0	4	3.459458307895801
252	53.1667	106.6667	57	None	None	0	1	3.3657083078958028
253	53.1667	106.6667	61	None	None	0	2	3.0529335826210766
254	53.1667	106.6667	64	None	None	0	3	3.1229885276760285
255	53.6667	107.6667	69	None	None	0	3	2.112342923280426
256	53.6667	107.6667	73	None	None	0	4	1.3528331043956054
257	53.6667	107.6667	76	None	None	0	5	1.3411858974358999
258	54.0000	108.3333	69	None	None	0	2	1.4511103479853498
259	54.0000	108.3333	74	None	None	0	4	3.4447000915750934
260	54.0000	108.3333	76	None	None	0	5	3.4492330586080597
261	54.3333	109.0000	69	None	None	0	2	3.4811469780219793
262	54.3333	109.0000	71	None	None	0	3	3.7111306517556457
263	54.3333	109.0000	76	None	None	0	5	3.7496608715358613
264	54.6667	109.6667	69	None	None	0	2	3.8147707616457516
265	54.6667	109.6667	73	None	None	0	4	3.824728916916405
266	54.6667	109.6667	76	None	None	0	5	3.767437250249743
267	55.1667	110.6667	57	None	None	0	1	1.6460430194805133
268	55.1667	110.6667	61	None	None	0	4	0.8245592948717845
269	55.1667	110.6667	64	None	None	0	5	0.8129120879120788
270	55.5000	111.3333	57	None	None	0	2	0.9228365384615285
271	55.5000	111.3333	61	None	None	0	4	3.2157144938394944
272	55.5000	111.3333	64	None	None	0	5	3.865299862174865
273	55.8333	112.0000	57	None	None	0	1	3.689819613257112
274	55.8333	112.0000	61	None	None	0	3	3.313396036833531
275	55.8333	112.0000	64	None	None	0	4	3.2743621540496477
276	56.1667	112.6667	57	None	None	0	1	3.0842866045990953
277	56.1667	112.6667	61	None	None	0	2	2.771511879324369
278	56.1667	112.6667	64	None	None	0	3	2.7590347730972664
279	56.6667	113.6667	69	None	None	0	3	1.584069113756605
280	56.6667	113.6667	73	None	None	0	4	0.8245592948717845
281	56.6667	113.6667	76	None	None	0	5	0.8129120879120788
282	57.0000	114.3333	69	None	None	0	2	0.9228365384615285
283	57.0000	114.3333	73	None	None	0	4	3.1015224358974254
284	57.0000	114.3333	76	None	None	0	5	3.2023809523809463
285	57.3333	115.0000	69	None	None	0	2	3.2342948717948654
286	57.3333	115.0000	73	None	None	0	4	3.546810596810586
287	57.3333	115.0000	76	None	None	0	5	3.7496608715358613
288	57.6667	115.6667	69	None	None	0	2	3.8147707616457516
289	57.6667	115.6667	73	None	None	0	4	3.824728916916405
290	57.6667	115.6667	76	None	None	0	5	3.767437250249743
291	58.1667	116.6667	57	None	None	0	1	1.6460430194805133
292	58.1667	116.6667	61	None	None	0	4	0.8245592948717845
293	58.1667	116.6667	64	None	None	0	5	0.8129120879120788
294	58.5000	117.3333	57	None	None	0	2	0.9228365384615285
295	58.5000	117.3333	61	None	None	0	4	0.8550938644688534
296	58.5000	117.3333	64	None	None	0	5	0.7680720899470822
297	58.8333	118.0000	57	None	None	0	2	0.8323520807895729
298	58.8333	118.0000	61	None	None	0	4	0.7797192969067852
299	58.8333	118.0000	64	None	None	0	5	0.7224276302401187
300	59.1667	118.6667	57	None	None	0	2	0.8323520807895685
301	59.1667	118.6667	61	None	None	0	4	0.7797192969067834
302	59.1667	118.6667	64	None	None	0	5	0.7224276302401214
303	59.6667	119.6667	57	None	None	0	2	0.847461970899463
304	59.6667	119.6667	61	None	None	0	4	0.8245592948717845
305	59.6667	119.6667	64	None	None	0	5	0.8129120879120788
306	60.0000	120.3333	57	None	None	0	2	0.9228365384615285
307	60.0000	120.3333	61	None	None	0	4	0.8550938644688534
308	60.0000	120.3333	64	None	None	0	5	0.7680720899470822
309	60.3333	121.0000	57	None	None	0	2	0.8323520807895729
310	60.3333	121.0000	61	None	None	0	4	0.7797192969067852
311	60.3333	121.0000	64	None	None	0	5	0.7224276302401187
312	60.6667	121.6667	57	None	None	0	2	0.8323520807895685
313	60.6667	121.6667	61	None	None	0	4	0.7797192969067834
314	60.6667	121.6667	64	None	None	0	5	0.7224276302401214
315	61.1667	122.6667	57	None	None	0	2	0.847461970899463
316	61.1667	122.6667	61	None	None	0	4	0.8245592948717845
317	61.1667	122.6667	64	None	None	0	5	0.8129120879120788
318	61.5000	123.3333	57	None	None	0	2	0.9228365384615285
319	61.5000	123.3333	61	None	None	0	4	0.8550938644688534
320	61.5000	123.3333	64	None	None	0	5	0.7680720899470822
321	61.8333	124.0000	57	None	None	0	2	0.8323520807895729
322	61.8333	124.0000	61	None	None	0	4	0.7797192969067852
323	61.8333	124.0000	64	None	None	0	5	0.7224276302401187
324	62.1667	124.6667	57	None	None	0	2	0.8323520807895685
325	62.1667	124.6667	61	None	None	0	4	0.7797192969067834
326	62.1667	124.6667	64	None	None	0	5	0.7224276302401214
327	62.6667	125.6667	57	None	None	0	2	0.847461970899463
328	62.6667	125.6667	61	None	None	0	4	0.8245592948717845
329	62.6667	125.6667	64	None	None	0	5	0.8129120879120788
330	63.0000	126.3333	57	None	None	0	2	0.9228365384615285
331	63.0000	126.3333	61	None	None	0	4	0.8550938644688538
332	63.0000	126.3333	64	None	None	0	5	0.7680720899470836
333	63.3333	127.0000	57	None	None	0	2	0.8323520807895758
334	63.3333	127.0000	61	None	None	0	4	0.7797192969067872
335	63.3333	127.0000	64	None	None	0	5	0.7224276302401189
336	63.6667	127.6667	57	None	None	0	2	0.8323520807895659
337	63.6667	127.6667	61	None	None	0	4	0.7797192969067809
338	63.6667	127.6667	64	None	None	0	5	0.7224276302401188
339	64.1667	128.6667	57	None	None	0	2	0.8474619708994598
340	64.1667	128.6667	61	None	None	0	4	0.8245592948717814
341	64.1667	128.6667	64	None	None	0	5	0.8129120879120761
342	64.5000	129.3333	57	None	None	0	2	0.9228365384615294
343	64.5000	129.3333	61	None	None	0	4	0.8550938644688559
344	64.5000	129.3333	64	None	None	0	5	0.7680720899470875
345	64.8333	130.0000	57	None	None	0	2	0.8323520807895781
346	64.8333	130.0000	61	None	None	0	4	0.7797192969067896
347	64.8333	130.0000	64	None	None	0	5	0.7224276302401215
348	65.1667	130.6667	57	None	None	0	2	0.8323520807895675
349	65.1667	130.6667	61	None	None	0	4	0.7797192969067807
350	65.1667	130.6667	64	None	None	0	5	0.722427630240116
351	65.6667	131.6667	57	None	None	0	2	0.8474619708994576
352	65.6667	131.6667	61	None	None	0	4	0.82455929487178
353	65.6667	131.6667	64	None	None	0	5	0.8129120879120761
354	66.0000	132.3333	57	None	None	0	2	0.9228365384615294
355	66.0000	132.3333	61	None	None	0	4	0.8550938644688559
356	66.0000	132.3333	64	None	None	0	5	0.7680720899470875
357	66.3333	133.0000	57	None	None	0	2	0.8323520807895781
358	66.3333	133.0000	61	None	None	0	4	0.7797192969067896
359	66.3333	133.0000	64	None	None	0	5	0.7224276302401215
360	66.6667	133.6667	57	None	None	0	2	0.8323520807895675
361	66.6667	133.6667	61	None	None	0	4	0.7797192969067807
362	66.6667	133.6667	64	None	None	0	5	0.722427630240116
363	67.1667	134.6667	57	None	None	0	2	0.8474619708994576
364	67.1667	134.6667	61	None	None	0	4	0.82455929487178
365	67.1667	134.6667	64	None	None	0	5	0.8129120879120761
366	67.5000	135.3333	57	None	None	0	2	0.9228365384615294
367	67.5000	135.3333	61	None	None	0	4	0.8550938644688559
368	67.5000	135.3333	64	None	None	0	5	0.7680720899470875
369	67.8333	136.0000	57	None	None	0	2	0.8323520807895781
370	67.8333	136.0000	61	None	None	0	4	0.7797192969067896
371	67.8333	136.0000	64	None	None	0	5	0.7224276302401215
372	68.1667	136.6667	57	None	None	0	2	0.8323520807895675
373	68.1667	136.6667	61	None	None	0	4	0.7797192969067807
374	68.1667	136.6667	64	None	None	0	5	0.722427630240116
375	68.6667	137.6667	57	None	None	0	2	0.8474619708994576
376	68.6667	137.6667	61	None	None	0	4	0.82455929487178
377	68.6667	137.6667	64	None	None	0	5	0.8129120879120761
378	69.0000	138.3333	57	None	None	0	2	0.8129120879120761
379	69.0000	138.3333	61	None	None	0	4	0.8129120879120761
380	69.0000	138.3333	64	None	None	0	5	0.8129120879120761
381	69.3333	139.0000	57	None	None	0	2	0.8129120879120761
382	69.3333	139.0000	61	None	None	0	4	0.8129120879120761
383	69.3333	139.0000	64	None	None	0	5	0.8129120879120761
384	69.6667	139.6667	57	None	None	0	2	0.8129120879120761
385	69.6667	139.6667	61	None	None	0	4	0.8129120879120761
386	69.6667	139.6667	64	None	None	0	0	0.8129120879120761
