0	0.0000	0.9000	68	None	None	0	2	0.6567835533553376
1	0.0000	0.9000	71	None	None	0	3	0.9098195202173278
2	0.0000	0.9000	76	None	None	0	5	1.1610255719449512
3	0.9000	2.7000	68	None	None	0	2	1.3475493646303427
4	0.9000	2.7000	71	None	None	0	3	1.383850637614784
5	0.9000	2.7000	76	None	None	0	5	1.4605442176870769
6	1.8000	4.2000	66	None	None	0	1	1.19560260770975
7	1.8000	4.2000	69	None	None	0	2	1.2261383219954642
8	1.8000	4.2000	74	None	None	0	3	1.003935941043084
9	2.4000	5.7000	71	None	None	0	1	0.6458293650793662
10	2.4000	5.7000	74	None	None	0	2	1.1412446145124715
11	2.4000	5.7000	79	None	None	0	4	0.9721913265306106
12	4.8000	10.5000	74	None	None	0	2	0.9729988662131503
13	4.8000	10.5000	77	None	None	0	3	0.926774376417234
14	4.8000	10.5000	82	None	None	0	5	1.004963151927439
15	5.7000	12.3000	71	None	None	0	2	2.3163917233560114
16	5.7000	12.3000	74	None	None	0	3	2.221471088435376
17	5.7000	12.3000	79	None	None	0	5	2.320370464852608
18	6.6000	13.8000	67	None	None	0	2	2.026670918367346
19	6.6000	13.8000	71	None	None	0	3	1.8780598072562353
20	6.6000	13.8000	75	None	None	0	5	2.160599489795918
21	7.2000	15.3000	67	None	None	0	3	1.8067474489795927
22	7.2000	15.3000	72	None	None	0	5	1.701728174603175
23	9.6000	20.1000	48	None	None	0	1	1.0576210317460326
24	9.6000	20.1000	52	None	None	0	3	1.1274929138321996
25	9.6000	20.1000	56	None	None	0	5	1.6536408730158725
26	10.5000	21.9000	49	None	None	0	1	1.2625014172335631
27	10.5000	21.9000	53	None	None	0	2	1.330537131519277
28	10.5000	21.9000	58	None	None	0	4	1.3478010204081659
29	11.4000	23.4000	50	None	None	0	1	1.4016906307977754
30	11.4000	23.4000	55	None	None	0	3	1.3420477736549192
31	11.4000	23.4000	59	None	None	0	5	2.1507653061224508
32	12.0000	24.9000	53	None	None	0	3	2.0742346938775524
33	12.0000	24.9000	53	None	None	0	2	1.81607142857143
34	12.0000	24.9000	60	None	None	0	0	-1
35	14.4000	29.7000	47	None	None	0	0	-1
36	14.4000	29.7000	51	None	None	0	0	-1
37	15.3000	31.5000	45	None	None	0	0	-1
38	15.3000	31.5000	48	None	None	0	0	-1
39	16.2000	33.0000	38	None	None	0	0	-1
40	16.2000	33.0000	43	None	None	0	0	-1
41	16.8000	17.7000	40	None	None	0	0	-1
42	18.9000	19.2000	66	None	None	0	1	13.003762755102038
43	19.2000	19.5000	80	None	None	0	5	11.919642857142865
44	19.5000	19.8000	68	None	None	0	1	11.688392857142867
45	19.8000	20.1000	68	None	None	0	1	11.688392857142867
46	20.1000	20.4000	80	None	None	0	5	11.919642857142852
47	20.4000	20.7000	68	None	None	0	1	11.688392857142853
48	20.7000	21.0000	68	None	None	0	1	11.688392857142853
49	21.0000	21.3000	80	None	None	0	5	11.91964285714285
50	21.3000	21.6000	68	None	None	0	1	11.688392857142853
51	21.6000	21.9000	80	None	None	0	5	11.919642857142838
52	21.9000	22.2000	68	None	None	0	1	11.688392857142839
53	22.2000	22.5000	68	None	None	0	1	11.688392857142839
54	22.5000	22.8000	80	None	None	0	5	11.919642857142838
55	22.8000	23.1000	68	None	None	0	1	11.688392857142839
56	23.1000	23.4000	68	None	None	0	1	11.688392857142839
57	23.4000	23.7000	80	None	None	0	5	11.919642857142838
58	23.7000	24.0000	68	None	None	0	1	11.68839285714286
59	24.0000	24.3000	80	None	None	0	5	11.919642857142861
60	24.3000	24.6000	68	None	None	0	1	11.688392857142862
61	24.6000	24.9000	68	None	None	0	1	11.688392857142862
62	24.9000	25.2000	80	None	None	0	5	11.91964285714286
63	25.2000	25.5000	68	None	None	0	1	11.688392857142883
64	25.5000	25.8000	68	None	None	0	1	11.688392857142883
65	25.8000	26.1000	80	None	None	0	5	11.919642857142883
66	26.1000	26.4000	68	None	None	0	1	11.688392857142862
67	26.4000	26.7000	80	None	None	0	5	11.919642857142874
68	26.7000	27.0000	68	None	None	0	1	11.688392857142876
69	27.0000	27.3000	68	None	None	0	1	11.688392857142876
70	27.3000	27.6000	80	None	None	0	5	11.919642857142874
71	27.6000	27.9000	68	None	None	0	1	11.688392857142853
72	27.9000	28.2000	68	None	None	0	1	11.688392857142853
73	28.2000	28.5000	80	None	None	0	5	11.91964285714285
74	28.5000	28.8000	68	None	None	0	1	11.688392857142853
75	28.8000	29.1000	80	None	None	0	5	11.919642857142838
76	29.1000	29.4000	68	None	None	0	1	11.688392857142839
77	29.4000	29.7000	68	None	None	0	1	11.688392857142839
78	29.7000	30.0000	80	None	None	0	5	11.919642857142826
79	30.0000	30.3000	68	None	None	0	1	11.688392857142848
80	30.3000	30.6000	68	None	None	0	1	11.688392857142848
81	30.6000	30.9000	80	None	None	0	5	11.919642857142835
82	30.9000	31.2000	68	None	None	0	1	11.688392857142857
83	31.2000	31.5000	80	None	None	0	5	11.919642857142843
84	31.5000	31.8000	68	None	None	0	1	11.688392857142865
85	31.8000	32.1000	68	None	None	0	1	11.688392857142865
86	32.1000	32.4000	80	None	None	0	5	11.919642857142867
87	32.4000	32.7000	68	None	None	0	1	11.688392857142865
88	32.7000	33.0000	68	None	None	0	1	11.688392857142865
89	33.0000	33.3000	80	None	None	0	5	11.919642857142893
90	33.3000	33.6000	68	None	None	0	1	11.688392857142892
91	33.6000	33.9000	80	None	None	0	5	11.919642857142891
92	33.9000	34.2000	68	None	None	0	1	11.688392857142892
93	34.2000	34.5000	68	None	None	0	1	11.688392857142892
94	34.5000	34.8000	80	None	None	0	5	10.215178571428622
95	34.8000	35.1000	68	None	None	0	1	8.736525974025996
96	35.1000	35.4000	68	None	None	0	1	9.044561688311706
97	35.4000	35.7000	80	None	None	0	5	10.28942775974029
98	35.7000	36.0000	68	None	None	0	1	8.736769480519499
99	36.0000	36.3000	80	None	None	0	5	8.241233766233805
100	36.3000	36.6000	68	None	None	0	2	5.972483766233788
101	36.6000	36.9000	68	None	None	0	3	5.177029220779251
102	36.9000	37.2000	68	None	None	0	3	5.177029220779251
103	37.2000	37.5000	66	None	None	0	2	4.951136363636394
104	37.5000	37.8000	64	None	None	0	1	4.643100649350684
105	37.8000	38.1000	63	None	None	0	4	0.7808847402597435
106	38.1000	38.4000	61	None	None	0	3	0.5941964285714316
107	38.4000	38.7000	60	None	None	0	1	0.17857142857143124
108	38.7000	39.0000	60	None	None	0	1	0.3571428571428593
109	39.0000	39.3000	60	None	None	0	1	0.3571428571428593
110	39.3000	39.6000	60	None	None	0	1	0.3571428571428593
111	39.6000	39.9000	60	None	None	0	1	0.3571428571428593
112	39.9000	40.2000	60	None	None	0	1	0.3571428571428593
113	40.2000	40.5000	60	None	None	0	1	0.3571428571428593
114	40.5000	40.8000	60	None	None	0	1	0.3571428571428593
115	40.8000	41.1000	65	None	None	0	4	0.4901785714285687
116	41.1000	41.4000	60	None	None	0	2	0.4312499999999956
117	41.4000	41.7000	60	None	None	0	2	0.4312499999999956
118	41.7000	42.0000	60	None	None	0	2	0.4312499999999956
119	42.0000	42.3000	60	None	None	0	2	0.4312499999999956
120	42.3000	42.6000	60	None	None	0	2	0.4312499999999956
121	42.6000	42.9000	60	None	None	0	2	0.4312499999999956
122	42.9000	43.2000	60	None	None	0	2	0.4312499999999956
123	43.2000	43.5000	62	None	None	0	3	0.5423611111111041
124	43.5000	43.8000	60	None	None	0	1	0.4295634920634913
125	43.8000	44.1000	60	None	None	0	1	1.490628543083905
126	44.1000	44.4000	60	None	None	0	1	2.1508467970521505
127	44.4000	44.7000	60	None	None	0	1	2.3562039399092933
128	44.7000	45.0000	60	None	None	0	1	2.589558531746015
129	45.0000	45.3000	60	None	None	0	1	2.6190228174602974
130	45.3000	45.6000	60	None	None	0	1	2.6190228174602974
131	45.6000	45.9000	65	None	None	0	2	1.8529513888888796
132	45.9000	46.2000	67	None	None	0	3	1.8529513888888793
133	46.2000	46.5000	68	None	None	0	4	1.2535714285714148
134	46.5000	46.8000	67	None	None	0	3	0.7133928571428501
135	46.8000	47.1000	65	None	None	0	2	0.4874999999999932
136	47.1000	47.4000	62	None	None	0	1	0.4607142857142822
137	47.4000	48.0000	65	None	None	0	2	0.4312499999999996
138	48.3000	48.6000	65	None	None	0	2	0.4312499999999996
139	48.6000	48.9000	65	None	None	0	2	0.5049107142857172
140	48.9000	49.2000	67	None	None	0	3	0.3584821428571476
141	49.2000	49.5000	65	None	None	0	2	0.13258928571429063
142	49.5000	49.8000	65	None	None	0	2	0.13258928571429063
143	49.8000	50.1000	65	None	None	0	2	0.13258928571429063
144	50.1000	50.4000	65	None	None	0	2	0.13258928571429063
145	50.7000	51.0000	65	None	None	0	2	0.13258928571429063
146	51.0000	51.3000	65	None	None	0	2	0.3379464285714333
147	51.3000	51.6000	72	None	None	0	5	0.49017857142856863
148	51.6000	51.9000	65	None	None	0	2	0.4312499999999956
149	51.9000	52.2000	65	None	None	0	2	0.4312499999999956
150	52.2000	52.5000	65	None	None	0	2	0.5049107142857132
151	52.5000	52.8000	65	None	None	0	2	1.8485367063492069
152	53.1000	53.4000	65	None	None	0	2	2.984378543083907
153	53.4000	53.7000	65	None	None	0	2	3.6445967970521576
154	53.7000	54.0000	67	None	None	0	3	3.644596797052158
155	54.0000	54.3000	65	None	None	0	1	3.179418225623593
156	54.3000	54.6000	65	None	None	0	1	3.355629960317467
157	54.9000	55.2000	65	None	None	0	1	3.3977217970521627
158	55.2000	55.5000	72	None	None	0	2	2.783843537414964
159	55.5000	55.8000	74	None	None	0	3	3.9902636054421956
160	55.8000	56.1000	75	None	None	0	4	3.825209041950118
161	56.1000	56.4000	74	None	None	0	3	3.4903876133786924
162	56.4000	56.7000	72	None	None	0	2	3.8586911848072667
163	56.7000	57.0000	69	None	None	0	1	4.372084041950121
164	57.0000	57.6000	72	None	None	0	2	4.44466057256237
165	57.6000	57.9000	79	None	None	0	3	4.121191184807268
166	57.9000	58.2000	81	None	None	0	4	4.075556264172351
167	58.2000	58.5000	82	None	None	0	5	3.240384070294784
168	58.5000	58.8000	81	None	None	0	4	2.940086451247164
169	58.8000	59.1000	79	None	None	0	3	4.500478316326529
170	59.1000	59.4000	78	None	None	0	2	4.446460459183671
171	59.4000	60.0000	79	None	None	0	5	2.374082341269841
172	60.0000	60.3000	74	None	None	0	3	2.933266014739238
173	60.3000	60.6000	76	None	None	0	4	2.887631094104309
174	60.6000	60.9000	77	None	None	0	5	2.831157879818595
175	60.9000	61.2000	76	None	None	0	4	2.9400864512471667
176	61.2000	61.5000	74	None	None	0	3	3.377586451247156
177	61.5000	61.8000	73	None	None	0	2	3.4905328798185846
178	61.8000	62.4000	74	None	None	0	5	1.6709573412698355
179	62.4000	62.7000	69	None	None	0	3	1.861837443310654
180	62.7000	63.0000	71	None	None	0	4	2.1510239512471596
181	63.0000	63.3000	72	None	None	0	5	2.4628543083900043
182	63.3000	63.6000	71	None	None	0	4	2.519897959183657
183	63.6000	63.9000	69	None	None	0	3	3.5821860183467473
184	63.9000	64.2000	67	None	None	0	2	3.695132446918186
185	64.2000	64.8000	69	None	None	0	5	2.417150297619035
186	64.8000	65.1000	64	None	None	0	3	2.6080303996598504
187	65.1000	65.4000	66	None	None	0	4	2.950416312358261
188	65.4000	65.7000	67	None	None	0	5	2.8018672052154026
189	65.7000	66.0000	66	None	None	0	4	2.284630102040827
190	66.0000	66.3000	64	None	None	0	3	3.0388824469181466
191	66.3000	66.6000	61	None	None	0	2	5.61455208977531
192	66.6000	67.2000	64	None	None	0	4	5.1217761157493475
193	67.2000	67.5000	59	None	None	0	2	5.6192392676767895
194	67.5000	67.8000	61	None	None	0	3	5.755849309420764
195	67.8000	68.1000	62	None	None	0	5	6.627418154761915
196	68.1000	68.4000	61	None	None	0	4	6.627418154761915
197	68.4000	68.7000	59	None	None	0	3	6.627418154761916
198	68.7000	69.0000	57	None	None	0	2	6.627418154761923
199	69.0000	69.3000	56	None	None	0	1	6.627418154761923
200	69.3000	69.6000	58	None	None	0	2	6.4572792658730345
201	69.6000	69.9000	59	None	None	0	1	6.577031475468994
202	69.9000	70.2000	61	None	None	0	4	6.785652281746023
203	70.2000	70.5000	62	None	None	0	5	6.240699404761917
204	70.5000	70.8000	61	None	None	0	4	6.158172123015885
205	70.8000	71.1000	59	None	None	0	3	6.8539806547619175
206	71.1000	71.4000	57	None	None	0	2	7.1936936327561485
207	71.4000	71.7000	56	None	None	0	1	3.9936936327561305
208	71.7000	72.0000	58	None	None	0	2	3.9294079184704422
209	72.0000	144.3000	59	None	None	0	3	7.634002976190489
210	72.0000	144.9000	64	None	None	0	5	7.6278645833333485
211	72.3000	72.6000	61	None	None	0	4	7.857304067460339
212	72.6000	72.9000	62	None	None	0	5	7.654737103174623
213	72.9000	146.1000	61	None	None	0	4	7.027256944444458
214	72.9000	146.7000	65	None	None	0	5	6.671230158730169
215	73.2000	73.5000	59	None	None	0	3	6.567931547619087
216	73.5000	73.8000	57	None	None	0	2	6.471502976190517
217	73.8000	147.9000	56	None	None	0	1	3.438467261904786
218	73.8000	148.2000	65	None	None	0	5	6.347507440476113
219	74.1000	74.4000	58	None	None	0	2	6.457279265872964
220	74.4000	74.7000	59	None	None	0	1	6.57703147546889
221	74.7000	75.0000	61	None	None	0	4	8.627170138888832
222	75.0000	75.3000	62	None	None	0	5	10.12834821428567
223	75.3000	75.6000	61	None	None	0	4	10.04582093253964
224	75.6000	75.9000	59	None	None	0	3	10.741629464285644
225	75.9000	76.2000	57	None	None	0	2	10.645200892857073
226	76.2000	76.5000	56	None	None	0	1	7.6121651785714555
227	76.5000	76.8000	58	None	None	0	2	10.163950892857184
228	76.8000	153.9000	59	None	None	0	3	10.160776289682573
229	76.8000	156.0000	67	None	None	0	5	8.623449900793647
230	77.1000	77.4000	61	None	None	0	4	6.6274181547619015
231	77.4000	77.7000	62	None	None	0	5	6.627418154761901
232	77.7000	78.0000	61	None	None	0	4	6.62741815476193
233	78.0000	78.3000	59	None	None	0	3	7.063559704184732
234	78.3000	78.6000	57	None	None	0	2	6.896595418470445
235	78.6000	78.9000	56	None	None	0	1	4.280523989898983
236	78.9000	79.2000	58	None	None	0	2	6.291461489898996
237	79.2000	79.5000	59	None	None	0	1	5.937683757215031
238	79.5000	79.8000	61	None	None	0	3	5.522414998196268
239	79.8000	80.1000	62	None	None	0	4	6.421348529942307
240	80.1000	160.5000	61	None	None	0	2	8.873222554668152
241	80.1000	161.1000	65	None	None	0	4	9.770791985908172
242	80.4000	80.7000	59	None	None	0	1	10.487227178429126
243	80.7000	81.0000	57	None	None	0	2	7.970832582687237
244	81.0000	81.3000	56	None	None	0	1	4.7547611541157915
245	81.3000	81.6000	58	None	None	0	2	4.690475439830055
246	81.6000	163.4000	59	None	None	0	3	8.335617339711256
247	81.6000	164.1000	64	None	None	0	5	8.550461089711257
248	81.8000	82.0000	61	None	None	0	4	8.819656797637942
249	82.0000	82.2000	62	None	None	0	5	8.03468657274713
250	82.2000	164.8500	61	None	None	0	4	7.185314872289666
251	82.2000	165.3000	65	None	None	0	5	5.925642243475154
252	82.6500	82.9500	59	None	None	0	3	5.476210425293322
253	82.9500	83.2500	57	None	None	0	2	5.366264988785392
254	83.2500	166.8000	56	None	None	0	1	2.510716519397627
255	83.2500	166.8000	67	None	None	0	5	3.2034651150480102
256	84.3000	84.6000	57	None	None	0	2	3.706603986291496
257	84.6000	84.9000	59	None	None	0	3	7.254644660894681
258	84.9000	85.2000	60	None	None	0	4	7.82892541486294
259	85.2000	85.5000	59	None	None	0	2	7.288746843434373
260	85.5000	85.8000	57	None	None	0	1	6.87178255772008
261	85.8000	86.1000	61	None	None	0	2	6.938300414862923
262	86.1000	86.4000	63	None	None	0	3	7.002604166666676
263	86.4000	86.7000	64	None	None	0	1	3.961867559523794
264	86.7000	87.0000	65	None	None	0	2	4.387085459183698
265	87.0000	87.3000	67	None	None	0	3	7.461861922799473
266	87.3000	87.6000	68	None	None	0	4	7.379334641053415
267	87.6000	87.9000	67	None	None	0	2	6.706281565656594
268	87.9000	88.2000	65	None	None	0	1	6.289317279942308
269	88.2000	88.5000	69	None	None	0	2	6.35261093073596
270	88.5000	88.8000	71	None	None	0	1	4.206163194444449
271	88.8000	89.1000	72	None	None	0	2	4.088058035714275
272	89.1000	89.4000	73	None	None	0	3	7.63372130102044
273	89.4000	89.7000	75	None	None	0	4	8.650861291486326
274	89.7000	90.0000	76	None	None	0	5	8.236054743867285
275	90.0000	90.3000	75	None	None	0	3	7.200520833333366
276	90.3000	90.6000	73	None	None	0	1	5.378483495671008
277	90.6000	90.9000	77	None	None	0	2	5.5749120670995875
278	90.9000	91.2000	79	None	None	0	1	3.2445549242424248
279	91.2000	91.5000	81	None	None	0	2	5.807947781385328
280	91.5000	91.8000	82	None	None	0	3	5.959733495671042
281	91.8000	92.1000	84	None	None	0	4	7.042570797258327
282	92.1000	92.4000	86	None	None	0	5	9.478285082972636
283	92.4000	92.7000	84	None	None	0	4	9.767471590909148
284	92.7000	93.0000	82	None	None	0	3	9.900768849206411
285	93.0000	93.3000	81	None	None	0	2	9.588938492063546
286	93.3000	93.6000	79	None	None	0	1	11.50701884920641
287	93.6000	93.9000	77	None	None	0	4	5.584697420634944
288	93.9000	94.2000	76	None	None	0	3	6.410590277777809
289	94.2000	94.5000	74	None	None	0	2	8.085143849206403
290	94.5000	94.8000	73	None	None	0	1	4.955679563492095
291	94.8000	95.1000	74	None	None	0	2	4.13122519841272
292	95.1000	95.4000	76	None	None	0	3	4.13122519841271
293	95.4000	95.7000	77	None	None	0	4	4.022643849206363
294	95.7000	96.0000	79	None	None	0	5	4.717956349206386
295	96.0000	192.3000	69	None	None	0	1	5.7310132575757935
296	96.0000	192.3000	81	None	None	0	5	7.519742063492124
297	96.3000	96.6000	70	None	None	0	2	6.712709686147204
298	96.6000	96.9000	72	None	None	0	4	7.042570797258337
299	96.9000	97.2000	74	None	None	0	5	9.478285082972645
300	97.2000	97.5000	72	None	None	0	4	9.767471590909166
301	97.5000	97.8000	70	None	None	0	3	9.900768849206425
302	97.8000	98.1000	69	None	None	0	2	9.588938492063551
303	98.1000	98.4000	67	None	None	0	1	11.507018849206428
304	98.4000	98.7000	65	None	None	0	3	7.503670634920679
305	98.7000	99.0000	64	None	None	0	2	9.632688492063538
306	99.0000	99.3000	62	None	None	0	1	10.315277777777759
307	99.3000	99.6000	61	None	None	0	2	9.115054563492116
308	99.6000	99.9000	62	None	None	0	1	8.986263463718878
309	99.9000	100.2000	64	None	None	0	2	8.37431291426832
310	100.2000	100.5000	65	None	None	0	1	6.2054637079191135
311	100.5000	100.8000	67	None	None	0	2	5.749312914268314
312	100.8000	101.1000	69	None	None	0	1	3.0584646999825753
313	101.1000	101.4000	71	None	None	0	2	4.232355987266728
314	101.4000	101.7000	72	None	None	0	1	3.5660406309959964
315	101.7000	102.0000	74	None	None	0	2	3.0642549167103055
316	102.0000	102.3000	75	None	None	0	3	2.8241755516309257
317	103.2000	103.5000	69	None	None	0	1	3.0584646999825753
318	103.5000	103.8000	71	None	None	0	2	4.23235598726673
319	103.8000	104.1000	72	None	None	0	1	3.4889801914355734
320	104.1000	104.4000	74	None	None	0	2	2.9035558935112697
321	104.4000	104.7000	75	None	None	0	3	2.467257816588186
322	105.6000	105.9000	69	None	None	0	1	2.6633135465724904
323	105.9000	106.2000	71	None	None	0	2	2.0301502812663577
324	106.2000	106.5000	72	None	None	0	3	2.0282370159602445
325	106.5000	106.8000	74	None	None	0	4	1.8902693288854115
326	106.8000	107.1000	75	None	None	0	5	1.412877747252751
327	108.0000	216.6000	68	None	None	0	2	1.46872547095762
328	108.0000	216.6000	73	None	None	0	4	1.5504507892900834
329	108.0000	216.6000	76	None	None	0	5	1.730371315192753
330	108.6000	217.8000	68	None	None	0	2	1.8105017006802848
331	108.6000	217.8000	71	None	None	0	3	2.1491354875283584
332	108.6000	217.8000	76	None	None	0	5	2.0814058956916197
333	109.2000	109.8000	73	None	None	0	4	2.0320243764172465
334	109.8000	220.2000	66	None	None	0	1	1.375017573696152
335	109.8000	220.2000	69	None	None	0	2	1.2052471655328854
336	109.8000	220.2000	74	None	None	0	4	1.7261938775510193
337	110.4000	221.7000	71	None	None	0	1	1.403980158730155
338	110.4000	221.7000	74	None	None	0	3	1.4002244897959122
339	110.4000	221.7000	79	None	None	0	5	1.3391913265306035
340	112.8000	226.5000	70	None	None	0	1	1.503477040816322
341	112.8000	226.5000	74	None	None	0	2	1.4516198979591777
342	112.8000	226.5000	77	None	None	0	3	1.4237131519274326
343	112.8000	226.5000	82	None	None	0	5	1.977857142857145
344	113.7000	228.3000	67	None	None	0	1	1.2929081632653134
345	113.7000	228.3000	71	None	None	0	2	1.4619614512471764
346	113.7000	228.3000	74	None	None	0	3	2.4494642857142956
347	113.7000	228.3000	79	None	None	0	5	2.3117678571428675
348	114.6000	229.8000	67	None	None	0	2	1.8767480158730216
349	114.6000	229.8000	71	None	None	0	3	1.8512159090909122
350	114.6000	229.8000	75	None	None	0	5	1.80337152133581
351	115.2000	231.3000	64	None	None	0	2	1.5803627344877371
352	115.2000	231.3000	67	None	None	0	3	1.5763066120387557
353	115.2000	231.3000	72	None	None	0	5	1.4108984487734497
354	117.6000	236.1000	48	None	None	0	1	0.6674857503607545
355	117.6000	236.1000	52	None	None	0	2	0.8599469181612077
356	117.6000	236.1000	56	None	None	0	3	0.8109673263244728
357	118.5000	237.9000	50	None	None	0	1	1.0391014371116425
358	118.5000	237.9000	53	None	None	0	2	1.766523783755921
359	118.5000	237.9000	58	None	None	0	3	1.5204622758194097
360	119.4000	239.4000	52	None	None	0	1	1.7074265615336968
361	119.4000	239.4000	55	None	None	0	2	2.249212275819412
362	119.4000	239.4000	60	None	None	0	4	2.134410688517824
363	120.0000	240.9000	53	None	None	0	1	1.9521261080189605
364	120.0000	240.9000	56	None	None	0	2	2.6276545428777554
365	120.0000	240.9000	61	None	None	0	3	2.1977078823953904
366	122.4000	245.7000	66	None	None	0	1	1.9751558441558505
367	122.4000	245.7000	69	None	None	0	3	2.633186456400742
368	122.4000	245.7000	74	None	None	0	5	2.665507884972171
369	123.3000	247.5000	63	None	None	0	2	2.115750103071533
370	123.3000	247.5000	66	None	None	0	3	2.8206794990723516
371	123.3000	247.5000	71	None	None	0	5	6.089003362708728
372	124.2000	249.0000	57	None	None	0	1	5.537842648423008
373	124.2000	249.0000	61	None	None	0	2	5.678735505565861
374	124.2000	249.0000	67	None	None	0	5	5.595476576994432
375	124.8000	250.5000	56	None	None	0	1	5.030553107606682
376	124.8000	250.5000	62	None	None	0	2	4.506088821892401
377	124.8000	250.5000	64	None	None	0	3	4.546976010101019
378	127.2000	255.3000	70	None	None	0	1	1.1498227813852706
379	127.2000	255.3000	75	None	None	0	3	1.5524201839826763
380	127.2000	255.3000	79	None	None	0	5	1.637764571737781
381	128.1000	257.1000	67	None	None	0	1	1.660468653370439
382	128.1000	257.1000	72	None	None	0	2	1.4013133245722535
383	128.1000	257.1000	76	None	None	0	3	1.244170467429398
384	129.0000	258.6000	70	None	None	0	1	1.0674839594928918
385	129.0000	258.6000	75	None	None	0	3	2.021166808390023
386	129.0000	258.6000	79	None	None	0	5	2.134425736961454
387	129.6000	260.1000	67	None	None	0	1	1.931747165532878
388	129.6000	260.1000	72	None	None	0	3	1.9332777777777768
389	129.6000	260.1000	76	None	None	0	5	1.7486094104308372
390	132.0000	264.9000	67	None	None	0	2	1.7230456349206345
391	132.0000	264.9000	72	None	None	0	4	2.9688392857142443
392	132.0000	264.9000	75	None	None	0	5	3.077130102040771
393	132.9000	266.7000	63	None	None	0	0	-1
394	132.9000	266.7000	69	None	None	0	0	-1
395	132.9000	266.7000	72	None	None	0	0	-1
396	133.8000	268.2000	67	None	None	0	0	-1
397	133.8000	268.2000	72	None	None	0	0	-1
398	133.8000	268.2000	75	None	None	0	0	-1
399	134.4000	269.7000	63	None	None	0	0	-1
400	134.4000	269.7000	66	None	None	0	1	3.9684115388579175
401	134.4000	269.7000	71	None	None	0	5	2.2138695629767113
402	136.8000	274.5000	53	None	None	0	1	1.2032799938157044
403	136.8000	274.5000	58	None	None	0	3	1.194080859616568
404	137.7000	276.3000	56	None	None	0	1	0.9186227066584214
405	137.7000	276.3000	61	None	None	0	2	0.7387814368171517
406	138.6000	277.8000	58	None	None	0	1	0.8888905638012743
407	138.6000	277.8000	63	None	None	0	3	0.8986308235415343
408	139.2000	279.3000	57	None	None	0	1	1.1359076092558218
409	139.2000	279.3000	60	None	None	0	2	1.1527443439497003
410	139.2000	279.3000	65	None	None	0	4	1.2372114641311058
411	140.1000	281.1000	58	None	None	0	1	1.2569211337132267
412	140.1000	281.1000	62	None	None	0	3	1.0751354194275151
413	140.1000	281.1000	67	None	None	0	5	0.9698278797449741
414	141.0000	282.6000	61	None	None	0	2	1.2710282765703733
415	141.0000	282.6000	63	None	None	0	3	1.320102951895047
416	141.0000	282.6000	69	None	None	0	5	1.0453261661807607
417	141.6000	284.1000	62	None	None	0	2	1.1540634110787176
418	141.6000	284.1000	65	None	None	0	3	1.0655430029154516
419	141.6000	284.1000	70	None	None	0	5	1.0870361781076074
420	142.5000	285.9000	63	None	None	0	1	1.2398131460376374
421	142.5000	285.9000	67	None	None	0	3	1.1617417174662101
422	142.5000	285.9000	72	None	None	0	5	1.0400452888947826
423	143.4000	287.4000	66	None	None	0	2	0.9732595746090695
424	143.4000	287.4000	69	None	None	0	3	1.045223860323357
425	143.4000	287.4000	74	None	None	0	5	0.9774884707129705
426	144.0000	288.9000	68	None	None	0	2	1.004146633978281
427	144.0000	288.9000	70	None	None	0	3	1.0212175987278154
428	144.0000	288.9000	75	None	None	0	5	0.9162977736549249
429	146.4000	293.7000	66	None	None	0	2	0.9314227736549248
430	146.4000	293.7000	69	None	None	0	3	0.9658352160512381
431	146.4000	293.7000	74	None	None	0	5	0.920839696337976
432	147.3000	295.5000	68	None	None	0	2	0.9341704695074576
433	147.3000	295.5000	70	None	None	0	3	1.4130665734035555
434	147.3000	295.5000	75	None	None	0	5	1.4909051633849975
435	148.2000	297.0000	69	None	None	0	1	1.266340245775723
436	148.2000	297.0000	72	None	None	0	2	1.4219396067322285
437	148.2000	297.0000	77	None	None	0	4	1.427252944188422
438	151.2000	303.3000	70	None	None	0	1	1.5327188940092105
439	151.2000	303.3000	74	None	None	0	3	1.4816610808546238
440	151.2000	303.3000	79	None	None	0	5	1.5383224526369619
441	152.1000	305.1000	68	None	None	0	2	1.0765811837931631
442	152.1000	305.1000	70	None	None	0	3	1.1090487162606935
443	152.1000	305.1000	75	None	None	0	5	1.188461981566817
444	153.0000	306.6000	69	None	None	0	1	0.9054539490527319
445	153.0000	306.6000	72	None	None	0	2	1.1936682347670258
446	153.0000	306.6000	77	None	None	0	3	1.036456718684543
447	156.0000	312.9000	75	None	None	0	1	1.2649449419308378
448	156.0000	312.9000	79	None	None	0	3	1.3907358496917817
449	156.0000	312.9000	84	None	None	0	5	1.4700353664192913
450	156.9000	314.7000	73	None	None	0	2	1.505865736446093
451	156.9000	314.7000	75	None	None	0	3	1.8121427927231541
452	156.9000	314.7000	81	None	None	0	5	1.4973660070088664
453	157.8000	316.2000	69	None	None	0	1	1.2344691816120332
454	157.8000	316.2000	75	None	None	0	3	2.0325161693465317
455	157.8000	316.2000	78	None	None	0	5	1.7723120877138747
456	158.4000	317.7000	68	None	None	0	2	1.8273024799746729
457	158.4000	317.7000	73	None	None	0	4	2.085947604691232
458	158.4000	317.7000	75	None	None	0	5	1.9482090677180057
459	159.3000	319.5000	66	None	None	0	2	1.8092748273551904
460	159.3000	319.5000	70	None	None	0	3	1.6532289501554636
461	159.3000	319.5000	74	None	None	0	5	1.6249188921579067
462	160.2000	321.0000	63	None	None	0	1	1.1013917248807379
463	160.2000	321.0000	69	None	None	0	3	1.2186446566254268
464	160.2000	321.0000	72	None	None	0	5	1.0095885341764463
465	160.8000	322.5000	63	None	None	0	1	0.7057336588930022
466	160.8000	322.5000	68	None	None	0	2	0.5851344016179185
467	160.8000	322.5000	70	None	None	0	3	0.5433904313025176
468	177.6000	355.8000	69	None	None	0	1	1.1619363351849543
469	177.6000	355.8000	72	None	None	0	2	1.2785858944169313
470	177.6000	355.8000	77	None	None	0	4	1.384119897959176
471	178.2000	357.0000	69	None	None	0	1	2.4936315597667713
472	178.2000	357.0000	72	None	None	0	2	2.6476876822157527
473	178.2000	357.0000	77	None	None	0	4	2.5139266020260984
474	179.1000	358.5000	70	None	None	0	1	2.651894289100932
475	179.1000	358.5000	75	None	None	0	4	2.3018288386783428
476	179.4000	180.0000	71	None	None	0	2	2.5484558228053356
477	180.0000	360.9000	72	None	None	0	3	2.7959048023971795
478	180.0000	360.9000	75	None	None	0	4	2.716553895367702
479	180.0000	360.9000	80	None	None	0	5	1.4967814625850457
480	180.9000	362.7000	72	None	None	0	1	1.7342106009070295
481	180.9000	362.7000	75	None	None	0	2	2.083368764172334
482	180.9000	362.7000	80	None	None	0	3	1.981836734693875
483	181.8000	364.2000	77	None	None	0	2	2.1057114512471626
484	181.8000	364.2000	78	None	None	0	3	1.9426757369614438
485	181.8000	364.2000	82	None	None	0	5	1.662063492063475
486	182.4000	365.4000	75	None	None	0	1	2.0588747165532952
487	182.4000	365.4000	79	None	None	0	3	2.0461196145124916
488	182.4000	365.4000	84	None	None	0	5	1.8595124716553533
489	183.0000	366.9000	75	None	None	0	1	1.4410742630385747
490	183.0000	366.9000	79	None	None	0	2	1.2418395691610218
491	183.0000	366.9000	84	None	None	0	4	1.0778373015873215
492	183.9000	368.1000	80	None	None	0	2	1.110700113378703
493	183.9000	368.1000	87	None	None	0	5	1.0966695011338088
494	184.2000	184.8000	81	None	None	0	4	3.108839488176222
495	184.8000	370.2000	74	None	None	0	2	3.025283446711979
496	184.8000	370.2000	77	None	None	0	3	2.8020691609976938
497	184.8000	370.2000	82	None	None	0	5	2.7628016682863223
498	185.4000	371.4000	74	None	None	0	2	2.599837846393936
499	185.4000	371.4000	77	None	None	0	4	2.4034092749653753
500	185.4000	371.4000	82	None	None	0	5	1.6207379921665699
501	186.0000	186.6000	74	None	None	0	3	0.9556173984745409
502	186.6000	373.8000	68	None	None	0	1	0.7212920016491438
503	186.6000	373.8000	72	None	None	0	2	0.5594722737579856
504	186.6000	373.8000	79	None	None	0	5	0.6764875798804325
505	187.2000	375.3000	69	None	None	0	1	0.8515513553906343
506	187.2000	375.3000	75	None	None	0	3	1.3902804834054838
507	187.2000	375.3000	77	None	None	0	4	1.3427322974644418
508	188.1000	377.1000	69	None	None	0	1	1.4766608688930125
509	188.1000	377.1000	75	None	None	0	3	1.7026998299319742
510	188.1000	377.1000	77	None	None	0	4	1.9445719954648504
511	189.0000	378.6000	70	None	None	0	1	2.049988662131517
512	189.0000	378.6000	74	None	None	0	2	1.9730243764172304
513	189.0000	378.6000	80	None	None	0	5	1.977935090702946
514	189.6000	380.1000	67	None	None	0	1	1.4710615079365037
515	189.6000	380.1000	75	None	None	0	5	1.2817616213151874
516	190.5000	381.9000	65	None	None	0	1	1.1799759070294733
517	190.5000	381.9000	67	None	None	0	2	0.8971187641723318
518	190.5000	381.9000	75	None	None	0	5	0.5919529478458042
519	191.4000	383.4000	67	None	None	0	2	0.42106009070294864
520	191.4000	383.4000	69	None	None	0	3	0.3389172335600926
521	191.4000	383.4000	72	None	None	0	5	0.11302437641723641
522	192.0000	192.3000	70	None	None	0	4	1.3040642393320598
523	192.3000	192.6000	70	None	None	0	2	0.6804067460317479
524	192.6000	192.9000	70	None	None	0	2	0.6804067460317479
525	192.9000	193.2000	70	None	None	0	2	0.6804067460317479
526	193.2000	193.5000	70	None	None	0	2	0.6804067460317479
527	193.5000	193.8000	70	None	None	0	2	0.6804067460317479
528	193.8000	194.1000	70	None	None	0	2	0.6804067460317479
529	194.1000	194.4000	70	None	None	0	2	0.6804067460317479
530	194.4000	194.7000	75	None	None	0	5	0.23538961038962075
531	194.7000	195.0000	70	None	None	0	1	0.0
532	195.0000	195.3000	70	None	None	0	1	0.0
533	195.3000	195.6000	70	None	None	0	1	0.0
534	195.6000	195.9000	70	None	None	0	1	0.0
535	195.9000	196.2000	70	None	None	0	1	0.0
536	196.2000	196.5000	70	None	None	0	1	0.0
537	196.5000	196.8000	70	None	None	0	1	0.0
538	196.8000	197.1000	70	None	None	0	2	0.09275793650793576
539	197.1000	197.4000	70	None	None	0	3	0.17334618506492874
540	197.4000	197.7000	70	None	None	0	3	0.17334618506492874
541	197.7000	198.0000	70	None	None	0	3	0.17334618506492874
542	198.0000	198.3000	70	None	None	0	3	0.17334618506492874
543	198.3000	198.6000	70	None	None	0	3	0.17334618506492874
544	198.6000	198.9000	70	None	None	0	3	0.17334618506492874
545	198.9000	199.2000	70	None	None	0	3	0.17334618506492874
546	199.2000	199.5000	74	None	None	0	5	0.06899350649350101
547	199.5000	199.8000	70	None	None	0	1	0.0
548	199.8000	200.1000	70	None	None	0	1	0.0
549	200.1000	200.4000	70	None	None	0	1	0.0
550	200.4000	200.7000	70	None	None	0	1	0.0
551	200.7000	201.0000	70	None	None	0	1	0.0
552	201.0000	201.3000	70	None	None	0	1	0.0
553	201.3000	201.6000	70	None	None	0	1	0.0
554	201.6000	201.9000	70	None	None	0	2	0.12946428571428423
555	201.9000	202.2000	70	None	None	0	2	0.271875000000007
556	202.2000	202.5000	70	None	None	0	2	0.271875000000007
557	202.5000	202.8000	70	None	None	0	2	0.271875000000007
558	202.8000	203.1000	70	None	None	0	2	0.271875000000007
559	203.1000	203.4000	70	None	None	0	2	0.271875000000007
560	203.4000	203.7000	70	None	None	0	2	0.271875000000007
561	203.7000	204.0000	70	None	None	0	2	0.271875000000007
562	204.0000	204.3000	72	None	None	0	5	0.9350375566893596
563	204.3000	204.6000	70	None	None	0	4	0.7372448979591891
564	204.6000	204.9000	70	None	None	0	5	0.23724489795918535
565	204.9000	205.2000	70	None	None	0	5	0.23724489795918535
566	205.2000	205.5000	70	None	None	0	5	0.23724489795918535
567	205.5000	205.8000	70	None	None	0	5	0.23724489795918535
568	205.8000	206.1000	70	None	None	0	5	0.23724489795918535
569	206.1000	206.4000	70	None	None	0	5	0.23724489795918535
570	206.7000	207.0000	59	None	None	0	1	0.0
571	207.0000	207.3000	59	None	None	0	1	0.0
572	207.6000	207.9000	59	None	None	0	4	0.2806122448979609
573	207.9000	208.2000	59	None	None	0	4	0.2806122448979609
574	208.5000	208.8000	59	None	None	0	4	0.2806122448979609
575	209.1000	209.4000	59	None	None	0	4	0.2806122448979609
576	209.4000	209.7000	59	None	None	0	4	0.2806122448979609
577	210.0000	210.3000	59	None	None	0	4	0.2806122448979609
578	210.3000	210.6000	59	None	None	0	4	0.2806122448979609
579	210.9000	211.2000	59	None	None	0	4	0.2806122448979609
580	211.5000	211.8000	58	None	None	0	1	0.0
581	211.8000	212.1000	58	None	None	0	1	0.0
582	212.4000	212.7000	58	None	None	0	1	0.0
583	212.7000	213.0000	58	None	None	0	1	0.0
584	213.3000	213.6000	58	None	None	0	5	0.7955357142856908
585	213.9000	214.2000	58	None	None	0	4	1.1147186147185804
586	214.2000	214.5000	58	None	None	0	4	1.8240440115440055
587	214.8000	215.1000	58	None	None	0	4	1.8240440115440055
588	215.1000	215.4000	58	None	None	0	4	2.2461219336219442
589	215.7000	216.0000	58	None	None	0	4	2.6979076479076785
590	216.3000	216.6000	58	None	None	0	4	2.6979076479076785
591	216.6000	216.9000	58	None	None	0	4	2.6979076479076785
592	216.9000	434.7000	49	None	None	0	1	1.7455266955267554
593	216.9000	434.7000	54	None	None	0	2	2.5126533189034226
594	217.2000	217.5000	58	None	None	0	5	2.0809021335807953
595	217.5000	217.8000	58	None	None	0	4	2.7918154761905765
596	217.8000	436.2000	54	None	None	0	2	2.340029761904842
597	217.8000	436.2000	58	None	None	0	4	1.7960317460318018
598	218.1000	218.4000	58	None	None	0	4	1.9119791666667276
599	218.7000	219.0000	58	None	None	0	4	1.9119791666667276
600	219.0000	219.3000	58	None	None	0	4	1.9119791666667276
601	219.3000	439.5000	49	None	None	0	1	0.9595982142857367
602	219.3000	439.5000	56	None	None	0	4	1.423883928571465
603	219.6000	219.9000	58	None	None	0	5	1.4160891439909902
604	219.9000	220.2000	58	None	None	0	4	2.023473575036107
605	220.2000	441.0000	53	None	None	0	2	1.9399914321789602
606	220.2000	441.0000	58	None	None	0	4	2.2461219336219433
607	220.5000	220.8000	58	None	None	0	4	2.6979076479076456
608	221.1000	221.4000	58	None	None	0	4	2.6979076479076456
609	221.4000	221.7000	58	None	None	0	4	2.6979076479076456
610	221.7000	444.3000	49	None	None	0	1	1.7455266955266546
611	221.7000	444.3000	54	None	None	0	2	2.512653318903244
612	222.0000	222.3000	58	None	None	0	4	2.1939844877344243
613	222.3000	222.6000	58	None	None	0	4	2.903309884559799
614	222.6000	445.8000	54	None	None	0	2	2.451524170274097
615	222.6000	445.8000	58	None	None	0	4	2.246121933621864
616	222.9000	223.2000	58	None	None	0	4	2.6979076479075665
617	223.5000	223.8000	58	None	None	0	4	2.6979076479075665
618	223.8000	224.1000	58	None	None	0	4	2.6979076479075665
619	224.1000	449.1000	49	None	None	0	1	3.1118686868686263
620	224.1000	449.1000	54	None	None	0	2	3.237447820037107
621	224.4000	224.7000	58	None	None	0	3	20.940369897959968
622	224.7000	225.0000	58	None	None	0	2	22.250597170687296
623	225.0000	450.6000	54	None	None	0	1	27.652423469388847
624	225.0000	450.6000	58	None	None	0	2	45.747959183674055
625	225.3000	225.6000	58	None	None	0	2	48.020686456401265
626	228.0000	456.3000	58	None	None	0	1	52.88679846938812
627	228.0000	456.3000	70	None	None	0	2	56.119834183673724
628	228.0000	456.3000	82	None	None	0	5	57.52718253968275
629	228.3000	456.9000	58	None	None	0	1	43.96450892857073
630	228.3000	456.9000	70	None	None	0	2	63.95736607142874
631	228.3000	456.9000	82	None	None	0	5	62.17875405844164
632	228.6000	457.5000	58	None	None	0	1	49.54486607142941
633	228.6000	457.5000	70	None	None	0	2	63.95736607142901
634	228.6000	457.5000	82	None	None	0	5	62.17875405844204
635	228.9000	458.1000	62	None	None	0	1	63.906473214286144
636	228.9000	458.1000	74	None	None	0	2	78.31897321428703
637	228.9000	458.1000	86	None	None	0	5	77.75576298701448
638	229.2000	458.7000	58	None	None	0	1	59.54151785714355
639	229.2000	458.7000	70	None	None	0	2	73.95401785714289
640	229.2000	458.7000	82	None	None	0	5	72.17540584415563
641	229.5000	459.3000	58	None	None	0	1	72.17540584415563
642	229.5000	459.3000	70	None	None	0	2	72.17540584415563
643	229.5000	459.3000	82	None	None	0	5	72.17540584415563
644	229.8000	459.9000	58	None	None	0	1	72.17540584415563
645	229.8000	459.9000	70	None	None	0	2	72.17540584415563
646	229.8000	459.9000	82	None	None	0	5	72.17540584415563
647	230.1000	460.5000	58	None	None	0	1	72.17540584415563
648	230.1000	460.5000	70	None	None	0	3	72.17540584415563
649	230.1000	460.5000	82	None	None	0	0	72.17540584415563
