0	0.0000	0.3000	52	None	None	1	-5	5.343749999999981
1	0.3000	0.6000	64	None	None	1	-1	5.343749999999982
2	0.6000	0.9000	64	None	None	1	-1	5.343749999999982
3	0.9000	1.2000	52	None	None	1	-5	5.343749999999982
4	1.2000	1.5000	64	None	None	1	-1	5.343749999999982
5	1.5000	1.8000	64	None	None	1	-1	5.343749999999982
6	1.8000	2.1000	52	None	None	1	-5	5.343749999999981
7	2.1000	2.4000	64	None	None	1	-1	5.343749999999982
8	2.4000	2.7000	52	None	None	1	-5	5.343749999999982
9	2.7000	3.0000	64	None	None	1	-1	5.343749999999982
10	3.0000	3.3000	64	None	None	1	-1	5.343749999999982
11	3.3000	3.6000	52	None	None	1	-5	5.34374999999998
12	3.6000	3.9000	64	None	None	1	-1	5.34374999999998
13	3.9000	4.2000	64	None	None	1	-1	5.34374999999998
14	4.2000	4.5000	52	None	None	1	-5	5.343749999999981
15	4.5000	4.8000	64	None	None	1	-1	5.343749999999981
16	4.8000	5.1000	52	None	None	1	-5	5.343749999999981
17	5.1000	5.4000	64	None	None	1	-1	5.34374999999998
18	5.4000	5.7000	64	None	None	1	-1	5.34374999999998
19	5.7000	6.0000	52	None	None	1	-5	5.343749999999982
20	6.0000	6.3000	64	None	None	1	-1	5.34374999999998
21	6.3000	6.6000	64	None	None	1	-1	5.34374999999998
22	6.6000	6.9000	52	None	None	1	-5	5.343749999999978
23	6.9000	7.2000	64	None	None	1	-1	5.34374999999998
24	7.2000	7.5000	52	None	None	1	-5	5.343749999999977
25	7.5000	7.8000	64	None	None	1	-1	5.343749999999977
26	7.8000	8.1000	64	None	None	1	-1	5.343749999999977
27	8.1000	8.4000	52	None	None	1	-5	5.343749999999974
28	8.4000	8.7000	64	None	None	1	-1	5.343749999999978
29	8.7000	9.0000	64	None	None	1	-1	5.343749999999978
30	9.0000	9.3000	52	None	None	1	-5	5.343749999999978
31	9.3000	9.6000	64	None	None	1	-1	5.343749999999978
32	9.6000	9.9000	52	None	None	1	-5	5.343749999999978
33	9.9000	10.2000	64	None	None	1	-1	5.343749999999981
34	10.2000	10.5000	64	None	None	1	-1	5.343749999999981
35	10.5000	10.8000	52	None	None	1	-5	5.343749999999981
36	10.8000	11.1000	64	None	None	1	-1	5.343749999999981
37	11.1000	11.4000	64	None	None	1	-1	5.343749999999981
38	11.4000	11.7000	52	None	None	1	-5	5.343749999999986
39	11.7000	12.0000	64	None	None	1	-1	5.343749999999982
40	12.0000	12.3000	52	None	None	1	-5	5.343749999999987
41	12.3000	12.6000	64	None	None	1	-1	5.343749999999983
42	12.6000	12.9000	64	None	None	1	-1	5.343749999999983
43	12.9000	13.2000	52	None	None	1	-5	5.343749999999988
44	13.2000	13.5000	64	None	None	1	-1	5.343749999999985
45	13.5000	13.8000	64	None	None	1	-1	5.343749999999985
46	13.8000	14.1000	52	None	None	1	-5	5.3437499999999805
47	14.1000	14.4000	64	None	None	1	-1	5.3437499999999805
48	14.4000	14.7000	52	None	None	1	-5	5.343749999999976
49	14.7000	15.0000	64	None	None	1	-1	5.343749999999982
50	15.0000	15.3000	64	None	None	1	-1	5.343749999999982
51	15.3000	15.6000	52	None	None	1	-5	5.343749999999978
52	15.6000	15.9000	64	None	None	1	-1	5.343749999999977
53	15.9000	16.2000	64	None	None	1	-1	5.343749999999977
54	16.2000	16.5000	52	None	None	1	-5	5.343749999999987
55	16.5000	16.8000	64	None	None	1	-1	6.154933997408484
56	16.8000	17.1000	52	None	None	1	-5	5.167051344347263
57	17.1000	17.4000	64	None	None	1	-1	5.014154620181411
58	17.4000	17.7000	64	None	None	1	-1	5.044511763038553
59	17.7000	18.0000	52	None	None	1	-5	4.135015009791802
60	18.0000	18.3000	64	None	None	1	-1	3.5903721526489503
61	18.3000	18.6000	64	None	None	1	-1	3.671540983817782
62	18.6000	18.9000	52	None	None	1	-2	1.085891053391053
63	19.2000	39.3000	51	None	None	1	-4	2.13669121057514
64	19.2000	39.3000	55	None	None	1	-1	1.9251257472686043
65	20.1000	41.1000	48	None	None	1	-4	2.088816223459083
66	20.1000	41.1000	52	None	None	1	-2	2.0888162234590837
67	21.0000	42.6000	51	None	None	1	-2	2.0236376520305117
68	21.0000	42.6000	55	None	None	1	-1	2.0843519377447977
69	21.6000	44.1000	49	None	None	1	-4	1.959994331065761
70	21.6000	44.1000	52	None	None	1	-3	2.033973922902495
71	24.0000	48.9000	72	None	None	1	-3	2.837545351473926
72	24.0000	48.9000	76	None	None	1	-1	2.837116780045354
73	24.9000	50.7000	69	None	None	1	-4	2.842275510204081
74	24.9000	50.7000	73	None	None	1	-2	2.8713826530612225
75	25.8000	52.2000	72	None	None	1	-2	2.932811224489793
76	25.8000	52.2000	76	None	None	1	-1	3.066739795918364
77	26.4000	53.7000	65	None	None	1	-3	2.586268720366938
78	26.4000	53.7000	71	None	None	1	-1	2.541192189754692
79	28.8000	58.5000	38	None	None	1	-5	0.8869064754689775
80	28.8000	58.5000	41	None	None	1	-4	0.9492535430838999
81	28.8000	58.5000	46	None	None	1	-2	1.1705902777777775
82	29.7000	60.3000	40	None	None	1	-5	1.153176020408159
83	29.7000	60.3000	43	None	None	1	-4	1.080879393424032
84	29.7000	60.3000	48	None	None	1	-2	1.131236536281175
85	30.6000	61.8000	42	None	None	1	-5	0.9816829648526032
86	30.6000	61.8000	45	None	None	1	-4	1.05305201247165
87	30.6000	61.8000	50	None	None	1	-2	1.1034091553287932
88	31.2000	63.3000	43	None	None	1	-5	1.1327458900226721
89	31.2000	63.3000	47	None	None	1	-4	0.8896516826427527
90	31.2000	63.3000	51	None	None	1	-2	0.9233251520305104
91	32.1000	65.1000	45	None	None	1	-5	1.1665968357039789
92	32.1000	65.1000	48	None	None	1	-4	1.0826332199546473
93	32.1000	65.1000	53	None	None	1	-2	1.1329903628117908
94	33.0000	66.6000	47	None	None	1	-5	1.1996173469387752
95	33.0000	66.6000	50	None	None	1	-4	1.127320719954649
96	33.0000	66.6000	55	None	None	1	-2	1.177677862811792
97	33.6000	68.1000	49	None	None	1	-5	0.9334176587301624
98	33.6000	68.1000	52	None	None	1	-4	0.9241669887652049
99	33.6000	68.1000	57	None	None	1	-2	0.8427894377447979
100	34.5000	69.9000	50	None	None	1	-5	1.211284335703982
101	34.5000	69.9000	53	None	None	1	-4	1.4439430658627121
102	34.5000	69.9000	58	None	None	1	-2	1.478907351576998
103	35.4000	71.4000	52	None	None	1	-5	1.3735055658627109
104	35.4000	71.4000	55	None	None	1	-3	1.2660380333951777
105	35.4000	71.4000	60	None	None	1	-1	1.3988951762523205
106	36.0000	72.9000	54	None	None	1	-4	1.1617314471243045
107	36.0000	72.9000	57	None	None	1	-3	1.2134661410018552
108	36.0000	72.9000	62	None	None	1	-1	1.2181043599257901
109	38.4000	79.2000	47	None	None	1	-5	0.8398390538033403
110	38.4000	77.7000	54	None	None	1	-2	0.992464053803341
111	38.4000	77.7000	57	None	None	1	-1	1.0925289888682763
112	39.3000	79.5000	51	None	None	1	-5	1.032561456400744
113	39.3000	79.5000	54	None	None	1	-3	0.9401750927643794
114	40.2000	81.0000	53	None	None	1	-3	1.5465543186971766
115	40.2000	81.0000	56	None	None	1	-2	1.7337226860441177
116	40.8000	82.5000	54	None	None	1	-2	1.6152493042671676
117	40.8000	82.5000	57	None	None	1	-1	1.4960470779220827
118	41.7000	84.3000	51	None	None	1	-4	1.6199431818181862
119	41.7000	84.3000	54	None	None	1	-2	1.4910146103896142
120	42.6000	85.8000	53	None	None	1	-2	1.6897844516594573
121	42.6000	85.8000	56	None	None	1	-1	1.3857492011956356
122	43.2000	88.8000	47	None	None	1	-5	1.2671905277262465
123	43.2000	87.3000	54	None	None	1	-3	0.783531359513503
124	43.2000	87.3000	57	None	None	1	-2	0.7646538084930938
125	44.1000	89.1000	51	None	None	1	-5	0.8501002370645228
126	44.1000	89.1000	54	None	None	1	-3	0.9660557101628535
127	45.0000	90.6000	52	None	None	1	-4	0.9720080911152342
128	45.0000	90.6000	56	None	None	1	-2	1.1146356421356407
129	45.6000	92.1000	54	None	None	1	-5	0.9280770717377858
130	45.6000	92.1000	57	None	None	1	-4	0.8483718563182852
131	46.5000	93.9000	54	None	None	1	-5	0.9057570603999183
132	46.5000	93.9000	60	None	None	1	-1	0.7204707792207807
133	47.4000	48.0000	55	None	None	1	-3	0.8489784322820038
134	48.0000	98.4000	52	None	None	1	-5	1.191325371057514
135	48.0000	96.9000	56	None	None	1	-3	1.327920918367348
136	48.0000	96.9000	59	None	None	1	-2	1.317971938775513
137	48.9000	98.7000	59	None	None	1	-2	1.5222576530612288
138	48.9000	98.7000	62	None	None	1	-1	1.5579223356009084
139	49.8000	100.2000	58	None	None	1	-2	1.5676463615749348
140	49.8000	100.2000	61	None	None	1	-1	1.7529081632653072
141	50.4000	103.2000	52	None	None	1	-5	1.5923967996289454
142	50.4000	101.7000	61	None	None	1	-2	1.0087233302411904
143	50.4000	101.7000	64	None	None	1	-1	0.8327029220779234
144	51.3000	103.5000	59	None	None	1	-2	0.5369886363636385
145	51.3000	103.5000	62	None	None	1	-1	0.5977029220779231
146	52.2000	105.0000	58	None	None	1	-2	0.6428814935064919
147	52.2000	105.0000	61	None	None	1	-1	0.8176263914656763
148	52.8000	108.0000	52	None	None	1	-5	0.79371057513915
149	52.8000	106.5000	56	None	None	1	-4	0.9931990826633681
150	52.8000	106.5000	59	None	None	1	-3	0.9549337765409216
151	53.7000	108.3000	59	None	None	1	-5	1.3536555408876834
152	53.7000	108.3000	62	None	None	1	-3	1.2841500463821915
153	54.6000	109.8000	57	None	None	1	-5	1.2955364278578587
154	54.6000	109.8000	60	None	None	1	-3	1.4449907929372303
155	55.2000	111.3000	61	None	None	1	-3	1.8112361547183076
156	55.2000	111.3000	64	None	None	1	-2	2.2858038489288486
157	56.1000	113.1000	63	None	None	1	-5	2.191037434787438
158	56.1000	113.1000	66	None	None	1	-3	2.3240528568653573
159	57.3000	114.9000	68	None	None	1	-2	2.568287441724942
160	57.3000	114.9000	71	None	None	1	-1	3.4325441105096783
161	58.5000	58.8000	61	None	None	1	-4	3.4545793669199423
162	58.8000	59.1000	63	None	None	1	-3	3.4732481980887666
163	59.1000	59.4000	64	None	None	1	-1	2.823286527814581
164	59.4000	59.7000	63	None	None	1	-2	2.151220201283983
165	59.7000	60.0000	61	None	None	1	-3	1.9645318895956678
166	60.0000	60.3000	60	None	None	1	-4	2.9132648459816863
167	60.3000	60.9000	61	None	None	1	-2	2.042472005035783
168	60.9000	61.2000	56	None	None	1	-4	2.307494680772736
169	61.2000	61.5000	58	None	None	1	-3	2.7810246230526667
170	61.5000	61.8000	60	None	None	1	-1	2.748293936080919
171	61.8000	62.1000	58	None	None	1	-2	2.8277491110080275
172	62.1000	62.4000	56	None	None	1	-3	2.954800878684793
173	62.7000	63.3000	56	None	None	1	-2	3.363837767249747
174	63.3000	63.6000	51	None	None	1	-4	3.3887810779073453
175	63.6000	63.9000	53	None	None	1	-3	3.4460051038813715
176	63.9000	64.2000	54	None	None	1	-1	2.672876174279226
177	64.2000	64.5000	53	None	None	1	-2	2.000809847748624
178	64.5000	64.8000	51	None	None	1	-3	2.7944231169199263
179	64.8000	65.1000	49	None	None	1	-4	2.678475696285004
180	65.1000	65.7000	51	None	None	1	-2	1.6504163123582687
181	65.7000	66.0000	46	None	None	1	-4	1.5667782738095195
182	66.0000	66.3000	48	None	None	1	-3	2.3390997023809192
183	66.3000	66.6000	49	None	None	1	-2	3.1886532738094955
184	66.6000	66.9000	48	None	None	1	-3	3.1127604166666374
185	66.9000	67.2000	46	None	None	1	-4	3.0500124007936242
186	67.2000	67.5000	43	None	None	1	-5	3.933064058956903
187	67.5000	68.1000	46	None	None	1	-4	4.049011479591816
188	69.6000	69.9000	47	None	None	1	-3	4.490975765306104
189	69.9000	70.2000	49	None	None	1	-2	4.490975765306105
190	70.2000	70.5000	50	None	None	1	-1	4.490975765306139
191	70.5000	70.8000	49	None	None	1	-2	4.490975765306139
192	70.8000	71.1000	47	None	None	1	-3	4.490975765306134
193	71.1000	71.4000	45	None	None	1	-4	4.490975765306135
194	71.4000	71.7000	44	None	None	1	-5	4.490975765306135
195	71.7000	72.0000	46	None	None	1	-4	4.490975765306145
196	72.0000	72.3000	47	None	None	1	-3	4.490975765306145
197	72.3000	72.6000	49	None	None	1	-2	4.490975765306141
198	72.6000	72.9000	50	None	None	1	-1	4.490975765306141
199	72.9000	73.2000	49	None	None	1	-2	4.490975765306141
200	73.2000	73.5000	47	None	None	1	-3	4.490975765306144
201	73.5000	73.8000	45	None	None	1	-4	4.490975765306145
202	73.8000	74.1000	44	None	None	1	-5	4.490975765306108
203	74.1000	74.4000	46	None	None	1	-4	4.490975765306107
204	74.4000	74.7000	47	None	None	1	-3	4.490975765306108
205	74.7000	75.0000	49	None	None	1	-2	4.490975765306113
206	75.0000	75.3000	50	None	None	1	-1	4.490975765306112
207	75.3000	75.6000	49	None	None	1	-2	4.490975765306074
208	75.6000	75.9000	47	None	None	1	-3	4.490975765306073
209	75.9000	76.2000	45	None	None	1	-4	4.490975765306074
210	76.2000	76.5000	44	None	None	1	-5	4.490975765306112
211	76.5000	76.8000	46	None	None	1	-4	4.4909757653061115
212	76.8000	77.1000	47	None	None	1	-3	4.490975765306093
213	77.1000	77.4000	49	None	None	1	-2	4.490975765306094
214	77.4000	77.7000	50	None	None	1	-1	4.490975765306093
215	77.7000	78.0000	49	None	None	1	-2	4.490975765306131
216	78.0000	78.3000	47	None	None	1	-3	4.49097576530613
217	78.3000	78.6000	45	None	None	1	-4	4.490975765306122
218	78.6000	78.9000	44	None	None	1	-5	4.490975765306122
219	78.9000	79.2000	46	None	None	1	-4	4.490975765306121
220	79.2000	79.5000	47	None	None	1	-3	4.490975765306142
221	79.5000	79.8000	49	None	None	1	-2	4.490975765306142
222	79.8000	80.1000	50	None	None	1	-1	4.490975765306107
223	80.1000	80.4000	49	None	None	1	-2	4.490975765306106
224	80.4000	80.7000	47	None	None	1	-3	4.490975765306106
225	80.7000	81.0000	45	None	None	1	-4	4.490975765306115
226	81.0000	81.3000	44	None	None	1	-5	4.490975765306116
227	81.3000	81.6000	46	None	None	1	-4	7.723115079365085
228	81.6000	81.9000	47	None	None	1	-3	7.9256820436508
229	81.9000	82.2000	49	None	None	1	-2	7.783271329365085
230	82.2000	82.5000	50	None	None	1	-1	7.056584821428605
231	82.5000	82.8000	49	None	None	1	-2	6.472209821428604
232	82.8000	83.1000	47	None	None	1	-1	3.656981646825412
233	83.1000	83.4000	45	None	None	1	-2	3.2322048611111183
234	83.4000	83.7000	44	None	None	1	-3	3.1518477182539604
235	83.7000	84.0000	42	None	None	1	-4	3.0640004960317486
236	84.0000	84.6000	41	None	None	1	-5	3.4090153769841303
237	86.7000	87.0000	41	None	None	1	-4	3.569977678571435
238	87.0000	87.3000	43	None	None	1	-3	3.5513088474026038
239	87.3000	87.6000	44	None	None	1	-2	3.5513088474025802
240	87.6000	87.9000	43	None	None	1	-3	3.5022017045454352
241	87.9000	88.2000	41	None	None	1	-4	3.564949720418451
242	88.2000	88.5000	45	None	None	1	-2	3.1966461489898945
243	88.5000	88.8000	47	None	None	1	-1	3.1966461489898945
244	88.8000	89.1000	36	None	None	1	-5	3.023543470418451
245	89.1000	89.4000	37	None	None	1	-4	2.935006313131284
246	89.4000	89.7000	39	None	None	1	-3	3.450223214285682
247	89.7000	90.0000	40	None	None	1	-2	4.164241071428551
248	90.0000	90.3000	39	None	None	1	-4	3.406942318594079
249	90.3000	90.6000	37	None	None	1	-5	3.2535111961450935
250	90.6000	90.9000	41	None	None	1	-4	2.9468572845804766
251	90.9000	91.2000	43	None	None	1	-3	3.9061685090702896
252	91.2000	184.8000	39	None	None	1	-5	4.130307539682537
253	91.2000	183.3000	45	None	None	1	-4	2.5395039682539777
254	92.1000	93.0000	47	None	None	1	-3	2.7402182539682607
255	93.0000	93.6000	48	None	None	1	-2	2.732003968253975
256	93.6000	94.5000	50	None	None	1	-1	2.4019258432539714
257	94.5000	95.4000	48	None	None	1	-2	2.7792869543650873
258	95.4000	96.0000	47	None	None	1	-1	1.7953583829365063
259	96.0000	194.4000	39	None	None	1	-5	2.150254924886628
260	96.0000	192.9000	45	None	None	1	-3	2.1986477820294885
261	98.4000	99.3000	50	None	None	1	-1	2.877219210600897
262	99.3000	100.2000	48	None	None	1	-2	2.641439989821678
263	100.2000	100.8000	47	None	None	1	-3	3.1534935612502535
264	101.7000	102.0000	42	None	None	1	-5	3.696626984126977
265	102.0000	102.3000	43	None	None	1	-4	3.679265873015867
266	102.3000	102.6000	45	None	None	1	-3	4.616978458049891
267	102.6000	102.9000	46	None	None	1	-2	5.098228458049891
268	102.9000	103.2000	48	None	None	1	-1	4.9590239125953435
269	103.2000	103.5000	47	None	None	1	-4	3.6745213615749472
270	104.1000	104.4000	44	None	None	1	-5	3.8268353174603296
271	104.4000	104.7000	45	None	None	1	-4	3.8094742063492224
272	104.7000	105.0000	47	None	None	1	-3	6.322197420634865
273	105.0000	105.3000	48	None	None	1	-2	6.136139728327173
274	105.3000	105.6000	50	None	None	1	-1	5.7841861263735685
275	105.6000	105.9000	49	None	None	1	-2	4.771239697802133
276	106.5000	106.8000	46	None	None	1	-4	4.874612713675149
277	106.8000	107.1000	47	None	None	1	-3	4.660645876940455
278	107.1000	107.4000	48	None	None	1	-2	4.58271220347107
279	107.4000	107.7000	50	None	None	1	-1	4.220467305511881
280	107.7000	108.0000	51	None	None	1	-3	1.6832019666841145
281	108.9000	218.7000	48	None	None	1	-4	1.9345145429966886
282	108.9000	218.7000	56	None	None	1	-1	2.664951814058953
283	109.8000	220.2000	50	None	None	1	-4	2.6135629251700645
284	109.8000	220.2000	58	None	None	1	-1	2.816227324263036
285	110.4000	221.7000	47	None	None	1	-5	2.7553217120181386
286	110.4000	221.7000	52	None	None	1	-4	3.034250283446703
287	110.4000	221.7000	59	None	None	1	-1	3.021495181405888
288	111.3000	223.2000	47	None	None	1	-5	2.7966935941043016
289	111.3000	223.2000	59	None	None	1	-1	2.677407879818589
290	112.2000	225.0000	45	None	None	1	-5	1.8966043083900217
291	112.2000	225.0000	57	None	None	1	-2	1.3457114512471722
292	112.8000	226.5000	50	None	None	1	-5	4.386106859410457
293	112.8000	226.5000	53	None	None	1	-4	5.358272392290283
294	112.8000	226.5000	58	None	None	1	-2	5.708527494331101
295	112.8000	226.5000	62	None	None	1	-1	7.755912698412718
296	113.7000	228.3000	55	None	None	1	-4	7.868214285714305
297	113.7000	228.3000	59	None	None	1	-2	8.836607142857156
298	114.6000	229.8000	59	None	None	1	-2	9.136607142857155
299	114.6000	229.8000	63	None	None	1	-1	10.822193877551051
300	115.2000	231.3000	43	None	None	1	-5	8.293813775510214
301	115.2000	231.3000	55	None	None	1	-2	7.309706632653062
302	115.2000	231.3000	60	None	None	1	-1	7.03174744897959
303	116.1000	233.1000	40	None	None	1	-5	4.821926020408175
304	116.1000	233.1000	52	None	None	1	-1	4.8219260204081795
305	117.0000	234.6000	36	None	None	1	-5	3.717015306122471
306	117.0000	234.6000	48	None	None	1	-1	3.717015306122471
307	117.6000	236.1000	31	None	None	1	-5	2.0153024781341196
308	117.6000	236.1000	43	None	None	1	-1	2.883159620991269
309	120.0000	240.9000	29	None	None	1	-5	2.794320335276981
310	120.0000	240.9000	41	None	None	1	-1	2.7943203352769816
311	120.9000	242.7000	31	None	None	1	-5	4.128631559766788
312	120.9000	242.7000	43	None	None	1	-1	4.736131559766793
313	121.8000	244.2000	33	None	None	1	-5	6.117694059766786
314	121.8000	244.2000	45	None	None	1	-1	6.117694059766786
315	122.4000	245.7000	34	None	None	1	-5	7.293258928571461
316	122.4000	245.7000	46	None	None	1	-1	6.293258928571456
317	124.8000	250.5000	35	None	None	1	-5	8.071562500000033
318	124.8000	250.5000	47	None	None	1	-1	8.330848214285748
319	125.7000	252.3000	32	None	None	1	-5	7.278552295918388
320	125.7000	252.3000	44	None	None	1	-1	6.449445153061236
321	126.6000	253.8000	28	None	None	1	-5	5.337168367346958
322	126.6000	253.8000	40	None	None	1	-1	5.138954081632675
323	127.2000	255.3000	24	None	None	1	-5	3.963389212828
324	127.2000	255.3000	36	None	None	1	-2	2.911093294460644
325	129.6000	260.1000	51	None	None	1	-2	3.094843294460647
326	129.6000	260.1000	60	None	None	1	-1	2.7839147230320758
327	130.5000	261.9000	49	None	None	1	-5	2.6159371153223283
328	130.5000	261.9000	57	None	None	1	-2	2.558972829608042
329	131.4000	263.4000	51	None	None	1	-5	2.558972829608045
330	131.4000	263.4000	60	None	None	1	-1	2.7013197683835566
331	132.0000	264.9000	49	None	None	1	-4	2.093385711302064
332	132.0000	264.9000	57	None	None	1	-1	2.258946935791863
333	134.4000	271.2000	36	None	None	1	-5	1.573411221506149
334	134.4000	269.7000	44	None	None	1	-2	1.835163205633131
335	135.3000	136.2000	39	None	None	1	-4	1.7786510174245127
336	136.2000	136.8000	44	None	None	1	-2	2.4555387725265607
337	136.8000	274.5000	38	None	None	1	-5	2.8312084153836974
338	136.8000	274.5000	46	None	None	1	-3	2.7028652360066814
339	138.6000	139.2000	53	None	None	1	-1	3.309796626984122
340	139.2000	140.1000	51	None	None	1	-2	3.416174178004526
341	140.1000	141.0000	50	None	None	1	-3	4.315536422902496
342	141.0000	141.6000	49	None	None	1	-4	4.413998724489804
343	141.6000	284.1000	47	None	None	1	-5	5.690784438775509
344	141.6000	284.1000	58	None	None	1	-1	5.807468112244885
345	142.5000	285.9000	45	None	None	1	-5	5.8999681122449035
346	142.5000	285.9000	57	None	None	1	-1	5.8999681122449115
347	143.4000	287.4000	43	None	None	1	-5	6.336821246355666
348	143.4000	287.4000	55	None	None	1	-1	7.333249817784196
349	144.0000	288.9000	41	None	None	1	-5	6.375214103498469
350	144.0000	288.9000	53	None	None	1	-1	6.30964267492704
351	144.9000	290.7000	39	None	None	1	-5	5.557420736151535
352	144.9000	290.7000	51	None	None	1	-1	5.464920736151535
353	145.8000	292.2000	38	None	None	1	-5	5.1353721250404085
354	145.8000	292.2000	50	None	None	1	-1	6.031279154518853
355	146.4000	293.7000	37	None	None	1	-5	6.823099992685181
356	146.4000	293.7000	49	None	None	1	-1	7.6632785641137335
357	148.8000	298.5000	39	None	None	1	-5	7.638023462072917
358	148.8000	298.5000	51	None	None	1	-1	8.942487747787144
359	149.7000	300.3000	39	None	None	1	-5	10.621952033501529
360	149.7000	300.3000	51	None	None	1	-1	9.621952033501534
361	150.6000	301.8000	42	None	None	1	-4	10.115106795406287
362	150.6000	301.8000	54	None	None	1	-1	10.938207702435857
363	153.6000	153.9000	34	None	None	1	-5	10.288584183673517
364	153.9000	154.2000	46	None	None	1	-1	10.05733418367369
365	154.2000	154.5000	46	None	None	1	-1	10.05733418367369
366	154.5000	154.8000	34	None	None	1	-5	9.165258290816592
367	154.8000	155.1000	46	None	None	1	-1	7.415258290816523
368	155.1000	155.4000	46	None	None	1	-1	7.415258290816523
369	155.4000	155.7000	37	None	None	1	-5	6.368223852041049
370	155.7000	156.0000	49	None	None	1	-1	4.61822385204092
371	156.0000	156.3000	39	None	None	1	-5	5.275908801020498
372	156.3000	156.6000	51	None	None	1	-1	5.044658801020488
373	156.6000	156.9000	51	None	None	1	-1	5.044658801020488
374	156.9000	157.2000	41	None	None	1	-5	5.083864795918478
375	157.2000	157.5000	53	None	None	1	-1	6.60261479591838
376	157.5000	157.8000	53	None	None	1	-1	6.60261479591838
377	157.8000	158.1000	43	None	None	1	-5	8.196588010204149
378	158.1000	158.4000	55	None	None	1	-1	9.715338010204105
379	158.4000	158.7000	44	None	None	1	-5	9.20784438775516
380	158.7000	159.0000	56	None	None	1	-1	6.707844387755052
381	159.0000	159.3000	56	None	None	1	-1	6.707844387755052
382	159.3000	159.6000	46	None	None	1	-5	6.54999999999994
383	159.6000	159.9000	58	None	None	1	-1	4.050000000000011
384	159.9000	160.2000	58	None	None	1	-1	4.050000000000011
385	160.2000	160.5000	46	None	None	1	-5	2.576785714285662
386	160.5000	160.8000	58	None	None	1	-2	0.308035714285727
387	160.8000	161.1000	60	None	None	1	-1	0.0
388	161.1000	161.4000	60	None	None	1	-1	0.0
389	161.4000	161.7000	60	None	None	1	-1	0.0
390	161.7000	162.0000	60	None	None	1	-1	0.0
391	162.0000	162.3000	60	None	None	1	-1	0.0
392	162.3000	162.6000	60	None	None	1	-1	0.0
393	162.6000	162.9000	60	None	None	1	-1	0.0
394	162.9000	163.2000	60	None	None	1	-1	0.0
395	163.2000	163.5000	60	None	None	1	-1	0.0
396	163.5000	163.8000	60	None	None	1	-1	0.0
397	163.8000	164.1000	60	None	None	1	-1	0.0
398	164.1000	164.4000	60	None	None	1	-1	0.0
399	164.4000	164.7000	60	None	None	1	-1	0.0
400	164.7000	165.0000	60	None	None	1	-1	0.0
401	165.0000	165.3000	60	None	None	1	-1	0.0
402	165.3000	165.6000	60	None	None	1	-1	0.0
403	165.6000	165.9000	60	None	None	1	-1	0.0
404	165.9000	166.2000	60	None	None	1	-1	0.0
405	166.2000	166.5000	60	None	None	1	-1	0.0
406	166.5000	166.8000	60	None	None	1	-1	0.0
407	166.8000	167.1000	60	None	None	1	-1	0.0
408	167.1000	167.4000	60	None	None	1	-1	0.0
409	167.4000	167.7000	60	None	None	1	-1	0.0
410	167.7000	168.0000	60	None	None	1	-1	0.0
411	168.0000	168.3000	60	None	None	1	-1	0.0
412	168.3000	168.6000	60	None	None	1	-1	0.0
413	168.6000	168.9000	60	None	None	1	-1	0.0
414	168.9000	169.2000	60	None	None	1	-1	0.0
415	169.2000	169.5000	60	None	None	1	-1	0.0
416	169.5000	169.8000	60	None	None	1	-1	0.0
417	169.8000	170.1000	60	None	None	1	-1	0.0
418	170.1000	170.4000	60	None	None	1	-1	0.0
419	170.4000	170.7000	60	None	None	1	-1	0.0
420	170.7000	171.0000	60	None	None	1	-1	0.0
421	171.0000	171.3000	60	None	None	1	-1	0.0
422	171.3000	171.6000	60	None	None	1	-1	0.0
423	171.6000	171.9000	60	None	None	1	-1	0.0
424	171.9000	172.2000	60	None	None	1	-1	0.0
425	172.2000	172.5000	60	None	None	1	-1	0.0
426	172.5000	172.8000	60	None	None	1	-1	0.0
427	172.8000	173.1000	60	None	None	1	-1	0.0
428	173.1000	173.4000	60	None	None	1	-1	0.0
429	173.4000	173.7000	60	None	None	1	-1	0.0
430	173.7000	174.0000	60	None	None	1	-1	0.0
431	174.0000	174.3000	60	None	None	1	-1	0.0
432	174.3000	174.6000	60	None	None	1	-1	0.0
433	174.6000	174.9000	60	None	None	1	-1	0.0
434	174.9000	175.2000	60	None	None	1	-1	0.0
435	175.2000	175.5000	60	None	None	1	-1	1.031249999999971
436	175.5000	175.8000	60	None	None	1	-1	1.7812499999999498
437	175.8000	176.1000	60	None	None	1	-1	1.7812499999999498
438	176.1000	176.4000	60	None	None	1	-1	2.812499999999921
439	176.4000	176.7000	60	None	None	1	-1	3.562499999999953
440	176.7000	177.0000	60	None	None	1	-1	3.562499999999953
441	177.0000	177.3000	60	None	None	1	-1	4.593749999999924
442	177.3000	177.6000	60	None	None	1	-1	5.343749999999956
443	177.6000	177.9000	48	None	None	1	-5	5.343749999999956
444	177.9000	178.2000	60	None	None	1	-1	5.343750000000009
445	178.2000	178.5000	60	None	None	1	-1	5.343750000000009
446	178.5000	178.8000	48	None	None	1	-5	5.343750000000009
447	178.8000	179.1000	60	None	None	1	-1	5.343750000000009
448	179.1000	179.4000	60	None	None	1	-1	5.343750000000009
449	179.4000	179.7000	48	None	None	1	-5	5.343750000000083
450	179.7000	180.0000	60	None	None	1	-1	5.343750000000029
451	180.0000	180.3000	48	None	None	1	-5	5.343750000000028
452	180.3000	180.6000	60	None	None	1	-1	5.343750000000028
453	180.6000	180.9000	60	None	None	1	-1	5.343750000000028
454	180.9000	181.2000	48	None	None	1	-5	5.343750000000102
455	181.2000	181.5000	60	None	None	1	-1	5.343750000000049
456	181.5000	181.8000	60	None	None	1	-1	5.343750000000049
457	181.8000	182.1000	48	None	None	1	-5	5.343750000000049
458	182.1000	182.4000	60	None	None	1	-1	5.343750000000049
459	182.4000	182.7000	48	None	None	1	-5	5.343750000000123
460	182.7000	183.0000	60	None	None	1	-1	5.343750000000069
461	183.0000	183.3000	60	None	None	1	-1	5.343750000000069
462	183.3000	183.6000	48	None	None	1	-5	5.343750000000069
463	183.6000	183.9000	60	None	None	1	-1	5.343750000000069
464	183.9000	184.2000	60	None	None	1	-1	5.343750000000069
465	184.2000	184.5000	48	None	None	1	-5	5.343749999999996
466	184.5000	184.8000	60	None	None	1	-1	5.343749999999996
467	184.8000	185.1000	48	None	None	1	-5	5.343749999999996
468	185.1000	185.4000	60	None	None	1	-1	5.343749999999996
469	185.4000	185.7000	60	None	None	1	-1	5.343749999999996
470	185.7000	186.0000	48	None	None	1	-5	5.343749999999922
471	186.0000	186.3000	60	None	None	1	-1	5.343749999999922
472	186.3000	186.6000	60	None	None	1	-1	5.343749999999922
473	186.6000	186.9000	48	None	None	1	-5	5.343749999999922
474	186.9000	187.2000	60	None	None	1	-1	5.343749999999975
475	187.2000	187.5000	48	None	None	1	-5	4.379174397031471
476	187.5000	187.8000	60	None	None	1	-1	3.661444805194758
477	187.8000	188.1000	60	None	None	1	-1	3.977226022984903
478	188.1000	188.4000	48	None	None	1	-5	3.0812226216243843
479	188.4000	188.7000	60	None	None	1	-1	2.456718653370438
480	188.7000	189.0000	60	None	None	1	-1	2.5706472247990093
481	189.0000	189.3000	48	None	None	1	-5	1.8867227762317382
482	189.3000	189.6000	60	None	None	1	-2	0.9020501571840898
483	192.0000	384.9000	56	None	None	1	-4	0.9569148113791022
484	192.0000	384.9000	58	None	None	1	-3	1.1969426406926358
485	192.0000	384.9000	63	None	None	1	-2	1.140938208616784
486	192.9000	386.7000	56	None	None	1	-4	1.464921923314774
487	192.9000	386.7000	58	None	None	1	-3	1.5901828231292479
488	192.9000	386.7000	63	None	None	1	-1	1.3824447278911514
489	193.8000	388.2000	54	None	None	1	-5	0.9908630952380799
490	193.8000	388.2000	57	None	None	1	-4	0.9843876262626088
491	193.8000	388.2000	62	None	None	1	-2	0.960816197691178
492	194.4000	389.7000	58	None	None	1	-5	1.0068054267161375
493	194.4000	389.7000	62	None	None	1	-3	2.1810947853167377
494	194.4000	389.7000	67	None	None	1	-1	2.2583340143416866
495	195.3000	391.5000	58	None	None	1	-5	2.221152891892706
496	195.3000	391.5000	62	None	None	1	-4	2.21573480799248
497	195.3000	391.5000	67	None	None	1	-2	2.227302268309938
498	196.2000	393.0000	61	None	None	1	-4	1.9783836175162888
499	196.2000	393.0000	63	None	None	1	-3	2.4698392452219116
500	196.2000	393.0000	69	None	None	1	-1	2.4591249595076246
501	196.8000	394.5000	56	None	None	1	-4	1.2920261286332753
502	196.8000	394.5000	58	None	None	1	-3	1.6513638572312117
503	196.8000	394.5000	63	None	None	1	-1	1.524585873310367
504	197.7000	396.3000	56	None	None	1	-4	1.581799592131231
505	197.7000	396.3000	58	None	None	1	-3	1.5492161041905976
506	197.7000	396.3000	63	None	None	1	-1	1.4604715154460077
507	198.6000	397.8000	54	None	None	1	-4	1.4901540551285486
508	198.6000	397.8000	57	None	None	1	-3	1.8607637232382102
509	198.6000	397.8000	62	None	None	1	-1	1.8640104764849639
510	199.2000	399.3000	51	None	None	1	-4	1.0395336013193028
511	199.2000	399.3000	54	None	None	1	-2	1.24738709986158
512	199.2000	399.3000	58	None	None	1	-1	1.3308750404923855
513	200.1000	401.1000	51	None	None	1	-4	1.4688682377713045
514	200.1000	401.1000	54	None	None	1	-2	1.3512917071590607
515	200.1000	401.1000	58	None	None	1	-1	1.4097332656006236
516	201.0000	402.6000	49	None	None	1	-4	1.473225329092689
517	201.0000	402.6000	51	None	None	1	-3	1.4616877595194069
518	201.0000	402.6000	57	None	None	1	-1	1.5485384088700556
519	201.6000	404.1000	46	None	None	1	-5	1.320616883116889
520	201.6000	404.1000	51	None	None	1	-3	1.4375087610801975
521	201.6000	404.1000	56	None	None	1	-1	1.262449494949497
522	202.5000	405.9000	46	None	None	1	-5	1.5972709235209275
523	202.5000	405.9000	51	None	None	1	-3	1.7030513038548774
524	202.5000	405.9000	56	None	None	1	-1	1.4953132086167817
525	203.4000	407.4000	46	None	None	1	-5	1.503604024943312
526	203.4000	407.4000	49	None	None	1	-4	1.2766920480313373
527	203.4000	407.4000	54	None	None	1	-2	1.2197277623170535
528	204.0000	408.9000	51	None	None	1	-5	0.8394839981447226
529	204.0000	408.9000	55	None	None	1	-3	2.1746243042671276
530	204.0000	408.9000	60	None	None	1	-1	2.2859415584415155
531	204.9000	410.7000	51	None	None	1	-5	2.4261413883734813
532	204.9000	410.7000	55	None	None	1	-3	2.595330730777111
533	204.9000	410.7000	60	None	None	1	-1	2.7650895433930684
534	205.8000	412.2000	54	None	None	1	-4	2.836085987425224
535	205.8000	412.2000	57	None	None	1	-3	2.8770646516181744
536	205.8000	412.2000	62	None	None	1	-1	3.096270190976777
537	206.4000	413.4000	48	None	None	1	-5	1.931120608416525
538	206.4000	413.4000	51	None	None	1	-3	1.9574373472332747
539	206.4000	413.4000	56	None	None	1	-1	1.7602795447183373
540	207.0000	414.6000	48	None	None	1	-5	1.8242657073652153
541	207.0000	414.6000	51	None	None	1	-3	1.951043691286061
542	207.0000	414.6000	56	None	None	1	-1	1.7505901765468255
543	207.6000	208.2000	51	None	None	1	-3	1.826656966899328
544	208.2000	417.0000	46	None	None	1	-5	1.7741180942073917
545	208.2000	417.0000	49	None	None	1	-4	1.5971375103071594
546	208.2000	417.0000	53	None	None	1	-2	1.6127270794681565
547	208.8000	418.5000	48	None	None	1	-5	1.6529949366110102
548	208.8000	418.5000	51	None	None	1	-3	1.5551725803957959
549	208.8000	418.5000	56	None	None	1	-1	1.5068732606679018
550	209.7000	420.3000	48	None	None	1	-5	1.5543428545660702
551	209.7000	420.3000	51	None	None	1	-3	1.4290001417233582
552	209.7000	420.3000	56	None	None	1	-1	1.3597360724592877
553	210.6000	421.8000	45	None	None	1	-4	1.0514058956916124
554	210.6000	421.8000	48	None	None	1	-3	1.1995564058956911
555	210.6000	421.8000	53	None	None	1	-1	1.2864070552463398
556	211.2000	423.3000	48	None	None	1	-4	1.4015431096681046
557	211.2000	423.3000	51	None	None	1	-2	1.3433160688517782
558	211.2000	423.3000	55	None	None	1	-1	1.3713772933415738
559	212.1000	425.1000	48	None	None	1	-4	1.4494101731601698
560	212.1000	425.1000	51	None	None	1	-2	1.2987058080808058
561	212.1000	425.1000	55	None	None	1	-1	1.187455808080805
562	213.0000	426.6000	46	None	None	1	-5	1.2660910121624398
563	213.0000	426.6000	49	None	None	1	-3	1.3044387755102034
564	213.0000	426.6000	54	None	None	1	-1	1.1134214594928893
565	213.6000	428.1000	45	None	None	1	-5	0.9759852350030915
566	213.6000	428.1000	48	None	None	1	-3	2.7105880046824056
567	213.6000	428.1000	53	None	None	1	-1	2.6769043312130156
568	214.5000	429.9000	46	None	None	1	-5	2.441001553435239
569	214.5000	429.9000	50	None	None	1	-3	2.6261444105780973
570	214.5000	429.9000	55	None	None	1	-1	3.527037267720953
571	215.4000	431.4000	48	None	None	1	-4	3.339338855022542
572	215.4000	431.4000	51	None	None	1	-3	3.339338855022542
573	215.4000	431.4000	57	None	None	1	-1	3.339338855022542
574	216.0000	218.4000	42	None	None	1	-5	3.339338855022542
575	218.4000	220.8000	50	None	None	1	-3	3.339338855022542
576	220.8000	223.2000	53	None	None	1	-2	3.339338855022542
577	223.2000	225.6000	57	None	None	1	-1	3.339338855022542
578	225.6000	228.0000	39	None	None	1	-5	3.339338855022542
579	228.0000	230.4000	39	None	None	1	-5	3.339338855022542
580	230.4000	232.8000	39	None	None	1	0	3.339338855022542
