0	0.0000	0.9677	55	None	None	1	-1	1.380425291299176
1	0.9677	1.4516	53	None	None	1	-2	1.3765473232863306
2	1.4516	1.9355	52	None	None	1	-1	1.6732423288172054
3	1.9355	2.9032	50	None	None	1	-2	1.282818106962196
4	2.9032	3.8710	48	None	None	1	-3	1.2058867301818765
5	3.8710	4.8387	50	None	None	1	-1	0.940269662234431
6	5.8065	6.7742	50	None	None	1	-1	1.0378328035130422
7	6.7742	7.2581	49	None	None	1	-2	1.2786140094396892
8	7.2581	7.7419	47	None	None	1	-3	1.430748902388038
9	7.7419	8.7097	45	None	None	1	-4	1.7432499985907897
10	8.7097	9.6774	43	None	None	1	-5	1.6374693555178506
11	9.6774	10.6452	45	None	None	1	-4	1.9838525355417624
12	11.6129	12.5806	45	None	None	1	-5	2.2299721556070504
13	12.5806	13.0645	47	None	None	1	-4	2.7501126126288824
14	13.0645	13.5484	49	None	None	1	-3	3.192727492871033
15	13.5484	14.5161	50	None	None	1	-2	3.270105156643725
16	14.5161	15.0000	52	None	None	1	-1	3.029276498896639
17	15.0000	15.4839	50	None	None	1	-5	1.269603847559062
18	15.9677	16.4516	50	None	None	1	-5	1.4415542114983766
19	16.4516	16.9355	52	None	None	1	-4	1.4630480069907918
20	16.9355	17.4194	53	None	None	1	-3	2.462535908091711
21	17.4194	18.3871	55	None	None	1	-2	2.462535908091711
22	18.3871	18.8710	57	None	None	1	-1	2.462535908091711
23	18.8710	19.3548	55	None	None	1	-2	2.462535908091711
24	19.3548	20.3226	55	None	None	1	-1	2.462535908091711
25	20.3226	20.8065	53	None	None	1	-2	2.462535908091711
26	20.8065	21.2903	52	None	None	1	-3	2.462535908091711
27	21.2903	22.2581	50	None	None	1	-4	2.462535908091711
28	22.2581	23.2258	48	None	None	1	-5	2.462535908091711
29	23.2258	25.1613	50	None	None	1	0	2.462535908091711
