0	0.0000	1.1538	50	None	None	1	-2	1.229328112135815
1	1.1538	2.3077	52	None	None	1	-1	1.1455922544352335
2	2.3077	3.4615	50	None	None	1	-2	0.9920646470732708
3	3.4615	4.0385	48	None	None	1	-3	1.1316351992205096
4	4.0385	4.6154	47	None	None	1	-4	1.1008023096216464
5	4.6154	5.1923	48	None	None	1	-3	1.0449676151749898
6	5.1923	5.7692	47	None	None	1	-4	1.0449676151749898
7	5.7692	6.3462	45	None	None	1	-5	1.0449676151749898
8	6.3462	6.9231	47	None	None	1	-4	0.9767252108512972
9	6.9231	8.0769	48	None	None	1	-3	0.9208905164046398
10	8.0769	9.2308	50	None	None	1	-2	0.9336736392188295
11	9.2308	11.5385	52	None	None	1	-1	0.9336736392188302
12	11.5385	12.6923	50	None	None	1	-2	1.0417846230819858
13	12.6923	13.2692	48	None	None	1	-3	1.0417846230819854
14	13.2692	13.8462	47	None	None	1	-4	1.0417846230819867
15	13.8462	15.0000	45	None	None	1	-5	0.9962793471079608
16	15.0000	16.1538	47	None	None	1	-4	1.0496904022253024
17	16.1538	17.3077	48	None	None	1	-3	1.1055250966719599
18	18.4615	19.6154	52	None	None	1	-2	1.1689914869554427
19	19.6154	20.7692	53	None	None	1	-1	1.1307609052288858
20	20.7692	21.9231	52	None	None	1	-2	0.985240406640901
21	21.9231	22.5000	50	None	None	1	-3	1.0410751010875594
22	22.5000	23.0769	48	None	None	1	-4	1.0262437518812089
23	23.0769	23.6538	50	None	None	1	-3	1.0262437518812078
24	23.6538	24.2308	52	None	None	1	-2	1.0410751010875587
25	24.2308	24.8077	50	None	None	1	-3	0.9852404066409024
26	24.8077	25.3846	48	None	None	1	-4	0.9169980023172094
27	25.3846	26.5385	47	None	None	1	-5	0.8402252974530555
28	26.5385	27.1154	48	None	None	1	-4	0.8283878929629143
29	27.1154	27.6923	50	None	None	1	-3	0.7791044693313305
30	27.6923	28.2692	52	None	None	1	-2	0.7111350346249331
31	28.2692	28.8462	50	None	None	1	-3	0.6698587197673309
32	28.8462	30.0000	48	None	None	1	-4	0.688397906275265
33	30.0000	31.1538	50	None	None	1	-2	1.0319945728765978
34	31.1538	32.3077	48	None	None	1	-3	1.0465529524656523
35	32.3077	33.4615	47	None	None	1	-4	1.031994572876598
36	34.6154	35.7692	50	None	None	1	-2	0.9944660470892867
37	35.7692	36.9231	52	None	None	1	-1	0.9107301893887052
38	36.9231	38.0769	50	None	None	1	-2	0.765209690800722
39	38.0769	38.6538	48	None	None	1	-3	0.8665496612214066
40	38.6538	39.2308	47	None	None	1	-4	0.7983072568977155
41	39.2308	40.3846	45	None	None	1	-5	0.7983072568977155
42	40.3846	41.5385	47	None	None	1	-4	0.7983072568977155
43	41.5385	43.8462	48	None	None	1	-3	0.7983072568977155
44	43.8462	44.4231	50	None	None	1	-2	0.7983072568977155
45	44.4231	45.5769	48	None	None	1	-3	0.7983072568977155
46	45.5769	46.1538	47	None	None	1	-4	0.7983072568977155
47	46.1538	47.3077	45	None	None	1	-5	0.7983072568977155
48	47.3077	48.4615	47	None	None	1	-4	0.7983072568977155
49	48.4615	50.7692	48	None	None	1	0	0.7983072568977155
