0	0.0000	1.1538	65	None	None	0	4	1.4217027306367824
1	1.1538	2.3077	67	None	None	0	5	1.4529701595269127
2	2.3077	3.4615	65	None	None	0	4	1.4529701595269127
3	3.4615	4.0385	64	None	None	0	3	1.477537425083442
4	4.0385	4.6154	62	None	None	0	2	1.3857536442121992
5	4.6154	5.1923	64	None	None	0	3	1.3299189497655397
6	5.1923	5.7692	62	None	None	0	2	1.3299189497655395
7	5.7692	6.3462	60	None	None	0	1	1.3299189497655395
8	6.3462	6.9231	62	None	None	0	2	1.1376533932361799
9	6.9231	8.0769	64	None	None	0	3	1.0818186987895213
10	8.0769	9.2308	65	None	None	0	4	1.3668348999588973
11	9.2308	11.5385	67	None	None	0	5	1.942760094105364
12	11.5385	12.6923	65	None	None	0	4	1.981132819859261
13	12.6923	13.2692	64	None	None	0	3	1.9811328198592613
14	13.2692	13.8462	62	None	None	0	2	1.9811328198592613
15	13.8462	15.0000	60	None	None	0	1	1.722610092586535
16	15.0000	16.1538	62	None	None	0	2	1.6453319983222423
17	16.1538	17.3077	64	None	None	0	1	0.818169322041469
18	18.4615	19.6154	72	None	None	0	4	0.8936363525704016
19	19.6154	20.7692	74	None	None	0	5	1.1834265087332583
20	20.7692	21.9231	72	None	None	0	4	1.3289470073212424
21	21.9231	22.5000	71	None	None	0	3	1.3847817017679018
22	22.5000	23.0769	69	None	None	0	2	1.3996130509742482
23	23.0769	23.6538	71	None	None	0	4	1.09898808693862
24	23.6538	24.2308	72	None	None	0	5	1.0534828109645973
25	24.2308	24.8077	71	None	None	0	4	0.9852404066409068
26	24.8077	25.3846	69	None	None	0	3	0.9294057121942485
27	25.3846	26.5385	67	None	None	0	2	0.8679875483029255
28	26.5385	27.1154	69	None	None	0	3	0.9092753878472974
29	27.1154	27.6923	71	None	None	0	4	0.9865534821115863
30	27.6923	28.2692	72	None	None	0	5	1.0247840638381434
31	28.2692	28.8462	71	None	None	0	4	1.1210186638019912
32	28.8462	30.0000	69	None	None	0	3	1.5957016793208947
33	30.0000	31.1538	71	None	None	0	5	1.6997664008127646
34	31.1538	32.3077	69	None	None	0	4	1.8452868994007472
35	32.3077	33.4615	67	None	None	0	3	1.8452868994007485
36	34.6154	35.7692	65	None	None	0	2	1.8494567355993388
37	35.7692	36.9231	67	None	None	0	5	1.1130861276796502
38	36.9231	38.0769	65	None	None	0	4	1.1050790189056718
39	38.0769	38.6538	64	None	None	0	3	1.398555759204613
40	38.6538	39.2308	62	None	None	0	2	1.3305863244982132
41	39.2308	40.3846	60	None	None	0	1	1.3305863244982132
42	40.3846	41.5385	62	None	None	0	2	1.3305863244982132
43	41.5385	43.8462	64	None	None	0	3	1.3305863244982132
44	43.8462	44.4231	65	None	None	0	5	1.3305863244982132
45	44.4231	45.5769	64	None	None	0	4	1.3305863244982132
46	45.5769	46.1538	62	None	None	0	3	1.3305863244982132
47	46.1538	47.3077	60	None	None	0	2	1.3305863244982132
48	47.3077	48.4615	62	None	None	0	3	1.3305863244982132
49	48.4615	50.7692	60	None	None	0	0	1.3305863244982132
