0	0.0000	1.0000	69	None	None	0	5	0.986365139490134
1	1.0000	1.5000	67	None	None	0	4	1.0320000601250543
2	1.5000	2.0000	69	None	None	0	5	0.9943512506012481
3	2.0000	3.0000	67	None	None	0	4	0.9639279701779706
4	3.0000	4.0000	62	None	None	0	2	0.9281711674568832
5	4.0000	5.0000	64	None	None	0	3	0.944765684051398
6	5.0000	6.0000	65	None	None	0	4	1.0417398904006037
7	6.0000	6.5000	67	None	None	0	5	1.106389361300074
8	6.5000	7.0000	65	None	None	0	4	1.0426327475434618
9	7.0000	7.5000	64	None	None	0	3	0.9804033103140266
10	7.5000	8.0000	62	None	None	0	2	0.9210779134886272
11	8.0000	10.0000	64	None	None	0	3	0.8868517230124344
12	10.0000	11.0000	69	None	None	0	5	0.986365139490134
13	11.0000	11.5000	67	None	None	0	3	1.3056487493987436
14	11.5000	12.0000	69	None	None	0	4	1.2770442520442518
15	12.0000	13.0000	67	None	None	0	3	1.2770442520442518
16	13.0000	14.0000	62	None	None	0	1	1.2770442520442518
17	14.0000	15.0000	64	None	None	0	2	1.2770442520442518
18	15.0000	16.0000	65	None	None	0	3	1.2770442520442518
19	16.0000	16.5000	67	None	None	0	4	1.2770442520442518
20	16.5000	17.0000	65	None	None	0	3	1.2770442520442518
21	17.0000	17.5000	69	None	None	0	4	1.2770442520442518
22	17.5000	18.0000	67	None	None	0	3	1.2770442520442518
23	18.0000	20.0000	62	None	None	0	0	1.2770442520442518
