0	0.0000	0.5769	74	None	None	0	3	1.449948432617151
1	0.5769	1.1538	76	None	None	0	4	1.5685992262679433
2	1.1538	1.7308	72	None	None	0	2	1.4025941381386218
3	1.7308	2.3077	76	None	None	0	4	1.2728198325830644
4	2.3077	3.4615	74	None	None	0	3	1.3941672351804633
5	3.4615	4.0385	76	None	None	0	4	1.6478015045835175
6	4.0385	4.6154	72	None	None	0	2	1.503796724641241
7	4.6154	5.1923	74	None	None	0	1	1.3792759153763738
8	5.1923	5.7692	76	None	None	0	2	1.2530830323391569
9	5.7692	6.9231	72	None	None	0	1	1.3586025128586383
10	6.9231	7.5000	77	None	None	0	3	1.4499484326171328
11	7.5000	8.0769	79	None	None	0	4	1.5685992262679256
12	8.0769	8.6538	76	None	None	0	2	1.4497506285466315
13	8.6538	9.2308	79	None	None	0	4	1.2864975345036593
14	9.2308	10.3846	77	None	None	0	3	1.18108630675731
15	10.3846	10.9615	79	None	None	0	4	1.5082121610495764
16	10.9615	11.5385	76	None	None	0	2	1.2677359982382936
17	11.5385	12.1154	77	None	None	0	3	1.203356167945888
18	12.1154	12.6923	79	None	None	0	4	1.2582939108437523
19	12.6923	13.8462	76	None	None	0	2	1.2112115070512313
20	13.8462	14.4231	79	None	None	0	3	1.2114093111217328
21	14.4231	15.0000	77	None	None	0	2	1.2447798468360183
22	15.0000	15.5769	74	None	None	0	1	1.228951924758098
23	15.5769	16.1538	76	None	None	0	2	0.9594082739644432
24	16.1538	17.3077	72	None	None	0	1	1.2105446376008093
25	17.3077	17.8846	77	None	None	0	4	1.2401030393217898
26	17.8846	18.4615	74	None	None	0	2	1.2744554924242424
27	18.4615	19.0385	76	None	None	0	3	1.2186207979775823
28	19.0385	19.6154	77	None	None	0	4	1.4040126630569494
29	19.6154	20.7692	79	None	None	0	5	1.3601194902575253
30	20.7692	21.3462	79	None	None	0	3	1.2986250818881173
31	21.3462	21.9231	77	None	None	0	2	1.2986250818881173
32	21.9231	22.5000	74	None	None	0	1	1.2986250818881173
33	22.5000	23.0769	76	None	None	0	2	1.2986250818881173
34	23.0769	24.2308	72	None	None	0	1	1.2986250818881173
35	24.2308	24.8077	74	None	None	0	2	1.2986250818881173
36	24.8077	25.3846	77	None	None	0	4	1.2986250818881173
37	25.3846	26.5385	76	None	None	0	3	1.2986250818881173
38	26.5385	27.6923	74	None	None	0	2	1.2986250818881173
39	27.6923	30.0000	72	None	None	0	0	1.2986250818881173
