0	0.0000	1.2500	72	None	None	0	1	0.6263877583322026
1	1.2500	2.5000	74	None	None	0	2	0.49123196762085575
2	2.5000	5.0000	76	None	None	0	3	0.4912319676208545
3	5.0000	6.2500	77	None	None	0	4	0.5195490209379089
4	6.2500	7.5000	76	None	None	0	3	0.5195490209379089
5	7.5000	8.7500	74	None	None	0	2	0.5195490209379089
6	10.0000	11.2500	76	None	None	0	3	0.5195490209379089
7	11.2500	12.5000	77	None	None	0	4	0.5195490209379089
8	12.5000	13.7500	79	None	None	0	5	0.5195490209379089
9	13.7500	15.0000	77	None	None	0	4	0.5195490209379089
10	15.0000	16.2500	76	None	None	0	3	0.5195490209379089
11	16.2500	17.5000	74	None	None	0	2	0.5195490209379089
12	17.5000	20.0000	72	None	None	0	0	0.5195490209379089
