0	0.0000	0.8824	59	None	None	1	-5	1.3325072422442912
1	0.8824	1.3235	60	None	None	1	-4	1.4759570145423437
2	1.3235	1.7647	62	None	None	1	-3	1.4263716614390292
3	1.7647	2.6471	64	None	None	1	-2	1.468112732867597
4	2.6471	3.5294	62	None	None	1	-4	1.1159658361847693
5	3.5294	4.4118	60	None	None	1	-5	1.1527761441402895
6	4.4118	4.8529	62	None	None	1	-4	1.2175400686721776
7	4.8529	5.2941	64	None	None	1	-3	1.0839607242877465
8	5.2941	6.1765	65	None	None	1	-2	1.0191967997558602
9	6.1765	7.0588	64	None	None	1	-3	1.0324913463094414
10	7.0588	7.5000	62	None	None	1	-4	1.0139094624580949
11	7.5000	7.9412	60	None	None	1	-5	0.9907199783311145
12	7.9412	8.3824	62	None	None	1	-4	1.0139094624580984
13	8.3824	8.8235	64	None	None	1	-3	0.9643241093547791
14	8.8235	10.5882	65	None	None	1	-2	0.8550634836168827
15	13.2353	14.1176	64	None	None	1	-3	1.0223729867314728
16	14.1176	15.0000	62	None	None	1	-4	1.12887798269193
17	15.8824	16.7647	65	None	None	1	-1	1.3183394439476015
18	16.7647	17.2059	64	None	None	1	-2	1.132601396233505
19	17.2059	17.6471	62	None	None	1	-3	1.0644341592788407
20	17.6471	18.5294	60	None	None	1	-4	0.9708986113271275
21	18.5294	19.4118	62	None	None	1	-3	0.9708986113271275
22	19.8529	20.2941	64	None	None	1	-2	0.9708986113271275
23	20.2941	20.7353	62	None	None	1	-3	0.9708986113271275
24	20.7353	21.1765	60	None	None	1	-4	0.9708986113271275
25	21.1765	22.0588	59	None	None	1	-5	0.9708986113271275
26	22.0588	22.9412	60	None	None	1	-4	0.9708986113271275
27	22.9412	23.8235	62	None	None	1	-3	0.9708986113271275
28	23.8235	24.7059	64	None	None	1	-2	0.9708986113271275
29	24.7059	26.4706	62	None	None	1	0	0.9708986113271275
