0	2.4000	3.6000	45	None	None	1	-5	0.8451616835545404
1	3.6000	4.2000	47	None	None	1	-4	0.9113573926073925
2	4.2000	4.8000	49	None	None	1	-3	0.9113573926073925
3	4.8000	6.0000	50	None	None	1	-2	0.9113573926073925
4	6.0000	7.2000	50	None	None	1	-2	0.9113573926073925
5	7.2000	8.4000	50	None	None	1	-2	0.9113573926073925
6	8.4000	9.6000	49	None	None	1	-3	0.9113573926073925
7	9.6000	10.2000	47	None	None	1	-4	0.9113573926073925
8	10.2000	10.8000	45	None	None	1	-5	0.7862191380048518
9	10.8000	11.4000	47	None	None	1	-4	0.9823359180502033
10	11.4000	12.0000	49	None	None	1	-3	1.2824286824286801
11	12.0000	13.2000	50	None	None	1	-2	0.94288786610215
12	13.2000	14.4000	50	None	None	1	-3	0.8073178309785437
13	14.4000	15.6000	50	None	None	1	-3	0.8705046441653562
14	15.6000	16.8000	49	None	None	1	-4	1.088159013605441
15	16.8000	18.0000	47	None	None	1	-5	1.3420591313448433
16	18.0000	18.6000	49	None	None	1	-4	1.535129949415661
17	18.6000	19.2000	50	None	None	1	-3	1.3281784188034156
18	19.2000	20.4000	52	None	None	1	-1	1.1465080554366247
19	20.4000	21.6000	52	None	None	1	-1	1.2369275565704114
20	21.6000	22.8000	52	None	None	1	-1	1.3982795973867388
21	22.8000	23.4000	50	None	None	1	-2	1.2335376142237042
22	23.4000	24.0000	49	None	None	1	-3	1.0201795437227763
23	24.0000	25.2000	50	None	None	1	-2	1.020179543722778
24	25.2000	25.8000	49	None	None	1	-3	1.2364275813993855
25	25.8000	26.4000	47	None	None	1	-4	1.55008971291866
26	26.4000	27.0000	49	None	None	1	-3	1.7634477834195863
27	27.0000	27.6000	47	None	None	1	-4	1.763447783419586
28	27.6000	28.8000	45	None	None	1	-5	1.7634477834195852
29	29.4000	30.0000	47	None	None	1	-4	1.7634477834195852
30	30.0000	30.6000	49	None	None	1	-3	1.7634477834195852
31	30.6000	31.2000	50	None	None	1	-2	1.7634477834195852
32	31.2000	31.8000	52	None	None	1	-1	1.7634477834195852
33	31.8000	32.4000	50	None	None	1	-2	1.7634477834195852
34	32.4000	33.0000	49	None	None	1	-3	1.7634477834195852
35	33.0000	33.6000	47	None	None	1	-4	1.7634477834195852
36	33.6000	36.0000	45	None	None	1	-5	1.7634477834195852
37	36.0000	36.6000	45	None	None	1	0	1.7634477834195852
