0	0.0000	1.2000	62	None	None	0	2	1.023484105180537
1	1.2000	1.8000	64	None	None	0	3	1.0776442307692347
2	1.8000	2.4000	66	None	None	0	4	1.0776442307692349
3	2.4000	3.6000	67	None	None	0	5	1.0776442307692349
4	3.6000	4.8000	67	None	None	0	5	1.0776442307692349
5	4.8000	6.0000	67	None	None	0	5	1.0776442307692349
6	6.0000	7.2000	66	None	None	0	4	1.077644230769235
7	7.2000	7.8000	64	None	None	0	3	1.077644230769235
8	7.8000	8.4000	62	None	None	0	2	1.009421877725453
9	8.4000	9.0000	64	None	None	0	1	1.1928375196232324
10	9.0000	9.6000	66	None	None	0	2	1.1426391069248183
11	9.6000	10.8000	67	None	None	0	4	0.7697509831438392
12	10.8000	12.0000	67	None	None	0	4	0.7697509831438392
13	12.0000	13.2000	67	None	None	0	4	0.8469793103721658
14	13.2000	14.4000	66	None	None	0	3	0.9764926541712231
15	14.4000	15.6000	64	None	None	0	1	1.2677568463282713
16	15.6000	16.2000	66	None	None	0	2	1.503039420896559
17	16.2000	16.8000	67	None	None	0	4	1.2584499825571225
18	16.8000	18.0000	69	None	None	0	5	1.1333117279545843
19	18.0000	19.2000	69	None	None	0	5	1.2146892789749941
20	19.2000	20.4000	69	None	None	0	5	1.5820362177505058
21	20.4000	21.0000	67	None	None	0	4	1.636583158904589
22	21.0000	21.6000	66	None	None	0	3	1.3976114737392966
23	21.6000	22.2000	67	None	None	0	5	1.338737956383638
24	22.2000	22.8000	66	None	None	0	4	0.8671534892634585
25	22.8000	24.0000	64	None	None	0	3	0.7931738974267226
26	24.0000	24.6000	66	None	None	0	4	1.2038990849376239
27	24.6000	25.2000	64	None	None	0	3	1.2038990849376237
28	25.2000	26.4000	62	None	None	0	2	1.2038990849376234
29	26.4000	28.2000	64	None	None	0	3	1.2580592105263209
30	28.2000	28.8000	66	None	None	0	4	1.2580592105263209
31	28.8000	30.0000	67	None	None	0	5	1.2580592105263209
32	30.0000	31.2000	67	None	None	0	5	1.2580592105263209
33	31.2000	31.8000	67	None	None	0	5	1.2580592105263209
34	31.8000	32.4000	66	None	None	0	4	1.2580592105263209
35	32.4000	33.0000	64	None	None	0	3	1.2580592105263209
36	33.0000	33.6000	62	None	None	0	2	1.2580592105263209
37	33.6000	36.0000	64	None	None	0	3	1.2580592105263209
38	36.0000	36.6000	64	None	None	0	0	1.2580592105263209
