0	2.1429	3.2143	52	None	None	1	-1	1.1771379662577706
1	3.2143	4.2857	50	None	None	1	-2	1.0936021421354853
2	4.2857	6.4286	52	None	None	1	-1	1.003303430159601
3	6.9643	7.5000	50	None	None	1	-2	0.9786380906398824
4	7.5000	8.0357	48	None	None	1	-3	1.0689368026157653
5	8.0357	8.5714	50	None	None	1	-2	1.1682653857892367
6	8.5714	10.7143	48	None	None	1	-3	1.1091738538626814
7	11.2500	11.7857	47	None	None	1	-4	1.1587459273469118
8	11.7857	12.3214	45	None	None	1	-5	1.110290871167135
9	12.3214	12.8571	47	None	None	1	-4	1.0944981121159496
10	12.8571	13.9286	48	None	None	1	-3	1.0578296161164125
11	13.9286	15.0000	50	None	None	1	-2	1.3688010050313282
12	15.0000	16.0714	52	None	None	1	-1	1.3072164004212383
13	16.0714	17.1429	50	None	None	1	-3	0.96659225682025
14	17.1429	18.2143	48	None	None	1	-4	0.9111797953680489
15	18.2143	18.7500	47	None	None	1	-5	0.9439755955872886
16	18.7500	19.2857	48	None	None	1	-4	0.9439755955872886
17	19.2857	21.4286	50	None	None	1	-3	0.9439755955872886
18	21.9643	22.5000	52	None	None	1	-2	0.9439755955872886
19	22.5000	23.0357	50	None	None	1	-3	0.9439755955872886
20	23.0357	23.5714	48	None	None	1	-4	0.9439755955872886
21	23.5714	25.7143	47	None	None	1	-5	0.9439755955872886
22	26.7857	27.3214	48	None	None	1	-4	0.9439755955872886
23	27.3214	27.8571	50	None	None	1	-3	0.9439755955872886
24	27.8571	30.0000	52	None	None	1	0	0.9439755955872886
