0	0.0000	2.3077	62	None	None	1	-4	1.046031955229764
1	2.8846	3.4615	67	None	None	1	-2	1.1133794917138993
2	3.4615	5.7692	62	None	None	1	-4	1.0598576663170753
3	6.3462	6.9231	60	None	None	1	-5	1.2561576903488658
4	6.9231	8.6538	62	None	None	1	-4	1.487714328155505
5	8.6538	9.2308	62	None	None	1	-5	1.2422573953823965
6	9.2308	9.8077	64	None	None	1	-4	1.1097718253968254
7	9.8077	10.3846	65	None	None	1	-3	1.26570616883117
8	10.3846	10.9615	67	None	None	1	-2	1.2535714285714297
9	10.9615	11.5385	62	None	None	1	-4	1.2000496031746055
10	11.5385	12.1154	64	None	None	1	-3	1.4585723304473304
11	12.1154	12.6923	65	None	None	1	-2	1.329985212692881
12	12.6923	13.2692	67	None	None	1	-1	1.219619589897149
13	13.2692	13.8462	64	None	None	1	-4	1.198600630045318
14	13.8462	14.4231	67	None	None	1	-2	1.0371558248505157
15	14.4231	15.0000	60	None	None	1	-5	1.0110397534219406
16	15.0000	15.5769	62	None	None	1	-4	0.9840736639558512
17	15.5769	16.1538	64	None	None	1	-3	1.1645119756441609
18	16.1538	17.3077	65	None	None	1	-2	1.0395749686327689
19	18.4615	19.0385	62	None	None	1	-3	1.0194088120468479
20	19.0385	19.6154	64	None	None	1	-2	0.9407652712972127
21	19.6154	20.1923	60	None	None	1	-3	0.9333789076608502
22	20.1923	20.7692	65	None	None	1	-1	0.8436873492192914
23	20.7692	21.3462	62	None	None	1	-3	0.9239407763477225
24	21.3462	21.9231	60	None	None	1	-4	0.8304658863917408
25	21.9231	23.0769	64	None	None	1	-2	0.8304658863917408
26	23.0769	24.2308	67	None	None	1	-1	0.8377486726239138
27	24.2308	25.9615	62	None	None	1	-3	0.8863005808383992
28	25.9615	26.5385	60	None	None	1	-4	0.8863005808383992
29	26.5385	27.1154	64	None	None	1	-2	0.8863005808383979
30	27.1154	27.6923	67	None	None	1	-1	0.8863005808383979
31	27.6923	29.4231	62	None	None	1	-3	0.8863005808383972
32	29.4231	30.0000	60	None	None	1	-4	0.8863005808383975
33	30.0000	30.5769	64	None	None	1	-2	0.8863005808383961
34	30.5769	31.1538	67	None	None	1	-1	0.886300580838396
35	31.1538	32.8846	62	None	None	1	-3	1.0063726866466973
36	32.8846	33.4615	60	None	None	1	-4	1.0728814871365906
37	33.4615	34.0385	64	None	None	1	-2	1.1077029157080203
38	34.0385	34.6154	67	None	None	1	-1	1.157387701780842
39	34.6154	36.3462	62	None	None	1	-3	1.2001817133248527
40	36.3462	36.9231	60	None	None	1	-4	1.5225752540744835
41	36.9231	37.5000	64	None	None	1	-2	1.4086142151134464
42	37.5000	38.0769	67	None	None	1	-1	1.4728573807753227
43	38.6538	39.2308	65	None	None	1	-3	1.3294904290494725
44	39.2308	39.8077	64	None	None	1	-4	1.3294904290494725
45	39.8077	40.9615	67	None	None	1	-2	1.3294904290494725
46	40.9615	41.5385	65	None	None	1	-3	1.3294904290494725
47	41.5385	42.1154	64	None	None	1	-4	1.3294904290494725
48	42.1154	42.6923	60	None	None	1	-5	1.3294904290494725
49	42.6923	43.8462	65	None	None	1	-3	1.3294904290494725
50	43.8462	45.0000	64	None	None	1	-4	1.3294904290494725
51	45.0000	93.4615	62	None	None	1	-5	1.3294904290494725
52	45.0000	93.4615	66	None	None	1	0	1.3294904290494725
