0	0.0000	0.4167	71	None	None	0	3	1.1586362860556476
1	0.4167	0.8333	69	None	None	0	2	1.1780679296808356
2	0.8333	1.2500	71	None	None	0	3	1.237687745349035
3	1.2500	1.6667	69	None	None	0	2	1.263263782215393
4	2.5000	2.9167	71	None	None	0	3	1.3967336576207536
5	2.9167	3.3333	72	None	None	0	4	1.4210232121522433
6	3.3333	3.7500	71	None	None	0	3	1.456353473288956
7	3.7500	4.1667	69	None	None	0	2	1.4404548557774348
8	5.0000	5.4167	71	None	None	0	3	1.5739247311827955
9	5.4167	5.8333	72	None	None	0	4	1.5385944700460863
10	5.8333	6.2500	74	None	None	0	5	1.4254778972520965
11	6.2500	6.6667	69	None	None	0	2	1.2358269490093992
12	6.6667	7.0833	71	None	None	0	3	1.2711572101461126
13	7.0833	7.5000	72	None	None	0	4	1.2954467646776064
14	7.5000	7.9167	71	None	None	0	3	1.1617156916032154
15	7.9167	8.3333	69	None	None	0	2	1.0438585487460683
16	8.3333	8.7500	71	None	None	0	3	0.992440400841745
17	8.7500	9.1667	69	None	None	0	2	0.938569638827261
18	10.0000	10.8333	74	None	None	0	4	1.0452620967741995
19	10.8333	11.2500	76	None	None	0	5	1.099132858788683
20	11.2500	11.6667	74	None	None	0	4	1.0638025976519698
21	11.6667	12.5000	76	None	None	0	5	1.020081399495288
22	12.5000	12.9167	69	None	None	0	2	1.0556728583010342
23	12.9167	13.7500	76	None	None	0	5	1.1929616447833693
24	13.7500	14.5833	74	None	None	0	4	1.2443797926876894
25	14.5833	15.0000	76	None	None	0	5	1.298250554702174
26	15.0000	15.4167	71	None	None	0	3	1.1586362860556476
27	15.4167	15.8333	69	None	None	0	2	1.091319520639801
28	15.8333	16.2500	71	None	None	0	3	1.150939336308001
29	16.2500	16.6667	69	None	None	0	2	1.1765153731743578
30	17.5000	17.9167	71	None	None	0	3	1.223236839538682
31	17.9167	18.3333	72	None	None	0	4	1.1499344338990076
32	18.3333	18.7500	71	None	None	0	3	1.500743971423694
33	18.7500	19.1667	69	None	None	0	1	2.1115125082290995
34	20.0000	20.8333	71	None	None	0	2	2.009556725916174
35	20.8333	21.2500	72	None	None	0	3	2.0805326969497484
36	21.2500	21.6667	74	None	None	0	4	2.0611010533245553
37	21.6667	22.5000	69	None	None	0	1	1.7431287030941471
38	22.5000	23.3333	71	None	None	0	2	1.803354728988376
39	23.3333	23.7500	72	None	None	0	3	2.012579547948221
40	23.7500	24.1667	74	None	None	0	4	2.3657285494843263
41	24.1667	25.0000	76	None	None	0	5	2.30610873381612
42	25.0000	25.4167	74	None	None	0	4	2.3928571428571526
43	25.4167	25.8333	72	None	None	0	3	2.4543778801843446
44	25.8333	26.2500	71	None	None	0	2	2.340339648404179
45	26.2500	26.6667	69	None	None	0	1	2.0175285884963414
46	26.6667	27.0833	76	None	None	0	5	1.245662181638886
47	27.0833	27.5000	69	None	None	0	2	1.3590262369384294
48	27.5000	27.9167	71	None	None	0	3	1.2744080806356837
49	27.9167	28.3333	72	None	None	0	4	1.298697635167172
50	28.3333	28.7500	74	None	None	0	5	1.2744080806356837
51	28.7500	29.1667	69	None	None	0	2	1.4209634749957352
52	30.0000	30.4167	71	None	None	0	3	1.5212152244410357
53	30.4167	30.8333	69	None	None	0	2	1.5212152244410335
54	30.8333	31.2500	71	None	None	0	3	1.5212152244410335
55	31.2500	31.6667	69	None	None	0	2	1.5212152244410335
56	32.5000	32.9167	71	None	None	0	3	1.5212152244410335
57	32.9167	33.3333	72	None	None	0	4	1.5212152244410335
58	33.3333	33.7500	71	None	None	0	3	1.5212152244410335
59	33.7500	34.1667	74	None	None	0	4	1.5212152244410335
60	34.1667	34.5833	72	None	None	0	3	1.5212152244410335
61	34.5833	35.0000	71	None	None	0	2	1.5212152244410335
62	35.0000	37.5000	69	None	None	0	0	1.5212152244410335
