0	0.3750	0.7500	72	None	None	0	2	1.176130803198476
1	0.7500	1.5000	71	None	None	0	1	0.8077097505668955
2	1.8750	2.2500	74	None	None	0	2	0.948464699162876
3	2.2500	3.0000	71	None	None	0	1	1.0762842480350567
4	3.3750	3.7500	76	None	None	0	3	1.1242777311425862
5	3.7500	4.5000	71	None	None	0	1	0.9865068333097684
6	4.8750	5.2500	74	None	None	0	2	1.0016978721313126
7	5.2500	5.6250	76	None	None	0	3	1.3701189247628898
8	5.6250	6.0000	77	None	None	0	4	1.5352217297369575
9	6.0000	6.3750	76	None	None	0	3	1.4229806954966788
10	6.3750	6.7500	71	None	None	0	1	1.445537086474123
11	6.7500	7.5000	76	None	None	0	5	1.3950260048484893
12	7.5000	8.2500	74	None	None	0	4	1.410945706062307
13	8.2500	8.6250	71	None	None	0	2	1.294979319507686
14	8.6250	9.0000	74	None	None	0	3	1.0707657242951634
15	9.0000	10.5000	72	None	None	0	2	1.053472491212457
16	12.3750	12.7500	71	None	None	0	1	1.1908362843884408
17	12.7500	13.1250	74	None	None	0	2	1.4038062092004726
18	13.1250	13.5000	76	None	None	0	3	1.3527226178692016
19	13.5000	14.2500	77	None	None	0	5	1.2495231927357382
20	14.2500	15.0000	72	None	None	0	2	1.2176423451586136
21	15.0000	15.7500	74	None	None	0	4	1.4476263688432711
22	16.1250	16.5000	71	None	None	0	2	1.4676465197607822
23	16.5000	16.8750	72	None	None	0	3	1.6405788505878518
24	16.8750	17.2500	74	None	None	0	4	1.5473310251418848
25	17.2500	18.0000	76	None	None	0	5	1.6900001980742099
26	18.0000	18.7500	71	None	None	0	3	1.7170776957399432
27	18.7500	19.5000	72	None	None	0	1	1.374910866602275
28	19.8750	20.2500	74	None	None	0	2	1.3716939407341853
29	20.2500	21.0000	71	None	None	0	1	1.476780185758509
30	21.0000	21.3750	76	None	None	0	2	1.4490490933215352
31	21.3750	22.1250	72	None	None	0	1	1.683016364440513
32	22.1250	22.5000	74	None	None	0	2	1.4468819106589996
33	22.5000	23.2500	71	None	None	0	1	1.6145510835913282
34	23.2500	23.6250	76	None	None	0	5	1.8091355840581793
35	23.6250	24.0000	72	None	None	0	3	1.6746326600815729
36	24.3750	24.7500	74	None	None	0	4	1.7943007027372306
37	24.7500	25.5000	71	None	None	0	2	1.6252113125952103
38	25.5000	25.8750	72	None	None	0	3	1.768422281193177
39	25.8750	26.2500	71	None	None	0	1	1.756916801808445
40	26.6250	27.0000	72	None	None	0	2	1.530446213573152
41	27.0000	27.3750	71	None	None	0	1	1.0016978721313126
42	27.3750	27.7500	74	None	None	0	2	1.0016978721313126
43	27.7500	28.1250	76	None	None	0	3	1.3701189247628898
44	28.1250	28.5000	77	None	None	0	5	1.840567104034592
45	28.5000	28.8750	76	None	None	0	4	1.8021376971841327
46	28.8750	29.2500	71	None	None	0	2	1.8021376971841327
47	29.2500	30.0000	76	None	None	0	4	1.8021376971841327
48	30.0000	30.7500	74	None	None	0	3	1.8021376971841327
49	30.7500	31.1250	71	None	None	0	2	1.8021376971841327
50	31.1250	31.5000	74	None	None	0	4	1.8021376971841327
51	31.5000	31.8750	72	None	None	0	3	1.8021376971841327
52	31.8750	32.2500	71	None	None	0	2	1.8021376971841327
53	32.2500	33.0000	72	None	None	0	3	1.8021376971841327
54	33.0000	34.5000	71	None	None	0	0	1.8021376971841327
