0	0.0000	0.7059	48	None	None	1	-3	0.9235719627963109
1	0.7059	1.4118	50	None	None	1	-2	0.9528211807316602
2	1.4118	2.1176	53	None	None	1	-1	1.0414551744751417
3	2.1176	2.8235	52	None	None	1	-2	0.7568749106807555
4	2.8235	4.2353	55	None	None	1	-1	0.8837323142261134
5	4.2353	4.9412	48	None	None	1	-3	1.2526532070173262
6	4.9412	5.6471	53	None	None	1	-1	1.3678773988838528
7	5.6471	7.0588	52	None	None	1	-2	1.2703800057660206
8	7.0588	7.7647	50	None	None	1	-3	1.2356612566404535
9	7.7647	8.4706	55	None	None	1	-1	1.2489563557019754
10	8.4706	9.8824	53	None	None	1	-2	0.9721258560096891
11	9.8824	10.5882	52	None	None	1	-3	1.1990523133102153
12	10.5882	11.2941	50	None	None	1	-4	1.199052313310217
13	11.2941	12.0000	48	None	None	1	-5	1.1336114560618662
14	12.0000	12.7059	52	None	None	1	-2	0.7710405021014164
15	12.7059	14.1176	55	None	None	1	-1	0.8175147193267196
16	19.0588	19.7647	50	None	None	1	-3	1.036893953430917
17	19.7647	20.4706	52	None	None	1	-2	1.013405945088895
18	20.4706	21.1765	55	None	None	1	-1	1.1734887860111503
19	21.1765	21.8824	53	None	None	1	-2	0.9470781731041874
20	21.8824	22.5882	52	None	None	1	-3	0.8868335152671987
21	23.2941	24.0000	50	None	None	1	-4	0.9775022971939002
22	24.0000	25.4118	52	None	None	1	-3	0.9775022971939002
23	25.4118	26.1176	53	None	None	1	-2	1.0298549829925796
24	26.1176	26.8235	50	None	None	1	-4	0.9260631966325673
25	26.8235	27.5294	55	None	None	1	-2	0.8684267675449469
26	27.5294	28.2353	53	None	None	1	-3	0.8684267675449473
27	28.2353	31.0588	52	None	None	1	-5	0.8510259489375708
28	32.4706	33.1765	55	None	None	1	-3	0.867466750136488
29	33.1765	33.8824	50	None	None	1	-5	0.7571630765402229
30	33.8824	34.5882	52	None	None	1	-4	0.7727355768298778
31	34.5882	35.2941	53	None	None	1	-3	0.7993257749529226
32	35.2941	36.7059	55	None	None	1	-2	0.707096806087279
33	36.7059	37.4118	50	None	None	1	-4	0.6686337931844426
34	37.4118	38.1176	52	None	None	1	-3	0.7909487045504485
35	38.1176	39.5294	53	None	None	1	-2	0.7807557952699479
36	39.5294	40.9412	52	None	None	1	-1	0.8059701436728905
37	40.9412	41.6471	50	None	None	1	-2	0.74302468014377
38	41.6471	42.3529	48	None	None	1	-3	0.7355043942500574
39	42.3529	45.1765	53	None	None	1	-1	0.795761906421142
40	49.4118	50.8235	48	None	None	1	-3	1.0011784178795051
41	51.5294	52.2353	50	None	None	1	-2	1.018022825828718
42	52.2353	52.9412	53	None	None	1	-1	1.1332470176952458
43	52.9412	53.6471	52	None	None	1	-2	0.9068364047882795
44	53.6471	55.0588	55	None	None	1	-1	1.1177853098977693
45	55.0588	55.7647	48	None	None	1	-5	1.011217134935174
46	55.7647	56.4706	53	None	None	1	-3	1.0072778463243526
47	56.4706	57.1765	52	None	None	1	-4	0.9336285942913225
48	57.1765	58.5882	55	None	None	1	-2	0.8379038810483606
49	58.5882	59.2941	48	None	None	1	-5	0.8848242380368107
50	59.2941	60.0000	53	None	None	1	-3	0.8310165924672921
51	60.0000	60.7059	52	None	None	1	-4	1.034059904805813
52	60.7059	62.1176	55	None	None	1	-2	1.034059904805813
53	62.8235	63.5294	53	None	None	1	-3	1.034059904805813
54	63.5294	64.9412	52	None	None	1	-4	1.034059904805813
55	65.6471	66.3529	50	None	None	1	-5	1.034059904805813
56	66.3529	67.7647	55	None	None	1	-2	1.034059904805813
57	67.7647	69.1765	53	None	None	1	-3	1.034059904805813
58	69.1765	69.8824	52	None	None	1	-4	1.034059904805813
59	69.8824	70.5882	50	None	None	1	-5	1.034059904805813
60	70.5882	73.4118	48	None	None	1	0	1.034059904805813
