0	0.0000	0.4545	69	None	None	0	1	1.7868472688144768
1	0.4545	0.9091	72	None	None	0	4	1.9127692680971335
2	0.9091	1.3636	69	None	None	0	2	1.6863833974489681
3	1.3636	1.8182	74	None	None	0	4	1.6617851018465721
4	1.8182	2.2727	72	None	None	0	3	1.6947020937799575
5	2.7273	3.1818	69	None	None	0	2	1.6959306789224762
6	3.1818	3.6364	72	None	None	0	5	1.481970231355472
7	3.6364	4.0909	69	None	None	0	3	1.2852096534473518
8	4.0909	4.5455	67	None	None	0	2	1.3259444309649198
9	4.5455	5.0000	69	None	None	0	3	1.3588614228983085
10	5.4545	5.9091	71	None	None	0	4	1.407495537106191
11	5.9091	6.3636	72	None	None	0	5	1.5001788527403286
12	6.3636	6.8182	71	None	None	0	3	1.0131325998129304
13	6.8182	7.2727	72	None	None	0	4	1.0188572940622167
14	7.2727	7.7273	67	None	None	0	2	0.8657519064121162
15	8.1818	8.6364	69	None	None	0	3	0.9880229625971056
16	8.6364	9.0909	71	None	None	0	4	0.9880229625971026
17	9.0909	9.5455	69	None	None	0	3	1.165774719037382
18	9.5455	10.0000	67	None	None	0	2	1.058958057946717
19	10.0000	10.4545	74	None	None	0	3	1.1541249968891354
20	10.9091	11.3636	74	None	None	0	3	1.5827256994652512
21	11.3636	12.7273	69	None	None	0	1	1.7087463336826054
22	13.1818	13.6364	71	None	None	0	2	1.6320703347317245
23	13.6364	14.0909	72	None	None	0	3	1.6127494916403922
24	14.0909	14.5455	71	None	None	0	2	1.5476626346356583
25	14.5455	15.4545	67	None	None	0	1	1.553371471006138
26	15.9091	16.3636	69	None	None	0	2	1.3864901166201091
27	16.3636	16.8182	70	None	None	0	4	1.3538580394073232
28	16.8182	17.7273	69	None	None	0	3	1.1123475007656332
29	17.7273	18.1818	67	None	None	0	2	1.4301521613981651
30	18.6364	19.0909	72	None	None	0	4	1.5103470371872985
31	19.0909	19.5455	67	None	None	0	2	1.357241649537197
32	20.9091	22.2727	74	None	None	0	5	1.6677593415802159
33	24.0909	24.5455	72	None	None	0	4	1.8091230146397679
34	24.5455	25.0000	69	None	None	0	3	1.622354864756863
35	25.0000	25.4545	67	None	None	0	2	1.6137524893804853
36	25.4545	25.9091	69	None	None	0	3	1.6523941755631555
37	25.9091	26.3636	72	None	None	0	4	1.4106274035181519
38	26.3636	27.7273	74	None	None	0	5	1.3247175646777936
39	28.1818	28.6364	72	None	None	0	4	1.476620783492576
40	28.6364	29.0909	69	None	None	0	3	1.3227696255430563
41	29.0909	29.5455	67	None	None	0	2	1.485708735613316
42	29.5455	30.4545	69	None	None	0	3	1.5216234559542667
43	30.9091	31.3636	72	None	None	0	4	1.4560842477131946
44	31.3636	31.8182	67	None	None	0	2	1.4560842477131946
45	31.8182	33.1818	69	None	None	0	3	1.4560842477131946
46	33.6364	34.0909	72	None	None	0	4	1.4560842477131946
47	34.0909	34.5455	74	None	None	0	5	1.4560842477131946
48	34.5455	35.0000	72	None	None	0	4	1.4560842477131946
49	35.0000	35.9091	69	None	None	0	2	1.4560842477131946
50	35.9091	36.8182	72	None	None	0	3	1.4560842477131946
51	36.8182	37.2727	71	None	None	0	2	1.4560842477131946
52	37.2727	38.6364	69	None	None	0	0	1.4560842477131946
