0	0.0000	0.3125	54	None	None	1	-2	0.706156806156803
1	0.3125	0.6250	52	None	None	1	-4	0.9591565754575113
2	0.6250	1.2500	50	None	None	1	-5	1.161537527838465
3	1.2500	1.8750	50	None	None	1	-5	1.3149766812776187
4	1.8750	2.5000	50	None	None	1	-5	1.4707648586175188
5	2.5000	3.1250	50	None	None	1	-5	1.7141511020037603
6	3.1250	3.4375	50	None	None	1	-5	1.8282793979502383
7	3.4375	3.7500	52	None	None	1	-4	1.6317773403370714
8	3.7500	4.3750	54	None	None	1	-3	1.6317773403370714
9	4.3750	4.6875	55	None	None	1	-2	1.8801353042122764
10	4.6875	5.0000	54	None	None	1	-3	1.403944828021801
11	5.0000	5.6250	52	None	None	1	-4	1.5214416351737798
12	5.6250	5.9375	50	None	None	1	-5	1.5190926112730332
13	5.9375	6.2500	52	None	None	1	-4	1.5495158916963132
14	6.2500	7.5000	54	None	None	1	-2	2.6721992976919067
15	7.5000	7.8125	52	None	None	1	-3	3.274051149543758
16	7.8125	8.1250	54	None	None	1	-2	3.335090110582717
17	8.1250	8.7500	55	None	None	1	-1	2.3870381625307684
18	8.7500	9.3750	55	None	None	1	-1	2.63042440591701
19	9.3750	9.6875	54	None	None	1	-2	3.0659862168482763
20	9.6875	10.0000	52	None	None	1	-3	3.0659862168482763
21	10.0000	10.6250	50	None	None	1	-4	3.0659862168482763
22	10.6250	10.9375	49	None	None	1	-5	3.0659862168482763
23	10.9375	11.2500	50	None	None	1	-4	3.0659862168482763
24	11.2500	11.8750	52	None	None	1	-3	3.0659862168482763
25	11.8750	12.1875	52	None	None	1	-3	3.0659862168482763
26	12.1875	12.5000	50	None	None	1	-4	3.0659862168482763
27	12.5000	13.1250	49	None	None	1	-5	3.0659862168482763
28	13.1250	15.0000	50	None	None	1	0	3.0659862168482763
