0	0.0000	0.6818	69	None	None	0	4	0.7824742268041174
1	0.6818	1.3636	69	None	None	0	4	0.7824742268041174
2	1.3636	2.0455	69	None	None	0	4	0.9687776141384311
3	2.0455	2.7273	69	None	None	0	4	1.1964817542137034
4	2.7273	3.0682	69	None	None	0	4	2.1590974706033577
5	3.0682	3.4091	67	None	None	0	3	2.5717549734670513
6	3.4091	3.7500	65	None	None	0	2	2.366821247399306
7	3.7500	4.0909	67	None	None	0	3	2.3668212473993058
8	4.0909	4.7727	65	None	None	0	2	2.3895916614068335
9	4.7727	5.1136	65	None	None	0	2	2.3895916614068335
10	5.1136	5.4545	67	None	None	0	3	2.3895916614068335
11	5.4545	5.7955	69	None	None	0	4	2.3895916614068335
12	5.7955	6.1364	70	None	None	0	5	2.3895916614068353
13	6.1364	6.8182	69	None	None	0	3	1.6926720258550176
14	6.8182	7.1591	69	None	None	0	3	1.6926720258550176
15	7.1591	7.5000	67	None	None	0	2	1.4877382997872726
16	7.5000	8.1818	69	None	None	0	3	1.301434912452959
17	8.1818	8.5227	69	None	None	0	3	1.301434912452959
18	8.5227	8.8636	67	None	None	0	2	1.0965011863852134
19	8.8636	9.2045	69	None	None	0	3	0.9101977990509
20	9.2045	9.5455	70	None	None	0	4	0.1614966863033898
21	9.5455	10.2273	72	None	None	0	1	0.0
22	10.2273	10.9091	72	None	None	0	4	0.1067746686303408
23	10.9091	11.5909	72	None	None	0	4	0.6458394698085439
24	11.5909	12.2727	72	None	None	0	4	1.0913475699558228
25	12.2727	12.9545	72	None	None	0	4	1.6304123711340304
26	12.9545	13.6364	72	None	None	0	5	2.1131934216985866
27	14.3182	15.0000	72	None	None	0	5	2.2994968090329007
28	15.0000	15.6818	72	None	None	0	5	2.2994968090329007
29	15.6818	16.0227	72	None	None	0	5	3.048197921780405
30	16.0227	16.3636	70	None	None	0	4	3.3588160693830886
31	16.3636	16.7045	69	None	None	0	3	3.073690885288831
32	16.7045	17.0455	70	None	None	0	4	2.9082003763704827
33	17.0455	17.3864	69	None	None	0	3	2.418141466208476
34	17.3864	17.7273	67	None	None	0	2	2.8547394043528107
35	17.7273	18.4091	69	None	None	0	4	2.366821247399303
36	18.4091	18.7500	69	None	None	0	4	3.3294369637889516
37	18.7500	19.0909	70	None	None	0	5	2.9657821375973117
38	19.0909	19.4318	69	None	None	0	4	2.553124634733617
39	19.4318	19.7727	67	None	None	0	3	2.571754973467047
40	19.7727	20.4545	65	None	None	0	2	2.3668212473993013
41	20.4545	20.7955	65	None	None	0	2	2.5531246347336154
42	20.7955	21.1364	67	None	None	0	3	2.5945253874745724
43	21.1364	21.4773	69	None	None	0	4	2.5531246347336136
44	21.4773	21.8182	70	None	None	0	5	1.7954426444117106
45	21.8182	22.1591	69	None	None	0	4	1.1964817542137025
46	22.1591	22.5000	67	None	None	0	3	1.0101783668793884
47	22.5000	23.1818	65	None	None	0	2	0.8052446408116446
48	23.1818	23.5227	65	None	None	0	2	0.8052446408116446
49	23.5227	23.8636	67	None	None	0	3	0.8052446408116446
50	23.8636	24.2045	69	None	None	0	4	0.8052446408116446
51	24.2045	24.5455	67	None	None	0	3	0.8052446408116446
52	24.5455	25.2273	65	None	None	0	2	0.8052446408116446
53	25.2273	25.9091	65	None	None	0	2	0.8052446408116446
54	25.9091	26.5909	65	None	None	0	2	0.8052446408116446
55	26.5909	27.2727	65	None	None	0	2	0.8052446408116446
56	27.9545	28.6364	65	None	None	0	2	0.8052446408116446
57	29.3182	30.0000	65	None	None	0	0	0.8052446408116446
