0	0.0000	1.2500	57	None	None	1	-2	0.7733735967452431
1	1.2500	2.5000	55	None	None	1	-3	0.7733735967452425
2	2.5000	3.1250	53	None	None	1	-4	0.8374839577904689
3	3.1250	3.7500	52	None	None	1	-5	0.8374839577904689
4	3.7500	4.3750	53	None	None	1	-4	1.1035759118134558
5	4.3750	5.0000	55	None	None	1	-3	1.1287537990603085
6	5.0000	7.5000	57	None	None	1	-1	0.8142078228285086
7	7.5000	8.7500	55	None	None	1	-2	0.7723478309685161
8	8.7500	10.0000	53	None	None	1	-3	0.772347830968516
9	10.0000	10.6250	55	None	None	1	-2	0.779784632849763
10	10.6250	11.2500	53	None	None	1	-3	0.7273307010854874
11	11.2500	11.8750	52	None	None	1	-4	0.7134828630997172
12	11.8750	12.5000	50	None	None	1	-5	0.9123744887154832
13	12.5000	15.0000	52	None	None	1	-4	0.9465747056264281
14	15.0000	16.2500	53	None	None	1	-3	0.9535954626471848
15	16.2500	17.5000	55	None	None	1	-2	1.04245242305587
16	17.5000	18.7500	53	None	None	1	-3	1.1499086978014172
17	18.7500	20.0000	52	None	None	1	-4	1.214019058846643
18	20.0000	20.6250	53	None	None	1	-3	1.214019058846643
19	20.6250	21.2500	55	None	None	1	-2	1.214019058846643
20	21.2500	22.5000	57	None	None	1	-1	1.214019058846643
21	22.5000	25.0000	55	None	None	1	-2	1.214019058846643
22	25.0000	25.6250	53	None	None	1	-3	1.214019058846643
23	25.6250	26.2500	52	None	None	1	-4	1.214019058846643
24	26.2500	26.8750	50	None	None	1	-5	1.214019058846643
25	26.8750	27.5000	52	None	None	1	-4	1.214019058846643
26	27.5000	30.0000	50	None	None	1	0	1.214019058846643
