0	0.0000	0.2273	57	None	None	1	-3	2.7097442680776
1	0.2273	0.4545	52	None	None	1	-5	2.6613949514991173
2	0.4545	0.6818	55	None	None	1	-3	2.71159336419753
3	0.6818	0.9091	50	None	None	1	-5	2.6632440476190467
4	0.9091	1.1364	52	None	None	1	-4	2.6074680335096994
5	1.1364	1.3636	57	None	None	1	-2	2.477606922398592
6	1.3636	1.5909	50	None	None	1	-5	2.7268711419753076
7	1.5909	1.8182	55	None	None	1	-4	2.6846450617283937
8	1.8182	2.0455	57	None	None	1	-3	2.7097442680776
9	2.0455	2.2727	52	None	None	1	-5	2.6613949514991173
10	2.2727	2.5000	55	None	None	1	-3	2.7115933641975296
11	2.5000	2.7273	50	None	None	1	-5	2.6632440476190458
12	2.7273	2.9545	52	None	None	1	-4	2.607468033509699
13	2.9545	3.1818	57	None	None	1	-2	2.477606922398592
14	3.1818	3.4091	50	None	None	1	-5	2.7268711419753076
15	3.4091	3.6364	55	None	None	1	-4	2.6846450617283937
16	3.6364	3.8636	57	None	None	1	-3	2.7097442680776003
17	3.8636	4.0909	52	None	None	1	-5	2.6613949514991164
18	4.0909	4.3182	55	None	None	1	-3	2.7115933641975296
19	4.3182	4.5455	50	None	None	1	-5	2.663244047619047
20	4.5455	4.7727	52	None	None	1	-4	2.6074680335096994
21	4.7727	5.0000	57	None	None	1	-2	2.4776069223985924
22	5.0000	5.2273	50	None	None	1	-5	2.726871141975308
23	5.2273	5.4545	55	None	None	1	-4	2.6846450617283946
24	5.4545	5.6818	57	None	None	1	-3	2.7097442680776007
25	5.6818	5.9091	52	None	None	1	-5	2.6613949514991173
26	5.9091	6.1364	55	None	None	1	-3	2.7115933641975314
27	6.1364	6.3636	50	None	None	1	-5	2.663244047619047
28	6.3636	6.5909	52	None	None	1	-4	2.6074680335097002
29	6.5909	6.8182	57	None	None	1	-2	2.4776069223985937
30	6.8182	7.0455	50	None	None	1	-5	2.726871141975309
31	7.0455	7.2727	55	None	None	1	-4	2.6846450617283946
32	7.2727	7.5000	57	None	None	1	-3	2.709744268077601
33	7.5000	7.7273	52	None	None	1	-5	2.6613949514991178
34	7.7273	7.9545	55	None	None	1	-3	2.711593364197531
35	7.9545	8.1818	50	None	None	1	-5	2.6632440476190484
36	8.1818	8.4091	52	None	None	1	-4	2.6074680335097007
37	8.4091	8.6364	57	None	None	1	-2	2.477606922398593
38	8.6364	8.8636	50	None	None	1	-5	2.726871141975309
39	8.8636	9.0909	55	None	None	1	-4	2.6846450617283946
40	9.0909	9.3182	57	None	None	1	-3	2.7097442680776003
41	9.3182	9.5455	52	None	None	1	-5	2.661394951499118
42	9.5455	9.7727	55	None	None	1	-3	2.1594108245149894
43	9.7727	10.0000	50	None	None	1	-5	1.9752590388006983
44	10.0000	10.2273	52	None	None	1	-4	1.7278654278318222
45	10.2273	10.4545	57	None	None	1	-2	1.6307424119588072
46	10.4545	10.6818	50	None	None	1	-5	1.847480727655458
47	10.6818	10.9091	55	None	None	1	-3	1.782004537179267
48	10.9091	11.1364	57	None	None	1	-2	1.782004537179263
49	11.1364	11.3636	52	None	None	1	-4	1.6462020680434626
50	11.5909	11.8182	52	None	None	1	-4	1.7746166121556814
51	11.8182	12.7273	53	None	None	1	-3	1.7746166121556828
52	13.4091	13.6364	52	None	None	1	-4	2.022010223124562
53	13.6364	13.8636	53	None	None	1	-3	2.0220102231245636
54	13.8636	14.0909	52	None	None	1	-4	1.9913334153644178
55	14.0909	14.3182	53	None	None	1	-3	1.9913334153644155
56	14.3182	14.5455	55	None	None	1	-2	1.8436566896353679
57	14.5455	15.2273	53	None	None	1	-3	1.8436566896353677
58	15.2273	15.4545	52	None	None	1	-4	1.991333415364417
59	15.4545	15.6818	53	None	None	1	-3	2.5260556375866425
60	15.6818	15.9091	52	None	None	1	-5	2.071118174946085
61	15.9091	16.1364	53	None	None	1	-4	2.0153421608367346
62	16.1364	16.3636	55	None	None	1	-3	2.040441367185942
63	16.3636	17.0455	53	None	None	1	-4	1.9619454727747518
64	17.0455	17.2727	52	None	None	1	-5	2.068471174140567
65	17.2727	17.5000	53	None	None	1	-4	2.037794366380429
66	17.5000	17.7273	55	None	None	1	-3	2.476319860063021
67	17.7273	18.1818	57	None	None	1	-2	2.4082117834990617
68	18.1818	18.4091	52	None	None	1	-5	2.074654919648487
69	18.4091	18.6364	53	None	None	1	-4	2.39209319125343
70	18.6364	19.0909	55	None	None	1	-3	2.4859423976026367
71	19.0909	19.3182	50	None	None	1	-5	2.505227461354909
72	19.3182	19.5455	52	None	None	1	-4	2.2311974789915965
73	19.5455	19.7727	53	None	None	1	-3	3.3742420116194634
74	19.7727	20.0000	55	None	None	1	-2	3.1895128680240465
75	20.9091	21.1364	57	None	None	1	-1	3.3148491653336696
76	21.1364	21.3636	52	None	None	1	-5	3.1883387038062496
77	21.3636	21.5909	55	None	None	1	-3	2.9373466403141824
78	21.5909	21.8182	50	None	None	1	-5	2.596429853164345
79	21.8182	22.0455	52	None	None	1	-4	3.1583894092736178
80	22.0455	22.2727	55	None	None	1	-3	2.644061410314469
81	22.2727	22.7273	57	None	None	1	-2	2.674738218074607
82	22.9545	23.1818	52	None	None	1	-5	2.999530576878596
83	23.1818	23.4091	55	None	None	1	-3	2.788915497513516
84	23.4091	23.6364	50	None	None	1	-5	2.4069039668083376
85	23.6364	23.8636	52	None	None	1	-4	2.4069039668083376
86	23.8636	24.0909	55	None	None	1	-3	2.3916261890305544
87	24.0909	24.5455	57	None	None	1	-2	2.4069039668083314
88	24.5455	24.7727	50	None	None	1	-5	2.4438014102119228
89	24.7727	25.0000	52	None	None	1	-4	2.4438014102119263
90	25.0000	25.2273	55	None	None	1	-3	2.428523632434149
91	25.2273	25.4545	57	None	None	1	-2	2.443801410211923
92	25.6818	25.9091	50	None	None	1	-5	2.4806988536155146
93	25.9091	26.1364	52	None	None	1	-4	2.4806988536155146
94	26.1364	26.3636	55	None	None	1	-3	2.465421075837743
95	26.3636	26.5909	57	None	None	1	-2	2.48069885361552
96	26.5909	26.8182	50	None	None	1	-5	2.4806988536155203
97	26.8182	27.0455	52	None	None	1	-4	2.480698853615517
98	27.0455	27.2727	55	None	None	1	-3	2.4654210758377393
99	27.2727	27.5000	57	None	None	1	-2	2.4654210758377393
100	27.5000	27.7273	50	None	None	1	-5	2.4654210758377393
101	27.7273	27.9545	52	None	None	1	-4	2.4654210758377393
102	27.9545	28.1818	55	None	None	1	-3	2.4654210758377393
103	28.1818	28.4091	57	None	None	1	-2	2.4654210758377393
104	28.4091	28.6364	50	None	None	1	-5	2.4654210758377393
105	28.6364	28.8636	52	None	None	1	-4	2.4654210758377393
106	28.8636	29.0909	55	None	None	1	-2	2.4654210758377393
107	29.0909	30.0000	57	None	None	1	0	2.4654210758377393
