0	1.3636	1.5909	69	None	None	0	3	3.4190189081661972
1	1.5909	1.8182	64	None	None	0	2	3.3837535504081075
2	1.8182	2.0455	67	None	None	0	4	3.0629286765309205
3	2.0455	2.2727	62	None	None	0	2	3.4050417717690094
4	2.2727	2.5000	64	None	None	0	1	3.295572884623266
5	2.5000	2.7273	67	None	None	0	3	2.8573462686107938
6	2.7273	3.4091	69	None	None	0	4	3.1715713567942294
7	3.4091	3.6364	64	None	None	0	2	3.322916666666683
8	3.6364	3.8636	67	None	None	0	4	3.2596230158730046
9	3.8636	4.0909	62	None	None	0	2	3.1624999999999908
10	4.0909	4.3182	64	None	None	0	1	2.959350983497169
11	4.3182	4.5455	67	None	None	0	5	2.6788757507507532
12	4.5455	4.7727	64	None	None	0	2	2.8559039694456434
13	5.0000	5.2273	64	None	None	0	2	3.172372223413898
14	5.2273	5.4545	67	None	None	0	5	2.7793332022498873
15	5.4545	5.6818	64	None	None	0	3	2.967577249868932
16	5.6818	5.9091	62	None	None	0	2	3.0399345029553553
17	5.9091	6.1364	64	None	None	0	3	2.8915807921016436
18	6.8182	7.0455	69	None	None	0	5	3.4406812318270728
19	7.0455	7.2727	64	None	None	0	2	3.2288642809476253
20	7.2727	7.5000	67	None	None	0	3	2.7509470780304186
21	7.5000	7.7273	62	None	None	0	2	2.732183299370803
22	7.7273	7.9545	64	None	None	0	1	2.438687422541585
23	7.9545	8.1818	67	None	None	0	3	2.0769200003574944
24	8.1818	9.0909	69	None	None	0	4	2.2052957719624438
25	9.0909	9.3182	64	None	None	0	2	2.3341401669526736
26	9.3182	9.5455	67	None	None	0	4	1.7868415532780986
27	9.5455	10.0000	69	None	None	0	5	1.7484955435779228
28	10.4545	10.6818	67	None	None	0	4	1.8999952575776358
29	10.6818	10.9091	62	None	None	0	2	1.858648255813963
30	10.9091	11.1364	64	None	None	0	3	1.952770279623481
31	11.3636	11.5909	64	None	None	0	2	1.9393405725770068
32	11.5909	11.8182	69	None	None	0	4	1.71548515001939
33	11.8182	12.5000	66	None	None	0	3	1.6530387750730124
34	12.5000	12.7273	64	None	None	0	2	1.6532604625852245
35	12.7273	12.9545	65	None	None	0	3	1.6532604625852245
36	12.9545	13.1818	64	None	None	0	2	1.6532604625852247
37	13.1818	13.4091	65	None	None	0	3	1.653260462585226
38	13.4091	13.6364	67	None	None	0	4	1.653260462585226
39	13.6364	14.0909	65	None	None	0	3	1.747382486394747
40	14.0909	14.5455	64	None	None	0	2	1.771211526207398
41	15.0000	15.4545	65	None	None	0	3	1.9965767724059762
42	16.1364	16.3636	64	None	None	0	2	2.2686078765142845
43	16.3636	16.5909	65	None	None	0	3	2.2043839629051267
44	16.5909	16.8182	64	None	None	0	2	2.235060770665273
45	16.8182	17.0455	65	None	None	0	3	2.3291827944747965
46	17.0455	17.2727	67	None	None	0	4	2.3291827944747965
47	17.2727	17.7273	69	None	None	0	5	2.3291827944748
48	17.7273	17.9545	64	None	None	0	2	2.223839475453194
49	17.9545	18.1818	65	None	None	0	3	3.360964515208017
50	18.1818	18.6364	67	None	None	0	4	3.370664691574868
51	18.6364	18.8636	62	None	None	0	1	3.3009397045855353
52	18.8636	19.0909	64	None	None	0	2	2.7531222442680683
53	19.0909	19.3182	65	None	None	0	3	2.7881035052910086
54	19.3182	19.5455	64	None	None	0	2	3.2022404100529105
55	19.5455	19.7727	65	None	None	0	3	3.299696869488546
56	19.7727	20.0000	67	None	None	0	4	3.125403874943621
57	20.0000	20.2273	69	None	None	0	5	3.4705179622451987
58	20.2273	20.4545	64	None	None	0	2	3.3837535504081053
59	20.4545	20.6818	67	None	None	0	4	3.062928676530916
60	20.6818	20.9091	62	None	None	0	2	3.405041771769006
61	20.9091	21.1364	64	None	None	0	1	3.0040825847996486
62	21.1364	21.3636	67	None	None	0	3	2.7339601662154958
63	21.3636	21.8182	69	None	None	0	4	2.678184152106154
64	22.0455	22.2727	64	None	None	0	2	3.222689735347195
65	22.2727	22.5000	67	None	None	0	4	2.9576021030720803
66	22.5000	22.7273	62	None	None	0	2	2.651992878507938
67	22.7273	22.9545	64	None	None	0	3	2.651992878507938
68	22.9545	23.1818	67	None	None	0	4	2.648658442881826
69	23.1818	23.6364	69	None	None	0	5	2.6519928785079383
70	23.8636	24.0909	62	None	None	0	2	2.6643492316477455
71	24.0909	24.3182	64	None	None	0	3	2.6643492316477455
72	24.3182	24.5455	67	None	None	0	4	2.6610147960216337
73	24.5455	25.0000	69	None	None	0	5	2.664349231647746
74	25.0000	25.2273	62	None	None	0	2	2.6643492316477455
75	25.2273	25.4545	64	None	None	0	3	2.6643492316477455
76	25.4545	25.6818	67	None	None	0	4	2.6610147960216337
77	25.6818	26.1364	69	None	None	0	5	2.664349231647746
78	26.1364	26.3636	62	None	None	0	2	2.6643492316477455
79	26.3636	26.5909	64	None	None	0	3	2.664349231647743
80	26.5909	26.8182	67	None	None	0	4	2.661014796021631
81	26.8182	27.2727	69	None	None	0	5	2.661014796021631
82	27.2727	27.5000	62	None	None	0	2	2.661014796021631
83	27.5000	27.7273	64	None	None	0	3	2.661014796021631
84	27.7273	27.9545	67	None	None	0	4	2.661014796021631
85	27.9545	28.1818	69	None	None	0	5	2.661014796021631
86	28.4091	28.6364	62	None	None	0	2	2.661014796021631
87	28.6364	28.8636	64	None	None	0	3	2.661014796021631
88	28.8636	29.0909	67	None	None	0	5	2.661014796021631
89	29.0909	30.0000	69	None	None	0	0	2.661014796021631
