0	0.0000	0.3261	55	None	None	1	-4	2.892695173307421
1	0.3261	0.6522	59	None	None	1	-2	2.9094590217039245
2	0.6522	0.9783	62	None	None	1	-1	3.119938451571109
3	0.9783	1.3043	60	None	None	1	-2	2.880215419501139
4	1.3043	1.6304	57	None	None	1	-3	2.4695011337868538
5	1.6304	1.9565	55	None	None	1	-4	2.8926951733074215
6	1.9565	2.2826	59	None	None	1	-2	2.909459021703925
7	2.2826	2.6087	62	None	None	1	-1	3.1199384515711093
8	2.6087	2.9348	60	None	None	1	-2	2.8802154195011394
9	2.9348	3.2609	57	None	None	1	-3	2.469501133786854
10	3.2609	3.5870	55	None	None	1	-4	2.8926951733074215
11	3.5870	3.9130	59	None	None	1	-2	2.9094590217039245
12	3.9130	4.2391	62	None	None	1	-1	3.119938451571109
13	4.2391	4.5652	60	None	None	1	-2	2.880215419501139
14	4.5652	4.8913	57	None	None	1	-3	2.469501133786854
15	4.8913	5.2174	55	None	None	1	-4	2.8926951733074215
16	5.2174	5.5435	59	None	None	1	-2	2.9094590217039245
17	5.5435	5.8696	62	None	None	1	-1	3.119938451571109
18	5.8696	6.1957	60	None	None	1	-2	2.88021541950114
19	6.1957	6.5217	57	None	None	1	-3	2.469501133786855
20	6.5217	6.8478	55	None	None	1	-4	2.892695173307422
21	6.8478	7.1739	59	None	None	1	-2	2.909459021703925
22	7.1739	7.5000	62	None	None	1	-1	3.1199384515711097
23	7.5000	7.8261	60	None	None	1	-2	2.880215419501139
24	7.8261	8.1522	57	None	None	1	-3	2.4695011337868538
25	8.1522	8.4783	55	None	None	1	-4	2.8926951733074233
26	8.4783	8.8043	59	None	None	1	-2	2.9094590217039245
27	8.8043	9.1304	62	None	None	1	-1	3.1199384515711093
28	9.1304	9.4565	60	None	None	1	-2	2.880215419501137
29	9.4565	9.7826	57	None	None	1	-3	2.469501133786853
30	9.7826	10.1087	55	None	None	1	-4	2.8926951733074207
31	10.1087	10.4348	59	None	None	1	-2	2.909459021703923
32	10.4348	10.7609	62	None	None	1	-1	3.1199384515711075
33	10.7609	11.0870	60	None	None	1	-2	2.880215419501137
34	11.0870	11.4130	57	None	None	1	-3	2.4695011337868524
35	11.4130	11.7391	55	None	None	1	-4	2.8926951733074207
36	11.7391	12.0652	59	None	None	1	-2	2.909459021703923
37	12.0652	12.3913	62	None	None	1	-1	3.119938451571107
38	12.3913	12.7174	60	None	None	1	-2	2.88021541950114
39	12.7174	13.0435	57	None	None	1	-3	2.4695011337868533
40	13.0435	13.3696	55	None	None	1	-4	2.892695173307421
41	13.3696	13.6957	59	None	None	1	-2	2.909459021703926
42	13.6957	14.0217	62	None	None	1	-1	3.1199384515711097
43	14.0217	14.3478	60	None	None	1	-2	2.5213606042440966
44	14.3478	14.6739	57	None	None	1	-3	3.4777497383255827
45	14.6739	15.0000	55	None	None	1	-4	3.890531658942596
46	15.0000	15.3261	59	None	None	1	-3	3.778888210108891
47	15.3261	15.6522	62	None	None	1	-2	3.5115048281846937
48	15.6522	15.9783	60	None	None	1	-1	1.1561841284762293
49	15.9783	16.3043	57	None	None	1	-2	1.6586804841613607
50	16.3043	16.9565	55	None	None	1	-3	1.7089720293508621
51	17.9348	19.2391	53	None	None	1	-4	1.8630164456337701
52	19.5652	19.8913	52	None	None	1	-5	2.2336059547683638
53	19.8913	20.5435	59	None	None	1	-2	2.390347937275655
54	20.5435	20.8696	57	None	None	1	-3	2.5782333171363767
55	20.8696	21.1957	59	None	None	1	-1	2.263552895697223
56	21.1957	21.5217	55	None	None	1	-3	2.3333178795189964
57	21.5217	21.8478	52	None	None	1	-5	2.182778494001503
58	21.8478	22.1739	57	None	None	1	-3	2.186606077883944
59	22.1739	22.5000	59	None	None	1	-2	2.4187164708988407
60	22.5000	22.8261	55	None	None	1	-3	2.2066537886830986
61	22.8261	23.1522	57	None	None	1	-2	2.291683753049793
62	23.1522	23.8043	52	None	None	1	-5	2.200990875637342
63	23.8043	24.1304	57	None	None	1	-3	2.172502023449069
64	24.1304	24.4565	59	None	None	1	-1	2.114359893764823
65	24.4565	25.1087	55	None	None	1	-3	2.1725020234490655
66	25.1087	25.4348	52	None	None	1	-5	2.4023387455037017
67	25.4348	25.7609	55	None	None	1	-4	2.11269669820859
68	25.7609	26.0870	57	None	None	1	-3	2.131975123864569
69	26.0870	26.4130	52	None	None	1	-5	2.233605954768363
70	26.4130	27.0652	59	None	None	1	-2	2.6242501886523906
71	27.0652	27.3913	57	None	None	1	-3	2.5988418850643136
72	27.3913	27.7174	59	None	None	1	-1	2.0286832724641197
73	27.7174	28.0435	55	None	None	1	-3	2.2882412719311964
74	28.0435	28.3696	52	None	None	1	-5	3.364899435196505
75	28.3696	28.6957	57	None	None	1	-3	3.2894621174122496
76	28.6957	29.0217	59	None	None	1	-2	3.3130246376584394
77	29.0217	29.3478	55	None	None	1	-3	3.3012899437808865
78	29.3478	30.3261	52	None	None	1	-5	2.7962790108362863
79	30.3261	30.6522	53	None	None	1	-4	3.3619882937814167
80	31.3043	31.6304	55	None	None	1	-3	3.7266966310333682
81	31.6304	31.9565	60	None	None	1	-2	2.791367022999675
82	31.9565	32.2826	62	None	None	1	-1	2.275742234878445
83	32.2826	32.6087	57	None	None	1	-3	2.133249523508184
84	32.6087	32.9348	55	None	None	1	-4	2.5471401587918003
85	32.9348	33.2609	59	None	None	1	-2	2.57320741142526
86	33.2609	33.5870	62	None	None	1	-1	2.7836868412924423
87	33.5870	33.9130	60	None	None	1	-2	2.1752371158873345
88	33.9130	34.2391	57	None	None	1	-3	2.0112469938896718
89	34.2391	35.5435	55	None	None	1	-4	2.1349107472446427
90	36.1957	36.5217	59	None	None	1	-2	2.2398212496515844
91	36.5217	36.8478	62	None	None	1	-1	2.3096383176844104
92	36.8478	37.1739	60	None	None	1	-2	1.8608770315095469
93	37.1739	37.5000	57	None	None	1	-4	1.5273227454956615
94	37.5000	38.8043	55	None	None	1	-5	1.4224961416018462
95	39.4565	39.7826	60	None	None	1	-3	1.7064370256773254
96	39.7826	40.1087	62	None	None	1	-1	1.388212455364747
97	40.1087	40.4348	59	None	None	1	-3	1.5047513486539659
98	40.4348	40.7609	57	None	None	1	-4	1.26912614619203
99	41.0870	41.7391	62	None	None	1	-2	1.1449861642389647
100	41.7391	42.3913	55	None	None	1	-5	1.3414391949420277
101	42.3913	43.0435	60	None	None	1	-3	1.6278684404635204
102	43.0435	43.3696	57	None	None	1	-5	1.5513458330720904
103	43.3696	43.6957	59	None	None	1	-4	1.38487150524572
104	43.6957	44.0217	60	None	None	1	-3	1.427712451147892
105	44.0217	45.3261	62	None	None	1	-2	1.4559057557199278
106	45.3261	45.6522	62	None	None	1	-2	1.6746158367796011
107	46.3043	46.6304	55	None	None	1	-5	1.8155853443772205
108	46.6304	46.9565	57	None	None	1	-4	1.8202161287030603
109	46.9565	47.2826	60	None	None	1	-3	1.8202161287030603
110	47.2826	47.6087	62	None	None	1	-2	1.8202161287030603
111	47.6087	47.9348	55	None	None	1	-5	1.8202161287030603
112	47.9348	48.5870	57	None	None	1	-4	1.8202161287030603
113	48.5870	48.9130	60	None	None	1	-3	1.8202161287030603
114	48.9130	49.5652	62	None	None	1	-2	1.8202161287030603
115	49.5652	50.2174	57	None	None	1	-4	1.8202161287030603
116	50.2174	50.5435	60	None	None	1	-2	1.8202161287030603
117	50.8696	52.1739	62	None	None	1	0	1.8202161287030603
