0	0.0000	0.3000	69	None	None	0	1	2.805815972222224
1	0.3000	0.6000	71	None	None	0	2	2.200713931405893
2	0.6000	0.9000	72	None	None	0	3	2.221249645691607
3	0.9000	1.2000	75	None	None	0	4	2.228814129818592
4	1.2000	1.5000	76	None	None	0	5	1.7370606575963745
5	1.5000	1.8000	74	None	None	0	4	1.9378543083900235
6	1.8000	2.4000	72	None	None	0	3	1.8740787981859408
7	2.4000	3.0000	71	None	None	0	2	2.3878543083900263
8	3.0000	3.6000	69	None	None	0	1	2.5906001984127016
9	3.6000	3.9000	74	None	None	0	4	2.105764597505669
10	3.9000	4.2000	72	None	None	0	3	2.3521931689342432
11	4.2000	4.5000	74	None	None	0	4	2.1012011054421817
12	4.5000	4.8000	76	None	None	0	5	2.0241921768707525
13	4.8000	5.4000	72	None	None	0	4	1.7077239229024976
14	5.4000	5.7000	71	None	None	0	3	1.8446818310657607
15	5.7000	6.0000	69	None	None	0	2	3.1650192689255188
16	6.0000	6.3000	71	None	None	0	1	2.730390802154192
17	6.3000	6.6000	72	None	None	0	2	2.140594883786844
18	6.6000	7.2000	69	None	None	0	1	2.242890802154193
19	7.8000	8.1000	69	None	None	0	1	2.885747945011339
20	8.1000	8.4000	71	None	None	0	2	2.885747945011337
21	8.4000	8.7000	72	None	None	0	3	2.885747945011338
22	8.7000	9.0000	75	None	None	0	4	3.198669571995465
23	9.0000	9.6000	76	None	None	0	5	2.636763038548756
24	9.6000	10.2000	74	None	None	0	4	2.698696145124716
25	10.2000	10.8000	72	None	None	0	3	2.832341269841269
26	10.8000	11.1000	71	None	None	0	2	2.9856257086167832
27	11.1000	11.4000	69	None	None	0	1	2.7534828514739247
28	11.4000	11.7000	71	None	None	0	3	2.162127976190476
29	11.7000	12.0000	72	None	None	0	4	2.0284828514739224
30	12.0000	12.6000	69	None	None	0	1	1.6927898242630344
31	12.6000	12.9000	74	None	None	0	3	2.3334945436507857
32	12.9000	13.2000	72	None	None	0	2	2.579186153628111
33	13.2000	13.5000	74	None	None	0	4	2.391466754971215
34	13.5000	13.8000	76	None	None	0	5	2.2381823161957013
35	13.8000	14.4000	72	None	None	0	3	1.9448149692569232
36	14.4000	15.0000	71	None	None	0	2	2.0135259953340183
37	15.0000	15.3000	72	None	None	0	3	2.6389245922727924
38	15.3000	15.6000	75	None	None	0	4	2.5890911172161055
39	15.6000	16.2000	76	None	None	0	5	1.9897696177830009
40	16.2000	17.4000	75	None	None	0	4	1.7724899976015918
41	17.4000	18.0000	72	None	None	0	3	2.6320967970521383
42	18.0000	18.6000	71	None	None	0	1	2.4026349270768814
43	18.6000	18.9000	72	None	None	0	2	2.2495453579158853
44	18.9000	19.2000	75	None	None	0	3	2.337207695578223
45	19.2000	19.8000	76	None	None	0	4	1.902882298752826
46	19.8000	20.4000	71	None	None	0	2	2.3829843395691555
47	20.4000	20.7000	72	None	None	0	3	2.9727802579365132
48	20.7000	21.0000	75	None	None	0	4	2.9803447420634988
49	21.0000	21.6000	76	None	None	0	5	2.3506235827664477
50	21.6000	21.9000	76	None	None	0	5	2.7750496031746112
51	21.9000	22.2000	74	None	None	0	4	2.6720167233560144
52	22.2000	22.5000	72	None	None	0	3	2.7176516439909344
53	22.5000	22.8000	71	None	None	0	2	2.774124858276648
54	22.8000	23.1000	69	None	None	0	1	2.2746917517006806
55	23.1000	23.4000	71	None	None	0	2	1.7729060374149546
56	23.4000	24.0000	72	None	None	0	3	1.5675488945578138
57	24.0000	24.6000	75	None	None	0	4	1.7055165816326432
58	24.6000	25.2000	76	None	None	0	5	1.5634566326530481
59	25.2000	25.5000	71	None	None	0	2	1.3732851473922774
60	25.5000	25.8000	72	None	None	0	3	1.3938208616779935
61	25.8000	26.4000	74	None	None	0	4	1.3938208616779935
62	26.4000	26.7000	72	None	None	0	3	1.3938208616779935
63	26.7000	27.0000	71	None	None	0	2	1.3938208616779935
64	28.8000	29.1000	71	None	None	0	2	1.3938208616779935
65	29.1000	29.4000	72	None	None	0	3	1.3938208616779935
66	29.4000	30.0000	74	None	None	0	4	1.3938208616779935
67	30.0000	30.3000	72	None	None	0	3	1.3938208616779935
68	30.3000	30.6000	71	None	None	0	2	1.3938208616779935
69	30.6000	31.2000	69	None	None	0	0	1.3938208616779935
