0	0.8696	1.1594	56	None	None	1	-2	2.3887498965353804
1	1.1594	1.4493	54	None	None	1	-3	2.388749896535381
2	1.4493	1.7391	51	None	None	1	-4	2.38874989653538
3	1.7391	2.6087	49	None	None	1	-5	2.4079342769452032
4	2.8986	3.1884	51	None	None	1	-4	2.7718306258004963
5	3.1884	3.4783	54	None	None	1	-3	2.6606735827196584
6	3.4783	4.3478	56	None	None	1	-2	2.620448844632465
7	4.6377	4.9275	54	None	None	1	-3	2.660801304792174
8	4.9275	5.2174	56	None	None	1	-2	2.620576566704981
9	5.2174	5.5072	54	None	None	1	-3	2.7509345142097654
10	5.5072	5.7971	51	None	None	1	-4	2.2146972075263602
11	5.7971	6.0870	54	None	None	1	-1	1.2595396330262216
12	6.0870	6.3768	51	None	None	1	-2	1.2595396330262216
13	6.3768	6.6667	49	None	None	1	-3	1.1596023955425208
14	6.6667	6.9565	51	None	None	1	-2	0.9793907733045357
15	7.8261	8.1159	49	None	None	1	-3	1.1518684723885744
16	8.1159	8.4058	51	None	None	1	-2	1.0117064968176823
17	8.4058	8.6957	49	None	None	1	-3	2.635134658219876
18	8.6957	8.9855	51	None	None	1	-2	2.566564665806176
19	8.9855	9.2754	54	None	None	1	-1	2.9080168938755024
20	9.2754	9.5652	51	None	None	1	-5	2.359400841626429
21	9.5652	10.4348	54	None	None	1	-3	2.086171582002799
22	10.7246	11.0145	49	None	None	1	-5	2.1564049755813945
23	11.0145	11.3043	51	None	None	1	-4	2.0260470280766114
24	11.3043	11.5942	54	None	None	1	-3	1.7634442606848588
25	11.5942	12.1739	56	None	None	1	-2	1.597330903565031
26	12.4638	12.7536	51	None	None	1	-5	1.5465129109773654
27	12.7536	13.0435	54	None	None	1	-3	1.2008007958672313
28	13.0435	13.6232	56	None	None	1	-2	1.2909340052848273
29	13.6232	13.9130	54	None	None	1	-3	1.9431440076786992
30	13.9130	14.2029	56	None	None	1	-2	2.217963946049766
31	14.2029	14.7826	54	None	None	1	-3	2.3483218935545525
32	15.6522	16.5217	53	None	None	1	-4	2.310696543339004
33	17.1014	17.3913	51	None	None	1	-5	2.3911553598321715
34	17.3913	18.2609	53	None	None	1	-3	2.205114906630174
35	18.5507	18.8406	56	None	None	1	-1	2.7969260286474302
36	18.8406	19.1304	54	None	None	1	-2	2.5699204987756095
37	19.1304	20.0000	53	None	None	1	-3	2.337589555245778
38	20.2899	20.5797	49	None	None	1	-5	2.4230755383783853
39	20.5797	20.8696	51	None	None	1	-4	2.1464017796084907
40	20.8696	21.1594	53	None	None	1	-3	2.205114906630168
41	21.1594	21.4493	56	None	None	1	-1	2.6960400199217904
42	21.4493	21.7391	54	None	None	1	-2	2.025805477015537
43	21.7391	22.6087	53	None	None	1	-3	1.5063307986569676
44	22.8986	23.1884	49	None	None	1	-5	1.7158438484831378
45	23.1884	23.4783	51	None	None	1	-4	2.121723207661753
46	23.4783	24.3478	53	None	None	1	-3	2.402766944859234
47	24.6377	24.9275	56	None	None	1	-2	2.4571822552872016
48	24.9275	25.2174	54	None	None	1	-3	2.6986972458728276
49	25.2174	26.9565	53	None	None	1	-4	2.2530697011746517
50	26.9565	27.8261	51	None	None	1	-5	2.2570533107961177
51	29.5652	29.8551	56	None	None	1	-2	2.3887498965353813
52	29.8551	30.1449	54	None	None	1	-3	2.388749896535383
53	30.1449	30.4348	51	None	None	1	-4	2.3887498965353764
54	30.4348	31.3043	49	None	None	1	-5	2.4079342769451992
55	31.5942	31.8841	51	None	None	1	-4	2.771830625800496
56	31.8841	32.1739	54	None	None	1	-3	2.6606735827196513
57	32.1739	33.0435	56	None	None	1	-2	2.620448844632462
58	33.3333	33.6232	54	None	None	1	-3	2.6608013047921704
59	33.6232	33.9130	56	None	None	1	-2	2.6205765667049734
60	33.9130	34.2029	54	None	None	1	-3	2.7509345142097588
61	34.2029	34.4928	51	None	None	1	-4	2.214697207526363
62	34.4928	34.7826	54	None	None	1	-1	1.2595396330262192
63	34.7826	35.0725	51	None	None	1	-2	1.2595396330262192
64	35.0725	35.3623	49	None	None	1	-3	1.1596023955425214
65	35.3623	35.6522	51	None	None	1	-2	0.9793907733045345
66	36.5217	36.8116	49	None	None	1	-3	1.151868472388575
67	36.8116	37.1014	51	None	None	1	-2	1.011706496817686
68	37.1014	37.3913	49	None	None	1	-3	2.6351346582198736
69	37.3913	37.6812	51	None	None	1	-2	2.5665646658061725
70	37.6812	37.9710	54	None	None	1	-1	2.908016893875502
71	37.9710	38.2609	51	None	None	1	-5	2.3594008416264316
72	38.2609	39.1304	54	None	None	1	-3	2.086171582002801
73	39.4203	39.7101	49	None	None	1	-5	2.6524175441776014
74	39.7101	40.0000	51	None	None	1	-4	2.7635745872584403
75	40.0000	40.2899	54	None	None	1	-3	2.463448040546378
76	40.2899	40.8696	56	None	None	1	-2	2.3415404146793293
77	41.1594	41.4493	51	None	None	1	-5	2.8057693330493443
78	41.4493	41.7391	54	None	None	1	-3	2.4883343421729363
79	41.7391	42.3188	56	None	None	1	-2	2.418914975913425
80	42.3188	42.6087	54	None	None	1	-3	2.4358388765882544
81	42.6087	42.8986	51	None	None	1	-5	2.335485233948376
82	42.8986	43.4783	54	None	None	1	-3	2.0791798749995745
83	43.4783	44.0580	56	None	None	1	-1	2.5695754165415363
84	44.0580	44.3478	54	None	None	1	-2	2.235032204358956
85	44.3478	45.2174	53	None	None	1	-3	1.8136301863026716
86	45.7971	46.0870	51	None	None	1	-4	2.3722218343935606
87	46.0870	46.9565	53	None	None	1	-3	2.328717101083921
88	47.5362	47.8261	54	None	None	1	-2	2.378244045139354
89	47.8261	48.6957	53	None	None	1	-3	2.2378857642805388
90	49.2754	49.5652	54	None	None	1	-2	2.4063773480952193
91	49.5652	50.4348	53	None	None	1	-3	2.0952984450355636
92	50.4348	50.7246	51	None	None	1	-4	2.0952984450355636
93	50.7246	51.0145	53	None	None	1	-3	2.0952984450355636
94	51.0145	51.3043	54	None	None	1	-2	2.0952984450355636
95	53.3333	53.6232	53	None	None	1	-1	2.0952984450355636
96	53.6232	53.9130	51	None	None	1	-2	2.0952984450355636
97	53.9130	54.2029	49	None	None	1	-3	2.0952984450355636
98	54.2029	54.4928	51	None	None	1	-2	2.0952984450355636
99	54.4928	54.7826	54	None	None	1	-1	2.0952984450355636
100	54.7826	56.5217	56	None	None	1	0	2.0952984450355636
