0	1.1111	1.2500	53	None	None	1	-2	3.1085129235487825
1	1.2500	1.3889	52	None	None	1	-3	3.1085129235487816
2	1.3889	1.6667	50	None	None	1	-4	3.1085129235487807
3	1.6667	2.2222	48	None	None	1	-5	3.108512923548781
4	2.2222	2.3611	50	None	None	1	-4	3.108512923548781
5	2.3611	2.5000	52	None	None	1	-3	3.10851292354878
6	2.5000	2.6389	53	None	None	1	-2	3.108512923548781
7	2.6389	2.7778	55	None	None	1	-1	3.1085129235487794
8	5.5556	5.6944	53	None	None	1	-2	3.1046582147216943
9	5.6944	5.8333	52	None	None	1	-3	3.1752248792988897
10	5.8333	6.1111	50	None	None	1	-4	4.61336589709688
11	6.1111	6.6667	48	None	None	1	-5	6.99531538643199
12	6.6667	6.8056	50	None	None	1	-4	8.295301847315109
13	6.8056	6.9444	52	None	None	1	-3	9.135501182863283
14	6.9444	7.0833	53	None	None	1	-2	9.101115800803484
15	7.0833	7.2222	55	None	None	1	-1	8.290460143191602
16	7.7778	8.8889	50	None	None	1	-5	7.9296263016254285
17	9.4444	9.7222	60	None	None	1	-1	8.289671434202377
18	9.7222	9.8611	62	None	None	1	-4	2.660429187934535
19	9.8611	10.0000	64	None	None	1	-3	3.3929873274694113
20	10.0000	10.1389	65	None	None	1	-2	3.2242719343354174
21	10.1389	10.2778	64	None	None	1	-3	3.0978550885273286
22	10.2778	10.5556	62	None	None	1	-4	3.097855088527329
23	10.5556	11.1111	60	None	None	1	-5	3.2716782515134506
24	11.1111	11.2500	62	None	None	1	-4	3.2260985789664662
25	11.2500	11.3889	64	None	None	1	-3	3.226098578966469
26	11.3889	11.5278	65	None	None	1	-2	3.2260985789664685
27	11.5278	11.6667	67	None	None	1	-1	2.493540439431583
28	12.7778	13.0556	65	None	None	1	-2	2.7042824106386747
29	13.0556	13.1944	64	None	None	1	-3	2.7858212761848926
30	13.1944	13.3333	62	None	None	1	-4	2.518703195211859
31	13.3333	14.1667	60	None	None	1	-5	2.3897580124876177
32	14.1667	14.3056	62	None	None	1	-4	2.6604291879345374
33	14.3056	14.4444	64	None	None	1	-3	3.3929873274694136
34	14.4444	14.5833	65	None	None	1	-2	3.8004624105258995
35	14.5833	14.7222	64	None	None	1	-3	3.806378175181352
36	14.7222	15.0000	62	None	None	1	-4	3.729966215048461
37	15.0000	15.5556	60	None	None	1	-5	4.156784935655973
38	15.5556	15.6944	62	None	None	1	-4	8.500527380370643
39	15.6944	15.8333	64	None	None	1	-3	8.844960310359353
40	15.8333	15.9722	65	None	None	1	-2	8.732477410222554
41	15.9722	16.1111	67	None	None	1	-1	8.332010828240934
42	16.1111	16.5278	60	None	None	1	-4	7.6086915005098374
43	16.5278	16.6667	64	None	None	1	-2	7.602775735854385
44	16.6667	17.7778	62	None	None	1	-1	3.0446362009706767
45	17.7778	17.9167	53	None	None	1	-2	2.623459790893097
46	17.9167	18.0556	52	None	None	1	-3	2.6998717510259875
47	18.0556	18.3333	50	None	None	1	-4	2.7524049736173564
48	18.3333	18.6111	52	None	None	1	-3	2.800724301348448
49	18.6111	18.8889	48	None	None	1	-5	2.878717998827434
50	18.8889	19.0278	55	None	None	1	-2	3.08207934336525
51	19.0278	19.1667	53	None	None	1	-3	3.0820793433652494
52	19.1667	19.4444	52	None	None	1	-4	3.040052765292159
53	19.4444	19.5833	53	None	None	1	-2	3.2480298514754757
54	19.5833	19.7222	52	None	None	1	-3	3.0131348686498653
55	19.7222	20.0000	50	None	None	1	-4	2.8320497601878714
56	20.0000	20.2778	52	None	None	1	-3	3.2952850543055257
57	20.2778	20.5556	48	None	None	1	-5	3.2547073480555
58	20.5556	20.6944	50	None	None	1	-4	3.409216826265385
59	20.6944	20.8333	52	None	None	1	-3	3.2827999804572956
60	20.8333	21.1111	53	None	None	1	-2	3.5025124584717573
61	21.1111	21.6667	55	None	None	1	-1	3.0959998534297353
62	21.6667	21.9444	50	None	None	1	-4	2.5580271643541095
63	21.9444	22.2222	52	None	None	1	-3	2.7024587160445557
64	22.2222	22.3611	53	None	None	1	-2	2.8415172464334493
65	22.3611	22.5000	52	None	None	1	-3	2.8415172464334457
66	22.5000	22.7778	50	None	None	1	-4	2.8415172464334497
67	22.7778	23.0556	52	None	None	1	-3	2.841517246433452
68	23.0556	23.3333	48	None	None	1	-5	2.6638313464920804
69	23.3333	23.6111	53	None	None	1	-3	2.862470685948789
70	23.6111	23.7500	52	None	None	1	-4	3.807606385577478
71	23.7500	23.8889	53	None	None	1	-3	3.898626514559301
72	23.8889	24.0278	55	None	None	1	-1	3.530813342778964
73	24.0278	24.1667	53	None	None	1	-2	3.235985429482221
74	24.1667	24.4444	52	None	None	1	-3	4.0761847650303915
75	24.4444	24.5833	53	None	None	1	-2	4.180857913359494
76	24.5833	24.7222	52	None	None	1	-3	4.076184765030398
77	24.7222	25.0000	50	None	None	1	-4	4.14751562295497
78	25.0000	25.2778	48	None	None	1	-5	4.294968354047405
79	25.2778	25.5556	52	None	None	1	-4	4.712981838510956
80	25.5556	26.6667	50	None	None	1	-5	4.834271778905717
81	26.6667	26.8056	65	None	None	1	-1	4.361669435215946
82	26.8056	26.9444	64	None	None	1	-3	2.699871751025992
83	26.9444	27.2222	62	None	None	1	-4	2.752404973617362
84	27.2222	27.5000	64	None	None	1	-3	2.800724301348455
85	27.5000	27.7778	60	None	None	1	-5	2.8787179988274376
86	27.7778	27.9167	67	None	None	1	-2	3.082079343365247
87	27.9167	28.0556	65	None	None	1	-3	3.0820793433652547
88	28.0556	28.3333	64	None	None	1	-4	3.0400527652921654
89	28.3333	28.4722	65	None	None	1	-2	3.248029851475485
90	28.4722	28.6111	64	None	None	1	-3	3.0131348686498796
91	28.6111	28.8889	62	None	None	1	-4	2.832049760187882
92	28.8889	29.1667	64	None	None	1	-3	3.295285054305526
93	29.1667	29.4444	60	None	None	1	-5	3.2547073480555033
94	29.4444	29.5833	62	None	None	1	-4	3.4092168262653995
95	29.5833	29.7222	64	None	None	1	-3	3.282799980457307
96	29.7222	30.0000	65	None	None	1	-2	3.5025124584717724
97	30.0000	30.5556	67	None	None	1	-1	3.095999853429753
98	30.5556	30.8333	62	None	None	1	-4	2.5580271643541193
99	30.8333	31.1111	64	None	None	1	-3	2.7024587160445543
100	31.1111	31.2500	65	None	None	1	-2	2.8415172464334586
101	31.2500	31.3889	64	None	None	1	-3	2.841517246433448
102	31.3889	31.6667	62	None	None	1	-4	2.841517246433446
103	31.6667	31.9444	64	None	None	1	-3	2.8415172464334417
104	31.9444	32.2222	60	None	None	1	-5	2.6638313464920724
105	32.2222	32.5000	65	None	None	1	-3	2.8624706859487805
106	32.5000	32.6389	64	None	None	1	-4	3.8076063855774653
107	32.6389	32.7778	65	None	None	1	-3	3.8986265145592993
108	32.7778	32.9167	67	None	None	1	-2	3.8986265145592993
109	32.9167	33.0556	65	None	None	1	-3	3.8986265145592993
110	33.0556	33.3333	64	None	None	1	-4	3.8986265145592993
111	33.3333	33.4722	65	None	None	1	-2	3.8986265145592993
112	33.4722	33.6111	64	None	None	1	-3	3.8986265145592993
113	33.6111	33.8889	62	None	None	1	-4	3.8986265145592993
114	33.8889	34.1667	60	None	None	1	-5	3.8986265145592993
115	34.1667	34.4444	64	None	None	1	-3	3.8986265145592993
116	34.4444	35.5556	62	None	None	1	0	3.8986265145592993
