0	0.0000	0.4167	72	None	None	0	2	1.483149434167485
1	0.0000	1.2500	79	None	None	0	5	1.6392183532713753
2	0.4167	0.8333	74	None	None	0	3	1.7257749808729101
3	0.8333	1.2500	76	None	None	0	4	1.7304381364577222
4	1.2500	1.6667	74	None	None	0	3	1.724581761649735
5	1.6667	1.8750	72	None	None	0	2	2.1247257708663247
6	1.8750	2.0833	74	None	None	0	3	2.4799444444893775
7	2.0833	2.5000	76	None	None	0	4	2.2645865750992478
8	2.5000	2.9167	72	None	None	0	2	2.067502142530946
9	2.9167	3.3333	74	None	None	0	3	2.765015323915093
10	3.7500	8.7500	72	None	None	0	1	2.4642747050869143
11	3.7500	7.9167	76	None	None	0	2	3.1290665089052174
12	4.1667	4.5833	78	None	None	0	3	3.191077750351944
13	4.5833	5.0000	79	None	None	0	4	2.7354257314798813
14	5.0000	5.4167	78	None	None	0	3	2.597269460907135
15	5.4167	5.6250	76	None	None	0	2	2.7086921348154096
16	5.6250	5.8333	78	None	None	0	3	2.9575417089242015
17	5.8333	6.2500	79	None	None	0	5	2.2185538731621706
18	6.2500	12.9167	76	None	None	0	3	2.0754663155584843
19	6.2500	12.7083	76	None	None	0	4	1.513918592720437
20	6.6667	7.0833	78	None	None	0	5	1.6426487465081943
21	7.5000	15.4167	76	None	None	0	4	1.7717152924814248
22	7.5000	16.2500	79	None	None	0	5	1.5568741140745765
23	7.9167	8.3333	74	None	None	0	3	1.5996105634930529
24	8.3333	8.7500	72	None	None	0	2	1.5457398014785704
25	8.7500	9.1667	74	None	None	0	3	1.7047259765937754
26	9.1667	9.3750	72	None	None	0	2	1.7047259765937794
27	9.3750	9.5833	74	None	None	0	3	1.5973028852997238
28	9.5833	10.0000	76	None	None	0	4	1.708903541255212
29	10.0000	10.4167	78	None	None	0	5	1.734641417050694
30	10.4167	10.8333	74	None	None	0	2	1.9142336986015063
31	11.2500	22.9167	77	None	None	0	4	2.024708969791059
32	11.2500	23.7500	79	None	None	0	5	2.024708969791059
33	11.6667	12.0833	76	None	None	0	3	2.024708969791059
34	12.0833	12.5000	74	None	None	0	2	2.024708969791059
35	12.5000	25.4167	76	None	None	0	3	2.024708969791059
36	12.5000	26.2500	79	None	None	0	4	2.024708969791059
37	12.9167	13.1250	74	None	None	0	2	2.024708969791059
38	13.1250	13.3333	76	None	None	0	3	2.024708969791059
39	13.3333	13.7500	77	None	None	0	4	2.024708969791059
40	13.7500	14.5833	72	None	None	0	0	2.024708969791059
