0	1.0714	1.6071	45	None	None	1	-4	1.5596363920099843
1	1.6071	2.1429	50	None	None	1	-2	1.5988451935081154
2	2.1429	2.6786	49	None	None	1	-3	1.452777777777778
3	2.6786	3.2143	47	None	None	1	-4	1.8724875156054919
4	3.2143	3.7500	45	None	None	1	-5	1.8068274032459415
5	3.7500	4.2857	50	None	None	1	-2	1.3804229088639182
6	4.8214	5.3571	50	None	None	1	-2	1.598845193508116
7	5.3571	5.8929	49	None	None	1	-3	1.452777777777778
8	5.8929	6.4286	47	None	None	1	-4	1.872487515605493
9	6.4286	6.9643	45	None	None	1	-5	1.8068274032459424
10	6.9643	7.5000	50	None	None	1	-2	1.5491554714814784
11	7.5000	8.0357	49	None	None	1	-3	1.3536375812229464
12	8.0357	8.5714	47	None	None	1	-4	1.2741964862501989
13	9.1071	9.6429	47	None	None	1	-3	1.416575296274253
14	9.6429	10.1786	45	None	None	1	-4	1.9353330990208177
15	10.1786	10.7143	50	None	None	1	-2	1.8735864187348132
16	10.7143	11.2500	49	None	None	1	-3	1.6641607008821289
17	11.2500	11.5179	47	None	None	1	-4	1.7438111378359358
18	11.5179	11.7857	49	None	None	1	-3	1.7835152473659974
19	11.7857	12.8571	45	None	None	1	-5	1.867453861719412
20	12.8571	13.3929	52	None	None	1	-3	1.662389117953998
21	13.3929	13.9286	57	None	None	1	-2	1.6463658232087952
22	13.9286	14.4643	56	None	None	1	-3	1.418837733321156
23	14.4643	15.0000	54	None	None	1	-4	1.740701029201305
24	15.0000	15.5357	52	None	None	1	-5	2.2422502290651103
25	15.5357	16.0714	57	None	None	1	-1	1.5705999429759359
26	16.6071	17.1429	56	None	None	1	-2	1.2467859777550796
27	17.1429	17.6786	54	None	None	1	-3	1.2189259164680513
28	17.6786	18.2143	52	None	None	1	-4	1.4283516343207352
29	18.2143	18.7500	54	None	None	1	-3	1.6954507370530887
30	18.7500	19.2857	57	None	None	1	-2	1.8088448780925885
31	19.2857	19.8214	56	None	None	1	-3	2.0135499342723637
32	19.8214	20.3571	50	None	None	1	-5	1.499856114047645
33	20.8929	21.4286	50	None	None	1	-5	1.5882707481939864
34	21.4286	21.9643	54	None	None	1	-3	1.7376944695124044
35	21.9643	22.5000	57	None	None	1	-2	1.7230744580799116
36	22.5000	22.7679	56	None	None	1	-3	1.5562205254956416
37	22.7679	23.0357	54	None	None	1	-4	1.246739706172885
38	23.0357	23.5714	56	None	None	1	-2	0.9510421943468682
39	23.5714	24.6429	50	None	None	1	-4	0.8521248730107298
40	24.6429	25.7143	50	None	None	1	-4	0.9261800313355513
41	25.7143	26.7857	55	None	None	1	-2	0.9710587652352501
42	26.7857	27.3214	52	None	None	1	-4	0.8313229928775279
43	27.3214	27.8571	54	None	None	1	-3	0.934936373878546
44	27.8571	28.9286	56	None	None	1	-2	0.9507291329297314
45	28.9286	29.4643	52	None	None	1	-4	0.9931108495201344
46	29.4643	30.0000	50	None	None	1	-5	0.9575771416549675
47	30.0000	30.5357	52	None	None	1	-4	0.8633967795244842
48	30.5357	31.0714	54	None	None	1	-3	0.8550017335592118
49	31.0714	32.1429	56	None	None	1	-2	1.6240660048098705
50	32.1429	32.6786	52	None	None	1	-4	2.0078107902914324
51	32.6786	33.2143	50	None	None	1	-5	1.8586483485265681
52	33.2143	33.7500	52	None	None	1	-4	1.7590853023343083
53	33.7500	34.2857	54	None	None	1	-3	2.047345039479868
54	34.2857	35.3571	56	None	None	1	-1	1.9421648462070427
55	35.3571	35.8929	54	None	None	1	-2	1.7007014315728959
56	35.8929	36.4286	50	None	None	1	-4	2.3063447713608
57	36.9643	37.5000	49	None	None	1	-5	2.056389426452218
58	37.5000	38.5714	50	None	None	1	-4	1.730577940809273
59	38.5714	39.1071	54	None	None	1	-2	2.526532744394594
60	39.1071	40.1786	50	None	None	1	-4	3.083336739400839
61	40.1786	40.7143	49	None	None	1	-5	2.833381394492257
62	40.7143	41.7857	50	None	None	1	-4	2.7181156063006657
63	41.7857	42.3214	50	None	None	1	-5	2.424759238429021
64	43.9286	44.4643	64	None	None	1	-1	2.271137571245487
65	44.4643	45.0000	59	None	None	1	-5	1.1345142124174141
66	45.0000	45.5357	61	None	None	1	-4	1.1521952361377634
67	45.5357	46.0714	63	None	None	1	-3	1.6498969726035446
68	46.0714	46.6071	64	None	None	1	-2	1.3883801186709617
69	46.6071	47.1429	59	None	None	1	-5	1.1478997809002696
70	47.6786	48.2143	63	None	None	1	-3	1.1983961809102361
71	48.2143	48.7500	61	None	None	1	-4	1.1431215242310846
72	48.7500	49.2857	59	None	None	1	-5	1.6462816365906343
73	49.2857	49.8214	61	None	None	1	-4	1.6341873794121065
74	49.8214	50.3571	63	None	None	1	-3	1.6290801271138422
75	50.3571	50.8929	64	None	None	1	-2	1.3813183723009899
76	50.8929	51.4286	59	None	None	1	-5	1.223596160300673
77	51.9643	52.5000	59	None	None	1	-5	1.3537412152624606
78	52.5000	53.0357	61	None	None	1	-4	1.371422238982807
79	53.0357	53.5714	63	None	None	1	-3	1.8045172338755537
80	53.5714	54.1071	64	None	None	1	-1	1.5369884431104723
81	54.1071	54.6429	59	None	None	1	-4	1.5260029529462296
82	54.6429	55.7143	64	None	None	1	-2	1.4591490203619593
83	56.7857	57.8571	62	None	None	1	-3	1.5646596480009787
84	57.8571	58.3929	59	None	None	1	-4	1.6853715629852954
85	58.3929	58.9286	60	None	None	1	-3	1.6982929112999021
86	58.9286	118.9286	62	None	None	1	-2	1.714694665205083
87	58.9286	118.9286	62	None	None	1	-3	1.3220604579641342
88	60.0000	120.5357	59	None	None	1	-4	1.257507003440828
89	60.0000	121.0714	62	None	None	1	-3	1.2411052495356456
90	60.5357	61.0714	57	None	None	1	-5	1.207629563655185
91	61.0714	61.6071	59	None	None	1	-4	1.600263770896126
92	61.6071	62.1429	60	None	None	1	-3	1.5567548947961296
93	62.1429	64.2857	62	None	None	1	-2	1.4847420145549677
94	63.2143	63.7500	59	None	None	1	-4	1.5373496543954184
95	63.7500	64.2857	57	None	None	1	-5	1.5811741611095869
96	64.2857	64.8214	59	None	None	1	-4	1.5811741611095818
97	64.8214	65.3571	60	None	None	1	-3	1.6311741611095825
98	65.3571	131.7857	62	None	None	1	-2	1.5591612808684225
99	65.3571	131.7857	62	None	None	1	-3	1.3639365617673005
100	66.4286	133.3929	60	None	None	1	-3	1.2334123123534593
101	66.4286	135.0000	62	None	None	1	-2	1.3142057565238587
102	66.9643	68.0357	57	None	None	1	-4	1.2123357617003097
103	68.0357	68.5714	55	None	None	1	-5	1.3150441711580039
104	68.5714	138.2143	57	None	None	1	-3	1.1763458786273229
105	68.5714	139.2857	62	None	None	1	-1	1.3268662837611578
106	69.6429	70.1786	60	None	None	1	-2	1.7005714084528483
107	70.1786	70.7143	57	None	None	1	-4	2.273576060065113
108	71.2500	71.7857	55	None	None	1	-5	2.335085967650146
109	71.7857	72.3214	57	None	None	1	-4	2.354826916464125
110	72.8571	73.3929	62	None	None	1	-2	2.415498409415013
111	73.3929	73.9286	57	None	None	1	-4	2.29042747535531
112	73.9286	74.4643	59	None	None	1	-3	2.5350903967036285
113	74.4643	75.0000	61	None	None	1	-2	2.644609747515108
114	75.0000	75.5357	62	None	None	1	-1	4.220028050855452
115	76.6071	77.1429	45	None	None	1	-5	5.389033386758776
116	77.1429	77.6786	47	None	None	1	-4	5.877173211977258
117	77.6786	78.2143	45	None	None	1	-5	6.3969765827637595
118	78.2143	78.7500	47	None	None	1	-4	6.351408542813697
119	78.7500	79.2857	49	None	None	1	-3	7.615385208276209
120	79.2857	79.8214	50	None	None	1	-2	7.399436394293687
121	79.8214	80.3571	45	None	None	1	-5	6.940485934640986
122	80.8929	81.4286	69	None	None	1	-1	5.457655022062198
123	81.4286	81.9643	71	None	None	1	-3	2.960151900963598
124	81.9643	82.5000	73	None	None	1	-2	4.805058653816869
125	82.5000	83.0357	74	None	None	1	-1	4.34781770500289
126	83.0357	83.5714	69	None	None	1	-2	3.939850391417595
127	84.1071	84.6429	57	None	None	1	-5	3.345357893472957
128	84.6429	85.1786	59	None	None	1	-3	3.1655201906015535
129	85.1786	85.7143	61	None	None	1	-2	3.075913449028519
130	85.7143	86.2500	62	None	None	1	-1	3.2973028707878984
131	86.2500	86.7857	57	None	None	1	-2	3.473028958743369
132	87.3214	87.8571	45	None	None	1	-5	3.473028958743369
133	87.8571	88.3929	47	None	None	1	-4	3.473028958743369
134	88.3929	88.9286	49	None	None	1	-3	3.473028958743369
135	88.9286	89.4643	50	None	None	1	-2	3.473028958743369
136	89.4643	90.0000	52	None	None	1	-1	3.473028958743369
137	90.5357	91.0714	52	None	None	1	-4	3.473028958743369
138	91.0714	91.6071	54	None	None	1	-3	3.473028958743369
139	91.6071	92.1429	56	None	None	1	-2	3.473028958743369
140	92.1429	94.2857	57	None	None	1	0	3.473028958743369
