0	0.0000	0.5357	57	None	None	0	3	1.5646067415730363
1	0.5357	1.0714	62	None	None	0	5	1.7450842696629247
2	1.0714	1.6071	61	None	None	0	4	1.3381710362047468
3	1.6071	2.1429	59	None	None	0	3	1.630586766541823
4	2.1429	2.6786	57	None	None	0	2	1.6822721598002495
5	2.6786	3.2143	62	None	None	0	5	1.340589887640451
6	3.7500	4.2857	62	None	None	0	5	1.7450842696629236
7	4.2857	4.8214	61	None	None	0	4	1.3381710362047456
8	4.8214	5.3571	59	None	None	0	3	1.6305867665418228
9	5.3571	5.8929	57	None	None	0	2	1.6363585152705482
10	5.8929	6.4286	62	None	None	0	5	1.4685687049396585
11	6.4286	6.9643	61	None	None	0	4	1.507548348104152
12	6.9643	7.5000	59	None	None	0	3	1.4260876739468473
13	8.0357	8.5714	59	None	None	0	4	1.2704201198012082
14	8.5714	9.1071	57	None	None	0	2	1.5786637838223596
15	9.1071	9.6429	62	None	None	0	4	1.8092655139861327
16	9.6429	10.1786	61	None	None	0	3	1.6424115814018623
17	10.1786	10.4464	59	None	None	0	2	1.7072885142729317
18	10.4464	10.7143	61	None	None	0	4	1.4999060766270682
19	10.7143	11.7857	57	None	None	0	1	1.3756497120894624
20	11.7857	12.8571	57	None	None	0	1	1.5300011204637207
21	14.4643	15.0000	64	None	None	0	3	1.653127257779223
22	15.0000	15.5357	69	None	None	0	5	1.6423126510376467
23	15.5357	16.0714	68	None	None	0	4	1.2045005411749765
24	16.0714	16.6071	66	None	None	0	3	1.4609101428092979
25	16.6071	17.1429	64	None	None	0	2	1.6028012119689619
26	17.1429	17.6786	69	None	None	0	5	1.0697955939914374
27	18.2143	18.7500	68	None	None	0	4	1.038276018613099
28	18.7500	19.2857	66	None	None	0	3	1.0022698899103435
29	19.2857	19.8214	64	None	None	0	2	1.2831403926909581
30	19.8214	20.3571	66	None	None	0	3	1.454716302327299
31	20.3571	20.8929	69	None	None	0	4	1.55815413874757
32	20.8929	21.4286	68	None	None	0	3	1.347479981444199
33	21.4286	21.9643	62	None	None	0	1	1.2910063788867268
34	22.5000	23.0357	62	None	None	0	1	1.4378096241158314
35	23.0357	23.5714	66	None	None	0	3	1.3009430987850785
36	23.5714	24.1071	69	None	None	0	4	1.359307643104676
37	24.1071	24.3750	68	None	None	0	3	1.2045871717426595
38	24.3750	24.6429	66	None	None	0	2	1.1053592279251012
39	24.6429	25.1786	68	None	None	0	3	1.0315718284586386
40	25.1786	25.7143	62	None	None	0	1	1.091184812228924
41	26.7857	27.8571	67	None	None	0	4	1.2068903961511515
42	27.8571	28.3929	64	None	None	0	2	1.192866005907249
43	28.3929	28.9286	65	None	None	0	3	1.2057873542218582
44	28.9286	30.0000	67	None	None	0	5	1.1587805639292368
45	30.0000	30.5357	64	None	None	0	3	1.176464252002073
46	30.5357	31.0714	62	None	None	0	2	1.2119979598672384
47	31.0714	31.6071	64	None	None	0	3	1.1684890837672386
48	31.6071	32.1429	65	None	None	0	4	1.2948311561767296
49	32.1429	33.2143	67	None	None	0	5	1.2021619317316747
50	33.2143	33.7500	64	None	None	0	3	1.1911315124387185
51	33.7500	34.2857	62	None	None	0	2	1.241832046831702
52	34.2857	34.8214	64	None	None	0	3	1.3710455299777655
53	34.8214	35.3571	65	None	None	0	4	1.2902520858073694
54	35.3571	36.4286	67	None	None	0	5	1.2417970296275944
55	36.4286	36.9643	65	None	None	0	4	3.5642050904357374
56	36.9643	38.0357	62	None	None	0	3	3.4349916072896702
57	38.0357	38.5714	60	None	None	0	2	3.4823112686885334
58	38.5714	39.6429	62	None	None	0	3	3.6069099845793886
59	39.6429	40.1786	65	None	None	0	5	4.038101910098524
60	40.1786	40.7143	62	None	None	0	3	3.9425962921209985
61	41.2500	41.7857	60	None	None	0	2	3.9163658914241353
62	41.7857	42.3214	62	None	None	0	1	2.2429888627100247
63	42.8571	43.3929	76	None	None	0	5	1.6579099027209883
64	43.3929	43.9286	71	None	None	0	1	1.2460212653390612
65	43.9286	44.4643	73	None	None	0	2	1.2302285062878802
66	44.4643	45.0000	75	None	None	0	3	1.5801072090457948
67	45.0000	45.5357	76	None	None	0	4	1.327610330144422
68	45.5357	46.0714	71	None	None	0	2	1.148396846998354
69	46.6071	47.1429	75	None	None	0	4	1.2332588525706576
70	47.1429	47.6786	73	None	None	0	3	1.3696042487475164
71	47.6786	48.2143	71	None	None	0	1	1.664110912495749
72	48.2143	48.7500	73	None	None	0	2	1.6138300136193449
73	48.7500	49.2857	75	None	None	0	3	1.720380064691867
74	49.2857	49.8214	76	None	None	0	4	1.3049618374758871
75	49.8214	50.3571	71	None	None	0	1	1.2208445357244675
76	50.8929	51.4286	71	None	None	0	1	1.3610884381634925
77	51.4286	51.9643	73	None	None	0	2	1.6671589749924622
78	51.9643	52.5000	75	None	None	0	3	1.7410630005176506
79	52.5000	53.0357	76	None	None	0	4	1.8762065710544804
80	53.0357	53.5714	71	None	None	0	1	1.4858363021832517
81	53.5714	54.6429	76	None	None	0	3	1.687925915776014
82	54.6429	55.7143	76	None	None	0	3	1.8171393989220805
83	55.7143	56.7857	77	None	None	0	4	2.0867718705276976
84	56.7857	57.3214	74	None	None	0	2	2.0569573855850973
85	57.3214	57.8571	75	None	None	0	3	2.1634266756355034
86	57.8571	117.8571	77	None	None	0	4	2.6144254271960516
87	57.8571	116.7857	77	None	None	0	3	2.238253873345681
88	58.9286	59.4643	74	None	None	0	2	2.3783127935978046
89	59.4643	60.0000	72	None	None	0	1	2.103031894721402
90	60.0000	120.5357	74	None	None	0	2	2.1773608585166606
91	60.0000	121.0714	77	None	None	0	4	2.1565602586567287
92	60.5357	61.0714	75	None	None	0	3	2.6330668980847216
93	61.0714	123.2143	77	None	None	0	4	2.6231105934654946
94	61.0714	123.2143	77	None	None	0	3	2.266369020431787
95	62.1429	62.6786	74	None	None	0	2	2.091978776529348
96	62.6786	63.2143	72	None	None	0	1	1.748460004262973
97	63.2143	63.7500	74	None	None	0	2	1.8926951759303152
98	63.7500	64.2857	75	None	None	0	3	1.796908659076378
99	64.2857	130.7143	77	None	None	0	4	1.7375340829506336
100	64.2857	129.1071	77	None	None	0	5	1.0345427763521666
101	64.8214	65.3571	75	None	None	0	3	0.7873006925932331
102	65.3571	65.8929	72	None	None	0	2	1.0483037071177623
103	66.4286	133.3929	72	None	None	0	3	0.8931851096952067
104	66.4286	135.0000	77	None	None	0	5	0.9956318416765743
105	66.9643	67.5000	70	None	None	0	2	0.8152262511038096
106	67.5000	68.5714	72	None	None	0	3	0.7640577225403751
107	68.5714	137.6786	75	None	None	0	4	0.8757322490468795
108	68.5714	139.2857	77	None	None	0	5	0.9441606712173363
109	69.1071	70.1786	72	None	None	0	3	0.9056931306430563
110	70.1786	70.7143	70	None	None	0	2	1.3244105874805503
111	70.7143	142.5000	72	None	None	0	3	1.8893934279675948
112	70.7143	143.0357	77	None	None	0	5	2.110320394259732
113	71.7857	72.3214	72	None	None	0	3	2.4264001421358596
114	75.0000	75.5357	74	None	None	0	4	2.77307428867683
115	75.5357	76.0714	69	None	None	0	2	2.718314613271088
116	76.0714	76.6071	71	None	None	0	3	3.0220982360153665
117	76.6071	77.1429	73	None	None	0	4	3.0768579114211123
118	77.1429	77.6786	74	None	None	0	5	5.646192831947286
119	78.7500	79.2857	57	None	None	0	0	-1
120	79.2857	79.8214	59	None	None	0	0	-1
121	79.8214	80.3571	57	None	None	0	0	-1
122	80.3571	80.8929	59	None	None	0	0	-1
123	80.8929	81.4286	61	None	None	0	0	-1
124	81.4286	81.9643	62	None	None	0	0	-1
125	81.9643	82.5000	57	None	None	0	0	-1
126	83.0357	83.5714	81	None	None	0	2	2.6720098871698728
127	83.5714	84.1071	83	None	None	0	3	2.7204649433496524
128	84.1071	84.6429	85	None	None	0	4	2.5960111356093267
129	84.6429	85.1786	86	None	None	0	5	2.2915869783059497
130	85.1786	85.7143	81	None	None	0	4	1.954338949926794
131	86.2500	86.7857	69	None	None	0	1	1.8668064067642776
132	86.7857	87.3214	71	None	None	0	2	2.1170003873137375
133	87.3214	87.8571	73	None	None	0	3	2.1977995979209526
134	87.8571	88.3929	74	None	None	0	4	2.1977995979209526
135	88.3929	88.9286	76	None	None	0	5	2.1977995979209526
136	89.4643	90.0000	76	None	None	0	5	2.1977995979209526
137	90.0000	90.5357	71	None	None	0	2	2.1977995979209526
138	90.5357	91.0714	73	None	None	0	3	2.1977995979209526
139	91.0714	91.3393	74	None	None	0	4	2.1977995979209526
140	91.3393	91.6071	73	None	None	0	3	2.1977995979209526
141	91.6071	92.1429	71	None	None	0	2	2.1977995979209526
142	92.1429	94.2857	69	None	None	0	0	2.1977995979209526
