0	7.8261	8.2609	67	None	None	0	2	1.4462611494593103
1	8.2609	8.6957	70	None	None	0	3	1.5969368351311206
2	8.6957	9.1304	67	None	None	0	2	1.5784501389005223
3	9.1304	10.4348	73	None	None	0	5	1.2432839077739237
4	10.8696	11.3043	69	None	None	0	3	1.844054889204608
5	11.3043	11.7391	67	None	None	0	2	1.9408575805081327
6	11.7391	12.1739	70	None	None	0	3	2.2291792160972292
7	12.1739	13.0435	73	None	None	0	5	1.6783242036345896
8	13.0435	13.4783	69	None	None	0	2	2.2307912950814104
9	13.4783	13.9130	67	None	None	0	1	2.243776841603541
10	13.9130	14.3478	70	None	None	0	2	2.2015367138451203
11	14.3478	14.7826	74	None	None	0	4	2.278167826823237
12	14.7826	15.2174	73	None	None	0	3	2.0985962692028983
13	15.2174	15.6522	67	None	None	0	1	2.135326815079788
14	15.6522	18.2609	69	None	None	0	2	2.050846559562946
15	18.2609	18.6957	74	None	None	0	3	1.9501792441303352
16	18.6957	19.1304	73	None	None	0	2	1.5277779665461328
17	19.1304	19.5652	74	None	None	0	3	1.5277779665461328
18	19.5652	20.8696	76	None	None	0	4	1.5277779665461328
19	21.3043	21.7391	77	None	None	0	5	1.6775656536327288
20	21.7391	22.1739	76	None	None	0	4	1.5444210428890879
21	22.1739	22.6087	74	None	None	0	3	1.5444210428890879
22	22.6087	23.0435	73	None	None	0	2	1.544421042889088
23	23.0435	23.4783	70	None	None	0	1	1.544421042889088
24	23.4783	23.9130	73	None	None	0	2	1.5672756047680383
25	23.9130	24.3478	74	None	None	0	3	1.3168400646983516
26	24.3478	24.7826	76	None	None	0	4	1.298066674583498
27	24.7826	26.0870	77	None	None	0	5	2.455589016175961
28	26.5217	26.9565	76	None	None	0	4	2.4677825364563204
29	26.9565	27.3913	74	None	None	0	3	2.359074961285328
30	27.3913	27.8261	73	None	None	0	2	2.068235820751065
31	27.8261	28.2609	70	None	None	0	1	2.1704135210994964
32	28.2609	28.6957	77	None	None	0	5	2.588733626919602
33	28.6957	29.1304	76	None	None	0	4	2.467782536456321
34	29.1304	29.5652	74	None	None	0	3	2.3362203994063777
35	29.5652	30.0000	73	None	None	0	2	2.114634734078232
36	30.0000	30.4348	70	None	None	0	1	2.2355858245415186
37	30.4348	30.8696	77	None	None	0	5	1.3273751077390412
38	30.8696	31.3043	76	None	None	0	4	1.3930819731410313
39	31.3043	31.7391	74	None	None	0	3	1.469882205429071
40	31.7391	32.1739	73	None	None	0	2	1.1316879809543599
41	32.1739	32.6087	70	None	None	0	1	1.1765650824609346
42	32.6087	33.4783	73	None	None	0	3	1.3942923354654226
43	33.4783	33.9130	74	None	None	0	4	1.2099471847662302
44	33.9130	35.2174	76	None	None	0	5	1.529298875306941
45	36.5217	36.9565	67	None	None	0	2	1.446261149459309
46	36.9565	37.3913	70	None	None	0	3	1.5211697898245362
47	37.3913	37.8261	67	None	None	0	2	1.5026830935939377
48	37.8261	39.1304	73	None	None	0	5	1.6200167818117714
49	39.5652	40.0000	69	None	None	0	3	1.6272887294112668
50	40.0000	40.4348	67	None	None	0	2	1.6980051424919664
51	40.4348	40.8696	70	None	None	0	3	1.6980051424919662
52	40.8696	41.7391	73	None	None	0	5	1.2010933289860828
53	41.7391	42.6087	69	None	None	0	3	1.2578151581431074
54	42.6087	43.0435	67	None	None	0	2	1.2578151581431074
55	43.0435	43.4783	70	None	None	0	3	1.2578151581431074
56	43.4783	44.3478	73	None	None	0	5	1.2578151581431074
57	44.7826	45.2174	69	None	None	0	3	1.2578151581431074
58	45.2174	45.6522	67	None	None	0	2	1.2578151581431074
59	45.6522	46.0870	70	None	None	0	3	1.2578151581431074
60	46.0870	46.5217	67	None	None	0	2	1.2578151581431074
61	46.5217	46.9565	70	None	None	0	3	1.2578151581431074
62	46.9565	49.5652	69	None	None	0	0	1.2578151581431074
