0	0.0000	0.3947	65	None	None	0	1	1.8164282271302927
1	0.3947	0.7895	67	None	None	0	2	1.9119375567486636
2	0.7895	1.1842	68	None	None	0	3	1.841038186362216
3	1.1842	1.5789	70	None	None	0	4	1.8410381863622158
4	1.5789	1.9737	72	None	None	0	5	2.1338525860582616
5	1.9737	2.3684	65	None	None	0	2	2.268844987274064
6	2.3684	3.5526	67	None	None	0	3	2.196556275690141
7	3.5526	3.9474	65	None	None	0	2	2.184345023827251
8	3.9474	4.3421	67	None	None	0	3	2.4987257229153963
9	4.3421	4.7368	68	None	None	0	4	2.0873518205175596
10	4.7368	5.1316	70	None	None	0	5	1.8563722188122718
11	5.1316	5.5263	68	None	None	0	4	1.785346805100687
12	5.5263	5.9211	67	None	None	0	3	2.1390702093560092
13	5.9211	6.3158	65	None	None	0	2	2.505503155842146
14	6.3158	7.1053	70	None	None	0	5	2.4910355815995446
15	7.5000	7.8947	68	None	None	0	4	2.5935474538347765
16	7.8947	8.2895	67	None	None	0	3	2.2223637631599265
17	8.2895	8.6842	72	None	None	0	5	1.9984760196251197
18	8.6842	9.0789	70	None	None	0	4	2.021195328980067
19	9.0789	9.4737	68	None	None	0	3	2.036289277584654
20	9.4737	9.8684	67	None	None	0	2	1.7588048973077197
21	9.8684	10.2632	68	None	None	0	4	1.2710058993622744
22	10.2632	11.4474	67	None	None	0	3	1.0002992124321861
23	11.4474	11.8421	65	None	None	0	1	1.0937540103676688
24	14.2105	15.3947	72	None	None	0	4	1.172574479158024
25	15.3947	15.7895	71	None	None	0	3	1.3196326630226392
26	15.7895	16.1842	69	None	None	0	2	1.3401657919231968
27	16.1842	16.5789	71	None	None	0	4	1.3264733688621477
28	16.5789	17.7632	72	None	None	0	5	1.326473368862146
29	17.7632	18.1579	71	None	None	0	4	1.3264733688621462
30	18.1579	18.5526	69	None	None	0	3	1.3264733688621462
31	18.5526	18.9474	71	None	None	0	4	1.3264733688621462
32	18.9474	19.7368	65	None	None	0	2	1.3244881864913216
33	19.7368	20.5263	72	None	None	0	4	1.35373019624046
34	20.5263	20.9211	69	None	None	0	2	1.3331970673399025
35	20.9211	21.3158	71	None	None	0	3	1.3331970673399025
36	21.3158	22.5000	72	None	None	0	4	1.2746442135742855
37	22.5000	22.8947	71	None	None	0	3	1.2239307246672289
38	22.8947	23.2895	69	None	None	0	2	1.2073273812021832
39	23.2895	23.6842	71	None	None	0	3	1.2442237000133933
40	23.6842	24.0789	72	None	None	0	4	1.1336439042862991
41	24.0789	24.4737	71	None	None	0	3	1.1119873693318931
42	24.4737	24.8684	69	None	None	0	2	1.5010831140127419
43	24.8684	25.2632	71	None	None	0	4	1.4230580916219162
44	25.2632	26.0526	65	None	None	0	2	1.3588103712571729
45	26.0526	26.4474	69	None	None	0	3	1.8172610148806858
46	26.4474	26.8421	71	None	None	0	4	1.9404683651967
47	26.8421	27.6316	72	None	None	0	5	1.7735325749231448
48	27.6316	28.0263	71	None	None	0	4	1.8635901578203324
49	28.0263	28.4211	65	None	None	0	2	2.4911913844812132
50	28.4211	30.0000	67	None	None	0	3	2.7421244067793156
51	30.3947	30.7895	65	None	None	0	1	2.510699962609164
52	30.7895	31.1842	67	None	None	0	2	2.1418971932744797
53	31.1842	31.5789	68	None	None	0	3	2.6027431007864132
54	31.5789	31.9737	70	None	None	0	4	3.2320086722632295
55	31.9737	32.3684	65	None	None	0	1	3.711318494596419
56	32.3684	32.7632	67	None	None	0	2	3.299503440560628
57	32.7632	33.1579	68	None	None	0	3	3.0534064524423647
58	33.1579	33.5526	70	None	None	0	4	3.2801583943538715
59	33.5526	33.9474	65	None	None	0	1	2.2527855012894964
60	33.9474	34.3421	67	None	None	0	2	1.7961935560007367
61	34.3421	34.7368	68	None	None	0	3	1.7961935560007367
62	34.7368	35.1316	70	None	None	0	4	1.7961935560007367
63	35.1316	35.5263	72	None	None	0	5	1.7961935560007367
64	35.5263	35.9211	70	None	None	0	4	1.7961935560007367
65	35.9211	36.3158	68	None	None	0	3	1.7961935560007367
66	36.3158	36.7105	67	None	None	0	2	1.7961935560007367
67	36.7105	37.1053	70	None	None	0	3	1.7961935560007367
68	37.1053	37.5000	67	None	None	0	2	1.7961935560007367
69	37.5000	37.8947	65	None	None	0	0	1.7961935560007367
