0	1.0714	2.1429	52	None	None	1	-5	2.199611474183308
1	1.6071	2.1429	54	None	None	1	-4	2.1926244693030448
2	2.1429	2.6786	56	None	None	1	-3	2.140817778802536
3	2.6786	3.2143	57	None	None	1	-2	1.8419634396214826
4	3.2143	3.7500	59	None	None	1	-1	1.5509399313854217
5	3.7500	4.0179	56	None	None	1	-3	1.0893045142711124
6	4.0179	4.2857	59	None	None	1	-2	0.986978235226716
7	4.2857	4.8214	57	None	None	1	-3	0.8100255789596693
8	4.8214	5.3571	54	None	None	1	-4	0.8484931195339505
9	5.3571	5.8929	56	None	None	1	-3	0.9461018290794979
10	5.8929	6.4286	52	None	None	1	-5	1.0740096778849946
11	6.1607	6.4286	56	None	None	1	-3	2.1053228229717305
12	6.4286	13.9286	52	None	None	1	-5	1.9918519491853197
13	6.4286	13.3929	54	None	None	1	-4	2.3823944143077993
14	6.9643	7.5000	59	None	None	1	-2	2.379994029411493
15	7.5000	8.5714	52	None	None	1	-5	2.4151063889620565
16	8.0357	8.3036	57	None	None	1	-2	2.47348012447468
17	8.3036	8.5714	54	None	None	1	-3	2.9606698465013155
18	8.5714	17.6786	52	None	None	1	-4	3.356382674574786
19	8.5714	17.6786	52	None	None	1	-5	2.2613324945813313
20	9.1071	18.7500	52	None	None	1	-5	2.3621954935025857
21	9.1071	18.7500	52	None	None	1	-4	2.640742940262099
22	10.1786	10.7143	54	None	None	1	-3	2.755408839127619
23	10.7143	22.5000	52	None	None	1	-5	2.323619030933317
24	10.7143	21.9643	56	None	None	1	-4	2.1340365722238266
25	11.2500	11.7857	57	None	None	1	-3	1.7941489317743884
26	11.7857	12.3214	59	None	None	1	-2	1.8976451682748778
27	12.3214	12.5893	56	None	None	1	-3	2.8866968060665616
28	12.5893	25.4464	52	None	None	1	-5	3.44343568636072
29	12.5893	25.4464	52	None	None	1	-4	2.3940155137609382
30	12.8571	13.3929	54	None	None	1	-3	2.481112208867342
31	13.3929	27.3214	52	None	None	1	-5	1.9481065908898136
32	13.3929	27.3214	54	None	None	1	-4	1.9481065908898134
33	13.9286	14.1964	54	None	None	1	-4	2.1511074735023463
34	14.1964	14.4643	56	None	None	1	-3	2.5942230957441867
35	14.4643	14.7321	57	None	None	1	-2	2.647135717103402
36	14.7321	15.0000	56	None	None	1	-3	2.882087173414086
37	15.0000	30.5357	52	None	None	1	-5	3.302596882151947
38	15.0000	30.5357	54	None	None	1	-4	3.7336378746007086
39	15.5357	31.6071	52	None	None	1	-5	4.155610030158687
40	15.5357	31.3393	54	None	None	1	-4	4.372310483475537
41	15.8036	16.0714	56	None	None	1	-3	4.281318027829297
42	16.0714	16.3393	57	None	None	1	-2	3.759655330715247
43	16.3393	16.6071	59	None	None	1	-1	3.263627087114194
44	16.6071	16.8750	57	None	None	1	-2	2.60816592206565
45	16.8750	17.1429	56	None	None	1	-3	2.2892608519469886
46	17.1429	17.4107	57	None	None	1	-2	1.7257889751917914
47	17.4107	17.6786	56	None	None	1	-3	1.305279266453931
48	17.6786	18.2143	54	None	None	1	-4	1.1792005178023663
49	18.2143	36.6964	52	None	None	1	-5	1.2701929734486064
50	18.2143	36.6964	54	None	None	1	-4	1.791855670562653
51	18.4821	18.7500	56	None	None	1	-2	2.515297901012973
52	18.7500	38.0357	52	None	None	1	-4	2.5723624926035793
53	18.7500	38.0357	54	None	None	1	-3	2.518438833629194
54	19.5536	19.8214	56	None	None	1	-2	2.560573665089867
55	19.8214	39.9107	52	None	None	1	-4	6.62331014409394
56	19.8214	39.9107	54	None	None	1	-3	7.045893124547545
57	20.0893	20.3571	56	None	None	1	-2	6.924715864326709
58	20.3571	20.6250	57	None	None	1	-1	6.002385767239331
59	20.8929	21.4286	45	None	None	1	-3	5.326736093894117
60	21.4286	21.9643	47	None	None	1	-2	5.771979903210141
61	21.9643	22.5000	49	None	None	1	-1	5.349929341412388
62	22.5000	23.0357	51	None	None	1	-3	3.02290204598621
63	23.0357	47.1429	52	None	None	1	-2	3.0166875130160613
64	23.0357	46.6071	52	None	None	1	-1	2.425525814212822
65	23.5714	23.8393	49	None	None	1	-3	1.9208752946173915
66	23.8393	24.1071	52	None	None	1	-2	2.0757296635494322
67	24.1071	48.7500	51	None	None	1	-3	1.5417490810251608
68	24.1071	49.2857	52	None	None	1	-2	1.446194373923602
69	24.6429	25.1786	47	None	None	1	-4	1.5462314614553996
70	25.1786	25.7143	49	None	None	1	-3	1.4721763031305783
71	25.7143	25.9821	45	None	None	1	-5	1.5121564346734653
72	25.9821	26.2500	49	None	None	1	-4	1.4852077310216811
73	26.2500	53.0357	47	None	None	1	-5	1.5380872544109128
74	26.2500	53.0357	52	None	None	1	-3	1.5294572651983973
75	26.7857	54.1071	52	None	None	1	-3	1.8559089479471254
76	26.7857	54.1071	52	None	None	1	-2	1.7691367313996262
77	28.3929	28.9286	45	None	None	1	-5	2.042374852800489
78	28.9286	29.4643	45	None	None	1	-5	2.3152982616462263
79	30.0000	60.2679	51	None	None	1	-3	2.4133872547415014
80	30.0000	60.5357	52	None	None	1	-2	2.7293366742586818
81	30.2679	30.5357	47	None	None	1	-4	2.6757133900365084
82	30.5357	31.0714	45	None	None	1	-5	2.6415979639307885
83	31.0714	62.4107	51	None	None	1	-3	2.5843673177724655
84	31.0714	62.6786	52	None	None	1	-2	2.7293366742586755
85	31.3393	31.6071	47	None	None	1	-4	2.6757133900365053
86	31.6071	32.1429	45	None	None	1	-5	2.6757133900365053
87	32.1429	64.5536	51	None	None	1	-3	2.6757133900365053
88	32.1429	64.8214	52	None	None	1	-2	2.6757133900365053
89	32.4107	32.6786	47	None	None	1	-4	2.6757133900365053
90	32.6786	33.2143	45	None	None	1	-5	2.6757133900365053
91	33.2143	66.6964	51	None	None	1	-2	2.6757133900365053
92	33.2143	66.9643	52	None	None	1	-1	2.6757133900365053
93	33.4821	33.7500	47	None	None	1	-3	2.6757133900365053
94	33.7500	34.8214	52	None	None	1	0	2.6757133900365053
