0	0.0000	1.0714	69	None	None	0	1	1.9725004653354583
1	0.0000	0.5357	71	None	None	0	2	2.138062768791876
2	0.5357	1.0714	71	None	None	0	2	2.9525375592402687
3	1.0714	3.2143	69	None	None	0	1	2.683480511176996
4	1.0714	2.6786	73	None	None	0	2	2.507254770625416
5	1.0714	2.6786	73	None	None	0	3	2.3297777532607595
6	1.6071	2.1429	75	None	None	0	4	2.488503193547776
7	2.1429	2.6786	76	None	None	0	5	2.111934386958926
8	2.6786	2.9464	73	None	None	0	4	2.2107815500923924
9	2.9464	3.2143	76	None	None	0	5	2.241230442859931
10	3.2143	3.7500	75	None	None	0	4	1.3809250600253689
11	3.7500	4.2857	71	None	None	0	3	1.225846181350989
12	4.2857	4.8214	73	None	None	0	4	1.183916645455323
13	4.8214	5.3571	69	None	None	0	2	1.37701962352885
14	5.0893	5.3571	73	None	None	0	4	2.2023971855568956
15	5.3571	11.7857	69	None	None	0	2	2.111620486527769
16	5.3571	11.2500	71	None	None	0	3	2.49393749318207
17	5.8929	6.4286	76	None	None	0	5	2.433629208568326
18	6.4286	7.5000	69	None	None	0	2	2.5544781473947964
19	6.9643	7.2321	75	None	None	0	5	2.55912403048083
20	7.2321	7.5000	71	None	None	0	4	2.980690005845429
21	7.5000	15.5357	69	None	None	0	3	3.5524752299876097
22	7.5000	15.5357	69	None	None	0	1	2.36699163116504
23	8.0357	16.6071	69	None	None	0	1	2.4577683301941664
24	8.0357	16.6071	69	None	None	0	2	2.500797674581642
25	9.1071	9.6429	71	None	None	0	3	2.703599132207872
26	9.6429	20.3571	69	None	None	0	1	2.527245710348833
27	9.6429	19.8214	73	None	None	0	3	2.39150629371054
28	10.1786	10.7143	75	None	None	0	4	2.306674445322267
29	10.7143	11.2500	76	None	None	0	5	2.842763811976584
30	11.2500	11.5179	73	None	None	0	4	3.0594642652934394
31	11.5179	23.3036	69	None	None	0	1	3.022670451735147
32	11.5179	23.3036	69	None	None	0	2	1.6760685099875723
33	11.7857	12.3214	71	None	None	0	3	1.5949023705744592
34	12.3214	25.1786	69	None	None	0	2	1.5819810222598527
35	12.3214	25.1786	71	None	None	0	3	1.6678430515193974
36	13.1250	13.3929	73	None	None	0	4	2.0189095721194787
37	13.3929	13.6607	75	None	None	0	5	3.3320106403844445
38	13.6607	13.9286	73	None	None	0	4	3.888240413847223
39	13.9286	28.3929	69	None	None	0	1	3.9955338676389878
40	13.9286	28.3929	71	None	None	0	2	3.381456197736077
41	14.4643	29.4643	69	None	None	0	1	3.381456197736074
42	14.4643	29.1964	71	None	None	0	2	3.381456197736072
43	14.7321	15.0000	73	None	None	0	3	3.4729895755588167
44	15.0000	15.2679	75	None	None	0	4	3.2339694608431024
45	15.2679	15.5357	76	None	None	0	5	2.4938627864147094
46	15.5357	15.8036	75	None	None	0	4	1.649006841782393
47	15.8036	16.0714	73	None	None	0	3	1.575219442315927
48	16.0714	16.6071	71	None	None	0	2	1.5624999048445605
49	16.6071	33.7500	69	None	None	0	1	1.2872190059681567
50	16.6071	33.7500	71	None	None	0	3	0.8829604542466125
51	17.6786	35.6250	69	None	None	0	2	0.8966030069342747
52	17.6786	35.6250	71	None	None	0	3	1.049782026588551
53	17.6786	35.6250	73	None	None	0	4	1.1973185823545966
54	18.2143	36.9643	69	None	None	0	2	1.2355671914960829
55	18.2143	36.9643	71	None	None	0	3	1.329654679223804
56	18.7500	37.7679	69	None	None	0	2	1.402595360168739
57	18.7500	37.7679	71	None	None	0	3	1.3641585760517967
58	19.0179	19.2857	73	None	None	0	4	1.3122629799641752
59	19.2857	38.8393	69	None	None	0	2	1.4346885281260602
60	19.2857	38.8393	71	None	None	0	3	1.3288543601123313
61	19.5536	19.8214	73	None	None	0	5	1.5024258927934295
62	19.8214	39.9107	69	None	None	0	3	1.5975701602746133
63	19.8214	39.9107	71	None	None	0	4	1.4491005591691937
64	20.0893	20.3571	73	None	None	0	5	1.366142861527025
65	20.3571	20.6250	69	None	None	0	3	1.556541998528107
66	21.9643	22.5000	64	None	None	0	1	1.8217398292954678
67	22.5000	23.0357	66	None	None	0	2	1.6519492266396962
68	23.0357	23.5714	68	None	None	0	3	1.7318919119194596
69	23.5714	24.1071	69	None	None	0	4	1.3690017745911178
70	24.1071	25.1786	71	None	None	0	5	1.3174119839168317
71	24.6429	24.9107	68	None	None	0	4	1.3959590587890405
72	24.9107	25.1786	71	None	None	0	5	1.816935417224491
73	25.1786	50.8929	69	None	None	0	4	2.094573806131555
74	25.1786	51.4286	71	None	None	0	5	1.7875349711800945
75	25.7143	26.2500	66	None	None	0	3	1.8862581581055304
76	26.2500	26.7857	68	None	None	0	4	2.039080920473403
77	26.7857	27.0536	64	None	None	0	1	2.009281067465316
78	27.0536	27.3214	68	None	None	0	3	1.5818759483126286
79	27.3214	27.8571	66	None	None	0	2	1.3733235320368595
80	27.8571	56.2500	71	None	None	0	4	1.5140850801017822
81	27.8571	56.2500	71	None	None	0	5	0.9347311475175185
82	28.3929	29.4643	71	None	None	0	5	1.0097532128308462
83	28.9286	29.1964	69	None	None	0	4	1.0066799912510256
84	29.1964	29.4643	66	None	None	0	3	1.0778272663363397
85	29.4643	59.4643	64	None	None	0	2	1.100641436730142
86	29.4643	59.7321	71	None	None	0	5	1.0955664146648258
87	30.0000	30.2679	64	None	None	0	2	1.2133421319114743
88	30.5357	61.3393	69	None	None	0	4	1.213342131911472
89	30.5357	62.1429	71	None	None	0	5	1.2133421319114703
90	30.8036	31.0714	66	None	None	0	3	1.213342131911471
91	31.0714	31.6071	64	None	None	0	2	1.2133421319114697
92	31.6071	63.4821	69	None	None	0	4	1.3583368593759324
93	31.6071	64.2857	71	None	None	0	5	1.4877071550015517
94	31.8750	32.1429	66	None	None	0	3	1.4877071550015517
95	32.1429	32.6786	64	None	None	0	2	1.4877071550015517
96	32.6786	65.6250	69	None	None	0	4	1.4877071550015517
97	32.6786	66.1607	71	None	None	0	5	1.4877071550015517
98	32.9464	33.2143	66	None	None	0	3	1.4877071550015517
99	33.2143	33.4821	64	None	None	0	2	1.4877071550015517
100	33.4821	67.2321	69	None	None	0	4	1.4877071550015517
101	33.4821	67.2321	71	None	None	0	5	1.4877071550015517
102	33.7500	34.8214	64	None	None	0	0	1.4877071550015517
