0	0.0000	0.3571	60	None	None	1	-5	3.018242976641411
1	0.3571	0.7143	66	None	None	1	-3	2.8308080808080747
2	0.7143	1.0714	67	None	None	1	-2	3.0324060921717138
3	1.0714	1.4286	62	None	None	1	-4	3.0324060921717133
4	1.4286	1.7857	60	None	None	1	-5	3.018242976641411
5	1.7857	2.1429	66	None	None	1	-3	2.830808080808075
6	2.1429	2.5000	67	None	None	1	-2	3.0324060921717138
7	2.5000	2.8571	62	None	None	1	-4	3.032406092171713
8	2.8571	3.2143	60	None	None	1	-5	3.018242976641411
9	3.2143	3.5714	66	None	None	1	-3	2.830808080808075
10	3.5714	3.9286	67	None	None	1	-2	3.0324060921717133
11	3.9286	4.2857	62	None	None	1	-4	3.0324060921717133
12	4.2857	4.6429	60	None	None	1	-5	3.01824297664141
13	4.6429	5.0000	66	None	None	1	-3	2.8308080808080756
14	5.0000	5.3571	67	None	None	1	-2	3.032406092171713
15	5.3571	5.7143	62	None	None	1	-4	3.032406092171713
16	5.7143	6.0714	60	None	None	1	-5	3.0182429766414103
17	6.0714	6.4286	66	None	None	1	-3	2.8308080808080747
18	6.4286	6.7857	67	None	None	1	-2	3.0324060921717124
19	6.7857	7.1429	62	None	None	1	-4	3.032406092171713
20	7.1429	7.5000	60	None	None	1	-5	3.0182429766414103
21	7.5000	7.8571	66	None	None	1	-3	2.8308080808080742
22	7.8571	8.2143	67	None	None	1	-2	3.032406092171712
23	8.2143	8.5714	62	None	None	1	-4	3.032406092171713
24	8.5714	8.9286	60	None	None	1	-5	3.0182429766414094
25	8.9286	9.2857	66	None	None	1	-3	2.8308080808080742
26	9.2857	9.6429	67	None	None	1	-2	3.0324060921717146
27	9.6429	10.0000	62	None	None	1	-4	3.0324060921717133
28	10.0000	10.3571	60	None	None	1	-5	3.018242976641412
29	10.3571	10.7143	66	None	None	1	-3	2.5459418402777754
30	10.7143	11.0714	67	None	None	1	-2	2.2057074652777753
31	11.0714	11.4286	62	None	None	1	-4	2.085047743055553
32	11.4286	11.7857	60	None	None	1	-5	2.414727351641411
33	11.7857	12.1429	66	None	None	1	-3	2.6567816840277745
34	12.1429	12.5000	67	None	None	1	-1	2.210818142361109
35	12.5000	12.8571	62	None	None	1	-3	2.303786892361108
36	12.8571	13.2143	60	None	None	1	-5	2.511404079861107
37	13.5714	13.9286	60	None	None	1	-5	3.2257595486111073
38	13.9286	14.2857	62	None	None	1	-4	3.2257595486111086
39	14.2857	14.6429	67	None	None	1	-2	3.225759548611109
40	14.6429	15.0000	66	None	None	1	-3	2.796072048611109
41	15.0000	15.3571	60	None	None	1	-5	2.511404079861107
42	15.3571	15.7143	62	None	None	1	-4	3.0061414930555537
43	15.7143	16.0714	67	None	None	1	-2	2.976540798611107
44	16.0714	16.4286	66	None	None	1	-3	2.796072048611111
45	16.4286	16.7857	60	None	None	1	-5	2.511404079861109
46	16.7857	17.1429	62	None	None	1	-4	2.494682365768967
47	17.1429	17.5000	67	None	None	1	-2	2.675151115768966
48	17.8571	18.2143	67	None	None	1	-2	3.3895065845189665
49	18.2143	18.5714	66	None	None	1	-3	3.179437140074523
50	18.5714	18.9286	60	None	None	1	-5	4.145133956243149
51	18.9286	19.2857	62	None	None	1	-4	4.152078400687594
52	19.2857	19.6429	67	None	None	1	-2	4.214383088187589
53	19.6429	20.0000	66	None	None	1	-3	3.836258088187589
54	20.7143	21.0714	67	None	None	1	-1	3.3833236369680777
55	21.0714	21.4286	66	None	None	1	-2	2.61719836284527
56	21.4286	21.7857	60	None	None	1	-3	1.3609894812663226
57	21.7857	22.1429	62	None	None	1	-1	1.1638319014790888
58	25.7143	26.0714	52	None	None	1	-5	1.4643845942982376
59	26.0714	26.4286	57	None	None	1	-3	1.2378220942982396
60	26.4286	26.7857	52	None	None	1	-5	1.1528611567982403
61	26.7857	27.1429	59	None	None	1	-2	1.298954906798244
62	27.1429	27.8571	57	None	None	1	-3	1.5255174067982422
63	27.8571	28.5714	52	None	None	1	-5	1.6280393366228039
64	28.5714	28.9286	59	None	None	1	-2	1.8008463541666648
65	28.9286	29.2857	57	None	None	1	-3	1.8188151041666663
66	29.2857	30.0000	52	None	None	1	-5	1.7842013888888886
67	30.3571	30.7143	52	None	None	1	-5	1.8806190718157167
68	30.7143	31.0714	57	None	None	1	-2	2.6712576572380358
69	31.0714	31.4286	59	None	None	1	-1	2.160320157238036
70	31.4286	32.1429	55	None	None	1	-2	2.3142264072380385
71	32.1429	32.8571	52	None	None	1	-4	2.2425280641581162
72	32.8571	33.2143	55	None	None	1	-2	2.1438925865752703
73	33.2143	33.5714	57	None	None	1	-1	1.9767050865752662
74	33.5714	34.2857	52	None	None	1	-2	1.5149863365752603
75	34.6429	35.0000	50	None	None	1	-3	1.470016824380139
76	35.0000	35.3571	45	None	None	1	-5	1.385055886880139
77	35.3571	35.7143	52	None	None	1	-2	1.531149636880136
78	35.7143	36.4286	50	None	None	1	-3	1.7577121368801396
79	36.4286	37.1429	45	None	None	1	-5	1.8602340667047013
80	37.1429	37.5000	47	None	None	1	-4	1.8641327021822829
81	37.5000	37.8571	50	None	None	1	-3	1.6516296563733157
82	37.8571	38.5714	52	None	None	1	-2	1.9481140313733132
83	38.9286	39.2857	45	None	None	1	-4	1.925268124049102
84	39.2857	39.6429	50	None	None	1	-2	2.6014685813661775
85	39.6429	40.0000	52	None	None	1	-1	2.130277175116181
86	40.0000	40.7143	48	None	None	1	-2	2.3570172559935583
87	40.7143	41.4286	45	None	None	1	-4	2.2624022462469706
88	41.4286	41.7857	50	None	None	1	-2	2.203653159989659
89	41.7857	42.1429	48	None	None	1	-3	2.27103597248966
90	42.1429	42.8571	45	None	None	1	-5	1.8284578474896656
91	43.2143	43.5714	55	None	None	1	-1	2.2307063230994166
92	43.5714	43.9286	54	None	None	1	-2	1.3809992918494085
93	43.9286	44.2857	50	None	None	1	-4	1.526398597404965
94	44.2857	44.6429	48	None	None	1	-5	1.6819187454312738
95	45.0000	45.3571	54	None	None	1	-2	1.6819187454312738
96	45.3571	45.7143	50	None	None	1	-4	1.6819187454312738
97	45.7143	46.0714	48	None	None	1	-5	1.6819187454312738
98	46.0714	46.4286	55	None	None	1	-2	1.6819187454312738
99	46.4286	46.7857	54	None	None	1	-3	1.6819187454312738
100	46.7857	47.1429	50	None	None	1	-5	1.6819187454312738
101	47.1429	47.8571	55	None	None	1	-2	1.6819187454312738
102	47.8571	96.4286	48	None	None	1	-5	1.6819187454312738
103	47.8571	96.4286	55	None	None	1	0	1.6819187454312738
