0	4.2857	4.6429	76	None	None	0	2	1.455132949561428
1	4.6429	5.0000	81	None	None	0	4	1.1782232273392015
2	5.0000	5.3571	76	None	None	0	2	1.2059141995614238
3	5.3571	5.7143	83	None	None	0	4	1.2097191764132564
4	5.7143	6.4286	81	None	None	0	3	1.4253441764132546
5	6.4286	7.1429	76	None	None	0	1	1.3507827729044841
6	7.1429	7.5000	83	None	None	0	4	1.1347496345029258
7	7.5000	7.8571	81	None	None	0	3	1.134749634502922
8	7.8571	8.5714	76	None	None	0	1	1.1347496345029224
9	8.9286	9.2857	76	None	None	0	1	1.8303509013365917
10	9.2857	9.6429	81	None	None	0	4	2.264053158281041
11	9.6429	10.0000	83	None	None	0	5	2.4275731235588185
12	10.0000	10.7143	79	None	None	0	4	2.2189382551377643
13	10.7143	11.4286	76	None	None	0	2	2.084727728821978
14	11.4286	11.7857	79	None	None	0	4	2.1855074559174983
15	11.7857	12.1429	81	None	None	0	5	2.3446871434175023
16	12.1429	12.8571	76	None	None	0	4	1.8776055038511057
17	13.2143	13.5714	74	None	None	0	3	1.8880438719066543
18	13.5714	13.9286	69	None	None	0	2	1.565490417959284
19	13.9286	14.2857	76	None	None	0	4	1.74760889138498
20	14.2857	15.0000	74	None	None	0	3	1.9632338913849785
21	15.0000	15.7143	69	None	None	0	1	1.8886724878762045
22	15.7143	16.0714	71	None	None	0	2	1.6290233650691854
23	16.0714	16.4286	74	None	None	0	3	1.4204296150691818
24	16.4286	17.1429	76	None	None	0	4	1.2242490595136215
25	17.5000	17.8571	69	None	None	0	1	1.1008617789118411
26	17.8571	18.2143	74	None	None	0	3	0.9680492789118373
27	18.2143	18.5714	76	None	None	0	4	1.8723319567415349
28	18.5714	19.2857	72	None	None	0	2	1.5132036672678517
29	19.2857	20.0000	69	None	None	0	1	2.2003449876801224
30	20.0000	20.3571	74	None	None	0	5	2.16202448019142
31	20.3571	20.7143	72	None	None	0	4	2.5049064246358657
32	20.7143	21.4286	69	None	None	0	3	2.424437674635872
33	22.1429	22.5000	72	None	None	0	5	2.791153828581867
34	22.5000	22.8571	69	None	None	0	3	2.7124428910818708
35	22.8571	23.2143	67	None	None	0	2	3.0772866410818724
36	23.5714	23.9286	74	None	None	0	5	3.366883680555555
37	23.9286	24.2857	73	None	None	0	4	3.1592664930555587
38	24.2857	24.6429	69	None	None	0	3	2.7407118055555566
39	24.6429	25.0000	67	None	None	0	2	3.105555555555558
40	25.0000	25.3571	74	None	None	0	5	3.271609253167641
41	25.3571	25.7143	73	None	None	0	4	2.9791830378898636
42	25.7143	26.0714	69	None	None	0	3	2.697326160453215
43	26.0714	26.4286	67	None	None	0	2	3.0772866410818764
44	26.4286	26.7857	74	None	None	0	5	3.3386147660818706
45	26.7857	27.1429	73	None	None	0	4	3.1309975785818693
46	27.1429	27.5000	69	None	None	0	3	2.712442891081867
47	27.5000	27.8571	67	None	None	0	2	3.077286641081869
48	28.2143	28.5714	74	None	None	0	5	3.3668836805555507
49	28.5714	28.9286	73	None	None	0	4	3.1592664930555516
50	28.9286	29.2857	69	None	None	0	3	2.7407118055555526
51	29.2857	29.6429	67	None	None	0	2	2.858845029239763
52	29.6429	30.0000	74	None	None	0	5	2.9506419042397614
53	30.0000	30.3571	73	None	None	0	4	2.426184438961985
54	30.3571	30.7143	69	None	None	0	3	1.9066531889619862
55	30.7143	31.0714	67	None	None	0	2	1.8652469389619877
56	31.0714	31.4286	74	None	None	0	5	1.9570438139619877
57	31.4286	31.7857	73	None	None	0	4	1.432586348684209
58	31.7857	32.1429	69	None	None	0	2	1.5392269736842081
59	32.5000	32.8571	67	None	None	0	1	1.3796874999999975
60	32.8571	33.2143	72	None	None	0	3	1.570805921052632
61	33.2143	33.5714	71	None	None	0	2	1.9356496710526274
62	33.5714	33.9286	72	None	None	0	3	1.7817434210526248
63	33.9286	34.2857	67	None	None	0	1	1.805180921052622
64	34.2857	34.6429	72	None	None	0	4	1.6701819016545325
65	34.6429	35.0000	71	None	None	0	3	1.6701819016545354
66	35.0000	35.3571	72	None	None	0	4	1.6701819016545363
67	35.3571	35.7143	67	None	None	0	2	1.668033464154538
68	36.0714	36.4286	69	None	None	0	3	1.7937187711720801
69	36.4286	36.7857	67	None	None	0	1	1.5043217522018906
70	36.7857	37.1429	71	None	None	0	3	1.4094305767276372
71	37.1429	37.5000	72	None	None	0	4	1.7484062711720787
72	38.2143	38.5714	67	None	None	0	2	1.8529045595760152
73	38.5714	38.9286	69	None	None	0	3	2.16735768457602
74	38.9286	39.2857	71	None	None	0	4	2.197197094298235
75	39.2857	39.6429	72	None	None	0	5	2.0016892817982375
76	39.6429	40.0000	67	None	None	0	2	1.8157015259502882
77	40.7143	41.0714	67	None	None	0	2	2.309842150950285
78	41.0714	41.4286	69	None	None	0	1	1.9187134502923893
79	41.4286	41.7857	72	None	None	0	4	2.0102773209064284
80	42.1429	42.5000	69	None	None	0	2	2.2824881213450214
81	42.5000	42.8571	72	None	None	0	4	2.0698145102339085
82	42.8571	43.2143	74	None	None	0	5	1.8227441977339123
83	43.2143	43.5714	67	None	None	0	2	1.8227441977339123
84	43.5714	43.9286	69	None	None	0	3	1.8227441977339123
85	43.9286	44.2857	72	None	None	0	4	1.8227441977339123
86	44.2857	44.6429	74	None	None	0	5	1.8227441977339123
87	45.0000	45.3571	69	None	None	0	3	1.8227441977339123
88	45.3571	45.7143	72	None	None	0	5	1.8227441977339123
89	45.7143	46.4286	67	None	None	0	3	1.8227441977339123
90	46.4286	93.5714	67	None	None	0	3	1.8227441977339123
91	46.4286	93.5714	74	None	None	0	0	1.8227441977339123
