0	0.0000	2.1429	54	None	None	1	-3	1.9169740113663232
1	1.0714	1.3393	55	None	None	1	-2	2.3601941747572774
2	2.1429	2.4107	55	None	None	1	-2	2.8941747572815477
3	3.2143	3.4821	55	None	None	1	-2	3.5402912621359164
4	3.7500	4.0179	55	None	None	1	-2	4.074271844660187
5	4.2857	4.5536	55	None	None	1	-2	4.720388349514554
6	4.5536	4.8214	54	None	None	1	-3	4.720388349514555
7	4.8214	5.0893	55	None	None	1	-2	4.720388349514553
8	5.0893	5.3571	54	None	None	1	-3	4.720388349514554
9	5.3571	5.6250	55	None	None	1	-2	4.720388349514553
10	5.6250	5.8929	54	None	None	1	-3	4.720388349514554
11	5.8929	6.1607	55	None	None	1	-2	4.720388349514554
12	6.1607	6.4286	54	None	None	1	-3	4.720388349514552
13	6.4286	6.6964	55	None	None	1	-2	4.720388349514554
14	6.6964	6.9643	54	None	None	1	-3	4.720388349514554
15	6.9643	7.2321	55	None	None	1	-2	4.720388349514553
16	7.2321	7.5000	54	None	None	1	-3	4.720388349514553
17	7.5000	7.7679	55	None	None	1	-2	4.720388349514554
18	7.7679	8.0357	54	None	None	1	-3	4.720388349514554
19	8.0357	8.3036	55	None	None	1	-2	4.720388349514551
20	8.3036	8.5714	54	None	None	1	-3	4.720388349514554
21	8.5714	8.8393	55	None	None	1	-2	4.720388349514554
22	8.8393	9.1071	54	None	None	1	-3	4.720388349514551
23	9.1071	9.3750	55	None	None	1	-2	4.720388349514554
24	9.3750	9.6429	54	None	None	1	-3	4.885436893203878
25	9.6429	9.9107	55	None	None	1	-2	5.008252427184463
26	9.9107	10.1786	54	None	None	1	-4	4.923220064724906
27	10.1786	10.4464	55	None	None	1	-3	4.923220064724909
28	10.4464	10.7143	54	None	None	1	-4	4.92322006472491
29	10.7143	10.9821	55	None	None	1	-3	4.923220064724906
30	10.9821	11.2500	54	None	None	1	-4	4.9232200647249105
31	11.2500	11.5179	55	None	None	1	-3	4.9232200647249105
32	11.5179	11.7857	57	None	None	1	-1	4.843203883495138
33	11.7857	12.0536	55	None	None	1	-2	4.720388349514551
34	12.0536	12.3214	54	None	None	1	-3	4.885436893203878
35	12.3214	12.5893	55	None	None	1	-2	5.008252427184463
36	12.5893	12.8571	54	None	None	1	-4	4.923220064724911
37	12.8571	13.1250	55	None	None	1	-3	4.923220064724912
38	13.1250	13.3929	54	None	None	1	-4	4.923220064724912
39	13.3929	13.6607	55	None	None	1	-3	4.923220064724912
40	13.6607	13.9286	54	None	None	1	-4	4.923220064724908
41	13.9286	14.1964	55	None	None	1	-3	4.923220064724913
42	14.1964	14.4643	57	None	None	1	-1	4.843203883495137
43	14.4643	14.7321	55	None	None	1	-2	4.720388349514552
44	14.7321	15.0000	54	None	None	1	-3	4.720388349514552
45	15.0000	15.2679	55	None	None	1	-2	4.720388349514555
46	15.2679	15.5357	54	None	None	1	-3	4.495396531035228
47	15.5357	15.8036	55	None	None	1	-2	4.495396531035228
48	15.8036	16.0714	54	None	None	1	-3	4.660445074724548
49	16.0714	16.3393	55	None	None	1	-2	5.252641873628831
50	16.3393	16.6071	54	None	None	1	-5	5.143098757447783
51	16.6071	16.8750	55	None	None	1	-4	4.5269910156929996
52	16.8750	17.1429	54	None	None	1	-5	3.7355521222680563
53	17.1429	17.4107	55	None	None	1	-4	3.2409458655258745
54	17.6786	17.9464	54	None	None	1	-5	2.846232837774503
55	17.9464	18.2143	55	None	None	1	-4	2.435364445109996
56	18.2143	18.4821	57	None	None	1	-3	2.484986883081951
57	18.4821	18.7500	59	None	None	1	-2	2.462656785994572
58	18.7500	19.2857	60	None	None	1	-1	2.0092587277421416
59	21.4286	21.6964	59	None	None	1	-3	2.014050701186621
60	21.6964	21.9643	60	None	None	1	-2	1.9105544646861303
61	21.9643	22.2321	59	None	None	1	-3	1.9105544646861323
62	22.2321	22.5000	57	None	None	1	-4	1.795558646352253
63	22.5000	22.7679	55	None	None	1	-5	1.711820782274585
64	22.7679	23.0357	57	None	None	1	-4	1.5968249639407048
65	23.0357	23.3036	59	None	None	1	-3	1.6805628280183726
66	23.3036	23.5714	60	None	None	1	-2	1.59285935056907
67	23.5714	23.8393	59	None	None	1	-3	1.6765972146467425
68	24.1071	24.3750	60	None	None	1	-1	2.6156868105229143
69	24.3750	24.6429	59	None	None	1	-2	1.864537198466204
70	24.9107	25.1786	57	None	None	1	-3	2.008247124165876
71	25.1786	25.7143	59	None	None	1	-1	2.0687384266285367
72	25.7143	25.9821	57	None	None	1	-2	2.777574079358036
73	25.9821	26.5179	55	None	None	1	-3	3.272180336100214
74	26.5179	26.7857	57	None	None	1	-2	4.283824977593769
75	26.7857	27.3214	55	None	None	1	-1	4.475680786706015
76	27.3214	27.5893	54	None	None	1	-2	4.696379427967542
77	28.9286	29.1964	59	None	None	1	-1	4.951539034944174
78	29.1964	29.4643	57	None	None	1	-2	4.464407470363961
79	29.4643	29.7321	55	None	None	1	-3	4.580994139939612
80	29.7321	30.0000	54	None	None	1	-4	4.580994139939612
81	30.0000	30.2679	55	None	None	1	-3	4.580994139939612
82	30.2679	30.5357	54	None	None	1	-4	4.580994139939612
83	30.8036	31.0714	55	None	None	1	-3	4.580994139939612
84	31.0714	31.3393	54	None	None	1	-4	4.580994139939612
85	31.6071	32.1429	55	None	None	1	-3	4.580994139939612
86	32.6786	33.2143	54	None	None	1	-4	4.580994139939612
87	33.2143	34.2857	55	None	None	1	-3	4.580994139939612
88	34.2857	36.4286	54	None	None	1	0	4.580994139939612
