0	6.4286	6.6964	66	None	None	0	2	3.700485436893197
1	6.6964	6.9643	67	None	None	0	3	3.7004854368931968
2	7.2321	7.5000	67	None	None	0	4	4.2896440129449775
3	7.5000	7.7679	66	None	None	0	2	4.287864077669897
4	7.7679	8.0357	67	None	None	0	3	3.7004854368931985
5	8.3036	8.5714	67	None	None	0	4	4.289644012944978
6	8.5714	8.8393	66	None	None	0	2	4.287864077669894
7	8.8393	9.1071	67	None	None	0	3	3.973408845738933
8	9.1071	9.3750	66	None	None	0	2	3.634331175836028
9	9.3750	9.6429	67	None	None	0	3	3.319875943905072
10	9.6429	9.9107	66	None	None	0	2	2.897060409924487
11	9.9107	10.1786	67	None	None	0	3	2.955798274002157
12	10.4464	10.7143	67	None	None	0	3	3.5431769147788557
13	10.7143	10.9821	66	None	None	0	2	3.543176914778852
14	10.9821	11.2500	67	None	None	0	3	2.9557982740021567
15	11.2500	11.5179	69	None	None	0	4	3.270253505933118
16	11.5179	11.7857	71	None	None	0	5	3.2361380798273935
17	11.7857	12.0536	69	None	None	0	4	3.2702535059331113
18	12.0536	12.3214	67	None	None	0	3	3.3198759439050702
19	12.3214	12.5893	66	None	None	0	2	2.8970604099244865
20	12.5893	12.8571	67	None	None	0	3	2.9557982740021536
21	12.8571	13.1250	66	None	None	0	2	2.309681769147788
22	13.3929	13.6607	66	None	None	0	2	2.897060409924484
23	13.6607	13.9286	67	None	None	0	3	2.309681769147785
24	13.9286	14.1964	69	None	None	0	4	2.3096817691477862
25	14.1964	14.4643	71	None	None	0	5	2.002642934196326
26	14.4643	14.7321	69	None	None	0	4	2.036758360302043
27	14.7321	15.0000	67	None	None	0	3	2.6369425960268047
28	15.0000	15.2679	66	None	None	0	1	2.042435308540848
29	15.5357	15.8036	66	None	None	0	1	2.3494741434923023
30	15.8036	16.0714	67	None	None	0	2	1.4529800766098875
31	16.3393	16.6071	67	None	None	0	2	1.7600189115613418
32	16.6071	16.8750	69	None	None	0	3	1.8096413495332913
33	17.1429	17.4107	69	None	None	0	2	1.8186685083020717
34	17.4107	17.6786	71	None	None	0	3	1.8186685083020673
35	17.6786	18.7500	72	None	None	0	4	1.8186685083020673
36	19.0179	19.2857	71	None	None	0	2	1.8757281553397913
37	19.2857	19.5536	72	None	None	0	3	1.8757281553397913
38	19.5536	19.8214	71	None	None	0	2	1.8757281553397913
39	19.8214	20.0893	72	None	None	0	3	1.875728155339789
40	20.0893	20.3571	71	None	None	0	2	1.8757281553397913
41	20.3571	20.6250	72	None	None	0	4	1.9576051779935169
42	20.6250	20.8929	71	None	None	0	3	1.9576051779935213
43	20.8929	21.1607	72	None	None	0	4	1.957605177993521
44	21.1607	21.4286	71	None	None	0	3	1.957605177993521
45	21.4286	21.6964	72	None	None	0	4	1.8426093596596422
46	21.6964	21.9643	71	None	None	0	3	1.8426093596596422
47	21.9643	22.2321	72	None	None	0	4	1.711820782274584
48	22.2321	22.5000	71	None	None	0	3	1.7118207822745881
49	22.5000	22.7679	69	None	None	0	2	1.608324545774096
50	22.7679	23.0357	71	None	None	0	4	1.8075356350678111
51	23.0357	23.3036	72	None	None	0	5	1.629710283262423
52	23.3036	23.5714	71	None	None	0	4	1.6024179423778495
53	23.8393	24.1071	72	None	None	0	5	2.4779186817449057
54	24.1071	24.6429	71	None	None	0	4	2.792373913675867
55	24.6429	24.9107	69	None	None	0	3	2.9360838393755353
56	24.9107	25.4464	71	None	None	0	5	2.3036744118395642
57	25.4464	25.7143	69	None	None	0	4	2.4186702301734444
58	25.7143	26.2500	67	None	None	0	3	2.4186702301734466
59	26.2500	26.5179	69	None	None	0	4	2.9068591445159564
60	26.5179	26.7857	67	None	None	0	3	2.741922717961772
61	27.0536	27.3214	66	None	None	0	2	2.5913472843411793
62	27.3214	27.5893	67	None	None	0	3	2.2495997115256414
63	27.5893	27.8571	69	None	None	0	4	3.4144031883689117
64	27.8571	28.1250	71	None	None	0	5	3.447251993866892
65	28.1250	28.3929	69	None	None	0	4	3.820445089875518
66	28.3929	28.6607	67	None	None	0	3	3.937031759451171
67	28.6607	28.9286	66	None	None	0	2	3.937031759451165
68	29.1964	29.4643	71	None	None	0	5	3.4542368156309413
69	29.4643	29.7321	69	None	None	0	4	3.4542368156309413
70	29.7321	30.0000	67	None	None	0	3	3.4542368156309413
71	30.0000	30.2679	66	None	None	0	2	3.4542368156309413
72	30.5357	30.8036	67	None	None	0	3	3.4542368156309413
73	30.8036	31.0714	66	None	None	0	2	3.4542368156309413
74	31.3393	31.6071	67	None	None	0	3	3.4542368156309413
75	31.6071	31.8750	66	None	None	0	2	3.4542368156309413
76	32.1429	33.2143	67	None	None	0	3	3.4542368156309413
77	33.2143	33.4821	66	None	None	0	0	3.4542368156309413
