0	0.0000	1.1538	62	None	None	1	-1	1.8639876989153015
1	1.1538	1.7308	60	None	None	1	-2	1.9002545688413115
2	1.7308	2.0192	58	None	None	1	-3	1.9936417890568412
3	2.0192	2.3077	57	None	None	1	-4	2.285161119561315
4	2.3077	5.7692	55	None	None	1	-5	1.9944079371002108
5	2.3077	5.7692	62	None	None	1	-2	1.952528310925497
6	3.4615	8.0769	62	None	None	1	-2	2.278396612041325
7	3.4615	7.2115	62	None	None	1	-3	2.504913216374856
8	3.7500	4.0385	60	None	None	1	-4	2.3931066785782233
9	4.0385	4.3269	58	None	None	1	-5	2.2524389128220537
10	4.3269	4.6154	60	None	None	1	-3	2.013400723288815
11	4.6154	5.7692	55	None	None	1	-5	2.349152334164197
12	5.7692	11.8269	55	None	None	1	-4	2.3989615000062705
13	5.7692	12.6923	62	None	None	1	-1	2.27648121955053
14	6.0577	6.3462	57	None	None	1	-3	2.3194725722572302
15	6.3462	6.6346	58	None	None	1	-2	1.891502275227523
16	6.6346	6.9231	60	None	None	1	-1	1.7581925156801372
17	6.9231	14.1346	58	None	None	1	-2	1.8188714407155002
18	6.9231	14.4231	62	None	None	1	-1	1.6641652558112923
19	7.2115	7.5000	57	None	None	1	-4	1.4300280920949238
20	7.5000	8.0769	55	None	None	1	-5	1.182801695348106
21	8.0769	16.4423	55	None	None	1	-5	1.182801695348106
22	8.0769	17.3077	62	None	None	1	-2	1.182801695348106
23	8.3654	8.6538	57	None	None	1	-4	1.0683902542039867
24	8.6538	8.9423	62	None	None	1	-2	0.9787764713971374
25	8.9423	9.2308	58	None	None	1	-4	1.6241923522709467
26	9.2308	19.0385	60	None	None	1	-3	2.8399613398839914
27	9.2308	19.6154	62	None	None	1	-1	2.3847472247224792
28	9.8077	10.3846	55	None	None	1	-4	2.107465478690733
29	10.3846	21.0577	55	None	None	1	-4	2.107465478690733
30	10.3846	21.9231	62	None	None	1	-1	2.7815886945837507
31	10.6731	10.9615	60	None	None	1	-2	2.2069448271357737
32	10.9615	11.2500	58	None	None	1	-3	2.248688287196066
33	11.2500	11.5385	57	None	None	1	-4	2.240965322430577
34	11.5385	24.2308	55	None	None	1	-5	2.0574972851032243
35	11.5385	24.2308	62	None	None	1	-3	1.9213449439707777
36	12.6923	12.9808	62	None	None	1	-3	2.0073067544375345
37	12.9808	26.8269	62	None	None	1	-3	2.8795663018208435
38	12.9808	26.2500	62	None	None	1	-2	2.5430335954767997
39	13.2692	13.5577	58	None	None	1	-4	2.6902617111455163
40	13.5577	13.8462	60	None	None	1	-1	1.835912018919598
41	13.8462	14.7115	55	None	None	1	-3	2.3318651856648476
42	14.7115	15.0000	60	None	None	1	-1	2.548628612861294
43	15.0000	30.2885	58	None	None	1	-2	2.4663443130027387
44	15.0000	30.5769	62	None	None	1	-1	2.4277017210649703
45	15.2885	15.5769	57	None	None	1	-3	2.7510960024573983
46	15.5769	15.8654	55	None	None	1	-4	2.6392894646607643
47	15.8654	16.1538	60	None	None	1	-2	2.907795623312339
48	16.1538	16.4423	58	None	None	1	-3	3.687595031824613
49	16.4423	16.7308	57	None	None	1	-4	3.7355431302058744
50	16.7308	17.0192	55	None	None	1	-5	3.444789947744772
51	17.0192	17.3077	60	None	None	1	-3	3.389627288621715
52	17.5962	17.8846	57	None	None	1	-5	3.6352575436115067
53	17.8846	18.1731	58	None	None	1	-4	2.932112407669342
54	18.1731	18.4615	60	None	None	1	-3	3.4607545575986207
55	18.4615	38.0769	62	None	None	1	-2	3.228152011629741
56	18.4615	37.5000	62	None	None	1	-3	2.999201594677444
57	19.0385	19.6154	55	None	None	1	-5	2.611339147718463
58	19.6154	19.9038	55	None	None	1	-5	2.8381698884174216
59	19.9038	20.1923	57	None	None	1	-4	2.904620618722708
60	20.1923	20.4808	58	None	None	1	-3	3.2999530091046023
61	20.4808	20.7692	60	None	None	1	-2	3.4117595469012345
62	20.7692	21.9231	62	None	None	1	-1	3.011666093678361
63	21.9231	22.2115	62	None	None	1	-2	5.012689572528691
64	22.2115	22.5000	60	None	None	1	-3	10.01192047776209
65	22.5000	22.7885	55	None	None	1	-5	9.645318639006783
66	22.7885	23.0769	57	None	None	1	-4	9.645318639006783
67	23.0769	47.3077	62	None	None	1	-2	9.645318639006783
68	23.0769	46.4423	62	None	None	1	-1	9.645318639006783
69	23.3654	23.6538	60	None	None	1	-3	9.645318639006783
70	23.6538	23.9423	58	None	None	1	-4	9.645318639006783
71	23.9423	24.2308	57	None	None	1	-1	9.645318639006783
72	24.2308	25.3846	55	None	None	1	-2	9.645318639006783
73	25.3846	51.9231	55	None	None	1	-2	9.645318639006783
74	25.3846	51.9231	62	None	None	1	0	9.645318639006783
