0	2.2222	5.0000	43	None	None	1	-5	0.9982932479083293
1	2.2222	5.0000	50	None	None	1	-2	1.0319158595641669
2	2.7778	6.1111	45	None	None	1	-4	0.8631448952617923
3	2.7778	6.1111	49	None	None	1	-2	0.8316692860474932
4	3.3333	7.2222	43	None	None	1	-5	0.7888045766043905
5	3.3333	7.2222	50	None	None	1	-2	0.803786416798098
6	3.8889	8.3333	45	None	None	1	-4	0.8466511262412006
7	3.8889	8.3333	49	None	None	1	-2	0.8316692860474932
8	4.4444	9.4444	43	None	None	1	-5	0.6200336123020161
9	4.4444	9.4444	50	None	None	1	-2	0.6035398432814245
10	5.5556	11.6667	43	None	None	1	-5	0.7723108075837989
11	5.5556	11.6667	50	None	None	1	-2	0.8037864167980979
12	6.1111	12.7778	45	None	None	1	-4	0.6413227919452671
13	6.1111	12.7778	49	None	None	1	-2	0.6179566191660942
14	6.6667	13.8889	43	None	None	1	-5	0.617956619166094
15	6.6667	13.8889	50	None	None	1	-2	0.617956619166094
16	7.7778	16.1111	43	None	None	1	-5	0.7867275834684685
17	7.7778	16.1111	50	None	None	1	-2	0.8182031926827675
18	8.3333	17.2222	45	None	None	1	-4	0.8610679021258701
19	8.3333	17.2222	49	None	None	1	-2	0.8460860619321628
20	9.4444	19.4444	45	None	None	1	-4	0.9199720383410733
21	9.4444	19.4444	49	None	None	1	-2	0.9199720383410732
22	10.0000	20.5556	43	None	None	1	-5	0.7857446214763303
23	10.0000	20.5556	50	None	None	1	-2	0.9908577277372
24	10.5556	21.6667	45	None	None	1	-4	0.9355913839115344
25	10.5556	21.6667	49	None	None	1	-2	1.3095925945652862
26	11.1111	23.3333	43	None	None	1	-5	1.1825874492868342
27	11.1111	23.3333	50	None	None	1	-3	1.067338765456281
28	12.2222	25.0000	45	None	None	1	-5	1.0175763146043808
29	12.2222	25.0000	49	None	None	1	-4	1.0014700002221368
30	13.3333	13.8889	52	None	None	1	-3	1.350962969544839
31	13.8889	14.4444	50	None	None	1	-5	1.185141585401066
32	14.4444	15.0000	52	None	None	1	-4	1.376576210098402
33	15.0000	15.5556	57	None	None	1	-2	1.3767426749894447
34	15.5556	16.6667	52	None	None	1	-4	1.2665398627185258
35	16.6667	17.7778	50	None	None	1	-5	1.1869933598537954
36	17.7778	18.3333	52	None	None	1	-4	1.1220715225771176
37	18.3333	18.8889	55	None	None	1	-3	0.8489289203087351
38	18.8889	20.0000	57	None	None	1	-2	0.9041952641343985
39	20.0000	20.5556	55	None	None	1	-3	0.8873091433355905
40	20.5556	21.1111	52	None	None	1	-4	0.5716978187248891
41	21.1111	22.2222	50	None	None	1	-5	0.4269787403767112
42	22.2222	24.4444	52	None	None	1	-4	0.5800462620907321
43	25.5556	26.1111	54	None	None	1	-3	0.6022906624164226
44	27.7778	56.1111	50	None	None	1	-5	0.6561298177971706
45	27.7778	56.1111	57	None	None	1	-2	0.7096522626805639
46	28.3333	57.2222	52	None	None	1	-4	0.5525094055377086
47	28.3333	57.2222	56	None	None	1	-2	0.5258994581844851
48	29.4444	59.4444	52	None	None	1	-4	0.5147264568738683
49	29.4444	59.4444	56	None	None	1	-2	0.6802536466021907
50	30.0000	60.5556	50	None	None	1	-5	0.4952279202099389
51	30.0000	60.5556	57	None	None	1	-2	0.546830466009199
52	30.5556	31.1111	54	None	None	1	-3	0.48835900462760023
53	31.1111	62.7778	50	None	None	1	-5	0.49649996324525536
54	31.1111	62.7778	57	None	None	1	-2	0.5242163676036072
55	32.2222	65.0000	50	None	None	1	-5	0.5358444747631247
56	32.2222	65.0000	57	None	None	1	-2	0.7094811009265722
57	32.7778	66.1111	52	None	None	1	-4	0.5673200839774227
58	32.7778	66.1111	56	None	None	1	-2	0.7523458103696731
59	34.4444	69.4444	50	None	None	1	-5	0.7007432645704128
60	34.4444	69.4444	57	None	None	1	-2	0.7592147259520123
61	35.0000	35.5556	54	None	None	1	-3	0.7510737673343573
62	35.5556	71.6667	50	None	None	1	-5	0.7233573629760054
63	35.5556	71.6667	57	None	None	1	-2	0.8495896752136038
64	36.1111	72.7778	52	None	None	1	-4	0.6909555064551375
65	36.1111	72.7778	56	None	None	1	-2	1.1004186675942593
66	36.6667	73.8889	50	None	None	1	-5	1.0176023843012796
67	36.6667	73.8889	57	None	None	1	-2	1.1554353140833604
68	37.2222	37.7778	54	None	None	1	-3	1.2089241980807197
69	37.7778	76.6667	50	None	None	1	-5	1.3317684152653395
70	37.7778	76.6667	57	None	None	1	-1	1.3700690850123227
71	38.8889	39.4444	56	None	None	1	-2	1.16802346891174
72	40.0000	40.5556	52	None	None	1	-4	1.4130536797209887
73	40.5556	41.1111	50	None	None	1	-5	1.3862225659195373
74	41.1111	41.6667	52	None	None	1	-4	1.3008992436190747
75	41.6667	42.2222	57	None	None	1	-2	1.630666192771622
76	42.2222	43.3333	55	None	None	1	-3	1.613981870737722
77	43.3333	43.8889	52	None	None	1	-4	1.7953859097674192
78	43.8889	44.4444	50	None	None	1	-5	1.7762424472976857
79	44.4444	45.0000	52	None	None	1	-4	1.636806763679017
80	45.0000	45.5556	55	None	None	1	-2	1.430367672492106
81	45.5556	46.6667	57	None	None	1	-1	1.1972698093547491
82	46.6667	47.2222	55	None	None	1	-2	1.0726768777955604
83	47.2222	47.7778	54	None	None	1	-3	1.3093899528560895
84	47.7778	48.3333	52	None	None	1	-4	1.4488042991030627
85	48.3333	48.8889	50	None	None	1	-5	1.3124695533403539
86	48.8889	51.1111	52	None	None	1	-4	1.18365016288786
87	52.2222	53.3333	54	None	None	1	-3	1.189400794192959
88	55.5556	111.6667	55	None	None	1	-2	1.3132732994234546
89	55.5556	111.6667	62	None	None	1	-1	1.2050576032387774
90	56.1111	112.7778	57	None	None	1	-4	0.846651126241201
91	56.1111	112.7778	61	None	None	1	-2	0.8316692860474977
92	56.6667	113.8889	55	None	None	1	-5	0.7888045766043998
93	56.6667	113.8889	62	None	None	1	-2	0.8037864167981031
94	57.7778	116.1111	55	None	None	1	-5	1.0154220905435796
95	57.7778	116.1111	62	None	None	1	-2	1.0319158595641724
96	58.3333	117.2222	57	None	None	1	-4	1.0319158595641726
97	58.3333	117.2222	61	None	None	1	-2	1.0319158595641724
98	58.8889	118.3333	55	None	None	1	-5	1.0319158595641724
99	58.8889	118.3333	62	None	None	1	-2	1.0319158595641724
100	59.4444	119.4444	57	None	None	1	-4	1.0319158595641726
101	59.4444	119.4444	61	None	None	1	-2	1.0319158595641726
102	60.0000	120.5556	55	None	None	1	-5	1.03191585956417
103	60.0000	120.5556	62	None	None	1	-2	1.0319158595641695
104	60.5556	121.6667	57	None	None	1	-4	0.9433382111202485
105	60.5556	121.6667	61	None	None	1	-2	1.0416135848679444
106	61.1111	122.7778	55	None	None	1	-5	0.9101712269809246
107	61.1111	122.7778	62	None	None	1	-2	0.9101712269809246
108	61.6667	123.8889	57	None	None	1	-4	0.9101712269809246
109	61.6667	123.8889	61	None	None	1	-2	0.9101712269809246
110	62.2222	125.0000	55	None	None	1	-5	0.9101712269809246
111	62.2222	125.0000	62	None	None	1	-2	0.9101712269809246
112	63.3333	127.7778	57	None	None	1	-4	0.9101712269809246
113	63.3333	127.7778	60	None	None	1	-2	0.9101712269809246
114	64.4444	131.1111	55	None	None	1	-4	0.9101712269809246
115	64.4444	131.1111	62	None	None	1	0	0.9101712269809246
