0	0.0000	0.5556	59	None	None	0	3	1.2993319190528096
1	0.5556	1.1111	57	None	None	0	2	1.2443954506075563
2	1.1111	1.6667	59	None	None	0	3	1.3947586467334607
3	1.6667	2.2222	64	None	None	0	5	1.322982012350898
4	2.2222	3.3333	59	None	None	0	3	1.2328160750383277
5	3.3333	4.4444	57	None	None	0	2	1.589435902257036
6	4.4444	5.0000	59	None	None	0	3	1.645409319779691
7	5.0000	5.5556	62	None	None	0	4	1.3412600791897706
8	5.5556	6.6667	64	None	None	0	5	1.2655185537660418
9	6.6667	7.2222	62	None	None	0	4	1.3564114386761883
10	7.2222	7.7778	59	None	None	0	2	1.125691099693141
11	7.7778	8.8889	57	None	None	0	1	0.7755370164882098
12	8.8889	11.1111	59	None	None	0	2	0.6385348839605
13	15.5556	31.6667	64	None	None	0	3	0.7452939698274619
14	15.5556	31.6667	71	None	None	0	5	0.7147644728153328
15	16.1111	32.7778	66	None	None	0	3	0.6921293874839334
16	16.1111	32.7778	69	None	None	0	4	0.6199080599854317
17	16.6667	33.8889	64	None	None	0	2	0.4882164465141547
18	16.6667	33.8889	71	None	None	0	5	0.5398205627369148
19	17.2222	35.0000	66	None	None	0	3	0.6715121762081926
20	17.2222	35.0000	69	None	None	0	4	0.6199080599854323
21	17.7778	36.1111	64	None	None	0	2	0.46558136118275584
22	17.7778	36.1111	71	None	None	0	5	0.4449641499070148
23	18.8889	38.3333	64	None	None	0	2	0.46759923523841423
24	18.8889	38.3333	71	None	None	0	5	0.5398205627369153
25	19.4444	39.4444	66	None	None	0	3	0.5365945087411527
26	19.4444	39.4444	69	None	None	0	4	0.49230568451919166
27	20.0000	40.5556	64	None	None	0	2	0.49230568451919066
28	20.0000	40.5556	71	None	None	0	5	0.4923056845191905
29	21.1111	42.7778	64	None	None	0	2	0.51494076985059
30	21.1111	42.7778	71	None	None	0	5	0.5871620973490916
31	21.6667	43.8889	66	None	None	0	3	0.7188537108203688
32	21.6667	43.8889	69	None	None	0	4	0.6672495945976085
33	22.7778	46.1111	66	None	None	0	3	0.8230043902606611
34	22.7778	46.1111	69	None	None	0	4	0.8631911530391659
35	23.3333	47.2222	64	None	None	0	2	0.8420394214710901
36	23.3333	47.2222	71	None	None	0	5	0.9223965643282326
37	23.8889	48.3333	66	None	None	0	3	1.033446531310405
38	23.8889	48.3333	69	None	None	0	4	1.4578555045871644
39	24.4444	49.4444	64	None	None	0	2	1.43721385809806
40	24.4444	49.4444	71	None	None	0	4	1.44121984472533
41	25.5556	51.6667	62	None	None	0	1	1.488816863629304
42	25.5556	51.6667	69	None	None	0	2	1.1178220172379418
43	26.6667	27.2222	71	None	None	0	3	1.39457996423574
44	27.2222	27.7778	69	None	None	0	2	1.4307028455916782
45	27.7778	28.3333	71	None	None	0	3	1.388296643490249
46	28.3333	28.8889	76	None	None	0	5	1.4706967645556228
47	28.8889	30.0000	74	None	None	0	4	1.4044437379212407
48	30.0000	30.5556	71	None	None	0	3	1.6433534831286074
49	30.5556	31.1111	69	None	None	0	2	1.936997550925218
50	31.1111	31.6667	71	None	None	0	3	1.8297703328240187
51	31.6667	32.2222	74	None	None	0	4	1.9498051394928133
52	32.2222	33.3333	76	None	None	0	5	1.9324943180253646
53	33.3333	33.8889	74	None	None	0	4	1.9657650824032662
54	33.8889	34.4444	73	None	None	0	3	1.7944979777539123
55	34.4444	35.0000	71	None	None	0	2	1.959351368998027
56	35.0000	35.5556	69	None	None	0	1	1.7588139583834543
57	35.5556	37.7778	71	None	None	0	4	1.3661452216666008
58	40.0000	40.5556	72	None	None	0	5	1.4773010499063963
59	41.1111	82.7778	60	None	None	0	2	1.1141696271884598
60	41.1111	82.7778	67	None	None	0	5	1.2478316326530612
61	41.6667	83.8889	62	None	None	0	3	1.1808024904877206
62	41.6667	83.8889	66	None	None	0	5	1.278612504323764
63	42.2222	85.0000	60	None	None	0	2	1.1347868384642013
64	42.2222	85.0000	67	None	None	0	5	1.1093039653273848
65	42.7778	43.3333	64	None	None	0	4	0.8470705312913589
66	43.3333	87.2222	60	None	None	0	2	0.7293949864971699
67	43.3333	87.2222	67	None	None	0	5	0.7754106385206897
68	43.8889	88.3333	62	None	None	0	3	0.8061915101913908
69	43.8889	88.3333	66	None	None	0	5	0.760175858167871
70	44.4444	89.4444	60	None	None	0	2	0.5908673191714919
71	44.4444	89.4444	67	None	None	0	5	0.5702501078957507
72	45.5556	91.6667	60	None	None	0	2	0.7087777752214267
73	45.5556	91.6667	67	None	None	0	5	0.7754106385206875
74	46.1111	92.7778	62	None	None	0	3	0.8061915101913883
75	46.1111	92.7778	66	None	None	0	5	0.7601758581678686
76	46.6667	93.8889	60	None	None	0	2	0.8220099986037028
77	46.6667	93.8889	67	None	None	0	5	1.088686754051645
78	47.7778	96.1111	60	None	None	0	2	1.1141696271884611
79	47.7778	96.1111	67	None	None	0	5	1.2478316326530623
80	48.3333	97.2222	62	None	None	0	3	1.180802490487722
81	48.3333	97.2222	66	None	None	0	5	1.2786125043237633
82	48.8889	98.3333	60	None	None	0	2	1.1347868384642021
83	48.8889	98.3333	67	None	None	0	5	1.225490072797896
84	49.4444	50.0000	64	None	None	0	4	1.0135351446596415
85	50.0000	100.5556	60	None	None	0	2	0.8056936625528796
86	50.0000	100.5556	67	None	None	0	5	1.1824388365982377
87	50.5556	101.6667	62	None	None	0	3	1.0665462546039612
88	50.5556	101.6667	66	None	None	0	5	1.0721347188032029
89	51.1111	103.3333	60	None	None	0	2	1.0571528786095021
90	51.1111	103.3333	67	None	None	0	5	1.0571528786095021
91	52.2222	53.3333	64	None	None	0	3	0.9409667711389923
92	53.3333	53.8889	62	None	None	0	1	0.6590532717943022
93	54.4444	109.4444	64	None	None	0	2	0.5834918172326928
94	54.4444	109.4444	71	None	None	0	5	0.9037458323825244
95	55.0000	110.5556	66	None	None	0	3	1.0196384143768031
96	55.0000	110.5556	69	None	None	0	4	0.9854979785414564
97	55.5556	111.6667	64	None	None	0	2	0.8972263256103388
98	55.5556	111.6667	71	None	None	0	5	1.0387978430370852
99	56.6667	113.8889	64	None	None	0	2	1.1773255103627638
100	56.6667	113.8889	71	None	None	0	4	1.1904902592354105
101	57.2222	115.0000	65	None	None	0	2	1.174691227758413
102	57.2222	115.0000	69	None	None	0	4	1.1314300708621225
103	57.7778	116.1111	64	None	None	0	2	1.1971791212208827
104	57.7778	116.1111	71	None	None	0	4	1.2015694071128815
105	58.8889	118.3333	65	None	None	0	2	1.265490259235413
106	58.8889	118.3333	69	None	None	0	3	1.3870460048426154
107	59.4444	119.4444	64	None	None	0	2	1.4284806295399626
108	59.4444	119.4444	71	None	None	0	4	1.4217917675544907
109	60.0000	120.5556	65	None	None	0	2	1.4059927360774913
110	60.0000	120.5556	69	None	None	0	3	1.387046004842614
111	60.5556	121.6667	64	None	None	0	2	1.3110266424603318
112	60.5556	121.6667	71	None	None	0	4	1.2941893920882452
113	61.1111	122.7778	65	None	None	0	2	1.2144695084887183
114	61.1111	122.7778	69	None	None	0	4	1.2144695084887183
115	61.6667	123.8889	64	None	None	0	2	1.2144695084887183
116	61.6667	123.8889	71	None	None	0	5	1.2144695084887183
117	62.2222	125.0000	65	None	None	0	3	1.2144695084887183
118	62.2222	125.0000	69	None	None	0	4	1.2144695084887183
119	63.3333	127.7778	66	None	None	0	3	1.2144695084887183
120	63.3333	127.7778	69	None	None	0	4	1.2144695084887183
121	64.4444	131.1111	64	None	None	0	2	1.2144695084887183
122	64.4444	131.1111	71	None	None	0	0	1.2144695084887183
