0	0.0000	0.5455	69	None	None	0	2	1.0123696524582038
1	0.0000	0.5455	72	None	None	0	4	1.0834399427669774
2	0.5455	1.0909	71	None	None	0	3	1.0794755672297454
3	1.0909	2.7273	69	None	None	0	2	1.12493142132538
4	1.0909	2.7273	72	None	None	0	3	0.8554646205205496
5	1.6364	3.8182	71	None	None	0	2	1.1138650229350375
6	1.6364	3.8182	74	None	None	0	3	0.8443982221302075
7	2.1818	6.5455	69	None	None	0	1	1.1321245802791005
8	2.1818	6.5455	72	None	None	0	3	1.0598691829433167
9	4.9091	10.3636	71	None	None	0	2	1.1499931610776328
10	4.9091	10.3636	74	None	None	0	3	1.0894714902963574
11	5.4545	11.4545	69	None	None	0	1	1.2623233424451041
12	5.4545	11.4545	72	None	None	0	3	1.3085509070358379
13	6.0000	12.5455	71	None	None	0	1	1.2440637851010423
14	6.0000	12.5455	74	None	None	0	3	1.1390361202184336
15	6.5455	15.2727	72	None	None	0	1	1.277262980272066
16	6.5455	15.2727	76	None	None	0	4	1.1378065203972807
17	8.7273	18.0000	71	None	None	0	2	1.6349266248219707
18	8.7273	18.0000	74	None	None	0	3	1.6935278336686777
19	9.2727	19.0909	72	None	None	0	2	1.8412642521797444
20	9.2727	19.0909	76	None	None	0	4	1.6701654370668426
21	9.8182	20.1818	71	None	None	0	2	1.781382740889781
22	9.8182	20.1818	74	None	None	0	3	1.6186043743376302
23	10.3636	21.2727	69	None	None	0	2	1.5342974727073215
24	10.3636	21.2727	72	None	None	0	4	1.2599868334581148
25	10.9091	11.4545	71	None	None	0	3	1.159149485310309
26	11.4545	23.4545	69	None	None	0	1	0.7964694183390293
27	11.4545	23.4545	72	None	None	0	3	0.9284537282239872
28	12.0000	25.0909	71	None	None	0	1	0.7215709905365116
29	12.0000	25.0909	74	None	None	0	5	0.7610417339328754
30	13.0909	28.3636	71	None	None	0	2	0.6519566641843593
31	13.0909	28.3636	72	None	None	0	4	0.7342824946364485
32	18.5455	38.1818	69	None	None	0	2	0.8767354323939253
33	18.5455	38.1818	72	None	None	0	4	1.0951131656053388
34	20.1818	20.7273	71	None	None	0	3	1.0833158921373867
35	20.7273	21.2727	69	None	None	0	2	1.0123008707111172
36	21.2727	21.8182	71	None	None	0	3	1.0123008707111172
37	21.8182	24.0000	72	None	None	0	4	1.0123008707111172
38	24.5455	25.0909	74	None	None	0	5	1.0123008707111172
39	25.0909	25.6364	72	None	None	0	4	1.0123008707111172
40	25.6364	26.1818	74	None	None	0	5	1.0123008707111172
41	26.1818	28.3636	71	None	None	0	3	1.0123008707111172
42	28.9091	30.0000	72	None	None	0	4	1.0123008707111172
43	30.0000	30.5455	71	None	None	0	3	1.0123008707111172
44	30.5455	32.7273	69	None	None	0	0	1.0123008707111172
