0	0.0000	0.3571	41	None	None	1	-4	0.7716181439572518
1	0.0000	0.3571	45	None	None	1	-2	0.9099756404211852
2	0.0000	0.3571	48	None	None	1	-1	1.355789820053433
3	0.3571	1.0714	43	None	None	1	-4	1.3698213794593728
4	0.3571	1.0714	47	None	None	1	-2	1.4711700683352287
5	0.3571	1.0714	50	None	None	1	-1	1.624377540650404
6	0.7143	1.7857	41	None	None	1	-4	1.327968326558264
7	0.7143	1.7857	45	None	None	1	-2	1.0889058265582665
8	0.7143	1.7857	48	None	None	1	-1	1.5123433265582644
9	1.0714	2.8571	43	None	None	1	-4	1.327968326558264
10	1.0714	2.8571	47	None	None	1	-2	1.238211382113818
11	1.0714	2.8571	50	None	None	1	-1	1.6100863821138178
12	2.1429	4.6429	41	None	None	1	-4	1.5142826897018948
13	2.1429	4.6429	45	None	None	1	-2	1.5162643970189695
14	2.1429	4.6429	48	None	None	1	-1	1.9539930555555536
15	2.5000	5.3571	43	None	None	1	-4	1.7696180555555534
16	2.5000	5.3571	47	None	None	1	-2	1.4935467479674767
17	2.5000	5.3571	50	None	None	1	-1	1.624377540650404
18	2.8571	6.0714	41	None	None	1	-4	1.327968326558264
19	2.8571	6.0714	45	None	None	1	-2	1.0889058265582663
20	2.8571	6.0714	48	None	None	1	-1	1.5123433265582638
21	3.2143	7.1429	43	None	None	1	-4	1.3279683265582634
22	3.2143	7.1429	47	None	None	1	-2	1.2382113821138179
23	3.2143	7.1429	50	None	None	1	-1	1.6100863821138178
24	4.2857	8.9286	41	None	None	1	-4	1.5142826897018948
25	4.2857	8.9286	45	None	None	1	-2	1.5162643970189698
26	4.2857	8.9286	48	None	None	1	-1	1.9539930555555531
27	4.6429	9.6429	43	None	None	1	-4	1.7696180555555532
28	4.6429	9.6429	47	None	None	1	-2	1.4352811653116506
29	4.6429	9.6429	50	None	None	1	-1	1.586233909214091
30	5.0000	10.3571	41	None	None	1	-4	1.2898246951219503
31	5.0000	10.3571	45	None	None	1	-2	1.2000677506775062
32	5.0000	10.3571	48	None	None	1	-1	1.5719427506775063
33	5.3571	11.4286	43	None	None	1	-4	1.3875677506775064
34	5.3571	11.4286	47	None	None	1	-2	1.148505250677507
35	5.3571	11.4286	50	None	None	1	-1	1.571942750677508
36	6.4286	13.2143	45	None	None	1	-4	1.514282689701897
37	6.4286	13.2143	48	None	None	1	-2	1.6655699525745251
38	6.4286	13.2143	52	None	None	1	-1	2.051736111111112
39	6.7857	13.9286	43	None	None	1	-4	1.7696180555555558
40	6.7857	13.9286	47	None	None	1	-2	1.4935467479674787
41	6.7857	13.9286	50	None	None	1	-1	1.624377540650406
42	7.1429	14.6429	45	None	None	1	-4	1.42571138211382
43	7.1429	14.6429	48	None	None	1	-2	1.1866488821138208
44	7.1429	14.6429	52	None	None	1	-1	1.61008638211382
45	7.5000	15.7143	43	None	None	1	-4	1.3279683265582638
46	7.5000	15.7143	47	None	None	1	-2	1.2382113821138172
47	7.5000	15.7143	50	None	None	1	-1	1.6100863821138165
48	8.5714	17.5000	41	None	None	1	-4	1.5142826897018935
49	8.5714	17.5000	45	None	None	1	-2	1.5162643970189689
50	8.5714	17.5000	48	None	None	1	-1	1.953993055555554
51	8.9286	18.2143	43	None	None	1	-4	1.769618055555554
52	8.9286	18.2143	47	None	None	1	-2	1.4935467479674773
53	8.9286	18.2143	50	None	None	1	-1	1.6243775406504044
54	9.2857	18.9286	41	None	None	1	-4	1.327968326558265
55	9.2857	18.9286	45	None	None	1	-2	1.088905826558268
56	9.2857	18.9286	48	None	None	1	-1	1.5123433265582673
57	9.6429	20.0000	43	None	None	1	-4	1.3279683265582667
58	9.6429	20.0000	47	None	None	1	-2	1.2382113821138194
59	9.6429	20.0000	50	None	None	1	-1	1.6100863821138187
60	10.7143	21.7857	41	None	None	1	-4	1.514282689701896
61	10.7143	21.7857	45	None	None	1	-2	1.5162643970189709
62	10.7143	21.7857	48	None	None	1	-1	1.9539930555555542
63	11.0714	22.5000	43	None	None	1	-4	1.7696180555555534
64	11.0714	22.5000	47	None	None	1	-2	1.4352811653116495
65	11.0714	22.5000	50	None	None	1	-1	1.5862339092140896
66	11.4286	23.2143	41	None	None	1	-4	1.2898246951219494
67	11.4286	23.2143	45	None	None	1	-2	1.2000677506775057
68	11.4286	23.2143	48	None	None	1	-1	1.571942750677505
69	11.7857	24.2857	43	None	None	1	-4	1.387567750677505
70	11.7857	24.2857	47	None	None	1	-2	1.6063177506775048
71	11.7857	24.2857	50	None	None	1	-1	1.6110052506775068
72	12.8571	26.0714	45	None	None	1	-4	1.835463245257451
73	12.8571	26.0714	48	None	None	1	-2	2.076507452574524
74	12.8571	26.0714	52	None	None	1	-1	2.0907986111111088
75	13.2143	26.7857	43	None	None	1	-4	1.9044842479674782
76	13.2143	26.7857	47	None	None	1	-2	1.6634400406504044
77	13.2143	26.7857	50	None	None	1	-1	1.6491488821138203
78	13.5714	27.5000	48	None	None	1	-2	1.1866488821138195
79	13.5714	27.5000	52	None	None	1	-1	1.6100863821138187
80	13.9286	28.5714	43	None	None	1	-4	1.3279683265582631
81	13.9286	28.5714	47	None	None	1	-2	1.2382113821138172
82	13.9286	28.5714	50	None	None	1	-1	1.6100863821138165
83	15.0000	30.3571	41	None	None	1	-4	1.5142826897018935
84	15.0000	30.3571	45	None	None	1	-2	1.5162643970189684
85	15.0000	30.3571	48	None	None	1	-1	1.9539930555555518
86	15.3571	31.0714	43	None	None	1	-4	1.7696180555555518
87	15.3571	31.0714	47	None	None	1	-2	1.4935467479674753
88	15.3571	31.0714	50	None	None	1	-1	1.6243775406504029
89	15.7143	31.7857	41	None	None	1	-4	1.3279683265582634
90	15.7143	31.7857	45	None	None	1	-2	1.088905826558266
91	15.7143	31.7857	48	None	None	1	-1	1.5123433265582635
92	16.0714	32.8571	43	None	None	1	-4	1.3279683265582634
93	16.0714	32.8571	47	None	None	1	-2	1.2382113821138176
94	16.0714	32.8571	50	None	None	1	-1	1.610086382113817
95	17.1429	34.6429	41	None	None	1	-4	1.514282689701894
96	17.1429	34.6429	45	None	None	1	-2	1.5162643970189684
97	17.1429	34.6429	48	None	None	1	-1	1.9539930555555518
98	17.5000	35.3571	43	None	None	1	-4	1.7696180555555518
99	17.5000	35.3571	47	None	None	1	-2	1.4352811653116493
100	17.5000	35.3571	50	None	None	1	-1	1.5862339092140898
101	17.8571	36.0714	41	None	None	1	-4	1.2898246951219496
102	17.8571	36.0714	45	None	None	1	-2	1.200067750677506
103	17.8571	36.0714	48	None	None	1	-1	1.5719427506775054
104	18.2143	37.1429	43	None	None	1	-4	1.3875677506775053
105	18.2143	37.1429	47	None	None	1	-2	1.1485052506775062
106	18.2143	37.1429	50	None	None	1	-1	1.5719427506775072
107	19.2857	38.9286	45	None	None	1	-4	1.5142826897018962
108	19.2857	38.9286	48	None	None	1	-2	1.6655699525745233
109	19.2857	38.9286	52	None	None	1	-1	2.051736111111109
110	19.6429	39.6429	43	None	None	1	-4	1.7696180555555534
111	19.6429	39.6429	47	None	None	1	-2	1.493546747967477
112	19.6429	39.6429	50	None	None	1	-1	1.6243775406504042
113	20.0000	40.3571	45	None	None	1	-4	1.4257113821138183
114	20.0000	40.3571	48	None	None	1	-2	1.1866488821138201
115	20.0000	40.3571	52	None	None	1	-1	1.6100863821138227
116	20.3571	41.4286	43	None	None	1	-4	1.3279683265582676
117	20.3571	41.4286	47	None	None	1	-2	1.0889058265582683
118	20.3571	41.4286	50	None	None	1	-1	1.5123433265582693
119	21.4286	43.2143	41	None	None	1	-4	1.4165396341463448
120	21.4286	43.2143	45	None	None	1	-2	1.418521341463418
121	21.4286	43.2143	48	None	None	1	-1	1.8562500000000033
122	21.7857	43.9286	43	None	None	1	-4	1.6718750000000036
123	21.7857	43.9286	47	None	None	1	-2	1.3375381097560979
124	21.7857	43.9286	50	None	None	1	-1	1.4884908536585377
125	22.1429	44.6429	45	None	None	1	-4	1.2898246951219516
126	22.1429	44.6429	48	None	None	1	-2	1.2000677506775081
127	22.1429	44.6429	52	None	None	1	-1	1.5719427506775074
128	22.5000	46.0714	47	None	None	1	-4	1.3875677506775073
129	22.5000	46.0714	50	None	None	1	-2	1.2978108062330658
130	22.5000	46.0714	53	None	None	1	-1	1.6696858062330682
131	23.5714	47.5000	48	None	None	1	-4	1.612025745257457
132	23.5714	47.5000	52	None	None	1	-2	1.7633130081300852
133	23.5714	47.5000	55	None	None	1	-1	2.1494791666666706
134	23.9286	48.2143	47	None	None	1	-4	1.8673611111111126
135	23.9286	48.2143	50	None	None	1	-2	1.5912898035230378
136	23.9286	48.2143	53	None	None	1	-1	1.7221205962059631
137	24.2857	48.9286	45	None	None	1	-4	1.4257113821138214
138	24.2857	48.9286	48	None	None	1	-2	1.1866488821138192
139	24.2857	48.9286	52	None	None	1	-1	1.6100863821138183
140	24.6429	50.0000	43	None	None	1	-4	1.3279683265582625
141	24.6429	50.0000	47	None	None	1	-2	1.2382113821138168
142	24.6429	50.0000	50	None	None	1	-1	1.610086382113816
143	25.7143	51.7857	41	None	None	1	-4	1.5142826897018935
144	25.7143	51.7857	45	None	None	1	-2	1.5162643970189695
145	25.7143	51.7857	48	None	None	1	-1	1.9539930555555562
146	26.0714	52.5000	43	None	None	1	-4	1.7696180555555567
147	26.0714	52.5000	47	None	None	1	-2	1.435281165311654
148	26.0714	52.5000	50	None	None	1	-1	1.5862339092140938
149	26.4286	53.2143	41	None	None	1	-4	1.2898246951219536
150	26.4286	53.2143	45	None	None	1	-2	1.2000677506775101
151	26.4286	53.2143	48	None	None	1	-1	1.5719427506775094
152	26.7857	54.2857	43	None	None	1	-4	1.387567750677508
153	26.7857	54.2857	47	None	None	1	-2	1.1485052506775055
154	26.7857	54.2857	50	None	None	1	-1	1.5719427506775068
155	27.8571	56.0714	45	None	None	1	-4	1.5142826897018957
156	27.8571	56.0714	48	None	None	1	-2	1.6655699525745233
157	27.8571	56.0714	52	None	None	1	-1	2.051736111111109
158	28.2143	56.7857	43	None	None	1	-4	1.7696180555555534
159	28.2143	56.7857	47	None	None	1	-2	1.4935467479674776
160	28.2143	56.7857	50	None	None	1	-1	1.624377540650405
161	28.5714	57.5000	45	None	None	1	-4	1.4257113821138192
162	28.5714	57.5000	48	None	None	1	-2	1.18664888211382
163	28.5714	57.5000	52	None	None	1	-1	1.6100863821138192
164	28.9286	58.5714	43	None	None	1	-4	1.3279683265582634
165	28.9286	58.5714	47	None	None	1	-2	1.0889058265582643
166	28.9286	58.5714	50	None	None	1	-1	1.5123433265582653
167	30.0000	60.3571	41	None	None	1	-4	1.4165396341463403
168	30.0000	60.3571	45	None	None	1	-2	1.418521341463413
169	30.0000	60.3571	48	None	None	1	-1	1.8562499999999984
170	30.3571	61.0714	43	None	None	1	-4	1.671875
171	30.3571	61.0714	47	None	None	1	-2	1.3375381097560979
172	30.3571	61.0714	50	None	None	1	-1	1.4884908536585377
173	30.7143	61.7857	45	None	None	1	-4	1.2898246951219516
174	30.7143	61.7857	48	None	None	1	-2	1.2000677506775106
175	30.7143	61.7857	52	None	None	1	-1	1.571942750677513
176	31.0714	63.2143	47	None	None	1	-4	1.3875677506775128
177	31.0714	63.2143	50	None	None	1	-2	1.2978108062330667
178	31.0714	63.2143	53	None	None	1	-1	1.669685806233063
179	32.1429	64.6429	48	None	None	1	-4	1.612025745257451
180	32.1429	64.6429	52	None	None	1	-2	1.7633130081300818
181	32.1429	64.6429	55	None	None	1	-1	2.14947916666667
182	32.5000	65.3571	47	None	None	1	-4	1.8673611111111106
183	32.5000	65.3571	50	None	None	1	-2	1.5912898035230332
184	32.5000	65.3571	53	None	None	1	-1	1.7221205962059585
185	32.8571	66.0714	45	None	None	1	-4	1.4257113821138216
186	32.8571	66.0714	48	None	None	1	-2	1.186648882113824
187	32.8571	66.0714	52	None	None	1	-1	1.6100863821138198
188	33.2143	67.1429	43	None	None	1	-4	1.3279683265582618
189	33.2143	67.1429	47	None	None	1	-2	1.2382113821138154
190	33.2143	67.1429	50	None	None	1	-1	1.6100863821138176
191	34.2857	68.9286	41	None	None	1	-4	1.5142826897018946
192	34.2857	68.9286	45	None	None	1	-2	1.5162643970189678
193	34.2857	68.9286	48	None	None	1	-1	1.9539930555555476
194	34.6429	69.6429	43	None	None	1	-4	1.7696180555555492
195	34.6429	69.6429	47	None	None	1	-2	1.43528116531165
196	34.6429	69.6429	50	None	None	1	-1	1.5862339092140907
197	35.0000	70.3571	41	None	None	1	-4	1.289824695121948
198	35.0000	70.3571	45	None	None	1	-2	1.2000677506775035
199	35.0000	70.3571	48	None	None	1	-1	1.5719427506775059
200	35.3571	71.4286	43	None	None	1	-4	1.3875677506775077
201	35.3571	71.4286	47	None	None	1	-2	1.1485052506775102
202	35.3571	71.4286	50	None	None	1	-1	1.571942750677508
203	36.4286	73.2143	45	None	None	1	-4	1.5142826897018968
204	36.4286	73.2143	48	None	None	1	-2	1.6655699525745262
205	36.4286	73.2143	52	None	None	1	-1	2.0517361111111154
206	36.7857	73.9286	43	None	None	1	-4	1.7696180555555576
207	36.7857	73.9286	47	None	None	1	-2	2.7190792259485153
208	36.7857	73.9286	50	None	None	1	-1	2.8700319698509555
209	37.1429	74.6429	45	None	None	1	-4	2.6713658113143715
210	37.1429	74.6429	48	None	None	1	-2	2.432303311314374
211	37.1429	74.6429	52	None	None	1	-1	2.8557408113143703
212	37.5000	75.7143	43	None	None	1	-5	2.170193936314366
213	37.5000	75.7143	47	None	None	1	-4	1.9792217140921449
214	37.5000	75.7143	50	None	None	1	-3	1.968284214092143
215	38.5714	77.5000	53	None	None	1	-3	1.5344046409214116
216	38.5714	77.5000	57	None	None	1	-2	1.5162643970189718
217	38.5714	77.5000	60	None	None	1	-1	1.9539930555555516
218	38.9286	78.2143	55	None	None	1	-4	1.7696180555555547
219	38.9286	78.2143	59	None	None	1	-2	1.6098928400383161
220	38.9286	78.2143	62	None	None	1	0	-1
221	39.2857	78.9286	53	None	None	1	0	-1
222	39.2857	78.9286	57	None	None	1	0	-1
223	39.2857	78.9286	60	None	None	1	0	-1
224	39.6429	80.0000	55	None	None	1	0	-1
225	39.6429	80.0000	59	None	None	1	0	-1
226	39.6429	80.0000	62	None	None	1	0	-1
227	42.8571	43.9286	48	None	None	1	-1	1.663837277770686
228	43.9286	45.0000	43	None	None	1	-2	1.54137012443423
229	45.0000	46.0714	41	None	None	1	-3	1.5793105038380242
230	46.0714	48.2143	43	None	None	1	-1	1.101206290977713
231	51.4286	52.5000	48	None	None	1	-4	0.6849490406716895
232	52.5000	53.5714	50	None	None	1	-3	0.638385847767033
233	53.5714	54.6429	55	None	None	1	-1	0.8028506174147276
234	54.6429	56.7857	50	None	None	1	-2	0.6376829344878998
235	60.0000	61.0714	48	None	None	1	0	-1
236	61.0714	62.1429	53	None	None	1	0	-1
237	62.1429	63.2143	48	None	None	1	0	-1
238	63.2143	65.3571	51	None	None	1	0	-1
239	68.5714	69.6429	41	None	None	1	0	-1
240	69.6429	70.7143	46	None	None	1	0	-1
241	70.7143	71.7857	45	None	None	1	0	-1
242	71.7857	73.9286	43	None	None	1	0	-1
243	75.0000	150.3571	53	None	None	1	-4	1.3108836206896406
244	75.0000	150.3571	57	None	None	1	-2	1.5619133141762347
245	75.0000	150.3571	60	None	None	1	-1	1.9539930555555545
246	75.3571	151.0714	55	None	None	1	-4	1.7696180555555583
247	75.3571	151.0714	59	None	None	1	-2	2.3552506775067834
248	75.3571	151.0714	62	None	None	1	-1	2.472057079945807
249	75.7143	151.7857	57	None	None	1	-4	2.438634823848251
250	75.7143	151.7857	60	None	None	1	-2	2.3148162262872782
251	75.7143	151.7857	64	None	None	1	-1	2.692107046070472
252	76.0714	152.8571	55	None	None	1	-4	2.4099889905149134
253	76.0714	152.8571	59	None	None	1	-2	2.170926490514902
254	76.0714	152.8571	62	None	None	1	-1	2.594363990514897
255	77.1429	154.6429	47	None	None	1	-5	1.6368563685636737
256	77.1429	154.6429	50	None	None	1	-2	1.4185213414634057
257	77.1429	154.6429	53	None	None	1	-1	1.8562499999999875
258	77.5000	155.3571	48	None	None	1	-4	1.6718749999999833
259	77.5000	155.3571	52	None	None	1	-2	1.3375381097560861
260	77.5000	155.3571	55	None	None	1	-1	1.488490853658525
261	77.8571	156.0714	50	None	None	1	-4	1.2898246951219425
262	77.8571	156.0714	53	None	None	1	-2	0.9554878048780435
263	77.8571	156.0714	57	None	None	1	-1	1.1064405487804834
264	78.2143	157.1429	52	None	None	1	-3	1.1064405487804834
265	78.2143	157.1429	55	None	None	1	-2	1.1064405487804834
266	78.2143	157.1429	59	None	None	1	-1	1.1064405487804834
267	79.2857	159.2857	53	None	None	1	-3	1.1064405487804834
268	79.2857	159.2857	57	None	None	1	-2	1.1064405487804834
269	79.2857	159.2857	60	None	None	1	-1	1.1064405487804834
270	80.3571	162.8571	55	None	None	1	-3	1.1064405487804834
271	80.3571	162.8571	59	None	None	1	-2	1.1064405487804834
272	80.3571	162.8571	62	None	None	1	0	1.1064405487804834
