0	4.2857	5.3571	72	None	None	0	4	0.9601375498375407
1	5.3571	6.4286	67	None	None	0	2	1.00312535471559
2	6.4286	7.5000	65	None	None	0	1	0.9051832815448582
3	7.5000	9.6429	67	None	None	0	2	0.7345583879595343
4	12.8571	13.9286	72	None	None	0	1	0.7053361639637332
5	13.9286	15.0000	77	None	None	0	5	1.7315336394528864
6	15.0000	16.0714	76	None	None	0	4	1.6854208345748385
7	16.0714	18.2143	74	None	None	0	1	1.5482816246683389
8	21.4286	22.5000	77	None	None	0	2	1.5580110365488256
9	22.5000	23.5714	74	None	None	0	1	1.5733007853109762
10	23.5714	24.6429	79	None	None	0	5	1.422346129311487
11	24.6429	26.7857	77	None	None	0	4	1.532717650084968
12	30.0000	31.0714	67	None	None	0	1	1.488472722074494
13	31.0714	32.1429	65	None	None	0	2	0.7779544293915723
14	32.1429	33.2143	70	None	None	0	3	0.9797168384630248
15	33.2143	35.3571	67	None	None	0	2	0.9568700396825384
16	40.7143	81.7857	65	None	None	0	1	1.3292854532163683
17	40.7143	81.7857	69	None	None	0	2	1.4839847013366712
18	40.7143	81.7857	72	None	None	0	3	1.4853298611111045
19	41.0714	82.5000	67	None	None	0	1	1.7353298611111074
20	41.0714	82.5000	71	None	None	0	2	1.8400956978319718
21	41.0714	82.5000	74	None	None	0	4	1.4109205623306178
22	41.4286	83.2143	65	None	None	0	1	1.3194571476964714
23	41.4286	83.2143	69	None	None	0	2	1.4499258976964728
24	41.4286	83.2143	72	None	None	0	3	1.0694571476964745
25	41.7857	84.2857	67	None	None	0	1	1.3194571476964776
26	41.7857	84.2857	71	None	None	0	2	1.5766620088075887
27	41.7857	84.2857	74	None	None	0	4	1.1632071476964791
28	42.8571	86.0714	65	None	None	0	1	1.4718961720867245
29	42.8571	86.0714	69	None	None	0	2	1.618085196476968
30	42.8571	86.0714	72	None	None	0	3	1.4853298611111123
31	43.2143	86.7857	67	None	None	0	1	1.735329861111109
32	43.2143	86.7857	71	None	None	0	2	1.7705242208672096
33	43.2143	86.7857	74	None	None	0	4	1.341349085365854
34	43.5714	87.5000	65	None	None	0	1	1.2498856707317048
35	43.5714	87.5000	69	None	None	0	2	1.486977049457987
36	43.5714	87.5000	72	None	None	0	3	1.1065082994579825
37	43.9286	88.5714	67	None	None	0	1	1.3565082994579813
38	43.9286	88.5714	71	None	None	0	2	1.4869770494579868
39	43.9286	88.5714	74	None	None	0	3	1.1065082994579851
40	45.0000	90.3571	69	None	None	0	1	1.4517826897018886
41	45.0000	90.3571	72	None	None	0	2	1.7247078252032464
42	45.0000	90.3571	76	None	None	0	4	1.579079861111102
43	45.3571	91.0714	67	None	None	0	1	1.7353298611111119
44	45.3571	91.0714	71	None	None	0	2	1.8400956978319765
45	45.3571	91.0714	74	None	None	0	3	1.4439066734417343
46	45.7143	91.7857	69	None	None	0	1	1.4461932588075845
47	45.7143	91.7857	72	None	None	0	2	1.5766620088075896
48	45.7143	91.7857	76	None	None	0	4	1.1632071476964716
49	46.0714	92.8571	67	None	None	0	1	1.3194571476964776
50	46.0714	92.8571	71	None	None	0	2	1.44992589769648
51	46.0714	92.8571	74	None	None	0	4	1.0364710365853662
52	47.1429	94.6429	65	None	None	0	1	1.3451600609756054
53	47.1429	94.6429	69	None	None	0	2	1.4913490853658513
54	47.1429	94.6429	72	None	None	0	3	1.35859375
55	47.5000	95.3571	67	None	None	0	1	1.6085937499999994
56	47.5000	95.3571	71	None	None	0	2	1.6437881097561
57	47.5000	95.3571	74	None	None	0	3	1.24759908536585
58	47.8571	96.0714	69	None	None	0	1	1.2498856707317052
59	47.8571	96.0714	72	None	None	0	2	1.4869770494579924
60	47.8571	96.0714	76	None	None	0	3	1.1065082994579976
61	48.2143	97.5000	71	None	None	0	1	1.3565082994579907
62	48.2143	97.5000	74	None	None	0	2	1.6137131605691015
63	48.2143	97.5000	77	None	None	0	3	1.2332444105690972
64	49.2857	98.9286	72	None	None	0	1	1.5785188008130007
65	49.2857	98.9286	76	None	None	0	2	1.8514439363143547
66	49.2857	98.9286	79	None	None	0	4	1.7058159722222117
67	49.6429	99.6429	71	None	None	0	1	1.8620659722222115
68	49.6429	99.6429	74	None	None	0	2	1.8972603319783086
69	49.6429	99.6429	77	None	None	0	4	1.4680851964769557
70	50.0000	100.3571	69	None	None	0	1	1.37662178184281
71	50.0000	100.3571	72	None	None	0	2	1.6137131605690997
72	50.0000	100.3571	76	None	None	0	4	1.2002582994579825
73	50.3571	101.4286	67	None	None	0	1	1.356508299457992
74	50.3571	101.4286	71	None	None	0	2	1.486977049457995
75	50.3571	101.4286	74	None	None	0	3	1.106508299457993
76	51.4286	103.2143	69	None	None	0	1	1.4517826897018902
77	51.4286	103.2143	72	None	None	0	2	1.724707825203247
78	51.4286	103.2143	76	None	None	0	4	1.579079861111103
79	51.7857	103.9286	67	None	None	0	1	1.7353298611111088
80	51.7857	103.9286	71	None	None	0	2	1.8400956978319736
81	51.7857	103.9286	74	None	None	0	3	1.443906673441725
82	52.1429	104.6429	69	None	None	0	1	1.4461932588075788
83	52.1429	104.6429	72	None	None	0	2	1.5766620088075818
84	52.1429	104.6429	76	None	None	0	4	1.1632071476964705
85	52.5000	105.7143	67	None	None	0	1	1.31945714769647
86	52.5000	105.7143	71	None	None	0	2	1.5766620088075805
87	52.5000	105.7143	74	None	None	0	4	1.1632071476964712
88	53.5714	107.5000	65	None	None	0	1	1.471896172086716
89	53.5714	107.5000	69	None	None	0	2	1.6180851964769594
90	53.5714	107.5000	72	None	None	0	3	1.4853298611111025
91	53.9286	108.2143	67	None	None	0	1	1.7353298611111017
92	53.9286	108.2143	71	None	None	0	2	1.770524220867203
93	53.9286	108.2143	74	None	None	0	4	1.341349085365854
94	54.2857	108.9286	65	None	None	0	1	1.2498856707317048
95	54.2857	108.9286	69	None	None	0	2	1.380354420731706
96	54.2857	108.9286	72	None	None	0	3	0.9998856707317055
97	54.6429	110.0000	67	None	None	0	1	1.2498856707317072
98	54.6429	110.0000	71	None	None	0	2	1.3803544207317102
99	54.6429	110.0000	74	None	None	0	3	0.9998856707317082
100	55.7143	111.7857	69	None	None	0	1	1.345160060975609
101	55.7143	111.7857	72	None	None	0	2	1.4913490853658562
102	55.7143	111.7857	76	None	None	0	3	1.3585937499999998
103	56.0714	112.5000	71	None	None	0	1	1.6085937500000027
104	56.0714	112.5000	74	None	None	0	2	1.7133595867208633
105	56.0714	112.5000	77	None	None	0	3	1.3171705623306167
106	56.4286	113.2143	72	None	None	0	1	1.3194571476964707
107	56.4286	113.2143	76	None	None	0	2	1.5565485264227619
108	56.4286	113.2143	79	None	None	0	3	1.1760797764227642
109	56.7857	114.6429	74	None	None	0	1	1.4260797764227633
110	56.7857	114.6429	77	None	None	0	2	1.6832846375338788
111	56.7857	114.6429	81	None	None	0	4	1.2698297764227653
112	57.8571	116.0714	72	None	None	0	1	1.5785188008130107
113	57.8571	116.0714	76	None	None	0	2	1.8514439363143649
114	57.8571	116.0714	79	None	None	0	4	1.7058159722222228
115	58.2143	116.7857	71	None	None	0	1	1.8620659722222186
116	58.2143	116.7857	74	None	None	0	2	1.8972603319783157
117	58.2143	116.7857	77	None	None	0	4	1.4680851964769557
118	58.5714	117.5000	69	None	None	0	1	1.37662178184281
119	58.5714	117.5000	72	None	None	0	2	1.613713160569096
120	58.5714	117.5000	76	None	None	0	4	1.200258299457978
121	58.9286	118.5714	67	None	None	0	1	1.3565082994579813
122	58.9286	118.5714	71	None	None	0	2	1.4869770494579868
123	58.9286	118.5714	74	None	None	0	3	1.1065082994579851
124	60.0000	120.3571	69	None	None	0	1	1.4517826897018886
125	60.0000	120.3571	72	None	None	0	2	1.7247078252032464
126	60.0000	120.3571	76	None	None	0	4	1.579079861111102
127	60.3571	121.0714	67	None	None	0	1	1.7353298611111119
128	60.3571	121.0714	71	None	None	0	2	1.7705242208672127
129	60.3571	121.0714	74	None	None	0	3	1.374335196476969
130	60.7143	121.7857	69	None	None	0	1	1.3766217818428192
131	60.7143	121.7857	72	None	None	0	2	1.613713160569109
132	60.7143	121.7857	76	None	None	0	4	1.2002582994579913
133	61.0714	122.8571	67	None	None	0	1	1.3565082994579973
134	61.0714	122.8571	71	None	None	0	2	1.4869770494579997
135	61.0714	122.8571	74	None	None	0	3	1.1065082994579916
136	62.1429	124.6429	69	None	None	0	1	1.451782689701889
137	62.1429	124.6429	72	None	None	0	2	2.1063484502032375
138	62.1429	124.6429	76	None	None	0	4	1.9607204861110978
139	62.5000	125.3571	67	None	None	0	1	2.1169704861111
140	62.5000	125.3571	71	None	None	0	2	2.374175347222219
141	62.5000	125.3571	74	None	None	0	4	1.9607204861111098
142	62.8571	126.0714	69	None	None	0	2	2.117751736111113
143	62.8571	126.0714	72	None	None	0	3	1.8677517361111176
144	62.8571	126.0714	76	None	None	0	5	1.3993923611111219
145	63.2143	126.7857	65	None	None	0	1	1.7353298611111176
146	63.2143	126.7857	69	None	None	0	2	1.8657986111111162
147	63.2143	126.7857	72	None	None	0	4	1.452343749999998
148	63.5714	127.5000	64	None	None	0	1	1.608593749999994
149	63.5714	127.5000	67	None	None	0	2	1.8657986111111042
150	63.5714	127.5000	71	None	None	0	3	1.4853298611111045
151	63.9286	128.2143	65	None	None	0	1	1.7353298611111128
152	63.9286	128.2143	69	None	None	0	2	1.9925347222222247
153	63.9286	128.2143	72	None	None	0	3	1.61206597222223
154	64.2857	128.9286	67	None	None	0	1	1.8620659722222257
155	64.2857	128.9286	71	None	None	0	2	1.9925347222222285
156	64.2857	128.9286	74	None	None	0	4	1.5790798611111254
157	64.6429	129.6429	65	None	None	0	1	1.735329861111114
158	64.6429	129.6429	69	None	None	0	2	1.7705242208672107
159	64.6429	129.6429	72	None	None	0	4	1.3413490853658439
160	65.0000	130.3571	64	None	None	0	1	1.2498856707316999
161	65.0000	130.3571	67	None	None	0	2	1.486977049457983
162	65.0000	130.3571	71	None	None	0	3	1.1065082994579887
163	65.3571	131.4286	65	None	None	0	1	1.356508299457984
164	65.3571	131.4286	69	None	None	0	2	1.486977049457988
165	65.3571	131.4286	72	None	None	0	3	1.1065082994579902
166	66.4286	133.2143	67	None	None	0	1	1.4517826897019037
167	66.4286	133.2143	71	None	None	0	2	2.1063484502032708
168	66.4286	133.2143	74	None	None	0	4	1.9607204861111316
169	66.7857	133.9286	65	None	None	0	1	2.1169704861111276
170	66.7857	133.9286	69	None	None	0	2	2.1521648458672247
171	66.7857	133.9286	72	None	None	0	4	1.7229897103658733
172	67.1429	134.6429	67	None	None	0	2	1.632307545731721
173	67.1429	134.6429	71	None	None	0	3	1.488930174458
174	67.1429	134.6429	74	None	None	0	5	1.020570799457994
175	67.5000	135.7143	64	None	None	0	1	1.3565082994579871
176	67.5000	135.7143	67	None	None	0	2	1.6137131605690946
177	67.5000	135.7143	71	None	None	0	3	1.2332444105690963
178	68.5714	137.5000	65	None	None	0	1	1.578518800812997
179	68.5714	137.5000	69	None	None	0	2	1.851443936314352
180	68.5714	137.5000	72	None	None	0	4	1.7058159722222082
181	68.9286	138.2143	64	None	None	0	1	1.8620659722222204
182	68.9286	138.2143	67	None	None	0	2	2.1192708333333248
183	68.9286	138.2143	71	None	None	0	4	1.7058159722222175
184	69.2857	138.9286	62	None	None	0	1	1.8620659722222173
185	69.2857	138.9286	65	None	None	0	2	1.9925347222222205
186	69.2857	138.9286	69	None	None	0	4	1.5790798611111132
187	69.6429	139.6429	60	None	None	0	1	1.7353298611111054
188	69.6429	139.6429	64	None	None	0	2	1.8657986111111076
189	69.6429	139.6429	67	None	None	0	4	1.452343749999987
190	70.0000	140.3571	59	None	None	0	1	1.608593749999987
191	70.0000	140.3571	62	None	None	0	2	1.7390624999999873
192	70.0000	140.3571	65	None	None	0	3	1.3585937499999938
193	70.3571	141.0714	60	None	None	0	1	1.608593750000002
194	70.3571	141.0714	64	None	None	0	2	1.7390625000000048
195	70.3571	141.0714	67	None	None	0	3	1.3585937500000065
196	70.7143	141.7857	62	None	None	0	1	1.6085937500000023
197	70.7143	141.7857	65	None	None	0	2	1.739062500000005
198	70.7143	141.7857	69	None	None	0	3	1.358593750000003
199	71.0714	142.5000	64	None	None	0	1	1.6085937500000007
200	71.0714	142.5000	67	None	None	0	2	1.7133595867208604
201	71.0714	142.5000	71	None	None	0	3	1.3171705623306094
202	71.4286	143.2143	65	None	None	0	1	1.3194571476964632
203	71.4286	143.2143	69	None	None	0	2	1.4499258976964622
204	71.4286	143.2143	72	None	None	0	3	1.0694571476964636
205	71.7857	144.2857	67	None	None	0	1	1.3194571476964627
206	71.7857	144.2857	71	None	None	0	2	1.4499258976964706
207	71.7857	144.2857	74	None	None	0	4	1.0364710365853644
208	72.8571	146.0714	65	None	None	0	1	1.3451600609756156
209	72.8571	146.0714	69	None	None	0	2	1.6180851964769682
210	72.8571	146.0714	72	None	None	0	3	1.4853298611111116
211	73.2143	146.7857	67	None	None	0	1	1.735329861111111
212	73.2143	146.7857	71	None	None	0	2	1.770524220867212
213	73.2143	146.7857	74	None	None	0	3	1.3743351964769681
214	73.5714	147.5000	69	None	None	0	1	1.376621781842817
215	73.5714	147.5000	72	None	None	0	2	1.6137131605691026
216	73.5714	147.5000	76	None	None	0	4	1.200258299457978
217	73.9286	148.5714	67	None	None	0	1	1.3565082994579813
218	73.9286	148.5714	71	None	None	0	2	1.6137131605690884
219	73.9286	148.5714	74	None	None	0	3	1.2332444105690905
220	75.0000	150.3571	69	None	None	0	1	1.5785188008129878
221	75.0000	150.3571	72	None	None	0	2	1.7247078252032373
222	75.0000	150.3571	76	None	None	0	4	1.5790798611110934
223	75.3571	151.0714	67	None	None	0	1	1.7353298611111092
224	75.3571	151.0714	71	None	None	0	2	1.7866827574525757
225	75.3571	151.0714	74	None	None	0	4	1.5059832317073252
226	75.7143	151.7857	65	None	None	0	1	1.4488185975609837
227	75.7143	151.7857	69	None	None	0	2	1.6791349085365899
228	75.7143	151.7857	72	None	None	0	3	1.2829458841463497
229	76.0714	152.8571	67	None	None	0	1	1.2852324695121977
230	76.0714	152.8571	71	None	None	0	2	1.8272018970189736
231	76.0714	152.8571	74	None	None	0	3	1.431012872628717
232	77.1429	155.0000	72	None	None	0	2	1.512415311653109
233	77.1429	155.0000	76	None	None	0	3	1.512415311653109
234	77.1429	155.0000	79	None	None	0	5	1.512415311653109
235	78.2143	157.1429	67	None	None	0	1	1.512415311653109
236	78.2143	157.1429	71	None	None	0	2	1.512415311653109
237	78.2143	157.1429	74	None	None	0	4	1.512415311653109
238	79.2857	159.2857	62	None	None	0	1	1.512415311653109
239	79.2857	159.2857	65	None	None	0	2	1.512415311653109
240	79.2857	159.2857	69	None	None	0	3	1.512415311653109
241	80.3571	82.5000	67	None	None	0	0	1.512415311653109
