0	0.0000	0.5769	43	None	None	1	-5	0.9465593710992484
1	0.5769	1.1538	45	None	None	1	-4	0.9317280218928977
2	1.1538	2.3077	47	None	None	1	-3	1.1902507491656262
3	2.3077	2.8846	48	None	None	1	-2	1.2356673726644352
4	2.8846	3.4615	47	None	None	1	-4	0.9845184668826665
5	3.4615	4.6154	45	None	None	1	-5	0.9390131909086405
6	4.6154	5.1923	47	None	None	1	-4	0.9390131909086397
7	5.1923	5.7692	45	None	None	1	-5	0.9390131909086393
8	5.7692	6.3462	47	None	None	1	-4	0.9390131909086393
9	6.3462	6.9231	48	None	None	1	-3	0.8793592156821863
10	6.9231	9.2308	50	None	None	1	-2	0.8941905648885355
11	9.2308	9.8077	48	None	None	1	-3	0.9814211258611083
12	9.8077	10.3846	50	None	None	1	-2	0.9962524750674557
13	10.3846	11.5385	48	None	None	1	-3	0.9649850461773274
14	11.5385	12.1154	47	None	None	1	-4	0.9649850461773274
15	12.1154	12.6923	45	None	None	1	-5	0.9649850461773274
16	12.6923	13.8462	47	None	None	1	-4	0.9649850461773274
17	14.4231	15.0000	45	None	None	1	-5	0.9649850461773274
18	15.0000	15.5769	47	None	None	1	-4	0.9649850461773274
19	15.5769	16.1538	48	None	None	1	-3	0.9649850461773274
20	16.1538	17.3077	47	None	None	1	-4	0.9649850461773274
21	17.3077	18.4615	45	None	None	1	-5	0.9649850461773274
22	18.4615	20.7692	43	None	None	1	0	0.9649850461773274
