0	1.3636	3.1818	52	None	None	1	-5	1.2166291388216233
1	1.3636	3.1818	55	None	None	1	-3	1.2554285213320946
2	1.8182	4.0909	50	None	None	1	-5	1.2268944984333177
3	1.8182	4.0909	57	None	None	1	-3	1.2468444037545727
4	2.2727	5.0000	52	None	None	1	-5	1.0765264161413772
5	2.2727	5.0000	55	None	None	1	-3	0.9037428764960104
6	2.7273	8.1818	50	None	None	1	-5	0.875208853597233
7	2.7273	8.1818	57	None	None	1	-3	0.9054510824609605
8	5.9091	12.2727	52	None	None	1	-5	0.9280506159771321
9	5.9091	12.2727	55	None	None	1	-3	0.9722024960514762
10	6.3636	14.0909	50	None	None	1	-5	0.7936666785776971
11	6.3636	14.0909	57	None	None	1	-3	0.8298496091082062
12	7.7273	15.9091	52	None	None	1	-5	0.921831566246498
13	7.7273	15.9091	55	None	None	1	-3	0.9217248059471708
14	8.1818	18.1818	50	None	None	1	-5	0.7309119798325977
15	8.1818	18.1818	57	None	None	1	-1	0.766150050405919
16	10.0000	20.9091	52	None	None	1	-2	0.7922302418887217
17	10.0000	20.9091	55	None	None	1	-1	1.140860051982287
18	12.2727	25.0000	52	None	None	1	-5	0.8840255357698267
19	12.2727	25.0000	55	None	None	1	-3	0.890949454762711
20	12.7273	26.3636	50	None	None	1	-5	0.7335497741524741
21	12.7273	26.3636	57	None	None	1	-3	0.6920444267392595
22	14.5455	29.5455	52	None	None	1	-5	0.6374021221763085
23	14.5455	29.5455	55	None	None	1	-3	0.7146946513393222
24	15.0000	31.3636	50	None	None	1	-5	0.5110207637514983
25	15.0000	31.3636	57	None	None	1	-2	0.5110207637514981
26	17.2727	35.9091	52	None	None	1	-4	0.48269947319567424
27	17.2727	35.9091	55	None	None	1	-3	0.5673681946507163
28	18.6364	19.0909	50	None	None	1	-5	0.5955158243123188
29	24.5455	27.2727	57	None	None	1	-2	0.7035220894384774
30	28.6364	29.0909	55	None	None	1	-3	0.864965297163822
31	29.0909	29.5455	57	None	None	1	-2	0.9074711519647572
32	29.5455	30.0000	50	None	None	1	-5	0.910461282443178
33	30.0000	32.7273	57	None	None	1	-2	1.1247616337312372
34	33.1818	33.6364	55	None	None	1	-3	1.2807754099030433
35	33.6364	34.5455	57	None	None	1	-1	1.1456702050938916
36	34.5455	35.4545	52	None	None	1	-4	1.3459608529573375
37	35.4545	35.9091	50	None	None	1	-5	1.490838165867441
38	35.9091	36.3636	52	None	None	1	-4	1.4908381658674408
39	36.3636	37.7273	57	None	None	1	-2	1.4908381658674408
40	37.7273	38.1818	55	None	None	1	-3	1.582842180588084
41	38.1818	38.6364	50	None	None	1	-5	1.5828421805880806
42	38.6364	39.0909	52	None	None	1	-4	1.5012910744468109
43	39.0909	39.5455	57	None	None	1	-2	1.377248940978449
44	39.5455	40.0000	55	None	None	1	-3	1.2646326084475112
45	40.0000	40.4545	50	None	None	1	-5	1.186912631444744
46	40.4545	40.9091	52	None	None	1	-4	1.0058691758111256
47	40.9091	41.3636	57	None	None	1	-2	0.9683182759651453
48	41.3636	41.8182	55	None	None	1	-3	0.8733241307660815
49	41.8182	42.7273	50	None	None	1	-5	0.6590237794780256
50	42.7273	43.6364	52	None	None	1	-4	0.612882400003313
51	43.6364	46.3636	53	None	None	1	-3	0.6076426775222109
52	46.3636	47.2727	52	None	None	1	-5	0.7791692083076103
53	47.2727	49.0909	55	None	None	1	-3	0.6895107028951479
54	50.4545	50.9091	55	None	None	1	-3	0.917782886085363
55	50.9091	51.3636	57	None	None	1	-2	1.0807219961556214
56	51.3636	51.8182	50	None	None	1	-5	1.2558618608446688
57	51.8182	53.6364	57	None	None	1	-3	1.2910499497519026
58	54.0909	108.6364	52	None	None	1	-5	1.3175183269578574
59	54.0909	108.6364	55	None	None	1	-3	1.3717485247841148
60	54.5455	109.5455	50	None	None	1	-5	1.3432145018853379
61	54.5455	109.5455	57	None	None	1	-3	1.3650570105685447
62	55.0000	110.4545	52	None	None	1	-5	1.3365229876697677
63	55.0000	110.4545	55	None	None	1	-3	1.366148280409815
64	55.4545	112.2727	50	None	None	1	-5	1.3376142575110377
65	55.4545	112.2727	57	None	None	1	-3	1.371335062297671
66	56.8182	114.0909	52	None	None	1	-5	1.5023079997026156
67	56.8182	114.0909	55	None	None	1	-3	1.715941321883948
68	57.2727	115.0000	50	None	None	1	-5	1.687407298985174
69	57.2727	115.0000	57	None	None	1	-3	1.7148500520426817
70	57.7273	115.9091	52	None	None	1	-5	1.6863160291439019
71	57.7273	115.9091	55	None	None	1	-3	1.7159413218839448
72	58.1818	116.8182	50	None	None	1	-5	1.6431762998361334
73	58.1818	116.8182	57	None	None	1	-1	1.5965882158505118
74	58.6364	117.7273	52	None	None	1	-2	1.5257290076962182
75	58.6364	117.7273	55	None	None	1	-1	1.6059005140972324
76	59.0909	118.6364	50	None	None	1	-5	1.4014322284814031
77	59.0909	118.6364	57	None	None	1	-1	1.4274125413469656
78	59.5455	119.5455	52	None	None	1	-3	1.4274125413469656
79	59.5455	119.5455	55	None	None	1	-2	1.4274125413469656
80	60.4545	121.3636	52	None	None	1	-4	1.4274125413469656
81	60.4545	121.3636	55	None	None	1	-2	1.4274125413469656
82	60.9091	61.3636	53	None	None	1	-3	1.4274125413469656
83	61.8182	124.5455	52	None	None	1	-4	1.4274125413469656
84	61.8182	124.5455	55	None	None	1	-2	1.4274125413469656
85	62.7273	128.1818	50	None	None	1	-4	1.4274125413469656
86	62.7273	128.1818	57	None	None	1	0	1.4274125413469656
