0	0.0000	2.7273	54	None	None	0	2	0.7270857206721147
1	4.0909	4.5455	56	None	None	0	3	0.7460362252516866
2	4.5455	5.0000	54	None	None	0	2	0.6839026400940981
3	5.0000	5.4545	61	None	None	0	5	0.7221354195446752
4	5.4545	6.8182	54	None	None	0	2	0.7398461923783989
5	6.8182	7.2727	56	None	None	0	3	0.7398461923783989
6	7.2727	8.1818	54	None	None	0	2	0.6910431739032471
7	8.6364	9.0909	56	None	None	0	3	0.7249173793231203
8	9.0909	10.0000	54	None	None	0	2	0.7249173793231197
9	10.0000	10.9091	59	None	None	0	4	0.7391688757174733
10	10.9091	11.3636	61	None	None	0	5	0.75249944239991
11	11.3636	11.8182	59	None	None	0	4	0.8217963551540843
12	11.8182	13.1818	54	None	None	0	2	0.8757158191145333
13	13.1818	13.6364	56	None	None	0	3	0.9095900245344066
14	13.6364	14.0909	59	None	None	0	4	0.9095900245344068
15	14.0909	14.5455	56	None	None	0	3	0.8849120385859286
16	14.5455	15.9091	54	None	None	0	2	0.8566333500613388
17	15.9091	16.3636	56	None	None	0	3	0.8056129418980735
18	16.3636	16.8182	59	None	None	0	4	0.7006257354373975
19	16.8182	17.2727	61	None	None	0	5	0.5774093587227735
20	17.2727	17.7273	59	None	None	0	4	0.5391765792721966
21	17.7273	18.1818	56	None	None	0	3	0.6240711928553365
22	18.1818	18.6364	59	None	None	0	4	0.6240711928553364
23	18.6364	19.0909	54	None	None	0	2	0.6240711928553364
24	19.0909	21.8182	56	None	None	0	3	0.5653140834542011
25	25.9091	52.2727	56	None	None	0	3	0.5940042298728796
26	25.9091	52.2727	59	None	None	0	4	0.6041414987198939
27	26.3636	53.1818	54	None	None	0	2	0.6041414987198942
28	26.3636	53.1818	61	None	None	0	5	0.6041414987198948
29	26.8182	54.0909	56	None	None	0	3	0.5276598648612104
30	26.8182	54.0909	59	None	None	0	4	0.4762472109895406
31	27.2727	57.2727	54	None	None	0	2	0.44912260394690084
32	27.2727	57.2727	61	None	None	0	5	0.41493192280071517
33	30.4545	61.3636	56	None	None	0	3	0.4353277614869795
34	30.4545	61.3636	59	None	None	0	4	0.4490382974927457
35	30.9091	62.7273	54	None	None	0	2	0.40866293969935485
36	30.9091	62.7273	61	None	None	0	5	0.3594351125636398
37	31.8182	64.5455	56	None	None	0	3	0.32634414689070645
38	31.8182	64.5455	59	None	None	0	4	0.33952402131180265
39	32.7273	67.2727	54	None	None	0	2	0.37076208057781296
40	32.7273	67.2727	61	None	None	0	5	0.37229355881736365
41	34.5455	70.0000	56	None	None	0	3	0.38342420134708155
42	34.5455	70.0000	59	None	None	0	4	0.4263308235044037
43	36.8182	74.0909	56	None	None	0	3	0.4997971469707276
44	36.8182	74.0909	59	None	None	0	4	0.5358450996853462
45	37.2727	75.4545	54	None	None	0	2	0.5087204926427062
46	37.2727	75.4545	61	None	None	0	5	0.4745298114965202
47	38.6364	77.7273	56	None	None	0	3	0.45928571674343216
48	38.6364	77.7273	59	None	None	0	4	0.44903829749274543
49	39.0909	79.0909	54	None	None	0	2	0.4086629396993546
50	39.0909	79.0909	61	None	None	0	5	0.4956987376250799
51	40.0000	80.9091	56	None	None	0	3	0.5370515658631541
52	40.0000	80.9091	59	None	None	0	4	0.9505511310020667
53	40.9091	83.6364	54	None	None	0	2	0.9763411347837769
54	40.9091	83.6364	61	None	None	0	5	0.93462850378543
55	42.7273	86.3636	56	None	None	0	3	1.1710483116535362
56	42.7273	86.3636	59	None	None	0	4	1.1805574764672622
57	45.0000	45.4545	56	None	None	0	3	1.2366195187705253
58	45.4545	45.9091	54	None	None	0	2	1.1227663938052097
59	45.9091	46.3636	56	None	None	0	3	1.0211026622467527
60	46.3636	48.1818	57	None	None	0	4	0.6050962870190644
61	48.1818	49.0909	59	None	None	0	5	0.6221175747898662
62	52.2727	52.7273	59	None	None	0	4	0.5691307712710444
63	52.7273	53.1818	61	None	None	0	5	0.4186944569089709
64	53.1818	53.6364	54	None	None	0	2	0.4364052297426947
65	53.6364	54.5455	61	None	None	0	5	0.43640522974269474
66	55.4545	111.3636	56	None	None	0	3	0.5571084718040302
67	55.4545	111.3636	59	None	None	0	4	0.638247873411926
68	55.9091	113.1818	54	None	None	0	2	0.638247873411926
69	55.9091	113.1818	61	None	None	0	5	0.6382478734119261
70	57.7273	115.9091	56	None	None	0	3	0.7589511154732593
71	57.7273	115.9091	59	None	None	0	4	0.8400905170811538
72	58.1818	116.8182	54	None	None	0	2	0.8265276861002899
73	58.1818	116.8182	61	None	None	0	5	0.8133478116791939
74	58.6364	117.7273	56	None	None	0	3	1.1682291493986474
75	58.6364	117.7273	59	None	None	0	4	1.2487520024624854
76	59.0909	118.6364	54	None	None	0	2	1.2512588125512618
77	59.0909	118.6364	61	None	None	0	5	1.2084475209987493
78	59.5455	119.5455	56	None	None	0	3	1.2084475209987493
79	59.5455	119.5455	59	None	None	0	4	1.2084475209987493
80	60.4545	121.3636	56	None	None	0	3	1.2084475209987493
81	60.4545	121.3636	59	None	None	0	5	1.2084475209987493
82	60.9091	61.3636	57	None	None	0	4	1.2084475209987493
83	61.8182	124.5455	56	None	None	0	3	1.2084475209987493
84	61.8182	124.5455	59	None	None	0	4	1.2084475209987493
85	62.7273	128.1818	54	None	None	0	2	1.2084475209987493
86	62.7273	128.1818	61	None	None	0	0	1.2084475209987493
