0	0.9091	2.7273	69	None	None	0	3	1.296517694248379
1	0.9091	2.7273	72	None	None	0	5	1.3590466784114312
2	1.8182	4.0909	69	None	None	0	3	1.4377515542474515
3	1.8182	4.0909	72	None	None	0	5	1.6212415430653098
4	2.2727	5.0000	67	None	None	0	3	1.6212415430653095
5	2.2727	5.0000	70	None	None	0	4	1.5841107207910436
6	2.7273	5.9091	65	None	None	0	2	1.765404631798067
7	2.7273	5.9091	69	None	None	0	3	1.837857793390572
8	3.1818	6.8182	67	None	None	0	2	1.6982777566793898
9	3.1818	6.8182	70	None	None	0	3	1.7558593722528075
10	3.6364	7.7273	69	None	None	0	2	1.671624171009416
11	3.6364	7.7273	72	None	None	0	4	1.3944318733253132
12	4.0909	8.6364	67	None	None	0	2	1.4304974470958023
13	4.0909	8.6364	70	None	None	0	3	1.7529506086883104
14	4.5455	9.5455	69	None	None	0	3	1.6742457328522895
15	4.5455	9.5455	72	None	None	0	5	1.4691875716465839
16	5.4545	11.3636	65	None	None	0	2	1.494630627834981
17	5.4545	11.3636	69	None	None	0	3	1.3867352657470713
18	5.9091	12.2727	67	None	None	0	2	1.3054512285897815
19	5.9091	12.2727	70	None	None	0	3	1.4374420700902195
20	6.3636	13.1818	69	None	None	0	1	0.6085648798827145
21	6.3636	13.1818	72	None	None	0	2	0.9222065660653854
22	7.2727	15.4545	69	None	None	0	1	1.0403944260565263
23	7.2727	15.4545	72	None	None	0	3	1.0759149692188592
24	8.6364	17.7273	67	None	None	0	3	1.2461690449522653
25	8.6364	17.7273	70	None	None	0	4	1.486335545147023
26	9.0909	18.6364	65	None	None	0	2	1.6421106557377023
27	9.0909	18.6364	69	None	None	0	3	1.3543216616535452
28	9.5455	19.5455	69	None	None	0	3	1.4511395357226047
29	9.5455	19.5455	72	None	None	0	5	1.1997795046203203
30	10.0000	20.4545	67	None	None	0	3	1.1048573343174493
31	10.0000	20.4545	70	None	None	0	4	1.073227982372077
32	10.4545	21.3636	65	None	None	0	2	1.2935396788399616
33	10.4545	21.3636	69	None	None	0	4	1.1611378184376497
34	10.9091	12.2727	67	None	None	0	3	1.1759504648076726
35	12.7273	25.9091	65	None	None	0	2	1.4637394588918282
36	12.7273	25.9091	69	None	None	0	4	1.5219994145198978
37	13.1818	26.8182	67	None	None	0	3	1.4587675644028018
38	13.1818	26.8182	70	None	None	0	4	1.4464692297683985
39	13.6364	27.7273	65	None	None	0	2	1.6474499089253154
40	13.6364	27.7273	69	None	None	0	4	1.2959807582758405
41	14.0909	14.5455	67	None	None	0	3	1.1595338312551442
42	14.5455	29.5455	65	None	None	0	2	1.4602949553769267
43	14.5455	29.5455	69	None	None	0	3	1.2340833808046903
44	15.0000	30.4545	67	None	None	0	3	1.290224562970462
45	15.0000	30.4545	70	None	None	0	4	1.4210005380087387
46	15.4545	31.3636	65	None	None	0	1	1.5642209686267017
47	15.4545	31.3636	69	None	None	0	4	1.4022366189374265
48	16.3636	33.1818	65	None	None	0	2	1.5580450034343398
49	16.3636	33.1818	69	None	None	0	4	1.5219994145198985
50	16.8182	34.0909	67	None	None	0	3	1.4587675644028018
51	16.8182	34.0909	70	None	None	0	4	1.5576079885506027
52	17.2727	35.0000	65	None	None	0	2	1.9047391360915882
53	17.2727	35.0000	69	None	None	0	4	1.7054578876300164
54	17.7273	18.1818	67	None	None	0	3	1.7596210378997221
55	18.1818	36.8182	65	None	None	0	2	1.7254875484383658
56	18.1818	36.8182	69	None	None	0	3	1.5670704076441726
57	18.6364	37.7273	67	None	None	0	2	1.5100712685753643
58	18.6364	37.7273	70	None	None	0	3	1.481299103971819
59	19.0909	38.6364	69	None	None	0	2	1.269818359204622
60	19.0909	38.6364	72	None	None	0	5	1.1816754739305861
61	20.0000	40.4545	69	None	None	0	3	1.479349904801738
62	20.0000	40.4545	72	None	None	0	5	1.4422602683268564
63	20.4545	41.3636	67	None	None	0	3	1.3981622329378347
64	20.4545	41.3636	70	None	None	0	4	1.3157087460786119
65	20.9091	21.8182	65	None	None	0	2	1.3368949498467826
66	22.2727	45.0000	67	None	None	0	3	1.3802648503595396
67	22.2727	45.0000	70	None	None	0	4	1.3562831955497945
68	22.7273	45.9091	69	None	None	0	3	1.0388768841747742
69	22.7273	45.9091	72	None	None	0	5	0.7603347296080261
70	23.1818	46.8182	67	None	None	0	3	0.5948195071255906
71	23.1818	46.8182	70	None	None	0	4	0.9544913130064111
72	23.6364	24.0909	65	None	None	0	2	0.9155276127722166
73	24.5455	25.4545	67	None	None	0	3	0.8341247813693857
74	25.4545	27.2727	69	None	None	0	4	1.0695270454601782
75	31.3636	63.1818	65	None	None	0	2	1.1102386345076212
76	31.3636	63.1818	69	None	None	0	3	1.0910126168322847
77	31.8182	64.0909	64	None	None	0	2	1.27278906541202
78	31.8182	64.0909	67	None	None	0	3	0.959147379229345
79	32.2727	65.0000	62	None	None	0	1	0.8303417586204453
80	32.2727	65.0000	65	None	None	0	2	0.9931300152611637
81	32.7273	66.3636	65	None	None	0	1	1.0964491423507818
82	32.7273	66.3636	69	None	None	0	4	0.7811016520032935
83	33.6364	67.7273	64	None	None	0	2	1.1705413844758106
84	33.6364	67.7273	67	None	None	0	3	1.007753127835091
85	34.0909	68.6364	62	None	None	0	1	1.0270739709264238
86	34.0909	68.6364	65	None	None	0	2	1.0058210435259578
87	35.0000	70.4545	65	None	None	0	2	1.0546231730734295
88	35.0000	70.4545	69	None	None	0	3	0.8786343404075769
89	35.4545	71.3636	64	None	None	0	2	1.0766309802609564
90	35.4545	71.3636	67	None	None	0	3	0.839992654224905
91	35.9091	72.2727	62	None	None	0	1	0.9660132884422601
92	35.9091	72.2727	65	None	None	0	2	0.9564398977213312
93	36.3636	36.8182	67	None	None	0	4	1.1390820657595895
94	37.7273	38.1818	67	None	None	0	4	1.2239766793427267
95	39.0909	78.6364	62	None	None	0	2	1.387647821356194
96	39.0909	78.6364	65	None	None	0	3	1.6681100597084149
97	39.5455	79.5455	64	None	None	0	1	1.4364804207017348
98	39.5455	79.5455	67	None	None	0	3	1.4704292114128124
99	40.4545	81.3636	65	None	None	0	2	1.547676804439098
100	40.4545	81.3636	69	None	None	0	3	1.4102894170517086
101	40.9091	82.2727	67	None	None	0	2	1.4888608456231363
102	40.9091	82.2727	70	None	None	0	3	1.8113140072156448
103	41.3636	83.1818	69	None	None	0	3	1.7772162970933454
104	41.3636	83.1818	72	None	None	0	5	1.545556188288595
105	41.8182	84.5455	65	None	None	0	1	1.3999063011256268
106	41.8182	84.5455	69	None	None	0	4	1.4492842855401342
107	42.7273	85.9091	67	None	None	0	3	1.4572860422971108
108	42.7273	85.9091	70	None	None	0	4	1.6203922837844986
109	43.1818	86.8182	69	None	None	0	4	1.7325605117314193
110	43.1818	86.8182	72	None	None	0	5	1.4588485679375092
111	43.6364	44.0909	67	None	None	0	3	1.3776197102742218
112	45.0000	90.4545	65	None	None	0	2	1.4132324663055973
113	45.0000	90.4545	69	None	None	0	3	1.5805685662242979
114	45.4545	91.3636	67	None	None	0	2	1.6336211943793808
115	45.4545	91.3636	70	None	None	0	3	1.6382696953393578
116	45.9091	92.2727	69	None	None	0	3	1.5448856203979067
117	45.9091	92.2727	72	None	None	0	5	1.3185813008558795
118	46.3636	93.1818	67	None	None	0	3	1.1436866257242417
119	46.3636	93.1818	70	None	None	0	4	1.0124526176483966
120	46.8182	94.0909	65	None	None	0	2	1.0124526176483972
121	46.8182	94.0909	69	None	None	0	4	0.985260319964306
122	47.2727	47.7273	67	None	None	0	3	1.0000729663343293
123	48.1818	48.6364	65	None	None	0	2	0.9954244653743525
124	48.6364	49.0909	67	None	None	0	3	0.9776697815335978
125	49.0909	50.9091	69	None	None	0	4	1.0578236326915524
126	55.9091	112.2727	67	None	None	0	3	1.2825865748021057
127	55.9091	112.2727	70	None	None	0	4	1.3560450819672047
128	56.3636	113.1818	65	None	None	0	2	1.5373389929742285
129	56.3636	113.1818	69	None	None	0	4	1.5825998568826372
130	56.8182	114.0909	67	None	None	0	3	1.4578324665414781
131	56.8182	114.0909	70	None	None	0	4	1.4576385812041497
132	57.2727	115.0000	65	None	None	0	2	1.6019260185243749
133	57.2727	115.0000	69	None	None	0	3	1.3519260185243744
134	57.7273	115.9091	67	None	None	0	2	1.307109905573013
135	57.7273	115.9091	70	None	None	0	3	1.4956613815220374
136	58.1818	116.8182	69	None	None	0	3	1.4785384770015892
137	58.1818	116.8182	72	None	None	0	5	1.1560853154090807
138	59.0909	118.6364	65	None	None	0	2	1.263098021909486
139	59.0909	118.6364	69	None	None	0	4	1.3253106297163653
140	59.5455	119.5455	67	None	None	0	3	1.4138205828779542
141	59.5455	119.5455	70	None	None	0	4	1.35604508196721
142	60.0000	120.4545	65	None	None	0	2	1.5373389929742336
143	60.0000	120.4545	69	None	None	0	4	1.5825998568826423
144	60.4545	121.3636	67	None	None	0	3	1.457832466541483
145	60.4545	121.3636	70	None	None	0	4	1.4576385812041537
146	60.9091	122.2727	65	None	None	0	2	1.6019260185243798
147	60.9091	122.2727	69	None	None	0	3	1.3519260185243762
148	61.3636	123.1818	67	None	None	0	2	1.2454380024052125
149	61.3636	123.1818	70	None	None	0	3	1.2071971854758712
150	61.8182	124.0909	69	None	None	0	3	1.1104282268216648
151	61.8182	124.0909	72	None	None	0	5	0.9499079583095978
152	62.7273	125.9091	65	None	None	0	2	1.1775551019403425
153	62.7273	125.9091	69	None	None	0	4	1.0634650165387833
154	63.1818	126.8182	67	None	None	0	3	1.1568490914802343
155	63.1818	126.8182	70	None	None	0	4	1.4215267521619968
156	64.0909	128.6364	67	None	None	0	3	1.5569757257257262
157	64.0909	128.6364	70	None	None	0	4	1.5841107207910476
158	64.5455	129.5455	65	None	None	0	2	1.6212415430653138
159	64.5455	129.5455	69	None	None	0	3	1.5805685662243028
160	65.0000	130.4545	67	None	None	0	2	1.6212415430653135
161	65.0000	130.4545	70	None	None	0	3	1.6212415430653135
162	65.4545	131.3636	69	None	None	0	3	1.6212415430653135
163	65.4545	131.3636	72	None	None	0	5	1.6212415430653138
164	65.9091	132.2727	67	None	None	0	3	1.4467618156604054
165	65.9091	132.2727	70	None	None	0	4	1.346914991620144
166	66.3636	133.1818	65	None	None	0	2	1.4278260988632185
167	66.3636	133.1818	69	None	None	0	3	1.2796996351629821
168	66.8182	134.0909	67	None	None	0	2	1.2796996351629821
169	66.8182	134.0909	70	None	None	0	3	1.2796996351629821
170	67.2727	135.0000	69	None	None	0	3	1.2796996351629821
171	67.2727	135.0000	72	None	None	0	5	1.2796996351629821
172	69.0909	70.9091	65	None	None	0	2	1.2796996351629821
173	70.9091	71.8182	67	None	None	0	3	1.2796996351629821
174	71.8182	72.2727	72	None	None	0	5	1.2796996351629821
175	72.2727	72.7273	67	None	None	0	3	1.2796996351629821
176	72.7273	74.5455	69	None	None	0	0	1.2796996351629821
