0	1.2245	3.0612	48	None	None	1	-5	2.8489660458808648
1	1.2245	3.0612	57	None	None	1	-2	2.903746275719829
2	1.8367	3.9796	50	None	None	1	-4	3.0358329067418586
3	1.8367	3.9796	59	None	None	1	-1	3.1567814891956747
4	2.1429	4.5918	47	None	None	1	-4	2.3042549676993063
5	2.1429	4.5918	55	None	None	1	-1	2.304254967699304
6	2.4490	6.1224	48	None	None	1	-4	2.857786514321303
7	2.4490	6.1224	57	None	None	1	-1	3.1567814891956725
8	3.6735	7.6531	48	None	None	1	-4	3.16014547248311
9	3.6735	7.6531	57	None	None	1	-1	3.6542608877721907
10	3.9796	8.2653	48	None	None	1	-4	3.419144332774982
11	3.9796	8.2653	57	None	None	1	-1	3.7181393076493547
12	4.2857	8.8776	50	None	None	1	-4	3.5316582914572825
13	4.2857	8.8776	59	None	None	1	-1	3.718139307649353
14	4.5918	9.4898	47	None	None	1	-4	2.512266192071468
15	4.5918	9.4898	55	None	None	1	-1	2.8112611669458394
16	4.8980	10.1020	45	None	None	1	-4	2.679131769960911
17	4.8980	10.1020	53	None	None	1	-1	2.865612786152982
18	5.2041	10.7143	43	None	None	1	-4	2.5666178112786096
19	5.2041	10.7143	52	None	None	1	-1	2.8656127861529823
20	5.5102	11.3265	45	None	None	1	-4	2.679131769960911
21	5.5102	11.3265	53	None	None	1	-1	2.865612786152983
22	5.8163	11.9388	43	None	None	1	-4	2.845997347850359
23	5.8163	11.9388	52	None	None	1	-1	2.9199644053601315
24	6.1224	12.5510	45	None	None	1	-4	2.9199644053601324
25	6.1224	12.5510	53	None	None	1	-1	2.9199644053601332
26	6.4286	13.1633	43	None	None	1	-4	2.9743160245672806
27	6.4286	13.1633	52	None	None	1	-1	2.9743160245672797
28	6.7347	13.7755	45	None	None	1	-4	2.62096943048576
29	6.7347	13.7755	53	None	None	1	-1	2.9199644053601315
30	7.0408	14.3878	47	None	None	1	-4	2.566617811278615
31	7.0408	14.3878	55	None	None	1	-1	2.865612786152984
32	7.3469	15.0000	48	None	None	1	-4	2.512266192071467
33	7.3469	15.0000	57	None	None	1	-1	2.8112611669458403
34	7.6531	15.6122	50	None	None	1	-4	2.45791457286432
35	7.6531	15.6122	59	None	None	1	-1	2.756909547738693
36	7.9592	16.2245	48	None	None	1	-4	2.6247801507537685
37	7.9592	16.2245	57	None	None	1	-1	2.8112611669458385
38	8.2653	16.8367	47	None	None	1	-4	2.7916457286432146
39	8.2653	16.8367	55	None	None	1	-1	2.865612786152987
40	8.5714	17.4490	45	None	None	1	-4	2.9199644053601315
41	8.5714	17.4490	53	None	None	1	-1	2.919085008375207
42	8.8776	18.0612	43	None	None	1	-4	2.5376465661641516
43	8.8776	18.0612	52	None	None	1	-1	2.51977025368805
44	9.1837	18.6735	45	None	None	1	-4	2.217555302779418
45	9.1837	18.6735	53	None	None	1	-1	1.9511912475462319
46	9.4898	19.2857	47	None	None	1	-4	2.5047227941682273
47	9.4898	19.2857	55	None	None	1	-1	2.478340884620488
48	9.7959	20.2041	48	None	None	1	-4	2.454988009131931
49	9.7959	20.2041	53	None	None	1	-2	2.311206602096757
50	9.7959	20.2041	57	None	None	1	-1	2.539849818177161
51	10.4082	21.1224	50	None	None	1	-4	2.653629257398094
52	10.4082	21.1224	55	None	None	1	-2	3.0728269651344844
53	10.4082	21.1224	59	None	None	1	-1	3.2031994579711616
54	10.7143	21.7347	47	None	None	1	-4	2.050776166729865
55	10.7143	21.7347	52	None	None	1	-2	1.8794033643224093
56	10.7143	21.7347	55	None	None	1	-1	2.108046580402813
57	11.0204	22.6531	48	None	None	1	-4	2.0507761667298667
58	11.0204	22.6531	53	None	None	1	-2	1.9409122978790836
59	11.0204	22.6531	57	None	None	1	-1	2.169555513959486
60	11.6327	23.5714	45	None	None	1	-4	1.7131630374092686
61	11.6327	23.5714	50	None	None	1	-2	1.81673674005174
62	11.6327	23.5714	53	None	None	1	-1	1.9616507801663532
63	11.9388	24.1837	47	None	None	1	-4	1.514521789143104
64	11.9388	24.1837	52	None	None	1	-2	2.249697668540087
65	11.9388	24.1837	55	None	None	1	-1	2.478340884620491
66	12.2449	25.1020	48	None	None	1	-4	2.4549880091319367
67	12.2449	25.1020	53	None	None	1	-2	2.3112066020967648
68	12.2449	25.1020	57	None	None	1	-1	2.539849818177169
69	12.8571	26.0204	50	None	None	1	-4	2.653629257398102
70	12.8571	26.0204	55	None	None	1	-2	2.5939587702920845
71	12.8571	26.0204	59	None	None	1	-1	2.9420212131974783
72	13.1633	26.6327	47	None	None	1	-4	1.8918220120020708
73	13.1633	26.6327	52	None	None	1	-2	1.7201197506955366
74	13.1633	26.6327	55	None	None	1	-1	1.948762966775938
75	13.4694	27.5510	48	None	None	1	-5	1.9134398212808692
76	13.4694	27.5510	53	None	None	1	-4	1.7091998715321215
77	13.4694	27.5510	57	None	None	1	-2	1.5192501227884043
78	14.0816	28.4694	52	None	None	1	-4	1.7803391959798969
79	14.0816	28.4694	57	None	None	1	-2	1.729207552807015
80	14.0816	28.4694	60	None	None	1	-1	1.9691896984924644
81	14.3878	29.0816	50	None	None	1	-4	1.9122487437185927
82	14.3878	29.0816	55	None	None	1	-2	1.740546482412061
83	14.3878	29.0816	59	None	None	1	-1	1.9691896984924642
84	14.6939	29.6939	48	None	None	1	-4	1.9122487437185993
85	14.6939	29.6939	53	None	None	1	-2	1.740546482412064
86	14.6939	29.6939	57	None	None	1	-1	1.9691896984924666
87	15.0000	30.3061	47	None	None	1	-4	1.912248743718597
88	15.0000	30.3061	52	None	None	1	-2	1.7405464824120631
89	15.0000	30.3061	55	None	None	1	-1	1.9691896984924648
90	15.3061	30.9184	45	None	None	1	-4	1.912248743718591
91	15.3061	30.9184	50	None	None	1	-2	1.7684673366834152
92	15.3061	30.9184	53	None	None	1	-1	1.9971105527638175
93	15.6122	31.5306	43	None	None	1	-4	1.8786606644332837
94	15.6122	31.5306	48	None	None	1	-2	1.796388190954779
95	15.6122	31.5306	52	None	None	1	-1	2.025031407035179
96	15.9184	32.1429	41	None	None	1	-4	1.8450725851479635
97	15.9184	32.1429	47	None	None	1	-2	2.026716917922947
98	15.9184	32.1429	50	None	None	1	-1	2.280862646566166
99	16.2245	32.7551	43	None	None	1	-4	1.84507258514796
100	16.2245	32.7551	48	None	None	1	-2	1.7606608336173035
101	16.2245	32.7551	52	None	None	1	-1	1.894235944126874
102	16.5306	33.3673	45	None	None	1	-4	1.4471069531036291
103	16.5306	33.3673	50	None	None	1	-2	1.62875128587862
104	16.5306	33.3673	53	None	None	1	-1	1.882897014521837
105	16.8367	33.9796	47	None	None	1	-4	1.447106953103636
106	16.8367	33.9796	52	None	None	1	-2	1.6287512858786184
107	16.8367	33.9796	55	None	None	1	-1	1.8828970145218331
108	17.4490	35.2041	47	None	None	1	-4	1.7131630374092686
109	17.4490	35.2041	52	None	None	1	-2	2.0153779883179013
110	17.4490	35.2041	55	None	None	1	-1	2.2808626465661592
111	17.7551	35.8163	48	None	None	1	-4	1.8450725851479561
112	17.7551	35.8163	53	None	None	1	-2	1.6733703238414235
113	17.7551	35.8163	57	None	None	1	-1	1.902013539921828
114	18.0612	36.4286	50	None	None	1	-4	1.878660664433274
115	18.0612	36.4286	55	None	None	1	-2	1.734879257398099
116	18.0612	36.4286	59	None	None	1	-1	1.9635224734785015
117	18.3673	37.0408	52	None	None	1	-4	1.8786606644332757
118	18.3673	37.0408	57	None	None	1	-2	1.7963881909547716
119	18.3673	37.0408	60	None	None	1	-1	2.0250314070351747
120	18.6735	37.6531	50	None	None	1	-4	1.8450725851479648
121	18.6735	37.6531	55	None	None	1	-2	1.7606608336173075
122	18.6735	37.6531	59	None	None	1	-1	1.894235944126878
123	18.9796	38.2653	52	None	None	1	-4	1.4471069531036305
124	18.9796	38.2653	57	None	None	1	-2	1.6287512858786213
125	18.9796	38.2653	60	None	None	1	-1	1.8828970145218384
126	19.2857	38.8776	53	None	None	1	-4	1.4471069531036314
127	19.2857	38.8776	59	None	None	1	-2	1.2754046917970951
128	19.2857	38.8776	62	None	None	1	-1	1.5040479078774953
129	19.8980	40.1020	53	None	None	1	-4	1.7467511166945813
130	19.8980	40.1020	59	None	None	1	-2	1.7829099832975752
131	19.8980	40.1020	62	None	None	1	-1	1.9278240234121884
132	20.2041	40.7143	55	None	None	1	-4	1.4806950323889396
133	20.2041	40.7143	60	None	None	1	-2	1.308992771082406
134	20.2041	40.7143	64	None	None	1	-1	1.5376359871628085
135	20.5102	41.3265	53	None	None	1	-4	1.4806950323889456
136	20.5102	41.3265	59	None	None	1	-2	1.3369136253537655
137	20.5102	41.3265	62	None	None	1	-1	1.5655568414341683
138	21.1224	42.5510	53	None	None	1	-4	1.7467511166945908
139	21.1224	42.5510	59	None	None	1	-2	1.782909983297584
140	21.1224	42.5510	62	None	None	1	-1	1.9278240234121973
141	21.4286	43.1633	52	None	None	1	-4	1.4471069531036325
142	21.4286	43.1633	57	None	None	1	-2	1.2754046917971036
143	21.4286	43.1633	60	None	None	1	-1	1.5040479078775022
144	21.7347	43.7755	53	None	None	1	-4	1.4806950323889483
145	21.7347	43.7755	59	None	None	1	-2	1.336913625353765
146	21.7347	43.7755	62	None	None	1	-1	1.5655568414341654
147	22.3469	45.0000	53	None	None	1	-4	1.7467511166945842
148	22.3469	45.0000	59	None	None	1	-2	1.6956194735217012
149	22.3469	45.0000	62	None	None	1	-1	1.9356016192071475
150	22.6531	45.6122	52	None	None	1	-4	1.878660664433282
151	22.6531	45.6122	57	None	None	1	-2	1.7348792573981036
152	22.6531	45.6122	60	None	None	1	-1	1.9635224734785042
153	22.9592	46.2245	53	None	None	1	-4	1.878660664433284
154	22.9592	46.2245	59	None	None	1	-2	1.660185318505941
155	22.9592	46.2245	62	None	None	1	-1	1.77921888173757
156	23.2653	46.8367	52	None	None	1	-4	1.5336737311997766
157	23.2653	46.8367	57	None	None	1	-2	1.3151983852724332
158	23.2653	46.8367	60	None	None	1	-1	1.4342319485040633
159	23.5714	47.4490	53	None	None	1	-4	1.2222748772515892
160	23.5714	47.4490	59	None	None	1	-2	1.0509020748441358
161	23.5714	47.4490	62	None	None	1	-1	1.2795452909245344
162	24.1837	48.6735	52	None	None	1	-4	1.4017641834610786
163	24.1837	48.6735	57	None	None	1	-2	1.4124709327439422
164	24.1837	48.6735	60	None	None	1	-1	1.6524530784293905
165	24.7959	49.8980	50	None	None	1	-4	1.713163037409271
166	24.7959	49.8980	55	None	None	1	-2	2.015377988317903
167	24.7959	49.8980	59	None	None	1	-1	2.2808626465661654
168	25.1020	50.5102	52	None	None	1	-4	1.8450725851479597
169	25.1020	50.5102	57	None	None	1	-2	2.72099050390319
170	25.1020	50.5102	60	None	None	1	-1	2.7581254904755994
171	25.4082	51.1224	53	None	None	1	-4	2.405246385592261
172	25.4082	51.1224	59	None	None	1	-2	2.213257734577485
173	25.4082	51.1224	62	None	None	1	-1	2.4419009506578897
174	25.7143	52.0408	55	None	None	1	-4	2.405246385592268
175	25.7143	52.0408	60	None	None	1	-2	2.2747666681341663
176	25.7143	52.0408	64	None	None	1	-1	2.503409884214571
177	27.2449	54.7959	45	None	None	1	-5	1.7109727996120263
178	27.2449	54.7959	50	None	None	1	-4	1.8445571883195764
179	27.2449	54.7959	53	None	None	1	-2	1.9887562814070403
180	27.5510	55.4082	47	None	None	1	-4	1.8450725851479581
181	27.5510	55.4082	52	None	None	1	-2	2.2692539582210784
182	27.5510	55.4082	55	None	None	1	-1	2.3063889447934893
183	27.8571	56.0204	48	None	None	1	-4	1.9535098399101536
184	27.8571	56.0204	53	None	None	1	-2	1.7615211888953812
185	27.8571	56.0204	57	None	None	1	-1	1.990164404975784
186	28.1633	56.9388	50	None	None	1	-4	1.95350983991016
187	28.1633	56.9388	55	None	None	1	-2	1.8230301224520602
188	28.1633	56.9388	59	None	None	1	-1	2.051673338532467
189	29.6939	59.6939	43	None	None	1	-5	1.7109727996120254
190	29.6939	59.6939	48	None	None	1	-2	2.1238884785947083
191	29.6939	59.6939	52	None	None	1	-1	2.262733237982339
192	30.0000	60.3061	45	None	None	1	-4	2.050776166729863
193	30.0000	60.3061	50	None	None	1	-2	1.879403364322411
194	30.0000	60.3061	53	None	None	1	-1	2.1080465804028092
195	30.3061	60.9184	47	None	None	1	-4	2.0507761667298605
196	30.3061	60.9184	52	None	None	1	-2	1.9409122978790798
197	30.3061	60.9184	55	None	None	1	-1	2.1695555139594846
198	30.9184	62.1429	43	None	None	1	-4	1.7131630374092717
199	30.9184	62.1429	48	None	None	1	-2	2.1323607451456588
200	30.9184	62.1429	52	None	None	1	-1	2.262733237982335
201	31.2245	62.7551	45	None	None	1	-4	2.0507761667298623
202	31.2245	62.7551	50	None	None	1	-2	1.8794033643224137
203	31.2245	62.7551	53	None	None	1	-1	2.108046580402817
204	31.5306	63.3673	47	None	None	1	-4	2.0507761667298716
205	31.5306	63.3673	52	None	None	1	-2	1.9409122978790885
206	31.5306	63.3673	55	None	None	1	-1	2.169555513959491
207	32.1429	64.5918	43	None	None	1	-4	1.7131630374092777
208	32.1429	64.5918	48	None	None	1	-2	2.1323607451456654
209	32.1429	64.5918	52	None	None	1	-1	2.262733237982342
210	32.4490	65.2041	45	None	None	1	-4	2.0507761667298614
211	32.4490	65.2041	50	None	None	1	-2	1.8794033643224064
212	32.4490	65.2041	53	None	None	1	-1	2.108046580402805
213	32.7551	65.8163	47	None	None	1	-4	2.0507761667298556
214	32.7551	65.8163	52	None	None	1	-2	1.9461279255238277
215	32.7551	65.8163	55	None	None	1	-1	2.434205151033744
216	33.3673	67.0408	43	None	None	1	-5	1.8814323327877884
217	33.3673	67.0408	48	None	None	1	-4	2.1650942751004316
218	33.3673	67.0408	52	None	None	1	-2	2.1918969849246253
219	33.6735	67.6531	45	None	None	1	-5	2.1918969849246253
220	33.6735	67.6531	50	None	None	1	-3	2.1918969849246253
221	33.6735	67.6531	53	None	None	1	-2	2.1918969849246253
222	33.9796	68.2653	48	None	None	1	-4	2.1918969849246253
223	33.9796	68.2653	53	None	None	1	-2	2.1918969849246253
224	33.9796	68.2653	57	None	None	1	-1	2.1918969849246253
225	34.2857	69.7959	50	None	None	1	-4	2.1918969849246253
226	34.2857	69.7959	55	None	None	1	-2	2.1918969849246253
227	34.2857	69.7959	59	None	None	1	0	2.1918969849246253
