0	0.0000	0.6122	65	None	None	0	1	1.9521294918649557
1	0.0000	0.6122	74	None	None	0	5	2.0381827839375046
2	0.6122	1.5306	67	None	None	0	1	2.3099628742760445
3	0.6122	1.5306	76	None	None	0	5	2.6218149900332066
4	0.9184	2.1429	64	None	None	0	1	2.261262226214111
5	0.9184	2.1429	72	None	None	0	4	2.261262226214106
6	1.2245	3.6735	65	None	None	0	1	3.0759258219706735
7	1.2245	3.6735	74	None	None	0	4	3.0759258219706735
8	2.4490	5.2041	65	None	None	0	1	3.3677799307270897
9	2.4490	5.2041	74	None	None	0	4	3.6062604690117346
10	2.7551	5.8163	65	None	None	0	1	3.461294111801954
11	2.7551	5.8163	74	None	None	0	5	3.278945102158632
12	3.0612	6.4286	67	None	None	0	1	3.097569474017933
13	3.0612	6.4286	76	None	None	0	5	3.1526780882670558
14	3.3673	7.0408	64	None	None	0	1	2.619397363465174
15	3.3673	7.0408	72	None	None	0	4	2.619397363465173
16	3.6735	8.5714	65	None	None	0	1	2.6193973634651733
17	3.6735	8.5714	74	None	None	0	2	2.4349145251166
18	4.8980	10.1020	71	None	None	0	1	2.96008171743842
19	4.8980	10.1020	79	None	None	0	5	3.059837381351214
20	5.2041	10.7143	72	None	None	0	1	3.198562255723064
21	5.2041	10.7143	81	None	None	0	5	2.744451423785603
22	5.5102	11.3265	71	None	None	0	1	3.1985622557230644
23	5.5102	11.3265	79	None	None	0	5	3.059837381351215
24	5.8163	11.9388	72	None	None	0	1	3.3536781127861532
25	5.8163	11.9388	81	None	None	0	5	2.8995672808486863
26	6.1224	12.5510	71	None	None	0	1	3.3536781127861537
27	6.1224	12.5510	79	None	None	0	5	3.214953238414299
28	6.4286	13.1633	72	None	None	0	1	3.5087939698492474
29	6.4286	13.1633	81	None	None	0	5	3.0546831379117863
30	6.7347	13.7755	71	None	None	0	1	3.353678112786154
31	6.7347	13.7755	79	None	None	0	5	2.8995672808486876
32	7.0408	14.3878	69	None	None	0	1	3.1985622557230644
33	7.0408	14.3878	77	None	None	0	5	2.744451423785595
34	7.3469	15.0000	67	None	None	0	1	3.0434463986599676
35	7.3469	15.0000	76	None	None	0	5	2.589335566722501
36	7.6531	15.6122	65	None	None	0	1	3.0094296098448265
37	7.6531	15.6122	74	None	None	0	4	2.861603564623491
38	7.9592	16.2245	67	None	None	0	1	2.8215428463552987
39	7.9592	16.2245	76	None	None	0	4	2.8215428463552996
40	8.2653	16.8367	69	None	None	0	1	2.9766587034183942
41	8.2653	16.8367	77	None	None	0	5	2.5230119976674303
42	8.5714	17.7551	71	None	None	0	1	2.5952935442894205
43	8.5714	17.7551	79	None	None	0	5	2.0128568263155997
44	9.1837	18.6735	69	None	None	0	1	1.9842751644244807
45	9.1837	18.6735	77	None	None	0	5	1.706955043443901
46	9.4898	19.2857	67	None	None	0	1	2.6645070005391487
47	9.4898	19.2857	76	None	None	0	5	1.8954743372225633
48	9.7959	20.2041	65	None	None	0	1	2.128025984347075
49	9.7959	20.2041	69	None	None	0	3	2.3019970114821158
50	9.7959	20.2041	74	None	None	0	5	1.9803575642459352
51	10.4082	21.1224	67	None	None	0	2	2.258960384139737
52	10.4082	21.1224	71	None	None	0	3	2.158172418523692
53	10.4082	21.1224	76	None	None	0	5	2.21897112912541
54	10.7143	21.7347	64	None	None	0	1	1.6802239368603629
55	10.7143	21.7347	67	None	None	0	2	1.9457930147145626
56	10.7143	21.7347	72	None	None	0	4	1.6456687852394214
57	11.0204	22.6531	65	None	None	0	1	1.3918322456051557
58	11.0204	22.6531	69	None	None	0	2	1.62927613813617
59	11.0204	22.6531	74	None	None	0	3	1.4301953441286483
60	11.6327	23.8776	69	None	None	0	2	1.6100159290654323
61	11.6327	23.8776	72	None	None	0	3	2.443516203873964
62	11.6327	23.8776	77	None	None	0	5	2.272590029304844
63	12.5510	25.4082	65	None	None	0	2	2.267604038339107
64	12.5510	25.4082	69	None	None	0	3	2.4633800123977765
65	12.5510	25.4082	74	None	None	0	5	2.352557928531552
66	12.8571	26.0204	67	None	None	0	2	2.606215103294253
67	12.8571	26.0204	71	None	None	0	3	3.468837121775708
68	12.8571	26.0204	76	None	None	0	5	3.1347248519739743
69	13.1633	26.6327	64	None	None	0	1	2.573761406923189
70	13.1633	26.6327	67	None	None	0	3	2.461925894195593
71	13.1633	26.6327	72	None	None	0	5	2.3720113321302536
72	13.4694	27.5510	65	None	None	0	2	2.51391740619686
73	13.4694	27.5510	69	None	None	0	3	2.135776702679272
74	13.4694	27.5510	74	None	None	0	5	1.814137255443091
75	14.0816	28.7755	60	None	None	0	1	1.328556694248069
76	14.0816	28.7755	64	None	None	0	2	1.9137856586338309
77	14.0816	28.7755	69	None	None	0	4	1.7650757368504413
78	14.6939	29.6939	65	None	None	0	2	1.8230481842514092
79	14.6939	29.6939	69	None	None	0	3	2.164079440900777
80	14.6939	29.6939	74	None	None	0	5	1.9931532663316527
81	15.0000	30.3061	64	None	None	0	2	2.1703029034059176
82	15.0000	30.3061	67	None	None	0	3	2.314792713567824
83	15.0000	30.3061	72	None	None	0	5	1.9931532663316436
84	15.3061	30.9184	62	None	None	0	2	2.170302903405909
85	15.3061	30.9184	65	None	None	0	3	2.0911571747626954
86	15.3061	30.9184	71	None	None	0	5	1.7695177275265106
87	15.6122	31.5306	60	None	None	0	2	1.9466673646007941
88	15.6122	31.5306	64	None	None	0	3	1.8675216359575793
89	15.6122	31.5306	69	None	None	0	5	1.5458821887213903
90	15.9184	32.1429	59	None	None	0	1	1.778433835845898
91	15.9184	32.1429	62	None	None	0	2	2.1275544388609706
92	15.9184	32.1429	67	None	None	0	4	1.8448771635957557
93	16.2245	32.7551	60	None	None	0	1	1.7784338358458929
94	16.2245	32.7551	64	None	None	0	2	2.1275544388609733
95	16.2245	32.7551	69	None	None	0	4	1.8448771635957526
96	16.5306	33.3673	62	None	None	0	1	1.7784338358458962
97	16.5306	33.3673	65	None	None	0	3	2.161777638190969
98	16.5306	33.3673	71	None	None	0	5	1.8401381909547898
99	16.8367	33.9796	64	None	None	0	1	2.0020693746510427
100	16.8367	33.9796	67	None	None	0	3	2.014649637074274
101	16.8367	33.9796	72	None	None	0	5	1.6930101898380954
102	17.1429	34.5918	65	None	None	0	2	1.9466673646007973
103	17.1429	34.5918	69	None	None	0	3	1.8675216359575744
104	17.1429	34.5918	74	None	None	0	5	1.5458821887213878
105	17.4490	35.2041	64	None	None	0	1	1.778433835845896
106	17.4490	35.2041	67	None	None	0	2	1.9098721880654441
107	17.4490	35.2041	72	None	None	0	4	1.6147220902346782
108	17.7551	35.8163	65	None	None	0	1	1.4143114090029851
109	17.7551	35.8163	69	None	None	0	2	1.741335727907276
110	17.7551	35.8163	74	None	None	0	4	1.4807547367528413
111	18.0612	36.4286	67	None	None	0	1	1.4143114090029816
112	18.0612	36.4286	71	None	None	0	2	1.7634320120180622
113	18.0612	36.4286	76	None	None	0	4	1.4807547367528493
114	18.6735	37.6531	67	None	None	0	1	1.6319936597985172
115	18.6735	37.6531	71	None	None	0	3	1.9899588378857098
116	18.6735	37.6531	76	None	None	0	5	2.2472989949748774
117	18.9796	38.2653	69	None	None	0	1	1.7784338358458964
118	18.9796	38.2653	72	None	None	0	3	2.1617776381909706
119	18.9796	38.2653	77	None	None	0	5	1.8401381909547914
120	19.2857	38.8776	71	None	None	0	1	2.0020693746510245
121	19.2857	38.8776	74	None	None	0	3	1.7969673862787454
122	19.2857	38.8776	79	None	None	0	5	1.4628551164770132
123	19.5918	39.4898	72	None	None	0	2	1.5825449377578826
124	19.5918	39.4898	76	None	None	0	3	1.5024084526420791
125	19.5918	39.4898	81	None	None	0	5	1.1807690054058906
126	19.8980	40.1020	71	None	None	0	1	1.4133206525304014
127	19.8980	40.1020	74	None	None	0	2	1.7624412555454743
128	19.8980	40.1020	79	None	None	0	4	1.4797639802802605
129	20.5102	41.3265	71	None	None	0	1	1.6310029033259235
130	20.5102	41.3265	74	None	None	0	3	1.499126112494979
131	20.5102	41.3265	79	None	None	0	5	1.3157271153603087
132	20.8163	41.9388	69	None	None	0	1	1.4143114090029898
133	20.8163	41.9388	72	None	None	0	2	1.7413357279072896
134	20.8163	41.9388	77	None	None	0	4	1.4807547367528464
135	21.1224	42.5510	71	None	None	0	1	1.4143114090029918
136	21.1224	42.5510	74	None	None	0	2	1.9095692566621794
137	21.1224	42.5510	79	None	None	0	4	1.626891981396966
138	21.7347	43.7755	71	None	None	0	1	1.7781309044426319
139	21.7347	43.7755	74	None	None	0	3	1.8639363644072098
140	21.7347	43.7755	79	None	None	0	5	1.693010189838085
141	22.0408	44.3878	72	None	None	0	2	1.9466673646007895
142	22.0408	44.3878	76	None	None	0	3	2.091157174762702
143	22.0408	44.3878	81	None	None	0	5	1.7695177275265173
144	22.3469	45.0000	71	None	None	0	1	2.0020693746510245
145	22.3469	45.0000	74	None	None	0	3	1.7969673862787454
146	22.3469	45.0000	79	None	None	0	5	1.4628551164770132
147	22.6531	45.6122	72	None	None	0	2	1.5825449377578826
148	22.6531	45.6122	76	None	None	0	3	1.4813029250038912
149	22.6531	45.6122	81	None	None	0	5	1.1817597618784825
150	22.9592	46.2245	71	None	None	0	1	1.4143114090029982
151	22.9592	46.2245	74	None	None	0	2	2.5691169953556483
152	22.9592	46.2245	79	None	None	0	4	2.28643972009043
153	23.5714	47.4490	71	None	None	0	1	2.437678643136093
154	23.5714	47.4490	74	None	None	0	3	2.523484103100671
155	23.5714	47.4490	79	None	None	0	5	2.3525579285315508
156	23.8776	48.0612	72	None	None	0	2	2.6062151032942498
157	23.8776	48.0612	76	None	None	0	3	3.019806994575154
158	23.8776	48.0612	81	None	None	0	5	2.6763752315673663
159	24.1837	48.6735	69	None	None	0	1	2.015313526155314
160	24.1837	48.6735	72	None	None	0	3	1.83796033515513
161	24.1837	48.6735	77	None	None	0	5	1.7062543413423665
162	24.4898	50.2041	71	None	None	0	2	1.9599115161050662
163	24.4898	50.2041	74	None	None	0	3	2.5186136014867793
164	24.4898	50.2041	79	None	None	0	5	2.1969741542506003
165	26.0204	52.3469	65	None	None	0	1	2.1604237202561234
166	26.0204	52.3469	69	None	None	0	3	2.4108735601942386
167	26.0204	52.3469	74	None	None	0	5	2.352557928531546
168	26.3265	52.9592	67	None	None	0	2	2.606215103294248
169	26.3265	52.9592	71	None	None	0	3	3.0198069945751596
170	26.3265	52.9592	76	None	None	0	5	2.67637523156738
171	26.6327	53.5714	64	None	None	0	1	2.0153135261553285
172	26.6327	53.5714	67	None	None	0	3	1.837960335155134
173	26.6327	53.5714	72	None	None	0	5	1.7062543413423732
174	26.9388	55.1020	65	None	None	0	2	1.9599115161050724
175	26.9388	55.1020	69	None	None	0	3	2.5186136014867855
176	26.9388	55.1020	74	None	None	0	5	2.1969741542506034
177	28.4694	57.2449	60	None	None	0	1	2.16042372025613
178	28.4694	57.2449	64	None	None	0	3	2.410873560194246
179	28.4694	57.2449	69	None	None	0	5	2.352557928531547
180	28.7755	57.8571	62	None	None	0	2	2.606215103294252
181	28.7755	57.8571	65	None	None	0	3	2.5241791721354554
182	28.7755	57.8571	71	None	None	0	5	2.185092770689348
183	29.0816	58.4694	59	None	None	0	1	1.5707034672359832
184	29.0816	58.4694	62	None	None	0	3	1.6505501581051647
185	29.0816	58.4694	67	None	None	0	5	1.4405874213530396
186	29.3878	59.6939	60	None	None	0	1	1.5707034672359872
187	29.3878	59.6939	64	None	None	0	3	1.3974166166770092
188	29.3878	59.6939	69	None	None	0	5	1.0633043468752719
189	30.3061	60.9184	59	None	None	0	1	1.209471242908664
190	30.3061	60.9184	62	None	None	0	2	1.5750480436610728
191	30.3061	60.9184	67	None	None	0	4	1.4797639802802642
192	30.6122	61.8367	60	None	None	0	1	1.413320652530404
193	30.6122	61.8367	64	None	None	0	2	1.7624412555454814
194	30.6122	61.8367	69	None	None	0	4	1.4797639802802558
195	31.2245	62.7551	60	None	None	0	1	1.6310029033259243
196	31.2245	62.7551	64	None	None	0	3	1.6200746949488056
197	31.2245	62.7551	69	None	None	0	5	1.4491485203796792
198	31.5306	63.3673	59	None	None	0	1	1.6817001675041914
199	31.5306	63.3673	62	None	None	0	2	1.934087102177562
200	31.5306	63.3673	67	None	None	0	4	1.6514098269123423
201	31.8367	63.9796	60	None	None	0	1	1.5849664991624932
202	31.8367	63.9796	64	None	None	0	2	2.1577226409827066
203	31.8367	63.9796	69	None	None	0	4	1.8750453657174886
204	32.1429	64.5918	60	None	None	0	1	1.9053357063093357
205	32.1429	64.5918	64	None	None	0	2	2.0785769123394875
206	32.1429	64.5918	69	None	None	0	4	2.325785175879407
207	32.4490	65.2041	60	None	None	0	1	3.1187814070351756
208	32.4490	65.2041	64	None	None	0	3	2.685238693467348
209	32.4490	65.2041	69	None	None	0	5	2.363599246231157
210	32.7551	65.8163	59	None	None	0	1	2.5961508933556647
211	32.7551	65.8163	62	None	None	0	2	3.168907035175871
212	32.7551	65.8163	67	None	None	0	3	2.081092964824113
213	33.0612	66.4286	65	None	None	0	2	2.170302903405913
214	33.0612	66.4286	69	None	None	0	3	2.3147927135678295
215	33.0612	66.4286	74	None	None	0	5	1.9931532663316465
216	33.3673	67.0408	64	None	None	0	2	2.1703029034059167
217	33.3673	67.0408	67	None	None	0	3	2.3147927135678343
218	33.3673	67.0408	72	None	None	0	5	1.9931532663316556
219	33.6735	67.6531	62	None	None	0	1	1.9931532663316556
220	33.6735	67.6531	65	None	None	0	2	1.9931532663316556
221	33.6735	67.6531	71	None	None	0	5	1.9931532663316556
222	33.9796	68.2653	60	None	None	0	1	1.9931532663316556
223	33.9796	68.2653	64	None	None	0	2	1.9931532663316556
224	33.9796	68.2653	69	None	None	0	5	1.9931532663316556
225	34.2857	69.7959	59	None	None	0	1	1.9931532663316556
226	34.2857	69.7959	62	None	None	0	2	1.9931532663316556
227	34.2857	69.7959	67	None	None	0	0	1.9931532663316556
