0	0.0000	0.2830	76	None	None	0	2	2.0780245718977226
1	0.2830	0.5660	77	None	None	0	3	2.1584476894205933
2	0.5660	0.8491	79	None	None	0	4	2.5481048166392952
3	0.8491	1.1321	74	None	None	0	2	2.5210640003127645
4	1.1321	1.4151	76	None	None	0	3	2.568722144030022
5	1.4151	1.6981	77	None	None	0	4	2.601487117835636
6	1.6981	1.9811	79	None	None	0	5	2.9583792712487234
7	1.9811	2.2642	74	None	None	0	2	2.521064000312764
8	2.2642	2.5472	76	None	None	0	3	2.5425101649855257
9	2.5472	2.8302	77	None	None	0	4	2.765260184533576
10	2.8302	3.1132	79	None	None	0	5	2.7324952107279614
11	3.1132	3.3962	74	None	None	0	2	2.3196565407772214
12	3.3962	3.6792	76	None	None	0	3	2.375603057314869
13	3.6792	3.9623	77	None	None	0	4	2.3756030573148745
14	3.9623	4.2453	79	None	None	0	5	2.3756030573148736
15	4.2453	4.5283	74	None	None	0	2	2.2476254007349983
16	4.5283	10.1887	72	None	None	0	1	1.84667536554851
17	4.5283	9.3396	76	None	None	0	2	2.0780245718977226
18	4.8113	5.0943	77	None	None	0	3	2.1584476894205933
19	5.0943	5.3774	79	None	None	0	4	2.548104816639296
20	5.3774	5.6604	74	None	None	0	2	2.5210640003127653
21	5.6604	5.9434	76	None	None	0	3	2.5687221440300223
22	5.9434	6.2264	77	None	None	0	4	2.601487117835637
23	6.2264	6.5094	79	None	None	0	5	2.958379271248724
24	6.5094	6.7925	74	None	None	0	2	2.521064000312765
25	6.7925	7.0755	76	None	None	0	3	2.5687221440300227
26	7.0755	7.3585	77	None	None	0	4	2.973298342325438
27	7.3585	7.6415	79	None	None	0	5	3.107336871530223
28	7.6415	7.9245	74	None	None	0	2	2.661733227773868
29	7.9245	8.2075	76	None	None	0	3	2.742156345296734
30	8.2075	8.4906	77	None	None	0	4	2.5154270850015603
31	8.4906	8.7736	79	None	None	0	5	2.4993768007186596
32	8.7736	9.0566	74	None	None	0	2	2.48861710455404
33	9.0566	9.3396	76	None	None	0	1	2.3203710607358343
34	9.3396	9.6226	79	None	None	0	4	2.4071838415936675
35	9.6226	9.9057	76	None	None	0	2	2.1974880092377362
36	9.9057	10.1887	77	None	None	0	3	3.33125882707939
37	10.1887	10.4717	79	None	None	0	4	3.0999096207301866
38	10.7547	22.0755	72	None	None	0	1	2.8973082128719385
39	10.7547	21.7925	76	None	None	0	2	3.6181069660940453
40	11.0377	11.3208	79	None	None	0	5	3.2523825153942214
41	11.3208	11.6038	76	None	None	0	3	2.939045253441864
42	11.6038	11.8868	77	None	None	0	4	5.34342347385573
43	11.8868	12.1698	79	None	None	0	5	5.2630003563328644
44	12.4528	12.7358	64	None	None	0	1	4.270364986923464
45	12.7358	13.0189	67	None	None	0	2	4.537043382419593
46	13.0189	13.3019	64	None	None	0	1	4.993939934143727
47	13.3019	13.5849	65	None	None	0	2	4.50927733347128
48	13.5849	13.8679	67	None	None	0	1	2.4373577018774686
49	14.7170	15.8491	72	None	None	0	2	2.4353097186254984
50	15.0000	15.2830	74	None	None	0	3	2.482967862342755
51	15.2830	15.5660	76	None	None	0	4	2.515732836148371
52	15.5660	15.8491	77	None	None	0	5	2.7513380515014156
53	15.8491	32.8302	72	None	None	0	2	2.314022780565457
54	15.8491	31.9811	76	None	None	0	4	2.3040249308508596
55	16.1321	16.4151	74	None	None	0	3	2.0895632841231997
56	16.4151	16.9811	76	None	None	0	4	1.8274434936782837
57	16.9811	18.1132	72	None	None	0	2	1.9850393893189429
58	17.2642	17.5472	74	None	None	0	1	2.2890762898888277
59	17.5472	17.8302	76	None	None	0	3	1.8724988271170506
60	17.8302	18.1132	77	None	None	0	4	1.8462868480725596
61	18.1132	37.3585	72	None	None	0	2	1.8081085307686222
62	18.1132	36.7925	79	None	None	0	5	1.94564371725701
63	18.6792	19.2453	79	None	None	0	5	2.2523616452213955
64	19.2453	19.5283	79	None	None	0	5	2.46682329194905
65	19.5283	19.8113	76	None	None	0	3	2.3000197889386578
66	19.8113	20.0943	79	None	None	0	5	1.9247119071652683
67	20.0943	20.3774	77	None	None	0	4	1.8984999281207773
68	20.3774	20.6604	76	None	None	0	3	1.6840382813931227
69	20.6604	20.9434	74	None	None	0	2	1.9088516547963017
70	20.9434	21.5094	76	None	None	0	5	2.3600162326119536
71	21.5094	22.6415	72	None	None	0	3	2.3278166085990213
72	21.7925	22.0755	74	None	None	0	4	2.3278166085990213
73	22.0755	22.3585	76	None	None	0	5	2.2473934910761453
74	22.3585	22.6415	74	None	None	0	4	2.2211815120316536
75	22.6415	23.2075	72	None	None	0	3	2.2211815120316576
76	23.2075	23.7736	72	None	None	0	5	2.091201845528769
77	26.0377	26.3208	60	None	None	0	2	1.9959564735828883
78	26.3208	26.6038	62	None	None	0	3	2.0436146173001526
79	26.6038	26.8868	64	None	None	0	4	2.076379591105761
80	26.8868	27.1698	65	None	None	0	5	3.2835663441404708
81	27.1698	27.4528	64	None	None	0	3	2.4697388239428544
82	27.4528	27.7358	62	None	None	0	2	2.2338310125424274
83	27.7358	28.3019	64	None	None	0	3	2.448292659270078
84	28.3019	28.5849	60	None	None	0	1	2.528653041676429
85	28.5849	28.8679	62	None	None	0	2	2.0074697982641285
86	28.8679	29.1509	64	None	None	0	3	2.028915962936888
87	29.1509	29.4340	65	None	None	0	4	2.0260668347798743
88	29.4340	30.0000	67	None	None	0	5	1.94564371725701
89	30.0000	30.5660	67	None	None	0	5	2.2523616452213955
90	30.5660	30.8491	67	None	None	0	5	2.466823291949052
91	30.8491	31.1321	64	None	None	0	3	2.300019788938657
92	31.1321	31.4151	67	None	None	0	5	1.9247119071652676
93	31.4151	31.6981	65	None	None	0	4	1.8984999281207744
94	31.6981	31.9811	64	None	None	0	3	1.6840382813931198
95	31.9811	32.2642	62	None	None	0	2	1.4481304699926951
96	32.2642	32.8302	64	None	None	0	4	1.4127399398429554
97	32.8302	33.1132	60	None	None	0	2	1.4035323324732192
98	33.1132	33.3962	62	None	None	0	3	1.4035323324732234
99	33.3962	33.6792	64	None	None	0	4	1.3773203534287275
100	33.6792	33.9623	62	None	None	0	3	1.3773203534287275
101	33.9623	34.5283	60	None	None	0	2	1.3773203534287275
102	34.5283	35.0943	60	None	None	0	2	1.3773203534287275
103	36.2264	36.5094	60	None	None	0	2	1.3773203534287275
104	36.5094	36.7925	62	None	None	0	3	1.3773203534287275
105	36.7925	37.0755	64	None	None	0	4	1.3773203534287275
106	37.0755	37.3585	62	None	None	0	3	1.3773203534287275
107	37.3585	37.9245	60	None	None	0	2	1.3773203534287275
108	37.9245	38.4906	60	None	None	0	0	1.3773203534287275
