0	0.0000	1.5789	48	None	None	1	-5	1.3501664201183439
1	0.7895	1.5789	54	None	None	1	-2	1.395739116652578
2	1.5789	4.7368	48	None	None	1	-5	1.3347022635484158
3	1.5789	3.9474	55	None	None	1	-2	1.4351830327791852
4	2.3684	3.1579	54	None	None	1	-3	1.6667271329860198
5	3.1579	7.8947	48	None	None	1	-5	1.5106045927545144
6	3.1579	7.1053	52	None	None	1	-3	1.5225920493110525
7	3.9474	4.7368	54	None	None	1	-2	1.5601343147379323
8	4.7368	10.2632	48	None	None	1	-4	1.6091664564460157
9	4.7368	10.2632	52	None	None	1	-2	1.8270958402100945
10	5.5263	6.3158	50	None	None	1	-3	2.311850773174934
11	6.3158	6.5789	48	None	None	1	-5	3.1569373224123476
12	6.5789	6.8421	52	None	None	1	-4	2.813936397374175
13	6.8421	7.1053	55	None	None	1	-2	2.6273292639826074
14	7.1053	7.8947	50	None	None	1	-4	2.33453751642167
15	7.8947	8.2895	52	None	None	1	-3	2.902260696984973
16	8.2895	8.6842	48	None	None	1	-5	2.7777356209971273
17	8.6842	9.4737	54	None	None	1	-3	2.5442533821957376
18	9.4737	9.7368	55	None	None	1	-2	2.2770407870985276
19	9.7368	10.0000	54	None	None	1	-3	1.8285004717624687
20	10.0000	10.2632	52	None	None	1	-4	1.8368503878996105
21	10.2632	10.6579	50	None	None	1	-5	1.9012184200937259
22	10.6579	11.0526	54	None	None	1	-2	1.578333832300176
23	11.0526	11.4474	48	None	None	1	-5	1.3459719199694609
24	11.4474	11.8421	52	None	None	1	-3	1.11549000417658
25	11.8421	12.2368	50	None	None	1	-4	1.2924081869075519
26	14.2105	15.0000	50	None	None	1	-4	1.5185986598199037
27	15.0000	15.3947	52	None	None	1	-3	1.702703730543656
28	15.3947	15.7895	53	None	None	1	-2	1.8853405086591577
29	15.7895	16.5789	50	None	None	1	-4	1.672224162830046
30	16.5789	16.9737	55	None	None	1	-2	1.6864558712925244
31	17.3684	18.1579	50	None	None	1	-4	1.7101722213182007
32	18.1579	18.4211	52	None	None	1	-3	1.80045904169913
33	18.4211	18.6842	53	None	None	1	-2	2.0593785080756293
34	18.6842	18.9474	52	None	None	1	-4	1.9399129519844647
35	18.9474	19.3421	50	None	None	1	-5	1.905356073427174
36	19.3421	19.7368	53	None	None	1	-4	1.7575702769642318
37	19.7368	20.1316	55	None	None	1	-3	1.867991864762205
38	20.5263	20.9211	50	None	None	1	-5	1.9340756223888682
39	20.9211	21.3158	52	None	None	1	-4	2.35316968295843
40	21.3158	21.5789	53	None	None	1	-3	2.5011530945239646
41	21.5789	21.8421	55	None	None	1	-2	2.5287985973697995
42	21.8421	22.1053	53	None	None	1	-3	2.3515333371757636
43	22.1053	22.3684	52	None	None	1	-4	2.351533337175758
44	22.3684	22.6316	50	None	None	1	-5	2.266711903072499
45	22.6316	22.8947	52	None	None	1	-3	2.0178504030100495
46	22.8947	23.1579	53	None	None	1	-2	1.8706258309055872
47	23.1579	23.4211	50	None	None	1	-3	1.5854291414683386
48	23.4211	23.6842	48	None	None	1	-4	1.557783639223498
49	23.6842	25.2632	50	None	None	1	-3	1.5577836392234934
50	25.2632	25.5263	52	None	None	1	-2	1.6055508587413754
51	25.5263	25.7895	50	None	None	1	-3	1.5453938155622957
52	25.7895	26.0526	52	None	None	1	-2	1.2965842953587061
53	26.0526	26.8421	50	None	None	1	-3	1.4833117506598712
54	26.8421	27.1053	52	None	None	1	-2	1.4471278241117884
55	27.1053	27.3684	50	None	None	1	-3	1.2209373462822544
56	27.3684	27.6316	52	None	None	1	-2	1.3800825066499551
57	27.6316	28.4211	50	None	None	1	-4	1.2089047534117037
58	28.4211	28.8158	52	None	None	1	-3	1.3468359506923275
59	28.8158	29.2105	50	None	None	1	-4	1.223482803992769
60	29.6053	30.0000	50	None	None	1	-4	1.3078530547526446
61	30.0000	30.3947	53	None	None	1	-2	1.1519260030809133
62	30.3947	30.7895	50	None	None	1	-4	0.8797994047438983
63	31.1842	31.5789	50	None	None	1	-4	1.0758721287319999
64	31.5789	31.9737	54	None	None	1	-2	1.5820094981207067
65	31.9737	32.3684	50	None	None	1	-3	2.0134512373326103
66	32.3684	33.9474	55	None	None	1	-1	2.32145529329563
67	34.7368	35.1316	54	None	None	1	-2	2.7097083962512554
68	35.1316	35.5263	50	None	None	1	-3	2.4121955016458543
69	35.5263	37.1053	55	None	None	1	-1	2.3601685596843778
70	37.8947	38.1579	54	None	None	1	-2	2.4623508193336834
71	38.1579	38.4211	52	None	None	1	-1	2.398019269086654
72	38.4211	38.6842	50	None	None	1	-3	1.8306854884869999
73	38.6842	38.9474	48	None	None	1	-4	1.6671026305931531
74	38.9474	39.2105	52	None	None	1	-2	1.5347571355991843
75	39.2105	39.4737	55	None	None	1	-1	1.6712874650871552
76	39.4737	40.2632	50	None	None	1	-3	1.7234096186739605
77	40.2632	40.5263	52	None	None	1	-2	1.8030664949534398
78	40.5263	40.7895	50	None	None	1	-3	1.7194743618425254
79	40.7895	41.0526	48	None	None	1	-4	1.691828865006583
80	41.0526	41.8421	50	None	None	1	-3	2.1737129110765934
81	41.8421	42.2368	48	None	None	1	-5	2.091044155932958
82	42.2368	42.6316	52	None	None	1	-4	1.9975200086854004
83	42.6316	42.8947	50	None	None	1	-5	1.8615739937756004
84	42.8947	43.1579	52	None	None	1	-4	1.700259542824878
85	43.1579	43.4211	54	None	None	1	-3	1.6456204652611386
86	43.4211	43.6842	52	None	None	1	-4	1.637367034144387
87	43.6842	43.9474	53	None	None	1	-3	2.1755396763167747
88	43.9474	44.2105	55	None	None	1	-1	2.0451077516551353
89	44.2105	44.6053	50	None	None	1	-5	1.8153061610943035
90	44.6053	45.0000	53	None	None	1	-2	1.6489320360944637
91	45.3947	45.7895	52	None	None	1	-4	1.707603461902243
92	45.7895	46.1842	54	None	None	1	-3	1.9210155124358197
93	46.1842	46.5789	50	None	None	1	-5	1.858744331188805
94	46.5789	93.9474	52	None	None	1	-4	1.858744331188805
95	46.5789	93.9474	52	None	None	1	-3	1.858744331188805
96	47.3684	95.1316	48	None	None	1	-5	1.858744331188805
97	47.3684	95.5263	55	None	None	1	-2	1.858744331188805
98	47.7632	48.1579	52	None	None	1	-3	1.858744331188805
99	48.1579	97.8947	50	None	None	1	-4	1.858744331188805
100	48.1579	97.8947	54	None	None	1	-2	1.858744331188805
101	49.7368	101.0526	50	None	None	1	-4	1.858744331188805
102	49.7368	101.0526	54	None	None	1	0	1.858744331188805
