0	0.0000	0.2632	60	None	None	0	1	1.9734710104105628
1	0.2632	0.5263	64	None	None	0	2	2.452404750176001
2	0.5263	0.7895	67	None	None	0	3	2.1898271196388186
3	0.7895	1.5789	62	None	None	0	1	2.2608531141898562
4	1.5789	1.9737	64	None	None	0	4	2.5177579386566835
5	1.9737	2.3684	60	None	None	0	2	2.8605589217181455
6	2.3684	3.1579	62	None	None	0	3	3.012530558918917
7	3.1579	3.4211	60	None	None	0	2	3.200041125275638
8	3.4211	3.6842	64	None	None	0	3	2.7019041693359918
9	3.6842	3.9474	67	None	None	0	5	2.132808210216405
10	3.9474	4.2105	65	None	None	0	4	2.153256065199428
11	4.2105	4.4737	64	None	None	0	3	2.0551509635321916
12	4.4737	4.7368	62	None	None	0	2	1.8986914010631741
13	4.7368	6.3158	60	None	None	0	1	1.279565039661195
14	5.5263	6.3158	62	None	None	0	2	1.029056168417872
15	6.3158	14.2105	60	None	None	0	1	0.9059940832035799
16	6.3158	13.4211	64	None	None	0	2	1.3493358171651966
17	7.1053	7.8947	66	None	None	0	3	1.5057544803350866
18	7.8947	8.6842	67	None	None	0	4	1.4407832143306847
19	8.6842	9.4737	62	None	None	0	2	1.414282791676415
20	9.4737	10.2632	64	None	None	0	3	1.5122877486216353
21	10.2632	10.6579	66	None	None	0	4	1.776563683406977
22	10.6579	11.0526	62	None	None	0	2	1.8115276204065132
23	11.0526	11.4474	64	None	None	0	3	1.7257984968295972
24	11.4474	11.8421	67	None	None	0	4	1.3685857468590708
25	11.8421	12.2368	62	None	None	0	2	1.518152528036514
26	12.6316	13.4211	65	None	None	0	4	1.518598659819911
27	13.4211	13.8158	64	None	None	0	3	1.702703730543661
28	13.8158	14.2105	62	None	None	0	2	1.8853405086591608
29	14.2105	15.0000	65	None	None	0	4	1.6722241628300456
30	15.0000	15.3947	60	None	None	0	2	1.6864558712925235
31	15.7895	16.5789	65	None	None	0	4	1.7101722213182007
32	16.5789	16.8421	64	None	None	0	3	1.8004590416991315
33	16.8421	17.1053	62	None	None	0	2	1.7176829507370943
34	17.1053	17.3684	64	None	None	0	4	1.6856660399348842
35	17.3684	17.7632	65	None	None	0	5	1.6049352879344694
36	17.7632	18.1579	62	None	None	0	3	1.5287363686504436
37	18.1579	18.5526	60	None	None	0	2	1.6571114975505563
38	18.9474	19.3421	65	None	None	0	4	1.7912494353742088
39	19.3421	19.7368	64	None	None	0	3	1.8514064785532907
40	19.7368	20.1316	62	None	None	0	2	1.9175792260502822
41	20.1316	20.5263	64	None	None	0	3	1.9777362643121785
42	20.5263	20.9211	65	None	None	0	4	2.0512615393088347
43	20.9211	21.3158	60	None	None	0	2	2.318599435518622
44	21.3158	21.5789	65	None	None	0	4	2.325309121747116
45	21.5789	21.8421	67	None	None	0	5	2.2404876925610395
46	21.8421	22.1053	65	None	None	0	4	2.0047051580132433
47	22.1053	22.3684	64	None	None	0	3	2.0047051580132473
48	22.3684	22.6316	62	None	None	0	2	2.0323506548491883
49	22.6316	22.8947	64	None	None	0	4	2.0079013267159618
50	22.8947	23.1579	65	None	None	0	5	1.8097615902648285
51	23.1579	23.4211	62	None	None	0	3	1.5835711124352903
52	23.4211	23.6842	60	None	None	0	2	1.6112166146801434
53	23.6842	26.0526	62	None	None	0	3	1.6112166146801459
54	26.0526	26.3158	64	None	None	0	4	1.6834162973439923
55	26.3158	26.5789	62	None	None	0	2	1.566146216246847
56	26.5789	26.8421	64	None	None	0	3	1.3399557433344904
57	26.8421	27.6316	62	None	None	0	2	1.4665261569317205
58	27.6316	27.8947	64	None	None	0	3	1.6345116697822042
59	27.8947	28.1579	62	None	None	0	2	1.3857021441697117
60	28.1579	28.4211	64	None	None	0	4	1.476391675749641
61	28.4211	29.2105	62	None	None	0	2	1.5983300542944234
62	29.2105	29.6053	64	None	None	0	3	2.0173672527095263
63	29.6053	30.0000	62	None	None	0	1	1.9550238618992082
64	30.3947	30.7895	62	None	None	0	1	2.205925694736252
65	30.7895	31.1842	65	None	None	0	4	1.9652199465020053
66	31.1842	31.5789	62	None	None	0	2	2.090137984083564
67	31.9737	32.3684	62	None	None	0	2	2.191722937591593
68	32.3684	32.6316	60	None	None	0	1	1.973471010410572
69	32.6316	32.8947	64	None	None	0	2	2.4524047501760147
70	32.8947	33.1579	67	None	None	0	3	2.523430755844149
71	33.1579	33.9474	62	None	None	0	1	2.691170674300603
72	33.9474	34.3421	64	None	None	0	2	2.8854670353714944
73	34.3421	34.7368	60	None	None	0	1	2.9448981252457274
74	34.7368	35.5263	62	None	None	0	2	2.87102934540189
75	35.5263	35.7895	60	None	None	0	1	2.694805996101618
76	35.7895	36.0526	64	None	None	0	3	2.5833543193528037
77	36.0526	36.3158	67	None	None	0	5	2.293397388144739
78	36.3158	36.7105	66	None	None	0	4	1.6722526785589409
79	36.7105	37.1053	62	None	None	0	3	1.9651370241642356
80	37.1053	37.5000	64	None	None	0	4	1.82970347131047
81	37.5000	37.8947	60	None	None	0	2	1.6304633497299206
82	37.8947	38.6842	62	None	None	0	3	1.8773478482101653
83	38.6842	39.4737	64	None	None	0	1	1.7518486423560005
84	39.4737	39.8684	65	None	None	0	2	1.5907017496952618
85	39.8684	40.2632	62	None	None	0	1	2.2771197386404105
86	40.2632	41.0526	67	None	None	0	5	2.256864992781162
87	41.0526	41.4474	66	None	None	0	4	2.6607340360250538
88	41.4474	41.8421	62	None	None	0	3	2.739347953109196
89	41.8421	42.2368	64	None	None	0	4	2.6660530584826403
90	42.2368	42.6316	60	None	None	0	2	2.576238097880793
91	42.6316	42.8947	66	None	None	0	5	2.295605499096607
92	42.8947	43.1579	64	None	None	0	3	2.4332392038011705
93	43.1579	43.4211	62	None	None	0	2	2.2483081128606206
94	43.4211	43.6842	67	None	None	0	4	2.4335278632579853
95	43.6842	43.9474	66	None	None	0	3	2.2896740643514977
96	43.9474	44.2105	64	None	None	0	2	2.24795646607857
97	44.2105	44.6053	66	None	None	0	4	2.0508254066355476
98	44.6053	45.0000	62	None	None	0	2	2.0508254066355476
99	45.0000	45.3947	64	None	None	0	3	2.0508254066355476
100	45.3947	45.7895	60	None	None	0	1	2.0508254066355476
101	46.1842	46.5789	66	None	None	0	3	2.0508254066355476
102	46.5789	46.9737	67	None	None	0	4	2.0508254066355476
103	46.9737	47.3684	66	None	None	0	3	2.0508254066355476
104	47.3684	47.7632	64	None	None	0	2	2.0508254066355476
105	47.7632	48.1579	60	None	None	0	1	2.0508254066355476
106	48.1579	49.7368	62	None	None	0	0	2.0508254066355476
