0	0.0000	0.2083	43	None	None	1	-5	2.7791181817103543
1	0.2083	0.4167	46	None	None	1	-4	2.8272543280607785
2	0.4167	0.6250	50	None	None	1	-3	2.6915283288555116
3	0.6250	0.8333	52	None	None	1	-1	2.37250851081496
4	0.8333	1.2500	50	None	None	1	-2	1.7117298750363228
5	1.2500	1.4583	48	None	None	1	-3	1.6610448582222708
6	1.4583	1.6667	46	None	None	1	-4	1.6708582430356516
7	1.6667	2.0833	48	None	None	1	-3	1.6560343753892033
8	2.0833	2.2917	46	None	None	1	-4	1.733840868518271
9	2.2917	2.5000	43	None	None	1	-5	1.759500456677859
10	2.5000	2.7083	46	None	None	1	-4	1.733840868518271
11	2.7083	2.9167	43	None	None	1	-5	1.7595004566778585
12	2.9167	3.1250	46	None	None	1	-4	1.6112057333831364
13	3.1250	3.3333	50	None	None	1	-2	1.769313841491248
14	3.3333	3.7500	48	None	None	1	-3	1.7595004566778667
15	3.7500	3.9583	46	None	None	1	-4	1.7146718146718
16	3.9583	4.1667	43	None	None	1	-5	1.750144787644777
17	4.1667	4.3750	46	None	None	1	-4	1.955421492921486
18	4.3750	4.5833	43	None	None	1	-5	1.8092534817981196
19	4.5833	4.7917	46	None	None	1	-4	1.6609587585033978
20	4.7917	5.0000	50	None	None	1	-2	1.587406634951278
21	5.0000	5.2083	48	None	None	1	-3	3.7111518086964557
22	5.2083	5.4167	46	None	None	1	-4	4.371930444475089
23	5.4167	5.6250	50	None	None	1	-2	4.42261546128914
24	5.6250	5.8333	48	None	None	1	-3	4.481817520491196
25	5.8333	6.2500	43	None	None	1	-5	4.2863542000278745
26	6.6667	6.8750	46	None	None	1	-4	4.395902353966869
27	6.8750	7.0833	50	None	None	1	-3	4.792577056977975
28	7.0833	7.2917	53	None	None	1	-2	4.228484392885308
29	7.2917	7.5000	55	None	None	1	-1	3.687557751958665
30	7.5000	7.9167	53	None	None	1	-2	2.8049322693331824
31	7.9167	8.1250	52	None	None	1	-3	3.5633206115924905
32	8.1250	8.3333	50	None	None	1	-4	3.5041185523904352
33	8.3333	8.7500	52	None	None	1	-2	2.156736146943515
34	8.7500	8.9583	50	None	None	1	-3	4.034084776020268
35	8.9583	9.1667	46	None	None	1	-5	3.9391454489380804
36	9.1667	9.3750	50	None	None	1	-3	4.133740043532675
37	9.3750	9.5833	52	None	None	1	-2	3.875438885231519
38	9.5833	9.7917	55	None	None	1	-1	4.758064367856999
39	9.7917	10.0000	53	None	None	1	-2	4.1070991168917494
40	10.0000	10.4167	52	None	None	1	-1	3.7111742255751445
41	10.4167	10.6250	50	None	None	1	-3	2.8719663541092113
42	10.6250	10.8333	46	None	None	1	-5	2.9821106821106804
43	10.8333	11.0417	50	None	None	1	-3	3.2092664092664087
44	11.0417	11.2500	52	None	None	1	-2	2.9863692774407107
45	11.2500	11.4583	55	None	None	1	-1	3.828112359808789
46	11.4583	11.6667	53	None	None	1	-2	3.2363491680456002
47	11.6667	11.8750	52	None	None	1	-3	3.3362526429490713
48	11.8750	12.0833	48	None	None	1	-4	3.847051388122816
49	12.0833	12.2917	53	None	None	1	-2	3.795525668855162
50	12.2917	12.5000	52	None	None	1	-3	3.8221665954960855
51	12.5000	12.9167	50	None	None	1	-4	3.884316302807087
52	13.3333	13.5417	58	None	None	1	-1	4.080572507991863
53	13.5417	13.7500	57	None	None	1	-2	3.0110100884294386
54	13.7500	13.9583	55	None	None	1	-3	2.9035869971353767
55	13.9583	14.1667	53	None	None	1	-4	2.9035869971353767
56	14.1667	14.5833	50	None	None	1	-5	2.441714410262792
57	14.5833	14.7917	53	None	None	1	-4	3.029859467762682
58	14.7917	15.0000	55	None	None	1	-3	6.28333526086983
59	15.0000	15.2083	57	None	None	1	-1	5.963384665112777
60	15.2083	15.4167	55	None	None	1	-2	5.339060340788453
61	15.4167	15.8333	53	None	None	1	-3	5.906627908356027
62	15.8333	16.0417	55	None	None	1	-1	5.127743032696955
63	16.0417	16.2500	53	None	None	1	-2	4.535979840933763
64	16.2500	16.4583	52	None	None	1	-1	4.172151990700364
65	16.4583	16.6667	50	None	None	1	-3	2.5856168709855303
66	16.6667	17.0833	46	None	None	1	-5	2.75853468676049
67	17.0833	17.2917	50	None	None	1	-4	2.993455717073228
68	17.2917	17.5000	52	None	None	1	-3	4.408921306098722
69	17.5000	17.7083	53	None	None	1	-1	4.1833447502802255
70	17.7083	17.9167	52	None	None	1	-2	3.4339239008593836
71	17.9167	18.3333	50	None	None	1	-3	3.4605648275003134
72	18.3333	18.5417	52	None	None	1	-1	2.7831454726616043
73	18.5417	18.7500	50	None	None	1	-2	5.712168103153132
74	18.7500	18.9583	48	None	None	1	-3	6.031218020417334
75	18.9583	19.1667	46	None	None	1	-4	5.912870986747717
76	19.1667	19.5833	43	None	None	1	-5	6.077326398380549
77	19.5833	19.7917	46	None	None	1	-3	5.771042359838443
78	19.7917	20.0000	48	None	None	1	-2	5.91010284889893
79	20.0000	20.4167	50	None	None	1	-1	5.214374862848359
80	20.4167	20.8333	52	None	None	1	-4	1.907993197278912
81	21.2500	42.9167	53	None	None	1	-3	2.0498271889400885
82	21.2500	42.9167	60	None	None	1	-1	2.4254683913670085
83	21.6667	43.7500	55	None	None	1	-2	2.1980220510174404
84	21.6667	43.7500	59	None	None	1	-1	2.773877775281867
85	22.0833	44.5833	53	None	None	1	-5	6.252583093503324
86	22.0833	44.5833	60	None	None	1	-1	6.4371894442171
87	22.5000	45.8333	55	None	None	1	-2	6.169713212224739
88	22.5000	45.8333	59	None	None	1	-1	6.515288626348541
89	23.3333	23.5417	50	None	None	1	-5	9.346376595460084
90	23.5417	23.7500	53	None	None	1	-3	8.912013661097145
91	23.7500	23.9583	55	None	None	1	-2	8.912013661097145
92	23.9583	24.1667	57	None	None	1	-1	8.912013661097141
93	24.1667	24.5833	58	None	None	1	-2	6.8208617949452846
94	24.5833	24.7917	57	None	None	1	-1	5.455308799553582
95	24.7917	25.0000	55	None	None	1	-2	4.80434354858833
96	25.0000	25.8333	53	None	None	1	-1	4.5779224299478205
97	25.8333	26.0417	46	None	None	1	-5	4.862793967848695
98	26.0417	26.2500	50	None	None	1	-4	3.8523370823917995
99	26.2500	26.4583	52	None	None	1	-3	3.7538814839362056
100	26.4583	26.6667	53	None	None	1	-2	3.7538814839362056
101	26.6667	27.0833	55	None	None	1	-1	3.753881483936203
102	27.0833	27.2917	53	None	None	1	-2	3.753881483936201
103	27.2917	27.5000	52	None	None	1	-1	3.3143946756993974
104	27.5000	28.3333	50	None	None	1	-2	2.6536160399207662
105	28.3333	28.5417	43	None	None	1	-5	2.7900008303234163
106	28.5417	28.7500	46	None	None	1	-4	2.826455141777732
107	28.7500	28.9583	48	None	None	1	-3	3.64822607334129
108	28.9583	29.1667	50	None	None	1	-2	3.9406350639645686
109	29.1667	29.5833	52	None	None	1	-1	3.244907077914002
110	29.5833	29.7917	50	None	None	1	-3	2.4651835756098555
111	29.7917	30.0000	48	None	None	1	-4	2.3580054297220268
112	30.0000	30.2083	46	None	None	1	-5	2.3519059629082695
113	30.2083	30.4167	48	None	None	1	-4	2.2848781055578313
114	30.4167	30.8333	50	None	None	1	-3	2.2848781055578313
115	31.2500	62.9167	53	None	None	1	-2	2.2848781055578313
116	31.2500	62.9167	60	None	None	1	-1	2.2848781055578313
117	31.6667	63.7500	55	None	None	1	-3	2.2848781055578313
118	31.6667	63.7500	59	None	None	1	-2	2.2848781055578313
119	32.0833	64.5833	53	None	None	1	-4	2.2848781055578313
120	32.0833	64.5833	60	None	None	1	-1	2.2848781055578313
121	32.5000	65.8333	55	None	None	1	-3	2.2848781055578313
122	32.5000	65.8333	59	None	None	1	0	2.2848781055578313
