0	0.0000	0.2083	67	None	None	0	1	1.8737763108730987
1	0.2083	0.4167	70	None	None	0	2	1.833814920911708
2	0.4167	0.6250	74	None	None	0	4	2.153055590152389
3	0.6250	0.8333	76	None	None	0	5	2.1863567484535475
4	0.8333	1.2500	74	None	None	0	4	2.291832825703783
5	1.2500	1.4583	72	None	None	0	3	2.2616691576369212
6	1.4583	1.6667	70	None	None	0	2	2.343329389297147
7	1.6667	2.0833	72	None	None	0	4	1.318093266077121
8	2.0833	2.2917	70	None	None	0	3	1.4117237419656572
9	2.2917	2.5000	67	None	None	0	2	1.3796598599017758
10	2.5000	2.7083	70	None	None	0	3	1.4117237419656574
11	2.7083	2.9167	67	None	None	0	2	1.3796598599017755
12	2.9167	3.1250	70	None	None	0	3	1.3623511550930663
13	3.1250	3.3333	74	None	None	0	5	1.5525860328279484
14	3.3333	3.7500	72	None	None	0	4	1.3796598599017804
15	3.7500	3.9583	70	None	None	0	3	1.4239177489177257
16	3.9583	4.1667	67	None	None	0	2	1.564780039780017
17	4.1667	4.3750	70	None	None	0	3	1.781592956592936
18	4.3750	4.5833	67	None	None	0	2	1.6472845526416766
19	4.5833	4.7917	70	None	None	0	3	1.6299758478329676
20	4.7917	5.0000	74	None	None	0	4	2.163299204817048
21	5.0000	5.2083	72	None	None	0	3	3.087527004044859
22	5.2083	5.4167	70	None	None	0	2	3.228389294907145
23	5.4167	5.6250	74	None	None	0	4	3.2670408496877363
24	5.6250	5.8333	72	None	None	0	3	3.2936817763286688
25	5.8333	6.2500	67	None	None	0	1	3.3284308110777046
26	6.6667	6.8750	70	None	None	0	2	3.3580987669697397
27	6.8750	7.0833	74	None	None	0	3	3.8851257939967647
28	7.0833	7.2917	77	None	None	0	4	3.6649842238551993
29	7.2917	7.5000	79	None	None	0	5	3.565080748951731
30	7.5000	7.9167	77	None	None	0	4	3.972094905965883
31	7.9167	8.1250	76	None	None	0	3	4.083057250799205
32	8.1250	8.3333	74	None	None	0	2	4.0830572507992
33	8.3333	8.7500	76	None	None	0	5	3.2599991696765933
34	8.7500	8.9583	74	None	None	0	4	4.629389297131247
35	8.9583	9.1667	70	None	None	0	1	4.361693029434974
36	9.1667	9.3750	74	None	None	0	2	4.112079129821077
37	9.3750	9.5833	76	None	None	0	3	4.578295346037286
38	9.5833	9.7917	79	None	None	0	5	4.115618383360338
39	9.7917	10.0000	77	None	None	0	4	4.0830572507992065
40	10.0000	10.4167	76	None	None	0	3	3.8513970191389713
41	10.4167	10.6250	74	None	None	0	2	3.908172458172474
42	10.6250	10.8333	70	None	None	0	1	2.637516087516088
43	10.8333	11.0417	74	None	None	0	2	2.955469755469763
44	11.0417	11.2500	76	None	None	0	3	2.7212139754550537
45	11.2500	11.4583	79	None	None	0	4	2.6858214400625133
46	11.4583	11.6667	77	None	None	0	3	2.7124623667034418
47	11.6667	11.8750	76	None	None	0	2	3.2533890076300844
48	11.8750	12.0833	72	None	None	0	1	3.5873424490452592
49	12.0833	12.2917	77	None	None	0	4	2.359941744710706
50	12.2917	12.5000	76	None	None	0	3	2.359941744710706
51	12.5000	12.9167	74	None	None	0	2	2.3925028772718324
52	13.3333	13.5417	82	None	None	0	5	2.331948769045529
53	13.5417	13.7500	81	None	None	0	4	1.76849960559636
54	13.7500	13.9583	79	None	None	0	3	1.6610765143023007
55	13.9583	14.1667	77	None	None	0	2	1.6610765143023007
56	14.1667	14.5833	74	None	None	0	1	2.460304313530107
57	14.5833	14.7917	77	None	None	0	3	2.871697388632856
58	14.7917	15.0000	79	None	None	0	4	4.557168285797319
59	15.0000	15.2083	81	None	None	0	5	4.49880485324034
60	15.2083	15.4167	79	None	None	0	4	4.439602794038288
61	15.4167	15.8333	77	None	None	0	3	4.498804853240349
62	15.8333	16.0417	79	None	None	0	5	3.615156515962977
63	16.0417	16.2500	77	None	None	0	4	3.5825953834018525
64	16.2500	16.4583	76	None	None	0	3	3.4751722921077954
65	16.4583	16.6667	74	None	None	0	2	3.4751722921077994
66	16.6667	17.0833	70	None	None	0	1	2.4351859924440618
67	17.0833	17.2917	74	None	None	0	3	3.210771889400929
68	17.2917	17.5000	76	None	None	0	4	3.284774463403505
69	17.5000	17.7083	77	None	None	0	5	3.18078891103086
70	17.7083	17.9167	76	None	None	0	4	3.0231312533732106
71	17.9167	18.3333	74	None	None	0	3	3.0823333125752646
72	18.3333	18.5417	76	None	None	0	5	2.198684975297891
73	18.5417	18.7500	74	None	None	0	4	2.057822684435599
74	18.7500	18.9583	72	None	None	0	3	2.1910273176402395
75	18.9583	19.1667	70	None	None	0	2	3.3008608000543482
76	19.1667	19.5833	67	None	None	0	1	3.264534150824468
77	19.5833	19.7917	70	None	None	0	3	3.017999430096195
78	19.7917	20.0000	72	None	None	0	4	3.121989134085891
79	20.0000	20.2083	74	None	None	0	5	3.0006840732647024
80	20.2083	20.4167	72	None	None	0	4	2.8955796600957795
81	20.4167	20.6250	70	None	None	0	3	4.555560520462379
82	20.6250	20.8333	67	None	None	0	2	5.22731084221271
83	20.8333	21.2500	65	None	None	0	1	4.659743274645148
84	21.2500	21.4583	72	None	None	0	4	4.58950621731131
85	21.4583	21.6667	69	None	None	0	2	4.038154865959958
86	21.6667	22.0833	67	None	None	0	1	3.2269890918909527
87	22.0833	22.5000	72	None	None	0	3	3.3551495103739497
88	22.5000	23.3333	67	None	None	0	1	3.542511988059005
89	23.3333	23.5417	82	None	None	0	5	2.3319487690455327
90	23.5417	23.7500	81	None	None	0	4	1.76849960559636
91	23.7500	23.9583	79	None	None	0	3	1.6610765143023005
92	23.9583	24.1667	77	None	None	0	2	1.6610765143023036
93	24.1667	24.5833	74	None	None	0	1	2.46030431353011
94	24.5833	24.7917	77	None	None	0	3	2.8716973886328585
95	24.7917	25.0000	79	None	None	0	4	4.557168285797317
96	25.0000	25.2083	81	None	None	0	5	4.498804853240339
97	25.2083	25.4167	79	None	None	0	4	4.439602794038288
98	25.4167	25.8333	77	None	None	0	3	4.498804853240347
99	25.8333	26.0417	79	None	None	0	5	3.615156515962979
100	26.0417	26.2500	77	None	None	0	4	3.5825953834018525
101	26.2500	26.4583	76	None	None	0	3	3.4751722921077954
102	26.4583	26.6667	74	None	None	0	2	3.4751722921077994
103	26.6667	27.0833	70	None	None	0	1	2.4351859924440618
104	27.0833	27.2917	74	None	None	0	3	3.210771889400929
105	27.2917	27.5000	76	None	None	0	4	3.284774463403505
106	27.5000	27.7083	77	None	None	0	5	3.18078891103086
107	27.7083	27.9167	76	None	None	0	4	3.0231312533732106
108	27.9167	28.3333	74	None	None	0	3	3.0823333125752646
109	28.3333	28.5417	76	None	None	0	5	2.198684975297891
110	28.5417	28.7500	74	None	None	0	4	2.057822684435599
111	28.7500	28.9583	72	None	None	0	3	2.1910273176402395
112	28.9583	29.1667	70	None	None	0	2	3.3008608000543482
113	29.1667	29.5833	67	None	None	0	1	2.924057960348277
114	29.5833	29.7917	70	None	None	0	3	2.6937394558362175
115	29.7917	30.0000	72	None	None	0	4	2.7201229822197424
116	30.0000	30.2083	74	None	None	0	5	2.4920590888332708
117	30.2083	30.4167	72	None	None	0	4	2.4049029099508807
118	30.4167	30.6250	70	None	None	0	3	3.4992692769986853
119	30.6250	30.8333	67	None	None	0	2	3.4992692769986853
120	30.8333	31.2500	65	None	None	0	1	3.4992692769986853
121	31.2500	31.4583	69	None	None	0	2	3.4992692769986853
122	31.4583	31.6667	72	None	None	0	4	3.4992692769986853
123	31.6667	32.0833	67	None	None	0	2	3.4992692769986853
124	32.0833	32.2222	72	None	None	0	4	3.4992692769986853
125	32.2222	32.3611	70	None	None	0	3	3.4992692769986853
126	32.3611	32.5000	69	None	None	0	2	3.4992692769986853
127	32.5000	33.3333	67	None	None	0	0	3.4992692769986853
