0	0.0000	0.8696	52	None	None	1	-5	1.0288356416903446
1	1.0870	1.3043	56	None	None	1	-3	1.090168488737477
2	1.3043	1.5217	59	None	None	1	-2	1.2696450053715307
3	1.5217	1.7391	56	None	None	1	-3	1.491955113542699
4	1.7391	1.9565	52	None	None	1	-5	1.6767609137166466
5	1.9565	2.1739	56	None	None	1	-3	1.8486164554352
6	2.1739	2.3913	59	None	None	1	-1	1.8634071489502138
7	2.3913	2.6087	56	None	None	1	-2	1.6614257399482562
8	2.6087	3.4783	52	None	None	1	-4	1.8608440917638656
9	3.6957	3.9130	53	None	None	1	-3	1.7916394868449748
10	3.9130	4.1304	59	None	None	1	-1	1.925543596434012
11	4.1304	4.3478	53	None	None	1	-4	2.3968335507719107
12	4.3478	4.5652	52	None	None	1	-5	2.299781202435316
13	4.5652	4.7826	53	None	None	1	-4	2.4321537290715374
14	4.7826	5.0000	59	None	None	1	-2	2.399521635138071
15	5.0000	5.2174	53	None	None	1	-4	2.2853718199608615
16	5.2174	6.0870	52	None	None	1	-5	2.1883194716242667
17	6.0870	6.3043	52	None	None	1	-5	2.637010763209391
18	6.3043	6.5217	57	None	None	1	-3	2.3339403828396006
19	6.5217	6.7391	59	None	None	1	-2	2.2287300110196337
20	6.7391	6.9565	57	None	None	1	-3	2.1182514484862764
21	6.9565	7.1739	52	None	None	1	-5	1.801073121676107
22	7.1739	7.3913	57	None	None	1	-3	1.5617029028538378
23	7.3913	7.6087	59	None	None	1	-2	1.456492531033871
24	7.6087	7.8261	57	None	None	1	-3	1.346013968500514
25	7.8261	8.6957	52	None	None	1	-5	1.0288356416903444
26	8.9130	9.1304	56	None	None	1	-3	1.1439942925632802
27	9.1304	9.3478	59	None	None	1	-2	1.3364750098238398
28	9.3478	9.5652	56	None	None	1	-3	1.2252803825333178
29	9.5652	9.7826	52	None	None	1	-5	1.6788946193239216
30	9.7826	10.0000	56	None	None	1	-3	2.2088280040518224
31	10.0000	10.2174	59	None	None	1	-1	2.00283993295245
32	10.2174	10.4348	56	None	None	1	-2	1.6129426726784715
33	10.4348	11.3043	52	None	None	1	-4	2.0811694611107368
34	11.5217	11.7391	55	None	None	1	-2	2.101028173826592
35	11.7391	11.9565	59	None	None	1	-1	2.383821793557591
36	11.9565	12.1739	55	None	None	1	-2	2.6054949833814707
37	12.1739	12.3913	52	None	None	1	-4	2.6845746746186956
38	12.3913	12.6087	55	None	None	1	-2	2.6328134221725117
39	12.6087	12.8261	59	None	None	1	-1	2.8837429720746686
40	12.8261	13.0435	55	None	None	1	-2	3.105416161898548
41	13.0435	13.9130	52	None	None	1	-5	3.1664424779395404
42	14.1304	14.3478	55	None	None	1	-3	3.1006761204657503
43	14.3478	14.5652	57	None	None	1	-2	3.18102600541446
44	14.5652	14.7826	55	None	None	1	-3	2.9593528155905857
45	14.7826	15.0000	52	None	None	1	-5	2.5064418566864806
46	15.0000	15.2174	55	None	None	1	-3	2.273516220678651
47	15.2174	15.4348	57	None	None	1	-2	2.0225866707764966
48	15.4348	15.6522	55	None	None	1	-3	1.8009134809526222
49	15.6522	16.5217	52	None	None	1	-4	1.344564274603417
50	16.7391	16.9565	53	None	None	1	-2	1.0202053002444422
51	16.9565	17.1739	57	None	None	1	-1	1.796624086937198
52	17.1739	17.3913	53	None	None	1	-2	2.5752493972650448
53	17.3913	17.6087	52	None	None	1	-3	2.6327618999830236
54	17.6087	17.8261	53	None	None	1	-2	2.6068812737599343
55	17.8261	18.0435	57	None	None	1	-1	2.8578108236620845
56	18.0435	18.2609	53	None	None	1	-3	2.0476346984174714
57	18.2609	19.1304	52	None	None	1	-4	2.0476346984174674
58	19.3478	19.5652	53	None	None	1	-3	2.041019238457664
59	19.5652	19.7826	55	None	None	1	-2	2.505182643545725
60	19.7826	20.0000	53	None	None	1	-4	2.5685950593054168
61	20.0000	20.2174	52	None	None	1	-5	2.375896918405219
62	20.2174	20.4348	53	None	None	1	-4	2.771295374591346
63	20.4348	20.6522	55	None	None	1	-3	2.9023863726344037
64	20.6522	20.8696	53	None	None	1	-4	2.6296965977430635
65	20.8696	21.5217	52	None	None	1	-5	2.590156752124451
66	21.5217	21.7391	54	None	None	1	-4	3.054345993754003
67	21.7391	21.9565	55	None	None	1	-3	3.1381767178244697
68	21.9565	22.1739	58	None	None	1	-2	3.021613478389412
69	22.1739	22.3913	55	None	None	1	-3	3.690508890435518
70	22.3913	22.6087	52	None	None	1	-5	3.2375979315314054
71	22.6087	23.4783	58	None	None	1	-3	3.5782714644383096
72	23.6957	23.9130	55	None	None	1	-4	3.812209736155277
73	23.9130	24.1304	53	None	None	1	-5	4.496420977729537
74	24.1304	24.3478	57	None	None	1	-3	4.6595814473968575
75	24.3478	25.2174	58	None	None	1	-2	4.6595814473968575
76	25.4348	25.6522	56	None	None	1	-3	4.596668170197866
77	25.6522	25.8696	55	None	None	1	-4	4.445385282613607
78	25.8696	26.0870	57	None	None	1	-3	5.22664887252445
79	26.0870	26.7391	58	None	None	1	-2	5.158571573111531
80	26.7391	26.9565	57	None	None	1	-3	5.620159273755174
81	26.9565	27.1739	56	None	None	1	-4	4.867352014511832
82	27.1739	27.3913	57	None	None	1	-3	5.226648872524438
83	27.3913	27.8261	58	None	None	1	-2	5.413861445909957
84	27.8261	28.0435	58	None	None	1	-2	5.6631343856794665
85	28.0435	28.2609	57	None	None	1	-3	5.377347456785647
86	28.2609	28.4783	56	None	None	1	-4	6.23551295165942
87	28.4783	28.6957	57	None	None	1	-3	6.541900566314359
88	28.6957	29.3478	58	None	None	1	-1	5.8373991479361536
89	29.3478	29.5652	57	None	None	1	-2	5.350068846268525
90	29.5652	29.7826	56	None	None	1	-3	6.190074722420264
91	29.7826	30.0000	55	None	None	1	-4	5.6843397800414825
92	30.0000	30.4348	58	None	None	1	-1	3.7211316307111284
93	30.6522	30.8696	57	None	None	1	-2	3.305680508065535
94	30.8696	31.0870	56	None	None	1	-3	3.398513189083147
95	31.0870	31.3043	55	None	None	1	-4	3.084069831831574
96	31.3043	32.1739	59	None	None	1	-2	2.6036528933666925
97	32.3913	32.6087	57	None	None	1	-3	2.5946262057685763
98	32.6087	32.8261	52	None	None	1	-5	2.4622536791323553
99	32.8261	33.0435	57	None	None	1	-3	2.3947390020286385
100	33.0435	33.9130	59	None	None	1	-1	2.1060498698952754
101	34.1304	34.3478	55	None	None	1	-2	2.1117893822408975
102	34.3478	34.5652	52	None	None	1	-4	2.064279053908655
103	34.5652	34.7826	55	None	None	1	-2	2.026270791242841
104	34.7826	35.6522	59	None	None	1	-1	2.0296465250980273
105	35.8696	36.0870	53	None	None	1	-3	2.5545958093428074
106	36.0870	36.3043	52	None	None	1	-4	2.7696425586361273
107	36.3043	36.5217	53	None	None	1	-3	2.5479693688122436
108	36.5217	37.1739	59	None	None	1	-1	2.9080476466987504
109	37.1739	37.3913	55	None	None	1	-2	3.423744292237423
110	37.3913	37.6087	52	None	None	1	-4	2.828239834746665
111	37.6087	37.8261	59	None	None	1	-1	2.9295118504022435
112	37.8261	38.0435	55	None	None	1	-2	3.509262883235479
113	38.0435	38.2609	52	None	None	1	-4	3.3658567079800035
114	38.2609	38.4783	59	None	None	1	-1	2.9157588606218865
115	38.4783	38.6957	55	None	None	1	-2	2.915758860621889
116	38.6957	38.9130	52	None	None	1	-4	2.3031561739296524
117	38.9130	39.1304	59	None	None	1	-1	1.8564340604267182
118	39.1304	39.3478	55	None	None	1	-2	1.8393358312252535
119	39.3478	39.5652	52	None	None	1	-3	1.2913417020667415
120	39.5652	39.7826	55	None	None	1	-1	0.22235931459118535
121	39.7826	40.0000	52	None	None	1	-2	0.22235931459118535
122	40.0000	40.2174	55	None	None	1	-1	0.22235931459118535
123	40.2174	40.4348	52	None	None	1	-2	0.22235931459118535
124	40.6522	40.8696	55	None	None	1	-1	0.22235931459118535
125	40.8696	41.0870	52	None	None	1	-2	0.22235931459118535
126	41.3043	41.5217	55	None	None	1	-1	0.22235931459118535
127	41.5217	41.7391	52	None	None	1	-2	0.22235931459118535
128	41.7391	86.0870	52	None	None	1	-2	0.22235931459118535
129	41.7391	86.0870	59	None	None	1	0	0.22235931459118535
