0	0.0000	0.2174	71	None	None	0	5	1.2672914093045824
1	0.2174	0.4348	68	None	None	0	4	1.3343372344839763
2	0.4348	0.6522	64	None	None	0	2	1.5880798959321292
3	0.6522	0.8696	68	None	None	0	4	1.840791083146755
4	0.8696	1.7391	71	None	None	0	5	1.9723040479217135
5	1.9565	2.1739	68	None	None	0	4	1.9902320524568629
6	2.1739	2.3913	64	None	None	0	1	2.107090805476316
7	2.3913	2.6087	68	None	None	0	3	1.7439436786305587
8	2.6087	2.8261	71	None	None	0	4	1.8608440917638551
9	2.8261	3.0435	69	None	None	0	3	1.9609908628010344
10	3.0435	3.2609	64	None	None	0	1	2.546118064366595
11	3.2609	3.4783	69	None	None	0	4	2.423904454065921
12	3.4783	4.3478	71	None	None	0	5	2.51673713508353
13	4.5652	4.7826	69	None	None	0	4	2.5194117091866746
14	4.7826	5.0000	64	None	None	0	2	2.445145564372576
15	5.0000	5.2174	69	None	None	0	4	2.305115122972263
16	5.2174	5.4348	71	None	None	0	5	2.397947803989872
17	5.4348	5.6522	65	None	None	0	3	2.3208998044247457
18	5.6522	5.8696	64	None	None	0	2	2.141423287790692
19	5.8696	6.0870	65	None	None	0	3	2.028742541976378
20	6.0870	6.9565	71	None	None	0	5	1.8043968961838106
21	7.1739	7.3913	65	None	None	0	3	1.7837943175455167
22	7.3913	7.6087	64	None	None	0	2	1.604317800911463
23	7.6087	7.8261	65	None	None	0	3	1.49163705509715
24	7.8261	8.0435	71	None	None	0	5	1.2672914093045826
25	8.0435	8.2609	68	None	None	0	4	1.5356309939969108
26	8.2609	8.4783	64	None	None	0	2	2.0740605438990727
27	8.4783	8.6957	68	None	None	0	4	2.151433898284431
28	8.6957	9.5652	71	None	None	0	5	2.512215454057427
29	9.7826	10.0000	68	None	None	0	2	2.5919473953965153
30	10.0000	10.2174	64	None	None	0	1	2.169980663498276
31	10.2174	10.4348	68	None	None	0	3	1.667808995744418
32	10.4348	10.6522	71	None	None	0	4	1.7271969061597265
33	10.6522	10.8696	67	None	None	0	2	1.4425100177057113
34	10.8696	11.0870	64	None	None	0	1	1.4425100177057113
35	11.0870	11.3043	67	None	None	0	2	1.4425100177057113
36	11.3043	12.1739	71	None	None	0	4	1.0963303656552181
37	12.3913	12.6087	67	None	None	0	2	1.0202053002444373
38	12.6087	12.8261	64	None	None	0	1	1.0202053002444373
39	12.8261	13.0435	67	None	None	0	2	1.0202053002444371
40	13.0435	13.2609	69	None	None	0	3	1.0202053002444371
41	13.2609	13.4783	67	None	None	0	2	1.379158333512545
42	13.4783	13.6957	64	None	None	0	1	2.1555771202053076
43	13.6957	13.9130	67	None	None	0	2	2.882610170868481
44	13.9130	14.7826	69	None	None	0	3	3.335521129772591
45	15.0000	15.2174	67	None	None	0	2	3.3978052741995914
46	15.2174	15.4348	64	None	None	0	1	3.6487348241017425
47	15.4348	15.6522	67	None	None	0	4	2.8105838673720083
48	15.6522	15.8696	69	None	None	0	5	2.7710440217533976
49	15.8696	16.0870	65	None	None	0	3	2.5122377595224794
50	16.0870	16.3043	64	None	None	0	2	2.512237759522479
51	16.3043	16.5217	65	None	None	0	3	2.512237759522482
52	16.5217	17.3913	69	None	None	0	5	2.116839303336352
53	17.6087	17.8261	65	None	None	0	3	2.0476346984174625
54	17.8261	18.0435	64	None	None	0	2	2.0476346984174594
55	18.0435	18.2609	65	None	None	0	3	2.047634698417462
56	18.2609	18.4783	67	None	None	0	4	2.0476346984174585
57	18.4783	18.6957	65	None	None	0	3	2.1093222158902014
58	18.6957	18.9130	64	None	None	0	2	2.0240536792517987
59	18.9130	19.1304	65	None	None	0	3	2.3346211939289017
60	19.1304	20.0000	67	None	None	0	4	2.7145475366120904
61	20.2174	20.4348	65	None	None	0	3	2.6986672528746634
62	20.4348	20.6522	64	None	None	0	1	2.7273328772227936
63	20.6522	20.8696	65	None	None	0	2	2.061188063132767
64	20.8696	21.0870	67	None	None	0	3	2.842451653043632
65	21.0870	21.3043	70	None	None	0	4	2.63680770333168
66	21.3043	21.5217	67	None	None	0	2	2.3521208148776753
67	21.5217	21.7391	64	None	None	0	1	2.4815239459931355
68	21.7391	22.6087	70	None	None	0	3	3.342577608844757
69	22.8261	23.0435	67	None	None	0	2	3.4766239196767836
70	23.0435	23.2609	64	None	None	0	1	4.191716874667
71	23.2609	23.4783	69	None	None	0	3	4.647440945117094
72	23.4783	24.3478	70	None	None	0	4	4.647440945117094
73	24.5652	24.7826	67	None	None	0	3	4.891074547957966
74	24.7826	25.0000	66	None	None	0	2	4.891074547957965
75	25.0000	25.2174	69	None	None	0	3	5.408687072419805
76	25.2174	26.0870	70	None	None	0	4	5.408687072419793
77	26.3043	26.5217	69	None	None	0	3	5.513911465422884
78	26.5217	26.7391	68	None	None	0	2	5.5139114654228765
79	26.7391	26.9565	69	None	None	0	3	6.065281328436588
80	26.9565	27.6087	70	None	None	0	5	5.006433071534584
81	27.6087	27.8261	69	None	None	0	4	4.9713231990692215
82	27.8261	28.0435	68	None	None	0	3	6.359703301834361
83	28.0435	28.2609	69	None	None	0	4	6.759790277263806
84	28.2609	28.6957	70	None	None	0	5	5.459690682631428
85	28.9130	29.1304	69	None	None	0	4	6.456430125234556
86	29.1304	29.3478	68	None	None	0	3	7.13720311936371
87	29.3478	29.5652	67	None	None	0	2	6.567369015111796
88	29.5652	30.2174	70	None	None	0	5	3.8206087791595342
89	30.2174	30.4348	69	None	None	0	4	3.50917277274004
90	30.4348	30.6522	68	None	None	0	3	3.5373038881999204
91	30.6522	30.8696	67	None	None	0	2	3.2897500721529616
92	30.8696	31.3043	71	None	None	0	4	2.820273011922476
93	31.5217	31.7391	70	None	None	0	3	2.710415831722091
94	31.7391	31.9565	64	None	None	0	1	2.731736353855965
95	31.9565	32.1739	70	None	None	0	4	1.8294545777300117
96	32.1739	33.0435	71	None	None	0	5	1.0249046755773663
97	33.2609	33.4783	68	None	None	0	4	1.024904675577366
98	33.4783	33.6957	64	None	None	0	2	1.0249046755773663
99	33.6957	33.9130	68	None	None	0	4	0.9716118401783765
100	33.9130	34.7826	71	None	None	0	5	0.9965391341553275
101	35.0000	35.2174	66	None	None	0	3	1.0784989470104378
102	35.2174	35.4348	64	None	None	0	2	0.9918551113940023
103	35.4348	35.6522	66	None	None	0	3	1.0928003514659448
104	35.6522	36.5217	71	None	None	0	5	1.0664977585109492
105	36.7391	36.9565	68	None	None	0	4	1.0926750380517356
106	36.9565	37.1739	64	None	None	0	2	1.2367376060012967
107	37.1739	37.3913	71	None	None	0	5	1.2491152968036339
108	37.3913	37.6087	68	None	None	0	4	1.0390145287930022
109	37.6087	37.8261	64	None	None	0	2	1.1830770967425572
110	37.8261	38.0435	71	None	None	0	5	1.2233926445286536
111	38.0435	38.2609	68	None	None	0	4	1.2233926445286594
112	38.2609	38.4783	64	None	None	0	2	1.251330501512418
113	38.4783	38.6957	71	None	None	0	5	1.4077707602643128
114	38.6957	38.9130	68	None	None	0	4	1.2916460492985125
115	38.9130	39.1304	64	None	None	0	2	1.2916460492985125
116	39.5652	39.7826	71	None	None	0	5	1.2916460492985125
117	39.7826	40.0000	68	None	None	0	4	1.2916460492985125
118	40.2174	40.4348	71	None	None	0	5	1.2916460492985125
119	40.4348	40.6522	68	None	None	0	4	1.2916460492985125
120	40.8696	41.0870	71	None	None	0	5	1.2916460492985125
121	41.0870	41.3043	68	None	None	0	4	1.2916460492985125
122	41.5217	41.7391	71	None	None	0	5	1.2916460492985125
123	41.7391	44.3478	68	None	None	0	0	1.2916460492985125
