0	0.0000	0.4167	59	None	None	1	-5	4.193323209049019
1	0.4167	0.8333	62	None	None	1	-4	4.071971442535958
2	0.8333	1.2500	64	None	None	1	-3	4.087870060047479
3	1.2500	1.6667	65	None	None	1	-2	4.193323209049019
4	1.6667	2.0833	66	None	None	1	-1	3.9919599217986352
5	2.0833	2.5000	63	None	None	1	-2	4.193323209049023
6	2.5000	2.9167	61	None	None	1	-3	4.193323209049023
7	2.9167	3.3333	60	None	None	1	-4	4.193323209049024
8	3.3333	3.7500	59	None	None	1	-5	4.193323209049024
9	3.7500	4.1667	62	None	None	1	-4	4.071971442535961
10	4.1667	4.5833	64	None	None	1	-3	4.087870060047482
11	4.5833	5.0000	65	None	None	1	-2	4.193323209049024
12	5.0000	5.4167	66	None	None	1	-1	3.991959921798632
13	5.4167	5.8333	63	None	None	1	-2	4.1933232090490185
14	5.8333	6.2500	61	None	None	1	-3	4.1933232090490185
15	6.2500	6.6667	60	None	None	1	-4	4.1933232090490185
16	6.6667	7.0833	59	None	None	1	-5	4.1933232090490185
17	7.0833	7.5000	62	None	None	1	-4	4.071971442535957
18	7.5000	7.9167	64	None	None	1	-3	4.087870060047477
19	7.9167	8.3333	65	None	None	1	-2	4.193323209049018
20	8.3333	8.7500	66	None	None	1	-1	3.991959921798629
21	8.7500	9.1667	63	None	None	1	-2	4.193323209049014
22	9.1667	9.5833	61	None	None	1	-3	4.149020737327185
23	9.5833	10.0000	60	None	None	1	-4	3.8127688172042964
24	10.0000	10.4167	59	None	None	1	-5	4.163156332914397
25	10.4167	10.8333	62	None	None	1	-3	3.916612554112556
26	10.8333	11.2500	64	None	None	1	-2	3.9983236430817115
27	11.2500	11.6667	65	None	None	1	-1	3.723182329604151
28	11.6667	12.0833	66	None	None	1	-2	4.384845839656745
29	12.0833	12.5000	63	None	None	1	-3	4.3073369192112265
30	12.5000	12.9167	60	None	None	1	-4	4.376478665438627
31	12.9167	13.3333	62	None	None	1	-3	4.756901357318494
32	13.3333	13.9583	63	None	None	1	-1	5.9532079045010295
33	13.9583	14.1667	60	None	None	1	-2	5.790087659656179
34	14.1667	14.7917	58	None	None	1	-3	5.786885885227988
35	14.7917	15.0000	56	None	None	1	-4	5.863048994149717
36	15.0000	15.6250	55	None	None	1	-5	5.199433962862261
37	15.6250	15.8333	59	None	None	1	-2	5.267530754234904
38	15.8333	16.4583	61	None	None	1	-1	6.753245039949194
39	16.4583	16.6667	62	None	None	1	-3	4.707199610283078
40	16.6667	18.3333	63	None	None	1	-2	4.637122390205851
41	18.3333	18.7500	56	None	None	1	-5	4.895070221257598
42	20.0000	20.6250	57	None	None	1	-4	6.045244910638996
43	20.6250	20.8333	60	None	None	1	-2	5.867412398323723
44	20.8333	21.4583	62	None	None	1	-1	5.7660610469723785
45	21.4583	21.6667	64	None	None	1	-3	3.6760042413983376
46	21.6667	22.2917	65	None	None	1	-2	3.789968205362305
47	22.2917	22.5000	58	None	None	1	-5	3.9948596603769144
48	22.5000	23.1250	59	None	None	1	-4	3.17052153886898
49	23.1250	23.3333	62	None	None	1	-3	3.112478223263962
50	23.3333	23.9583	63	None	None	1	-1	2.699971678663947
51	23.9583	24.1667	60	None	None	1	-2	2.6879106584827928
52	24.1667	24.7917	57	None	None	1	-3	2.1767126150266813
53	24.7917	25.0000	58	None	None	1	-2	2.000188717760482
54	25.0000	51.6667	56	None	None	1	-5	1.7311074421535315
55	25.0000	51.6667	62	None	None	1	-2	1.8408928035518
56	26.6667	27.2917	56	None	None	1	-5	2.537278288664893
57	27.2917	27.5000	63	None	None	1	-1	2.8736836469107088
58	27.5000	27.9167	57	None	None	1	-3	2.8736836469107088
59	27.9167	28.3333	59	None	None	1	-2	2.8736836469107088
60	28.3333	30.0000	56	None	None	1	-3	2.8736836469107088
61	30.4167	30.8333	64	None	None	1	-1	2.8736836469107088
62	30.8333	31.2500	58	None	None	1	-2	2.8736836469107088
63	31.2500	31.6667	57	None	None	1	-3	2.8736836469107088
64	31.6667	32.5000	56	None	None	1	-4	2.8736836469107088
65	32.5000	33.3333	55	None	None	1	-5	2.8736836469107088
66	33.3333	35.0000	60	None	None	1	0	2.8736836469107088
