0	0.0000	0.6250	67	None	None	0	1	3.4306176770462553
1	0.6250	0.8333	71	None	None	0	2	3.45479278625715
2	0.8333	1.4583	72	None	None	0	3	3.228814786694247
3	1.4583	1.6667	74	None	None	0	4	3.1065925644720243
4	1.6667	2.2917	75	None	None	0	5	1.9964850079358865
5	2.2917	2.5000	72	None	None	0	4	2.0476618004919893
6	2.5000	3.1250	70	None	None	0	3	3.2714934707522336
7	3.1250	3.3333	68	None	None	0	2	3.234164516181897
8	3.3333	5.0000	67	None	None	0	1	2.1185099005272834
9	5.0000	5.4167	72	None	None	0	3	2.2027091755528447
10	6.6667	7.2917	67	None	None	0	1	3.430617677046257
11	7.2917	7.5000	71	None	None	0	2	3.4143615194107912
12	7.5000	8.1250	72	None	None	0	3	3.332600404715042
13	8.1250	8.3333	74	None	None	0	4	3.4831877977940913
14	8.3333	8.9583	75	None	None	0	5	2.2815557674754214
15	8.9583	9.1667	72	None	None	0	4	2.8840146884827362
16	9.1667	9.7917	70	None	None	0	3	3.229025388332144
17	9.7917	10.0000	68	None	None	0	2	3.127205906368056
18	10.0000	11.6667	67	None	None	0	1	2.0178523131434916
19	11.6667	12.0833	67	None	None	0	1	2.2121687493954103
20	13.3333	13.7500	78	None	None	0	5	2.848990314600917
21	13.7500	14.1667	75	None	None	0	4	2.5889009416083115
22	14.1667	14.5833	73	None	None	0	3	2.619252847766671
23	14.5833	15.0000	72	None	None	0	2	2.848990314600915
24	15.0000	15.4167	71	None	None	0	1	2.848990314600913
25	15.4167	15.8333	74	None	None	0	2	2.8489903146009135
26	15.8333	16.2500	76	None	None	0	3	2.848990314600913
27	16.2500	16.6667	77	None	None	0	4	2.8489903146009126
28	16.6667	17.0833	78	None	None	0	5	2.8489903146009175
29	17.0833	17.5000	75	None	None	0	4	2.5889009416083137
30	17.5000	17.9167	73	None	None	0	3	2.619252847766671
31	17.9167	18.3333	72	None	None	0	2	2.84899031460092
32	18.3333	18.7500	71	None	None	0	1	2.84899031460092
33	18.7500	19.1667	74	None	None	0	2	2.84899031460092
34	19.1667	19.5833	76	None	None	0	3	2.848990314600921
35	19.5833	20.0000	77	None	None	0	4	2.8489903146009214
36	20.0000	20.4167	78	None	None	0	5	2.248027510124289
37	20.4167	20.8333	75	None	None	0	4	1.7123674568885139
38	20.8333	21.2500	73	None	None	0	3	1.6573396599252277
39	21.2500	21.6667	72	None	None	0	2	1.4805678499776667
40	21.6667	22.0833	71	None	None	0	1	1.3435823104893443
41	22.0833	22.5000	74	None	None	0	2	1.3207712505815095
42	22.5000	22.9167	76	None	None	0	3	1.2864156173382195
43	22.9167	23.3333	77	None	None	0	4	1.1876590266461513
44	23.3333	25.0000	72	None	None	0	2	2.5643831824720853
45	25.4167	25.6250	79	None	None	0	4	2.8796912429102868
46	25.6250	26.2500	75	None	None	0	2	2.829369001366676
47	26.2500	26.6667	71	None	None	0	1	2.720980171064612
48	26.6667	28.3333	72	None	None	0	2	2.5532475363841822
49	28.3333	28.9583	72	None	None	0	2	2.5532475363841822
50	28.9583	29.1667	71	None	None	0	1	2.5532475363841822
51	29.1667	29.5833	77	None	None	0	4	2.5532475363841822
52	29.5833	30.0000	78	None	None	0	5	2.5532475363841822
53	30.0000	31.6667	72	None	None	0	2	2.5532475363841822
54	32.0833	32.5000	77	None	None	0	5	2.5532475363841822
55	32.5000	32.9167	75	None	None	0	4	2.5532475363841822
56	32.9167	33.3333	70	None	None	0	2	2.5532475363841822
57	33.3333	35.0000	72	None	None	0	0	2.5532475363841822
