0	0.0000	0.3947	81	None	None	0	5	1.9808821509005619
1	0.3947	0.7895	79	None	None	0	4	2.2583665311774963
2	0.7895	1.1842	78	None	None	0	3	2.1042505980108266
3	1.1842	1.5789	76	None	None	0	2	2.171746798618726
4	1.5789	2.3684	74	None	None	0	1	2.285443132517595
5	2.3684	2.7632	81	None	None	0	5	2.3997323751671105
6	2.7632	3.1579	79	None	None	0	4	3.0015864681781186
7	3.1579	3.5526	81	None	None	0	5	3.3450230183300973
8	3.5526	3.9474	79	None	None	0	4	3.418325881809015
9	3.9474	4.7368	78	None	None	0	3	3.3589070505722565
10	4.7368	5.1316	79	None	None	0	5	2.6498744454932104
11	5.1316	5.5263	77	None	None	0	4	2.6295814701470475
12	5.5263	5.9211	75	None	None	0	3	2.5387645102616743
13	5.9211	6.3158	74	None	None	0	2	2.0846742681486865
14	6.3158	6.7105	72	None	None	0	1	1.7678471827045783
15	6.7105	6.9079	74	None	None	0	2	1.3621480945586797
16	6.9079	7.1053	76	None	None	0	3	1.268552255733595
17	7.1053	7.5000	77	None	None	0	4	1.0969680474566756
18	7.5000	7.8947	76	None	None	0	3	0.930934612806221
19	7.8947	9.4737	74	None	None	0	2	0.9309346128062179
20	10.2632	10.6579	71	None	None	0	1	1.4463509095249716
21	11.8421	12.2368	81	None	None	0	5	2.0669940488680205
22	12.2368	12.6316	79	None	None	0	4	2.668161044265783
23	12.6316	13.0263	77	None	None	0	3	2.659167151270256
24	13.0263	13.4211	76	None	None	0	2	2.6425638078052103
25	13.4211	14.2105	77	None	None	0	5	1.577066559554281
26	14.2105	14.6053	77	None	None	0	5	1.9873375828572195
27	14.6053	15.0000	76	None	None	0	4	4.091490529496872
28	15.0000	15.3947	74	None	None	0	3	4.362197216426961
29	15.3947	15.7895	72	None	None	0	2	4.517178081238844
30	15.7895	16.5789	71	None	None	0	1	4.339495018746297
31	16.5789	16.9737	79	None	None	0	4	4.231741516643804
32	16.9737	17.3684	77	None	None	0	3	4.231741516643806
33	17.3684	17.7632	76	None	None	0	2	4.1506896920363365
34	17.7632	18.1579	74	None	None	0	1	3.6373144026155555
35	18.1579	18.5526	73	None	None	0	2	2.0114500409134304
36	18.5526	18.7500	74	None	None	0	3	1.6698674214052818
37	18.7500	18.9474	76	None	None	0	4	1.5859119703049886
38	18.9474	20.1316	78	None	None	0	5	1.844355861065011
39	20.1316	20.5263	76	None	None	0	4	2.060074048055266
40	20.5263	21.3158	74	None	None	0	3	2.152825527345202
41	21.3158	21.7105	72	None	None	0	2	2.254170327298843
42	22.8947	23.2895	69	None	None	0	1	2.4533969519345615
43	23.2895	23.6842	71	None	None	0	2	2.712542680996047
44	23.6842	24.0789	73	None	None	0	3	2.8095132431671
45	24.0789	24.4737	75	None	None	0	4	2.706790537385878
46	24.4737	25.2632	76	None	None	0	5	2.6400663521444057
47	25.2632	25.6579	67	None	None	0	1	2.603358098246096
48	25.6579	26.0526	69	None	None	0	2	3.7514163070858064
49	26.0526	26.4474	71	None	None	0	1	3.1816510554593593
50	26.4474	26.8421	73	None	None	0	3	2.5000173454705
51	26.8421	27.6316	74	None	None	0	4	2.4890101709301744
52	27.6316	28.0263	66	None	None	0	1	2.6183276392410955
53	28.0263	28.4211	68	None	None	0	2	2.904477498120822
54	28.4211	28.8158	69	None	None	0	3	2.7646402599816224
55	28.8158	29.2105	71	None	None	0	4	2.7277439411704076
56	29.2105	30.0000	72	None	None	0	5	2.6820847466415323
57	30.0000	30.3947	64	None	None	0	1	2.5831139547492983
58	30.3947	30.7895	66	None	None	0	2	2.6467764305034236
59	30.7895	31.1842	67	None	None	0	3	3.6373096518883976
60	31.1842	31.5789	69	None	None	0	4	3.9681733803585093
61	31.5789	32.3684	70	None	None	0	5	3.2763244333328867
62	32.3684	32.7632	69	None	None	0	4	3.1395282700944147
63	32.7632	33.1579	67	None	None	0	3	3.182841340003231
64	33.1579	33.5526	65	None	None	0	2	3.182841340003229
65	33.5526	33.7500	67	None	None	0	3	3.1828413400032316
66	33.7500	33.9474	69	None	None	0	4	3.1828413400032316
67	33.9474	34.3421	70	None	None	0	5	3.182841340003197
68	34.3421	34.7368	69	None	None	0	4	3.182841340003204
69	34.7368	35.5263	67	None	None	0	3	3.182841340003205
70	35.5263	35.9211	72	None	None	0	5	3.310586063569326
71	35.9211	36.3158	67	None	None	0	3	3.261157027770611
72	36.3158	36.7105	65	None	None	0	1	3.408883114234029
73	36.7105	36.9079	67	None	None	0	2	3.3569074303434507
74	36.9079	37.1053	69	None	None	0	3	3.4827561949236885
75	37.1053	37.5000	70	None	None	0	5	2.374073320523817
76	37.5000	37.8947	69	None	None	0	4	1.8892050513103464
77	37.8947	38.2895	67	None	None	0	3	1.9058083947753923
78	38.2895	38.6842	72	None	None	0	5	2.347429282803565
79	38.6842	39.0789	70	None	None	0	4	2.436561966018689
80	39.0789	39.4737	69	None	None	0	3	2.66514904342731
81	39.4737	40.2632	67	None	None	0	2	2.6935341494106155
82	40.2632	41.0526	65	None	None	0	1	2.5704720641963186
83	41.0526	42.6316	67	None	None	0	4	1.8716428797450624
84	42.6316	43.0263	69	None	None	0	5	1.980882150900568
85	43.0263	43.4211	67	None	None	0	4	2.2583665311774967
86	43.4211	43.8158	66	None	None	0	3	1.9195506825416806
87	43.8158	44.2105	64	None	None	0	2	1.987046883149582
88	44.2105	45.0000	62	None	None	0	1	1.9848779073717584
89	45.0000	45.3947	69	None	None	0	5	1.9707775477159561
90	45.3947	45.7895	67	None	None	0	4	2.3606159411601264
91	45.7895	46.1842	69	None	None	0	5	2.2126242795892925
92	46.1842	46.5789	67	None	None	0	4	2.192331304243123
93	46.5789	47.3684	66	None	None	0	3	2.315051668984772
94	47.3684	47.7632	69	None	None	0	5	2.51886716665768
95	47.7632	48.1579	67	None	None	0	4	3.1323028762472274
96	48.1579	48.5526	65	None	None	0	3	3.538001964393128
97	48.5526	48.9474	64	None	None	0	2	3.6315978032182152
98	48.9474	49.7368	62	None	None	0	1	3.449458607239802
99	49.7368	50.1316	67	None	None	0	5	2.4229730224481627
100	50.1316	50.5263	65	None	None	0	4	2.4229730224481627
101	50.5263	50.9211	64	None	None	0	3	2.4229730224481627
102	50.9211	51.3158	62	None	None	0	2	2.4229730224481627
103	51.3158	51.7105	60	None	None	0	1	2.4229730224481627
104	51.7105	51.9079	62	None	None	0	2	2.4229730224481627
105	51.9079	52.1053	64	None	None	0	3	2.4229730224481627
106	52.1053	52.5000	65	None	None	0	4	2.4229730224481627
107	52.5000	52.8947	64	None	None	0	3	2.4229730224481627
108	52.8947	54.4737	62	None	None	0	0	2.4229730224481627
