0	0.2632	0.7895	62	None	None	0	2	1.392612405846264
1	0.2632	0.7895	65	None	None	0	4	1.5540834328900692
2	0.7895	1.8421	64	None	None	0	3	1.6823656999031598
3	0.7895	1.8421	69	None	None	0	5	1.6571014275275426
4	1.3158	2.8947	62	None	None	0	2	1.693326750990263
5	1.3158	2.8947	65	None	None	0	4	1.5628870751199082
6	1.5789	3.4211	64	None	None	0	3	1.6933267509902632
7	1.5789	3.4211	69	None	None	0	5	1.4454490129385156
8	2.1053	4.4737	62	None	None	0	2	1.6340044351073846
9	2.1053	4.4737	65	None	None	0	4	1.5898645569338898
10	2.6316	5.5263	64	None	None	0	3	1.6849025721399717
11	2.6316	5.5263	69	None	None	0	5	1.5446263893685328
12	3.1579	6.5789	62	None	None	0	2	1.728534062026637
13	3.1579	6.5789	65	None	None	0	4	1.6931358447687233
14	3.4211	3.6842	64	None	None	0	3	1.631144200284836
15	3.9474	4.2105	62	None	None	0	2	1.8276373627672167
16	4.2105	4.4737	64	None	None	0	3	2.1128340501378124
17	4.4737	4.7368	65	None	None	0	4	2.1040923892222416
18	4.7368	5.5263	64	None	None	0	2	1.8365025146118181
19	5.7895	11.8421	65	None	None	0	3	2.0191994058835236
20	5.7895	11.8421	69	None	None	0	5	2.085524223481795
21	6.0526	12.3684	64	None	None	0	3	2.12430350717023
22	6.0526	12.3684	68	None	None	0	5	2.18226689598173
23	6.3158	12.8947	62	None	None	0	2	1.8739594425655839
24	6.3158	12.8947	65	None	None	0	4	1.3505524952455936
25	6.5789	7.3684	64	None	None	0	3	1.1568154352041886
26	7.3684	15.2632	64	None	None	0	1	0.20259073014336423
27	7.3684	15.2632	67	None	None	0	2	0.22179393496529884
28	7.8947	16.0526	64	None	None	0	1	0.23419019781826653
29	7.8947	16.0526	67	None	None	0	2	0.24782608695653102
30	8.1579	16.5789	64	None	None	0	1	0.24782608695653108
31	8.1579	16.5789	67	None	None	0	2	0.24782608695653116
32	8.4211	17.1053	64	None	None	0	1	0.23542982410356345
33	8.4211	17.1053	67	None	None	0	2	0.22179393496529892
34	8.6842	17.6316	64	None	None	0	1	0.20939767211233123
35	8.6842	17.6316	67	None	None	0	2	0.19576178297406682
36	8.9474	18.1579	64	None	None	0	1	0.9379673608573899
37	8.9474	18.1579	67	None	None	0	2	1.6135884788698105
38	9.2105	18.6842	64	None	None	0	1	1.6165387894288166
39	9.2105	18.6842	67	None	None	0	2	2.292159907441237
40	9.7368	19.7368	64	None	None	0	1	2.3075064808532115
41	9.7368	19.7368	67	None	None	0	4	2.4360184807993965
42	10.2632	20.7895	64	None	None	0	2	2.1607332779608672
43	10.2632	20.7895	67	None	None	0	4	2.3681269337623747
44	10.5263	10.7895	65	None	None	0	3	2.3907459813814222
45	10.7895	21.8421	64	None	None	0	1	2.456951131365848
46	10.7895	21.8421	67	None	None	0	3	2.3907459813814222
47	11.0526	22.6316	65	None	None	0	1	2.4569511313658485
48	11.0526	22.6316	69	None	None	0	4	2.1807178792964725
49	11.8421	23.9474	64	None	None	0	2	2.065882714461306
50	11.8421	23.9474	67	None	None	0	4	1.8696414789224143
51	12.1053	12.3684	65	None	None	0	3	1.6759044188810093
52	12.3684	25.0000	64	None	None	0	1	1.1908780183027745
53	12.3684	25.0000	67	None	None	0	3	0.977664253249542
54	12.6316	25.7895	65	None	None	0	1	0.5123065897313478
55	12.6316	25.7895	69	None	None	0	3	0.279424087618074
56	13.4211	27.1053	64	None	None	0	1	0.22862288213459656
57	13.4211	27.1053	67	None	None	0	2	0.24782608695653116
58	13.6842	27.6316	64	None	None	0	1	0.24782608695653116
59	13.6842	27.6316	67	None	None	0	2	0.24782608695653116
60	13.9474	28.1579	64	None	None	0	1	0.24782608695653102
61	13.9474	28.1579	67	None	None	0	2	0.24782608695653086
62	14.2105	28.6842	64	None	None	0	1	1.368944099378885
63	14.2105	28.6842	67	None	None	0	2	2.044565217391306
64	14.4737	29.2105	64	None	None	0	1	2.047515527950312
65	14.4737	29.2105	67	None	None	0	2	2.723136645962733
66	14.7368	29.7368	64	None	None	0	1	2.726086956521739
67	14.7368	29.7368	67	None	None	0	2	2.8066057150967487
68	15.0000	30.2632	64	None	None	0	2	2.354872420863332
69	15.0000	30.2632	67	None	None	0	4	1.9986497385536994
70	15.2632	15.5263	65	None	None	0	3	2.2074019566982175
71	15.5263	31.3158	64	None	None	0	1	1.781160734467739
72	15.5263	31.3158	67	None	None	0	4	1.8941659044434984
73	15.7895	32.1053	65	None	None	0	1	1.5156327841571842
74	15.7895	32.1053	69	None	None	0	5	1.5209516187292254
75	20.5263	41.3158	62	None	None	0	2	1.7648878330408504
76	20.5263	41.3158	67	None	None	0	4	1.9649068322981544
77	20.7895	41.8421	62	None	None	0	2	1.9000000000000203
78	20.7895	41.8421	64	None	None	0	3	1.9000000000000203
79	21.0526	42.3684	62	None	None	0	2	1.9000000000000203
80	21.0526	42.3684	64	None	None	0	3	1.9000000000000203
81	21.3158	42.8947	62	None	None	0	2	1.9000000000000203
82	21.3158	42.8947	64	None	None	0	3	1.9000000000000203
83	21.5789	43.4211	62	None	None	0	2	1.9000000000000203
84	21.5789	43.4211	64	None	None	0	3	1.6738095238095418
85	21.8421	43.9474	62	None	None	0	2	1.651190476190496
86	21.8421	43.9474	64	None	None	0	3	1.673809523809544
87	22.1053	44.4737	62	None	None	0	2	1.936387163561092
88	22.1053	44.4737	64	None	None	0	3	2.24933862433864
89	22.3684	45.0000	62	None	None	0	2	2.3491028295376255
90	22.3684	45.0000	64	None	None	0	3	2.4366287094548076
91	22.6316	22.8947	62	None	None	0	2	2.4140096618357596
92	22.8947	46.0526	62	None	None	0	2	2.662819185645286
93	22.8947	46.0526	64	None	None	0	3	2.662819185645284
94	23.1579	46.5789	62	None	None	0	1	2.520548654244307
95	23.1579	46.5789	65	None	None	0	4	2.336099608925709
96	23.4211	47.1053	62	None	None	0	2	2.0872900851161873
97	23.4211	47.1053	67	None	None	0	4	1.9408305351126114
98	23.6842	47.6316	62	None	None	0	2	1.8074488128584907
99	23.6842	47.6316	64	None	None	0	3	1.8664550240386166
100	23.9474	48.1579	62	None	None	0	2	2.009790945363672
101	23.9474	48.1579	64	None	None	0	3	2.068797156543801
102	24.2105	48.6842	62	None	None	0	2	2.2121330778688604
103	24.2105	48.6842	64	None	None	0	3	2.2711392890489868
104	24.4737	25.0000	62	None	None	0	1	1.800532386867773
105	25.0000	50.2632	67	None	None	0	2	1.5600862083963838
106	25.0000	50.2632	69	None	None	0	3	1.6551242236024652
107	25.2632	50.7895	64	None	None	0	1	1.6551242236024652
108	25.2632	50.7895	69	None	None	0	3	1.6551242236024657
109	25.5263	51.3158	64	None	None	0	1	1.655124223602464
110	25.5263	51.3158	69	None	None	0	3	1.6551242236024617
111	25.7895	51.8421	64	None	None	0	1	1.6551242236024617
112	25.7895	51.8421	69	None	None	0	3	1.6551242236024617
113	26.0526	52.3684	67	None	None	0	2	1.947204968944078
114	26.0526	52.3684	69	None	None	0	5	2.178066770186373
115	26.3158	52.8947	64	None	None	0	3	2.1780667701863736
116	26.3158	52.8947	69	None	None	0	5	2.1780667701863736
117	26.5789	53.4211	64	None	None	0	3	2.345251035196717
118	26.5789	53.4211	69	None	None	0	5	2.575129399585939
119	26.8421	53.9474	64	None	None	0	3	2.5191281343455474
120	26.8421	53.9474	69	None	None	0	5	2.403437715665992
121	27.1053	54.4737	62	None	None	0	2	2.6522472394755185
122	27.1053	54.4737	69	None	None	0	3	2.3356625258799104
123	27.3684	55.0000	64	None	None	0	1	2.3356625258799104
124	27.3684	55.0000	69	None	None	0	2	1.88623188405797
125	27.6316	55.5263	65	None	None	0	2	1.9698240165631349
126	27.6316	55.5263	69	None	None	0	3	1.6551242236024666
127	27.8947	56.0526	67	None	None	0	2	1.9472049689440802
128	27.8947	56.0526	69	None	None	0	5	2.178066770186373
129	28.1579	56.5789	64	None	None	0	3	1.9305051368373785
130	28.1579	56.5789	69	None	None	0	5	1.9305051368373785
131	28.4211	57.1053	64	None	None	0	3	1.9305051368373785
132	28.4211	57.1053	69	None	None	0	5	1.9305051368373785
133	28.6842	57.6316	64	None	None	0	3	1.9305051368373785
134	28.6842	57.6316	69	None	None	0	5	1.9305051368373785
135	28.9474	58.4211	62	None	None	0	2	1.9305051368373785
136	28.9474	58.4211	69	None	None	0	5	1.9305051368373785
137	29.4737	59.4737	62	None	None	0	2	1.9305051368373785
138	29.4737	59.4737	69	None	None	0	0	1.9305051368373785
