0	0.5556	1.3889	44	None	None	1	-5	2.256989491341082
1	0.5556	1.3889	50	None	None	1	-3	2.6093599939975896
2	0.8333	1.9444	45	None	None	1	-5	2.5674744897959094
3	0.8333	1.9444	48	None	None	1	-3	2.610961884753893
4	1.1111	2.5000	44	None	None	1	-3	2.517152883880824
5	1.1111	2.5000	50	None	None	1	-2	2.6241971788715395
6	1.3889	3.0556	45	None	None	1	0	-1
7	1.3889	3.0556	48	None	None	1	0	-1
8	1.6667	3.6111	44	None	None	1	0	-1
9	1.6667	3.6111	50	None	None	1	0	-1
10	1.9444	4.1667	45	None	None	1	0	-1
11	1.9444	4.1667	48	None	None	1	0	-1
12	2.2222	4.7222	44	None	None	1	0	-1
13	2.2222	4.7222	50	None	None	1	-5	3.316804942315911
14	2.7778	3.3333	67	None	None	1	-1	1.932366739068508
15	3.3333	3.8889	67	None	None	1	-2	1.4928994267198379
16	3.8889	4.4444	67	None	None	1	-2	7.0417039061387285
17	4.4444	5.0000	62	None	None	1	-4	7.037375818971658
18	5.0000	5.2778	64	None	None	1	-3	7.247157189146844
19	5.2778	5.5556	65	None	None	1	-1	7.402203211793196
20	5.5556	5.8333	64	None	None	1	-2	6.77623157313773
21	5.8333	6.1111	62	None	None	1	-1	6.34986653559729
22	6.1111	6.6667	60	None	None	1	-2	5.936211073412414
23	6.6667	7.2222	62	None	None	1	-1	6.022320601969601
24	7.2222	14.7222	44	None	None	1	-5	2.437083011170563
25	7.2222	14.7222	50	None	None	1	-3	2.6093599939975904
26	7.5000	15.2778	45	None	None	1	-5	2.5674744897959108
27	7.5000	15.2778	48	None	None	1	-3	2.6109618847538956
28	7.7778	15.8333	44	None	None	1	-3	2.5171528838808266
29	7.7778	15.8333	50	None	None	1	-2	2.6241971788715426
30	8.0556	16.3889	45	None	None	1	-5	4.058917126172497
31	8.0556	16.3889	48	None	None	1	-3	3.6240431765926626
32	8.3333	16.9444	44	None	None	1	-5	3.4661987888375645
33	8.3333	16.9444	50	None	None	1	-3	3.232746912324246
34	8.6111	17.5000	45	None	None	1	-5	2.9936103042912054
35	8.6111	17.5000	48	None	None	1	-3	3.2394086236189366
36	8.8889	18.0556	44	None	None	1	-5	3.5217347956131566
37	8.8889	18.0556	50	None	None	1	-4	2.9571117006124497
38	9.4444	10.0000	62	None	None	1	-1	2.185911907135733
39	10.0000	10.5556	62	None	None	1	-2	1.746444594787067
40	10.5556	11.1111	62	None	None	1	-2	1.9086333234895576
41	11.1111	11.6667	57	None	None	1	-4	1.7671395544689645
42	11.6667	11.9444	59	None	None	1	-3	1.8309125212828066
43	11.9444	12.2222	60	None	None	1	-2	2.132488151534906
44	12.2222	12.5000	59	None	None	1	-3	2.037819033887847
45	12.5000	12.7778	55	None	None	1	-4	2.083490825331708
46	12.7778	13.3333	57	None	None	1	-3	2.0551294807938922
47	13.3333	13.8889	55	None	None	1	-4	2.4427380835570283
48	14.4444	29.1667	56	None	None	1	-3	2.4033172119973916
49	14.4444	29.1667	62	None	None	1	-2	2.6241971788715386
50	14.7222	29.7222	57	None	None	1	-2	2.816326669342633
51	14.7222	29.7222	60	None	None	1	-1	3.03857065168133
52	15.0000	30.2778	56	None	None	1	-3	2.697543408734844
53	15.0000	30.2778	62	None	None	1	-1	2.8310780726003837
54	15.2778	30.8333	57	None	None	1	-2	2.285699921339878
55	15.2778	30.8333	60	None	None	1	-1	2.933283954953322
56	15.5556	31.3889	56	None	None	1	-3	2.7048653147699775
57	15.5556	31.3889	62	None	None	1	-1	2.71321348454636
58	16.1111	16.6667	50	None	None	1	-4	7.890839980059827
59	16.6667	17.2222	53	None	None	1	-1	6.9629023643355765
60	17.2222	17.5000	52	None	None	1	-2	6.952591333143438
61	17.5000	17.7778	50	None	None	1	-3	6.97360451114192
62	17.7778	18.0556	52	None	None	1	-1	5.555537284251166
63	18.0556	18.3333	48	None	None	1	-2	6.065096107780574
64	18.3333	18.8889	50	None	None	1	-1	5.507191696015864
65	18.8889	19.4444	55	None	None	1	-3	2.3129047921171653
66	19.4444	39.1667	57	None	None	1	-2	2.364147492587183
67	19.4444	39.1667	60	None	None	1	-1	2.888559969442328
68	19.7222	39.7222	56	None	None	1	-3	2.517152883880825
69	19.7222	39.7222	62	None	None	1	-2	2.624197178871536
70	20.0000	40.2778	57	None	None	1	-2	2.3761650114591344
71	20.0000	40.2778	60	None	None	1	-1	2.888559969442329
72	20.2778	40.8333	56	None	None	1	-3	4.818743202211553
73	20.2778	40.8333	62	None	None	1	-1	4.811292340510938
74	20.5556	41.3889	57	None	None	1	-2	4.153305586487294
75	20.5556	41.3889	60	None	None	1	-1	4.423920082285613
76	20.8333	41.9444	56	None	None	1	-3	4.195501442102268
77	20.8333	41.9444	62	None	None	1	-1	4.706005643782941
78	21.1111	42.5000	57	None	None	1	-2	4.264866561031188
79	21.1111	42.5000	60	None	None	1	-1	4.389652916251239
80	21.6667	22.2222	43	None	None	1	0	-1
81	22.2222	22.7778	48	None	None	1	0	-1
82	22.7778	23.0556	47	None	None	1	0	-1
83	23.0556	23.3333	45	None	None	1	0	-1
84	23.3333	23.6111	47	None	None	1	0	-1
85	23.6111	23.8889	43	None	None	1	0	-1
86	23.8889	24.4444	41	None	None	1	0	-1
87	24.4444	25.0000	43	None	None	1	0	-1
88	25.0000	50.2778	56	None	None	1	-3	5.904894569538154
89	25.0000	50.2778	62	None	None	1	0	-1
90	25.2778	50.8333	57	None	None	1	0	-1
91	25.2778	50.8333	60	None	None	1	0	-1
92	25.5556	51.6667	56	None	None	1	0	-1
93	25.5556	51.6667	62	None	None	1	0	-1
94	26.1111	26.3889	41	None	None	1	0	-1
95	26.3889	26.6667	47	None	None	1	0	-1
96	26.6667	27.2222	43	None	None	1	0	-1
97	27.2222	54.7222	57	None	None	1	0	-1
98	27.2222	54.7222	60	None	None	1	0	-1
99	27.5000	55.2778	56	None	None	1	0	-1
100	27.5000	55.2778	62	None	None	1	0	-1
101	27.7778	56.1111	57	None	None	1	0	-1
102	27.7778	56.1111	60	None	None	1	0	-1
103	28.3333	28.6111	47	None	None	1	0	-1
104	28.6111	28.8889	41	None	None	1	0	-1
105	28.8889	29.4444	43	None	None	1	0	-1
106	29.4444	59.1667	56	None	None	1	-3	1.804410793593251
107	29.4444	59.1667	62	None	None	1	-1	1.8745129870129928
108	29.7222	59.7222	57	None	None	1	-2	1.2524541634835815
109	29.7222	59.7222	60	None	None	1	-1	1.764849121466771
110	30.0000	60.2778	57	None	None	1	-2	1.8745129870129926
111	30.0000	60.2778	60	None	None	1	-1	1.8745129870129924
112	30.2778	60.8333	56	None	None	1	-3	1.8015040106951963
113	30.2778	60.8333	62	None	None	1	-1	1.8745129870129986
114	30.5556	61.3889	56	None	None	1	-3	1.8745129870129986
115	30.5556	61.3889	62	None	None	1	-1	1.8745129870129986
116	30.8333	61.9444	57	None	None	1	-2	1.252454163483587
117	30.8333	61.9444	60	None	None	1	-1	1.7648491214667767
118	31.1111	62.5000	57	None	None	1	-2	1.8564194996180363
119	31.1111	62.5000	60	None	None	1	-1	2.4745702826585374
120	31.3889	63.0556	56	None	None	1	-3	2.1694709702062793
121	31.3889	63.0556	62	None	None	1	-1	2.5447860962566926
122	31.6667	63.6111	56	None	None	1	-3	2.5171528838808293
123	31.6667	63.6111	62	None	None	1	-2	2.6241971788715404
124	31.9444	64.1667	57	None	None	1	-2	2.376165011459139
125	31.9444	64.1667	60	None	None	1	-1	2.888559969442328
126	32.2222	64.7222	56	None	None	1	-3	2.517152883880825
127	32.2222	64.7222	62	None	None	1	-2	2.624197178871536
128	32.5000	65.2778	57	None	None	1	-2	5.063602698398309
129	32.5000	65.2778	60	None	None	1	-1	5.035241353860494
130	32.7778	65.8333	56	None	None	1	-3	5.3658999462651025
131	32.7778	65.8333	62	None	None	1	-1	5.358449084564485
132	33.0556	66.3889	57	None	None	1	-2	4.685147560565055
133	33.0556	66.3889	60	None	None	1	-1	4.849885489634988
134	33.3333	67.2222	56	None	None	1	0	-1
135	33.3333	67.2222	62	None	None	1	0	-1
136	33.8889	34.4444	43	None	None	1	0	-1
137	34.4444	35.0000	43	None	None	1	0	-1
138	35.0000	70.5556	41	None	None	1	0	-1
139	35.0000	70.5556	47	None	None	1	0	-1
140	35.0000	70.5556	48	None	None	1	0	-1
141	35.5556	36.6667	43	None	None	1	0	-1
142	36.6667	74.4444	55	None	None	1	0	-1
143	36.6667	74.4444	57	None	None	1	0	-1
144	36.6667	74.4444	60	None	None	1	0	-1
145	36.6667	74.4444	62	None	None	1	0	-1
146	37.7778	77.7778	55	None	None	1	0	-1
147	37.7778	77.7778	59	None	None	1	0	-1
148	37.7778	77.7778	62	None	None	1	0	-1
