0	0.5556	1.3889	60	None	None	0	1	2.377512572685847
1	0.5556	1.3889	67	None	None	0	4	2.4672268907563097
2	0.8333	1.9444	62	None	None	0	2	2.439810924369755
3	0.8333	1.9444	65	None	None	0	3	2.4069327731092383
4	1.1111	2.5000	60	None	None	0	2	2.4788340336134524
5	1.1111	2.5000	67	None	None	0	4	2.4672268907563097
6	1.3889	3.0556	62	None	None	0	2	5.479772290272039
7	1.3889	3.0556	65	None	None	0	3	4.988175651616578
8	1.6667	3.6111	60	None	None	0	2	4.79768195413759
9	1.6667	3.6111	67	None	None	0	3	4.437132352941174
10	1.9444	4.1667	62	None	None	0	2	4.313284254379721
11	1.9444	4.1667	65	None	None	0	3	4.1206634560603925
12	2.2222	4.7222	60	None	None	0	1	4.197344128329297
13	2.2222	4.7222	67	None	None	0	2	2.823709674547786
14	2.7778	3.3333	79	None	None	0	5	1.3324878044438095
15	3.3333	3.8889	79	None	None	0	5	1.4577904678820652
16	3.8889	4.4444	79	None	None	0	5	3.8392220659450196
17	4.4444	5.0000	74	None	None	0	3	3.9675513637658426
18	5.0000	5.2778	76	None	None	0	4	4.016796485543367
19	5.2778	5.5556	77	None	None	0	5	3.7490181241988276
20	5.5556	5.8333	76	None	None	0	4	4.220656779661011
21	5.8333	6.1111	74	None	None	0	3	4.24489210938613
22	6.1111	6.6667	72	None	None	0	2	4.2798711009827715
23	6.6667	7.2222	74	None	None	0	5	2.863758723828507
24	7.2222	14.7222	60	None	None	0	1	2.645248184019378
25	7.2222	14.7222	67	None	None	0	4	2.46722689075631
26	7.5000	15.2778	62	None	None	0	2	2.4398109243697568
27	7.5000	15.2778	65	None	None	0	3	2.4069327731092356
28	7.7778	15.8333	60	None	None	0	2	2.4788340336134556
29	7.7778	15.8333	67	None	None	0	4	2.467226890756313
30	8.0556	16.3889	62	None	None	0	2	3.4573119925936417
31	8.0556	16.3889	65	None	None	0	3	2.9657153539381804
32	8.3333	16.9444	60	None	None	0	2	2.7752216564591983
33	8.3333	16.9444	67	None	None	0	3	2.4146720552627787
34	8.6111	17.5000	62	None	None	0	2	2.2908239567013275
35	8.6111	17.5000	65	None	None	0	3	2.098203158381998
36	8.8889	18.0556	60	None	None	0	1	2.1748838306509017
37	8.8889	18.0556	67	None	None	0	2	1.3991770225039182
38	9.4444	10.0000	74	None	None	0	4	1.5404785643070746
39	10.0000	10.5556	74	None	None	0	4	1.678311494089156
40	10.5556	11.1111	74	None	None	0	4	1.8714107676969045
41	11.1111	11.6667	69	None	None	0	1	2.5698262355789714
42	11.6667	11.9444	71	None	None	0	2	2.4125089018658232
43	11.9444	12.2222	72	None	None	0	3	2.793023607748178
44	12.2222	12.5000	71	None	None	0	2	2.82800259934482
45	12.5000	12.7778	67	None	None	0	1	2.9079395741347396
46	12.7778	13.3333	69	None	None	0	2	2.4333597422019677
47	13.3333	13.8889	67	None	None	0	1	2.639059606893607
48	13.8889	28.0556	72	None	None	0	2	2.4457858567155717
49	13.8889	28.0556	79	None	None	0	4	2.467226890756308
50	14.1667	28.6111	74	None	None	0	2	2.4398109243697537
51	14.1667	28.6111	77	None	None	0	3	2.406932773109243
52	14.4444	29.1667	72	None	None	0	2	2.47883403361345
53	14.4444	29.1667	79	None	None	0	4	2.4672268907563057
54	14.7222	29.7222	74	None	None	0	2	3.8490653040877456
55	14.7222	29.7222	77	None	None	0	4	3.3355309072781725
56	15.0000	30.2778	72	None	None	0	2	3.426207093006701
57	15.0000	30.2778	79	None	None	0	4	4.232131284717286
58	15.2778	30.8333	74	None	None	0	2	4.461525245691507
59	15.2778	30.8333	77	None	None	0	4	4.176143889759303
60	15.5556	31.3889	72	None	None	0	2	4.386630287708309
61	15.5556	31.3889	79	None	None	0	5	4.525873273038032
62	16.1111	16.6667	62	None	None	0	1	6.188171200683674
63	16.6667	17.2222	65	None	None	0	5	5.812266771115224
64	17.2222	17.5000	64	None	None	0	4	5.933278735222904
65	17.5000	17.7778	62	None	None	0	1	5.591245014955146
66	17.7778	18.0556	64	None	None	0	2	5.116665183022369
67	18.0556	18.3333	60	None	None	0	1	5.686255519156826
68	18.3333	18.8889	62	None	None	0	2	5.211675687224054
69	18.8889	19.4444	67	None	None	0	1	2.2800224327018976
70	19.4444	39.1667	74	None	None	0	2	2.214593718843475
71	19.4444	39.1667	77	None	None	0	3	2.4069327731092405
72	19.7222	39.7222	72	None	None	0	2	2.478834033613448
73	19.7222	39.7222	79	None	None	0	4	2.467226890756304
74	20.0000	40.2778	74	None	None	0	2	2.4398109243697528
75	20.0000	40.2778	77	None	None	0	3	2.4069327731092356
76	20.2778	40.8333	72	None	None	0	2	5.113875338270903
77	20.2778	40.8333	79	None	None	0	4	5.102928713858429
78	20.5556	41.3889	74	None	None	0	2	4.939186013388409
79	20.5556	41.3889	77	None	None	0	4	5.088345677253956
80	20.8333	41.9444	72	None	None	0	2	5.226940606751182
81	20.8333	41.9444	79	None	None	0	5	5.485877189858991
82	21.1111	42.5000	74	None	None	0	3	6.096215816835211
83	21.1111	42.5000	77	None	None	0	5	5.929741133741628
84	21.6667	22.2222	55	None	None	0	0	-1
85	22.2222	22.7778	60	None	None	0	0	-1
86	22.7778	23.0556	59	None	None	0	0	-1
87	23.0556	23.3333	57	None	None	0	0	-1
88	23.3333	23.6111	59	None	None	0	0	-1
89	23.6111	23.8889	55	None	None	0	0	-1
90	23.8889	24.4444	53	None	None	0	0	-1
91	24.4444	25.0000	55	None	None	0	0	-1
92	25.0000	50.2778	72	None	None	0	2	5.755739032901307
93	25.0000	50.2778	79	None	None	0	0	-1
94	25.2778	50.8333	74	None	None	0	0	-1
95	25.2778	50.8333	77	None	None	0	0	-1
96	25.5556	51.6667	72	None	None	0	0	-1
97	25.5556	51.6667	79	None	None	0	0	-1
98	26.1111	26.3889	53	None	None	0	0	-1
99	26.3889	26.6667	59	None	None	0	0	-1
100	26.6667	27.2222	55	None	None	0	0	-1
101	27.2222	54.7222	74	None	None	0	2	9.670153824241604
102	27.2222	54.7222	77	None	None	0	0	-1
103	27.5000	55.2778	72	None	None	0	0	-1
104	27.5000	55.2778	79	None	None	0	0	-1
105	27.7778	56.1111	74	None	None	0	0	-1
106	27.7778	56.1111	77	None	None	0	0	-1
107	28.3333	28.6111	59	None	None	0	0	-1
108	28.6111	28.8889	53	None	None	0	0	-1
109	28.8889	29.4444	55	None	None	0	0	-1
110	29.4444	59.1667	72	None	None	0	1	2.220225039168194
111	29.4444	59.1667	79	None	None	0	4	2.362920168067243
112	29.7222	59.7222	74	None	None	0	2	2.335504201680689
113	29.7222	59.7222	77	None	None	0	4	2.401943277310941
114	30.0000	60.2778	74	None	None	0	2	2.352626050420162
115	30.0000	60.2778	77	None	None	0	3	1.8922268907562905
116	30.2778	60.8333	72	None	None	0	2	2.2524159663865597
117	30.2778	60.8333	79	None	None	0	5	2.4048319327731176
118	30.5556	61.3889	72	None	None	0	2	2.404831932773117
119	30.5556	61.3889	79	None	None	0	4	2.362920168067238
120	30.8333	61.9444	74	None	None	0	2	2.335504201680683
121	30.8333	61.9444	77	None	None	0	4	2.4019432773109353
122	31.1111	62.5000	74	None	None	0	2	2.197741596638669
123	31.1111	62.5000	77	None	None	0	4	1.7745273109243842
124	31.3889	63.0556	72	None	None	0	2	1.7471113445378266
125	31.3889	63.0556	79	None	None	0	5	2.2670693277311007
126	31.6667	63.6111	72	None	None	0	2	2.478834033613451
127	31.6667	63.6111	79	None	None	0	4	2.4672268907563075
128	31.9444	64.1667	74	None	None	0	2	2.4398109243697537
129	31.9444	64.1667	77	None	None	0	3	2.4069327731092405
130	32.2222	64.7222	72	None	None	0	2	2.478834033613448
131	32.2222	64.7222	79	None	None	0	4	2.467226890756304
132	32.5000	65.2778	74	None	None	0	2	5.483447870673688
133	32.5000	65.2778	77	None	None	0	4	4.95193526563167
134	32.7778	65.8333	72	None	None	0	2	5.923543654750037
135	32.7778	65.8333	79	None	None	0	4	5.912597030337561
136	33.0556	66.3889	74	None	None	0	2	5.764169099843327
137	33.0556	66.3889	77	None	None	0	4	5.406445841048285
138	33.3333	67.2222	72	None	None	0	2	5.388163189004415
139	33.3333	67.2222	79	None	None	0	5	7.256918497456505
140	33.8889	34.4444	55	None	None	0	1	4.0069462647444265
141	34.4444	35.0000	55	None	None	0	2	3.3134321478552424
142	35.0000	70.5556	53	None	None	0	1	3.0144388508785447
143	35.0000	70.5556	59	None	None	0	2	2.632523130150822
144	35.0000	70.5556	60	None	None	0	3	2.632523130150822
145	35.5556	72.2222	55	None	None	0	1	2.632523130150822
146	35.5556	72.2222	59	None	None	0	2	2.632523130150822
147	36.6667	74.4444	72	None	None	0	2	2.632523130150822
148	36.6667	74.4444	74	None	None	0	3	2.632523130150822
149	36.6667	74.4444	77	None	None	0	4	2.632523130150822
150	36.6667	74.4444	79	None	None	0	5	2.632523130150822
151	37.7778	77.7778	74	None	None	0	3	2.632523130150822
152	37.7778	77.7778	79	None	None	0	0	2.632523130150822
