0	0.3947	1.1842	71	None	None	0	1	0.6048032466541116
1	0.3947	1.1842	76	None	None	0	3	0.6261124253720914
2	0.3947	1.1842	78	None	None	0	4	0.7214838327599791
3	0.9868	2.3684	71	None	None	0	1	0.8074161461162492
4	0.9868	2.3684	76	None	None	0	3	0.7439150135217977
5	0.9868	2.3684	78	None	None	0	4	0.7739782853585904
6	1.3816	2.9605	71	None	None	0	1	0.8941921067027343
7	1.3816	2.9605	76	None	None	0	3	0.7895188544230971
8	1.3816	2.9605	78	None	None	0	4	0.7739782853585904
9	1.9737	4.1447	71	None	None	0	1	0.9055144396161597
10	1.9737	4.1447	76	None	None	0	3	0.8272824659867316
11	1.9737	4.1447	78	None	None	0	4	0.895605616242978
12	2.3684	5.1316	71	None	None	0	1	0.8919323101666424
13	2.3684	5.1316	76	None	None	0	3	0.7475554104705926
14	2.3684	5.1316	78	None	None	0	4	0.6272713171841207
15	2.7632	5.7237	71	None	None	0	1	0.8638002867082926
16	2.7632	5.7237	76	None	None	0	3	0.7194233870122428
17	2.7632	5.7237	78	None	None	0	4	0.7194233870122428
18	4.7368	5.1316	76	None	None	0	3	0.868597230441176
19	5.1316	5.3289	74	None	None	0	2	0.9898163309603172
20	5.3289	5.5263	71	None	None	0	1	0.9898163309603173
21	6.7105	6.9079	71	None	None	0	1	0.9898163309603173
22	6.9079	7.1053	74	None	None	0	2	1.0304872665597746
23	7.1053	7.5000	76	None	None	0	3	0.8986315493152404
24	7.5000	7.8947	76	None	None	0	3	1.0430084490112905
25	7.8947	8.0921	78	None	None	0	4	0.9662283029764355
26	8.0921	8.2895	76	None	None	0	3	1.0683142701066506
27	8.2895	8.4868	74	None	None	0	2	0.9470951695875093
28	8.4868	8.6842	71	None	None	0	1	0.9470951695875092
29	9.8684	11.0526	71	None	None	0	1	0.9470951695875092
30	10.6579	11.0526	76	None	None	0	3	0.9064242339880517
31	11.0526	22.5000	71	None	None	0	1	0.918012006296497
32	11.0526	22.5000	76	None	None	0	3	0.8411313072083497
33	12.0395	12.2368	74	None	None	0	2	0.7940243258227256
34	12.2368	12.6316	76	None	None	0	3	2.6120584934532514
35	12.6316	12.8289	74	None	None	0	2	3.109645478490319
36	12.8289	13.0263	71	None	None	0	1	3.073615137150242
37	15.0000	15.1974	71	None	None	0	2	3.2900376333767047
38	15.1974	15.3947	74	None	None	0	3	2.759105752492613
39	15.3947	15.7895	78	None	None	0	5	2.8054971818056846
40	15.7895	15.9868	74	None	None	0	4	2.180562799590177
41	15.9868	16.1842	71	None	None	0	3	1.6703505108881123
42	16.1842	16.3816	69	None	None	0	2	1.3948759467564582
43	16.3816	16.5789	71	None	None	0	1	0.5160023817049794
44	17.3684	35.3289	71	None	None	0	1	0.6303160095642362
45	17.3684	35.3289	76	None	None	0	3	0.6042984532449169
46	17.3684	35.3289	78	None	None	0	4	0.6758799918586803
47	17.9605	36.1184	71	None	None	0	1	0.8074161461162508
48	17.9605	36.1184	76	None	None	0	3	0.732592680608373
49	17.9605	36.1184	78	None	None	0	4	0.7214838327599798
50	18.5526	37.5000	71	None	None	0	1	0.8074161461162497
51	18.5526	37.5000	76	None	None	0	3	0.7325926806083728
52	18.5526	37.5000	78	None	None	0	4	0.7214838327599806
53	18.9474	38.4868	71	None	None	0	1	0.796093813202825
54	18.9474	38.4868	76	None	None	0	3	0.7192131141146773
55	18.9474	38.4868	78	None	None	0	5	1.69536212639197
56	19.5395	39.2763	71	None	None	0	2	1.8627936156268519
57	19.5395	39.2763	76	None	None	0	4	6.079196488675271
58	19.5395	39.2763	78	None	None	0	5	5.965347352602634
59	20.1316	40.4605	71	None	None	0	2	6.056047559354019
60	20.1316	40.4605	76	None	None	0	4	6.4808575120484875
61	20.1316	40.4605	78	None	None	0	5	6.492197983849258
62	20.5263	20.9211	74	None	None	0	3	6.667688770077203
63	20.9211	21.1184	73	None	None	0	2	6.303747214070261
64	21.1184	21.3158	71	None	None	0	1	6.549954546560779
65	21.3158	22.1053	69	None	None	0	2	2.342211183728958
66	22.1053	22.3026	76	None	None	0	5	2.467400791602369
67	22.3026	22.5000	74	None	None	0	4	2.544866735301131
68	22.5000	22.6974	71	None	None	0	3	2.3290317475828326
69	22.6974	22.8947	73	None	None	0	4	2.221289502119347
70	22.8947	23.6842	69	None	None	0	2	2.9970761294546486
71	23.8816	24.0789	74	None	None	0	4	3.2604234000162924
72	24.0789	24.2763	73	None	None	0	3	2.6951628875317106
73	24.2763	24.4737	71	None	None	0	2	2.7696589543950383
74	24.4737	24.8684	73	None	None	0	3	3.5457989866791237
75	24.8684	25.2632	69	None	None	0	1	3.5105352483462893
76	25.4605	25.6579	71	None	None	0	2	3.4501376191240016
77	25.6579	25.8553	73	None	None	0	3	3.557879864587487
78	25.8553	26.0526	74	None	None	0	4	3.668890013484804
79	26.0526	26.8421	76	None	None	0	5	4.0134119554071885
80	27.0395	27.2368	71	None	None	0	1	3.5954095314714856
81	27.2368	27.4342	73	None	None	0	2	4.138717053595369
82	27.4342	27.6316	74	None	None	0	3	4.326534306401582
83	27.6316	27.8289	76	None	None	0	4	5.446639024341324
84	27.8289	28.0263	71	None	None	0	1	4.346075870680814
85	28.0263	28.2237	73	None	None	0	2	4.778373243907397
86	28.2237	28.4211	74	None	None	0	3	4.431581208509167
87	28.4211	28.6184	76	None	None	0	4	4.827303192663514
88	28.6184	28.8158	73	None	None	0	2	3.7241742419681847
89	28.8158	29.0132	74	None	None	0	3	3.088641300372434
90	29.0132	29.2105	76	None	None	0	4	2.909338793636293
91	29.2105	29.4079	78	None	None	0	5	2.7801109225468457
92	29.4079	29.6053	73	None	None	0	2	2.2106170630561612
93	29.6053	29.8026	74	None	None	0	3	1.6119391543730754
94	29.8026	30.0000	76	None	None	0	4	1.4326366476369334
95	30.0000	30.3947	78	None	None	0	5	1.2821241860151131
96	30.3947	30.7895	78	None	None	0	5	1.2821241860151131
97	32.1711	32.3684	71	None	None	0	2	1.243973085308721
98	32.3684	32.5658	73	None	None	0	3	1.1568164914298662
99	32.5658	32.7632	76	None	None	0	4	1.0583325291081414
100	32.7632	33.1579	78	None	None	0	5	0.7162587526949136
101	33.1579	33.3553	76	None	None	0	4	0.8011706830102536
102	33.3553	33.5526	73	None	None	0	3	0.9190881637596027
103	33.5526	33.7500	71	None	None	0	1	0.8135791034659411
104	34.3421	68.8816	71	None	None	0	1	0.8135791034659411
105	34.3421	68.8816	73	None	None	0	2	0.6797545488996287
106	34.3421	68.8816	76	None	None	0	3	0.6420838099926273
107	34.3421	68.8816	78	None	None	0	4	0.575219317647364
108	35.5263	35.7237	78	None	None	0	4	0.655523628720907
109	35.7237	35.9211	76	None	None	0	3	0.5703251568010244
110	35.9211	36.1184	74	None	None	0	2	0.30617292558279185
111	36.1184	36.3158	71	None	None	0	1	0.4145194839387639
112	39.8684	79.9342	71	None	None	0	1	0.5744369526993192
113	39.8684	79.9342	76	None	None	0	3	0.5711797444508927
114	39.8684	79.9342	78	None	None	0	4	0.6062504667288751
115	40.6579	81.5132	71	None	None	0	1	0.6457743306241936
116	40.6579	81.5132	76	None	None	0	3	0.8445275005312073
117	40.6579	81.5132	78	None	None	0	4	1.073584394491947
118	41.0526	82.3026	71	None	None	0	1	1.073584394491947
119	41.0526	82.5000	76	None	None	0	3	1.073584394491947
120	41.0526	82.5000	78	None	None	0	4	1.073584394491947
121	42.2368	84.6711	71	None	None	0	1	1.073584394491947
122	42.2368	84.6711	76	None	None	0	3	1.073584394491947
123	42.2368	84.6711	78	None	None	0	4	1.073584394491947
124	43.0263	86.4474	69	None	None	0	1	1.073584394491947
125	43.0263	86.4474	71	None	None	0	2	1.073584394491947
126	43.0263	86.4474	76	None	None	0	0	1.073584394491947
