0	2.7273	3.0682	57	None	None	1	-2	1.864688218849007
1	3.0682	3.4091	54	None	None	1	-3	2.0943515615465467
2	3.4091	3.7500	52	None	None	1	-4	2.602004888419317
3	3.7500	4.0909	55	None	None	1	-1	2.6693947573072037
4	4.0909	5.4545	50	None	None	1	-2	2.5142281316924393
5	6.1364	6.5909	53	None	None	1	-1	2.826319176747267
6	6.8182	7.0034	48	None	None	1	-5	3.0866506133891227
7	7.0034	7.1886	52	None	None	1	-4	2.764368773140011
8	7.1886	7.3737	55	None	None	1	-2	2.781901240672478
9	7.9293	8.1145	53	None	None	1	-3	3.2755711956388467
10	8.1145	8.2997	50	None	None	1	-5	2.5990626506910344
11	8.2997	8.4848	57	None	None	1	-2	2.5910164046696895
12	9.0404	9.2256	52	None	None	1	-4	2.840344235962764
13	9.2256	9.4108	55	None	None	1	-2	2.857876703495231
14	9.4108	9.5960	59	None	None	1	-1	2.9052662239810436
15	10.1515	10.3367	57	None	None	1	-3	2.360208870858351
16	10.3367	10.5219	53	None	None	1	-5	1.9641611836786974
17	10.5219	10.7071	60	None	None	1	-1	2.189104304599956
18	11.2626	12.3737	59	None	None	1	-2	1.9293846221130466
19	12.3737	12.5589	60	None	None	1	-1	1.8471668726279327
20	12.5589	12.7441	57	None	None	1	-2	1.9229321787503828
21	12.7441	12.9293	53	None	None	1	-3	1.3605471125893553
22	13.4848	14.0404	59	None	None	1	-1	1.4975267943298942
23	14.0404	14.2256	53	None	None	1	-4	1.4709933233984462
24	14.2256	14.4108	57	None	None	1	-2	1.15143250347577
25	14.4108	14.5960	60	None	None	1	-1	1.5099088485592507
26	16.0774	16.2626	58	None	None	1	-2	1.7852313360448062
27	16.2626	16.4478	53	None	None	1	-4	1.7906390497910964
28	16.4478	16.6330	58	None	None	1	-2	1.776863539587016
29	17.1886	17.3737	56	None	None	1	-3	1.7706957300523132
30	17.3737	17.5589	53	None	None	1	-4	1.628823999410595
31	17.5589	17.7441	56	None	None	1	-3	2.255837408079853
32	18.2997	18.4848	55	None	None	1	-4	2.840959452492335
33	18.4848	18.6700	53	None	None	1	-5	2.564328260367914
34	18.6700	18.8552	55	None	None	1	-4	2.9319223630502025
35	19.4108	19.5960	60	None	None	1	-2	3.0548389139685614
36	19.5960	19.7811	53	None	None	1	-5	3.0492255452730648
37	19.7811	19.9663	60	None	None	1	-1	3.5850760830479844
38	20.7071	20.8923	59	None	None	1	-2	4.208601648508838
39	20.8923	21.0774	55	None	None	1	-3	3.68058639755463
40	21.0774	21.2626	52	None	None	1	-4	3.20583485897362
41	21.8182	22.0034	53	None	None	1	-3	3.7593378380587312
42	22.0034	22.1886	50	None	None	1	-5	3.1372135337915754
43	22.1886	22.3737	57	None	None	1	-2	3.2375575015346523
44	22.9293	23.1145	55	None	None	1	-1	3.2209800569537395
45	23.1145	23.2997	52	None	None	1	-2	3.179653526341496
46	23.2997	23.4848	48	None	None	1	-4	2.5779215177485786
47	24.0404	24.2256	53	None	None	1	-2	3.1311872733900277
48	24.2256	24.4108	50	None	None	1	-3	2.662291604326959
49	24.4108	24.5960	47	None	None	1	-5	2.205283801205704
50	24.5960	25.7071	51	None	None	1	-3	2.586875032739639
51	26.6330	26.8182	52	None	None	1	-2	2.513225863760564
52	26.8182	27.3737	51	None	None	1	-3	2.7463385368852054
53	27.3737	27.9293	51	None	None	1	-3	2.787665067497449
54	29.5960	29.7811	52	None	None	1	-2	2.7228850167211593
55	29.7811	29.9663	51	None	None	1	-4	2.044025191541097
56	30.9848	31.2626	52	None	None	1	-3	2.1663219795744917
57	31.2626	31.5404	47	None	None	1	-5	2.5056789723716166
58	31.5404	31.7256	50	None	None	1	-4	2.0257215348511535
59	31.7256	31.9108	53	None	None	1	-2	1.6677571938801035
60	32.7441	32.9293	55	None	None	1	-1	1.485809170707463
61	32.9293	33.1145	52	None	None	1	-2	1.497225338802082
62	33.1145	33.2997	55	None	None	1	-1	1.565100637770454
63	33.2997	33.4848	52	None	None	1	-3	2.2214549976962497
64	33.4848	33.6700	50	None	None	1	-4	1.9069837546535795
65	33.6700	33.8552	53	None	None	1	-2	1.6097482965936984
66	33.8552	34.0404	57	None	None	1	-1	1.609748296593702
67	34.7811	34.9046	55	None	None	1	-2	2.4360799845035257
68	34.9046	35.0281	59	None	None	1	-1	2.7245700871213585
69	35.0281	35.1515	55	None	None	1	-3	2.650176094307692
70	35.7071	35.8923	53	None	None	1	-5	3.6200407836342166
71	35.8923	36.0774	57	None	None	1	-4	3.4295782490008095
72	36.0774	36.2626	60	None	None	1	-3	3.3749219488844746
73	36.8182	37.0034	59	None	None	1	-5	3.2935346923398883
74	37.0034	37.1886	62	None	None	1	-4	3.2426119523988826
75	37.1886	37.3737	65	None	None	1	-3	2.7613735479461745
76	37.9293	38.1145	64	None	None	1	-4	2.9648618361200327
77	38.1145	38.2997	67	None	None	1	-2	2.3725148973445402
78	38.2997	38.4848	71	None	None	1	-1	2.9861512609809098
79	39.0404	39.5960	70	None	None	1	-2	3.161034283873695
80	39.5960	39.7811	71	None	None	1	-1	2.719850044384368
81	39.7811	39.9663	67	None	None	1	-2	2.9567364630504573
82	39.9663	40.1515	64	None	None	1	-4	2.9038607673176235
83	40.1515	40.7071	68	None	None	1	-2	2.8942421842015618
84	41.2626	41.4478	69	None	None	1	-1	3.2225451067050157
85	41.4478	41.6330	65	None	None	1	-2	3.4478629370810543
86	41.6330	41.8182	62	None	None	1	-4	2.7997770707761775
87	41.8182	42.3737	65	None	None	1	-2	2.5286641340760667
88	42.3737	42.5589	67	None	None	1	-1	2.787618255015663
89	42.5589	42.7441	64	None	None	1	-2	3.4515500250248126
90	42.7441	42.9293	60	None	None	1	-4	3.029707844155277
91	43.4848	43.6700	62	None	None	1	-3	3.0698378161022437
92	43.6700	43.8552	59	None	None	1	-5	2.596858518357619
93	43.8552	44.0404	65	None	None	1	-1	2.7780592764586163
94	44.5960	45.1515	63	None	None	1	-2	2.7243226496493027
95	45.1515	45.3367	64	None	None	1	-1	2.1653425861292908
96	45.3367	45.5219	60	None	None	1	-2	2.78217932082316
97	45.5219	45.7071	57	None	None	1	-4	2.142655259296278
98	46.2626	46.8182	60	None	None	1	-2	2.4503914313225823
99	46.8182	47.0034	62	None	None	1	-1	2.173333103494508
100	47.0034	47.1886	59	None	None	1	-2	2.7832125098024907
101	47.1886	47.3737	55	None	None	1	-3	2.3019741053497986
102	47.9293	48.1145	57	None	None	1	-2	2.7910504885350425
103	48.1145	48.2997	60	None	None	1	-1	2.7948074458634284
104	48.2997	48.4848	53	None	None	1	-4	2.7878501174775465
105	49.0404	49.5960	58	None	None	1	-2	2.8407258132103816
106	49.5960	49.7811	59	None	None	1	-1	2.5670791908232795
107	49.7811	49.9663	55	None	None	1	-2	2.5670791908232835
108	49.9663	50.1515	52	None	None	1	-4	2.5142034950904315
109	50.1515	50.7071	56	None	None	1	-2	3.18920349509043
110	50.7071	50.8923	57	None	None	1	-1	2.6416853352841376
111	50.8923	51.0774	53	None	None	1	-2	2.641685335284134
112	51.0774	51.2626	50	None	None	1	-4	2.588809639551299
113	51.8182	52.3737	54	None	None	1	-2	3.3411830999486565
114	52.9293	53.1145	55	None	None	1	-1	3.8845028458224435
115	53.1145	53.2997	52	None	None	1	-2	3.8845028458224395
116	53.2997	53.4848	48	None	None	1	-3	3.884502845822456
117	53.4848	53.6700	45	None	None	1	-5	3.8845028458224595
118	54.0404	54.2256	55	None	None	1	-1	4.7016941291154355
119	54.2256	54.4108	52	None	None	1	-2	4.701694129115438
120	54.4108	54.5960	48	None	None	1	-3	4.7016941291154355
121	54.5960	54.7811	45	None	None	1	-5	4.7016941291154355
122	55.1515	55.3367	59	None	None	1	-1	4.701694129115425
123	55.3367	55.5219	55	None	None	1	-2	4.701694129115426
124	55.5219	55.7071	52	None	None	1	-3	4.701694129115429
125	55.7071	55.8923	48	None	None	1	-5	4.701694129115429
126	56.2626	56.4478	62	None	None	1	-1	3.8845028458224515
127	56.4478	56.6330	59	None	None	1	-2	3.8845028458224453
128	56.6330	56.8182	55	None	None	1	-3	3.8845028458224347
129	56.8182	57.0034	52	None	None	1	-5	3.8845028458224586
130	57.3737	57.5589	65	None	None	1	-1	3.1359382893970054
131	57.5589	57.7441	62	None	None	1	-2	3.1477736830673777
132	57.7441	57.9293	59	None	None	1	-3	3.159552237025722
133	57.9293	58.1145	55	None	None	1	-5	2.4087869309032612
134	58.4848	58.6700	65	None	None	1	-1	3.0109613908259143
135	58.6700	58.8552	62	None	None	1	-2	3.7617266969483745
136	58.8552	59.0404	59	None	None	1	-3	3.6865875503806684
137	59.0404	60.1515	55	None	None	1	-5	2.9934984965773213
138	60.3367	60.5219	59	None	None	1	-4	3.4858302411873803
139	60.5219	60.7071	62	None	None	1	-2	2.8934833024118665
140	60.7071	60.8923	65	None	None	1	-1	3.5071196660482427
141	60.8923	61.0774	62	None	None	1	-2	3.4657931354360025
142	61.0774	61.2626	59	None	None	1	-3	3.5011363636363555
143	61.2626	61.4478	55	None	None	1	-5	2.74661410018551
144	61.4478	61.6330	59	None	None	1	-4	2.129220779220743
145	61.6330	61.8182	62	None	None	1	-2	2.146753246753235
146	61.8182	62.0034	65	None	None	1	-1	2.9012755102040804
147	62.0034	62.1886	62	None	None	1	-2	2.8926401048224197
148	62.1886	62.3737	59	None	None	1	-4	2.381957502638972
149	62.5589	62.7441	59	None	None	1	-4	2.6096616427142454
150	62.7441	62.9293	62	None	None	1	-2	2.1622915606608073
151	62.9293	63.1145	65	None	None	1	-1	2.329655713444696
152	63.1145	63.2997	62	None	None	1	-2	2.7095368411535286
153	63.2997	63.4848	59	None	None	1	-1	2.1931719104538843
154	63.4848	64.8485	55	None	None	1	-2	2.1931719104538843
155	66.5530	66.8939	60	None	None	1	-1	2.1931719104538843
156	66.8939	67.2348	59	None	None	1	-2	2.1931719104538843
157	67.2348	67.5758	57	None	None	1	-3	2.1931719104538843
158	67.5758	67.9167	59	None	None	1	-2	2.1931719104538843
159	67.9167	68.2576	60	None	None	1	-1	2.1931719104538843
160	68.2576	68.5985	57	None	None	1	-2	2.1931719104538843
161	68.5985	68.9394	53	None	None	1	-3	2.1931719104538843
162	68.9394	70.3030	55	None	None	1	0	2.1931719104538843
