0	1.0714	3.2143	48	None	None	1	-5	0.7855678631540786
1	1.0714	3.2143	55	None	None	1	-3	0.7593023112121696
2	2.1429	4.8214	50	None	None	1	-5	0.7669456724070156
3	2.1429	4.8214	54	None	None	1	0	-1
4	4.2857	9.6429	55	None	None	1	0	-1
5	4.2857	9.6429	62	None	None	1	0	-1
6	5.3571	11.2500	57	None	None	1	0	-1
7	5.3571	11.2500	61	None	None	1	0	-1
8	7.5000	16.0714	53	None	None	1	0	-1
9	7.5000	15.5357	60	None	None	1	0	-1
10	8.0357	8.5714	59	None	None	1	0	-1
11	9.6429	20.3571	46	None	None	1	-3	2.961107579534457
12	9.6429	20.3571	53	None	None	1	-1	3.0405163440287324
13	10.7143	11.7857	44	None	None	1	-4	2.940096108940461
14	11.7857	12.3214	43	None	None	1	-5	3.0418127607628787
15	12.8571	26.2500	50	None	None	1	-4	2.3738665301642095
16	12.8571	26.2500	54	None	None	1	-3	2.434562102398048
17	13.9286	14.1964	62	None	None	1	-1	2.976035113874646
18	14.1964	14.4643	60	None	None	1	-2	3.09107820321685
19	14.4643	14.7321	59	None	None	1	-1	2.5626871144079533
20	14.7321	15.0000	57	None	None	1	-2	2.1954404688314266
21	15.0000	15.5357	59	None	None	1	-1	1.6593326909324433
22	15.5357	16.0714	55	None	None	1	-2	1.7987209556016093
23	16.0714	16.3393	55	None	None	1	-2	2.1057597905530634
24	16.3393	16.6071	53	None	None	1	-3	2.155382228525018
25	16.6071	16.8750	52	None	None	1	-4	2.105759790553065
26	16.8750	17.1429	50	None	None	1	-5	2.0443520235627743
27	17.1429	17.6786	52	None	None	1	-3	1.9242063924948163
28	17.6786	18.2143	48	None	None	1	-5	1.8232389967510958
29	18.2143	18.7500	53	None	None	1	-3	1.6669881820791808
30	18.7500	19.0179	52	None	None	1	-4	1.5827313154622598
31	19.0179	19.2857	50	None	None	1	-5	1.486390750850331
32	19.2857	19.5536	52	None	None	1	-4	1.2613021523113774
33	19.5536	19.8214	53	None	None	1	-3	1.0914124562614211
34	19.8214	20.3571	55	None	None	1	-2	1.04837587901134
35	20.3571	20.8929	50	None	None	1	-5	0.9012913443567355
36	21.8634	44.1615	57	None	None	1	-2	1.0892106610538965
37	21.8634	44.1615	60	None	None	1	-1	1.1412925297174181
38	22.7329	45.9006	55	None	None	1	-5	1.6432284199180474
39	22.7329	45.9006	59	None	None	1	-3	1.6014202841076686
40	23.6025	47.6398	54	None	None	1	-5	1.5703075587484667
41	23.6025	47.6398	57	None	None	1	-4	1.6118496613892246
42	24.4720	24.9068	64	None	None	1	-1	2.7631436828706235
43	25.3416	25.7764	62	None	None	1	-2	2.6476648231653046
44	26.2112	52.8571	61	None	None	1	-3	2.676172762215363
45	26.2112	52.8571	64	None	None	1	-1	2.3993813281529492
46	27.0807	54.5963	54	None	None	1	-3	1.9450960710379646
47	27.0807	54.5963	60	None	None	1	-1	2.057381202225205
48	27.9503	56.3354	53	None	None	1	-3	1.8920217978563503
49	27.9503	56.3354	59	None	None	1	-1	2.858420926103199
50	28.8199	58.0745	46	None	None	1	-4	1.8475029410323556
51	28.8199	58.0745	53	None	None	1	-1	2.143562256910145
52	29.6894	59.8137	46	None	None	1	-3	2.034148005136305
53	29.6894	59.8137	52	None	None	1	-1	2.2860048866771328
54	30.9938	62.8571	44	None	None	1	-4	2.7484907792557456
55	30.9938	62.8571	53	None	None	1	-1	3.4629375024295284
56	32.0807	32.2981	43	None	None	1	-5	3.8245391197185223
57	32.2981	32.5155	44	None	None	1	-4	2.9975064336626795
58	32.5155	32.7329	41	None	None	1	-5	3.2593724311753762
59	32.7329	33.1677	43	None	None	1	-4	3.201859928457403
60	33.1677	33.3851	45	None	None	1	-3	3.2733083875603888
61	33.3851	33.6025	43	None	None	1	-5	3.5626355124037126
62	33.6025	33.8199	50	None	None	1	-2	3.7134182912686895
63	33.8199	34.0373	48	None	None	1	-3	3.770930793986665
64	34.0373	34.4720	43	None	None	1	-5	3.5352766684874855
65	34.4720	34.6894	48	None	None	1	-4	2.7574653026373688
66	34.6894	34.9068	50	None	None	1	-3	2.7833459288604674
67	34.9068	35.1242	48	None	None	1	-5	2.846215541289464
68	35.1242	35.3416	53	None	None	1	-3	2.782139111630843
69	35.3416	35.5590	55	None	None	1	-1	2.474028685981577
70	35.5590	35.7764	50	None	None	1	-4	2.6961829255034147
71	35.7764	36.2112	48	None	None	1	-5	2.4331569959535133
72	36.2112	36.4286	53	None	None	1	-3	2.5558056099151907
73	36.4286	36.6460	52	None	None	1	-4	5.202805817687513
74	36.6460	36.8634	53	None	None	1	-2	4.87184763698732
75	36.8634	37.0807	50	None	None	1	-4	4.386058593675167
76	37.0807	37.2981	52	None	None	1	-3	4.190342792347714
77	37.2981	37.5155	53	None	None	1	-2	4.01055970752041
78	37.5155	37.7329	55	None	None	1	-1	3.4372358297604584
79	37.7329	37.9503	48	None	None	1	-2	1.7266906675418696
80	37.9503	38.3851	50	None	None	1	-1	1.067351506296336
81	40.1242	81.5528	36	None	None	1	-5	0.7792212640470577
82	40.1242	81.5528	43	None	None	1	-1	0.851015347674472
83	42.7329	86.3354	35	None	None	1	-5	0.9187625246548634
84	42.7329	86.3354	42	None	None	1	-3	1.3589273933155248
85	44.0373	89.3789	43	None	None	1	-3	2.0772216643829635
86	44.0373	89.3789	50	None	None	1	-2	3.9298332424404636
87	46.6460	93.7267	42	None	None	1	-5	3.9477325991266614
88	46.6460	93.7267	49	None	None	1	-2	4.816026039886741
89	47.9503	96.7702	41	None	None	1	-5	5.861237933724462
90	47.9503	96.7702	48	None	None	1	-4	5.576755287385742
91	49.2547	49.6894	50	None	None	1	-3	5.705997370754531
92	49.6894	50.1242	52	None	None	1	-2	5.625068746533225
93	50.1242	50.5590	54	None	None	1	-1	5.301506028763194
94	50.5590	51.4286	55	None	None	1	-2	3.5051782767951845
95	51.4286	51.8634	50	None	None	1	0	-1
96	53.1677	53.6025	42	None	None	1	0	-1
97	53.6025	54.0373	40	None	None	1	0	-1
98	54.0373	54.4720	38	None	None	1	0	-1
99	54.4720	54.9068	40	None	None	1	0	-1
100	54.9068	55.3416	42	None	None	1	0	-1
101	55.3416	55.7764	43	None	None	1	0	-1
102	55.7764	56.6460	38	None	None	1	0	-1
103	58.3851	118.0745	71	None	None	1	-5	8.260269070427364
104	58.3851	118.0745	74	None	None	1	-4	8.214707400066338
105	58.3851	118.0745	78	None	None	1	-1	8.250806268945647
106	59.6894	60.1242	74	None	None	1	-3	8.318322260407038
107	60.1242	60.5590	76	None	None	1	-2	8.165070096204145
108	60.5590	60.9938	78	None	None	1	-1	7.636107833792411
109	60.9938	61.4286	79	None	None	1	-2	6.060197872803749
110	61.4286	62.2981	74	None	None	1	-1	2.353135360244386
111	64.0373	129.3789	48	None	None	1	-5	1.1790033344195792
112	64.0373	129.3789	53	None	None	1	-4	1.216626675079328
113	64.0373	129.3789	58	None	None	1	-3	1.1938964243623762
114	69.6894	140.6832	60	None	None	1	-3	1.1938964243623762
115	69.6894	140.6832	62	None	None	1	-2	1.1938964243623762
116	69.6894	140.6832	68	None	None	1	-1	1.1938964243623762
117	74.9231	150.5963	47	None	None	1	-5	1.1938964243623762
118	74.9231	150.5963	52	None	None	1	-2	1.1938964243623762
119	74.9231	150.5963	56	None	None	1	-1	1.1938964243623762
120	76.0481	152.8463	45	None	None	1	-5	1.1938964243623762
121	76.0481	152.8463	50	None	None	1	-3	1.1938964243623762
122	76.0481	152.8463	54	None	None	1	0	1.1938964243623762
