0	0.0000	0.5357	65	None	None	0	4	2.4164032653062413
1	0.5357	0.8036	64	None	None	0	3	2.510490753033964
2	0.8036	1.0714	62	None	None	0	2	2.537783093918538
3	1.0714	1.3393	64	None	None	0	1	2.103512023989963
4	1.3393	1.6071	65	None	None	0	2	1.912481024341168
5	1.6071	2.1429	67	None	None	0	3	1.8521014017819906
6	2.1429	2.6786	62	None	None	0	1	1.8613119731714114
7	3.2143	3.7500	72	None	None	0	4	1.7355226448897778
8	3.7500	4.0179	71	None	None	0	3	1.8296101326174958
9	4.0179	4.2857	69	None	None	0	2	1.8296101326174956
10	4.2857	4.5536	71	None	None	0	3	1.8296101326174958
11	4.5536	4.8214	72	None	None	0	4	1.8780350383785005
12	4.8214	5.3571	74	None	None	0	5	1.5709962034270464
13	5.3571	5.8929	69	None	None	0	3	2.107103981326033
14	6.4286	6.6964	74	None	None	0	5	2.781726725088781
15	6.6964	6.9643	72	None	None	0	4	3.5273602172042255
16	6.9643	7.2321	71	None	None	0	3	4.02650418772651
17	7.2321	7.5000	69	None	None	0	2	3.8442141497884976
18	7.5000	8.0357	71	None	None	0	5	2.4231603699259483
19	8.0357	8.5714	67	None	None	0	4	2.208241518490242
20	8.5714	8.8393	67	None	None	0	5	1.8604753766529734
21	8.8393	9.1071	65	None	None	0	4	1.8108529386810255
22	9.1071	9.3750	64	None	None	0	3	1.8604753766529778
23	9.3750	9.6429	62	None	None	0	2	1.9218831436432635
24	9.6429	10.1786	64	None	None	0	4	1.8244248693986893
25	10.1786	10.7143	60	None	None	0	2	2.9449279030270343
26	10.7143	11.2500	65	None	None	0	4	2.8596553138272274
27	11.2500	11.5179	64	None	None	0	3	2.8066360981970853
28	11.5179	11.7857	62	None	None	0	1	2.566734437074321
29	11.7857	12.0536	64	None	None	0	2	1.8252414226296068
30	12.0536	12.3214	65	None	None	0	3	1.6396691102924077
31	12.3214	12.8571	67	None	None	0	4	1.553147375086839
32	12.8571	13.3929	62	None	None	0	1	1.018204844071439
33	15.0000	31.0714	74	None	None	0	2	1.2785749166980205
34	15.0000	31.0714	77	None	None	0	4	2.8958798757026276
35	17.1429	34.8214	70	None	None	0	1	3.2371134990261234
36	17.1429	34.8214	79	None	None	0	5	7.296484058501141
37	18.2143	37.5000	69	None	None	0	1	7.527851296341813
38	18.2143	37.5000	79	None	None	0	5	8.133762559527344
39	19.8214	20.0893	71	None	None	0	2	8.206167148118096
40	20.0893	20.3571	73	None	None	0	3	8.394507095767791
41	20.3571	41.2500	74	None	None	0	4	8.032458478719336
42	20.3571	41.2500	78	None	None	0	5	6.399893832964773
43	21.4286	21.6460	65	None	None	0	1	6.288273265927396
44	21.6460	21.8634	64	None	None	0	2	4.95927485210764
45	21.8634	22.0807	65	None	None	0	3	5.016787354825626
46	22.0807	22.2981	62	None	None	0	1	4.303663577917589
47	22.2981	22.5155	64	None	None	0	2	3.9300823646103513
48	22.5155	22.7329	65	None	None	0	3	3.9875948673283355
49	22.7329	22.9503	67	None	None	0	4	4.0271347129469515
50	22.9503	23.1677	60	None	None	0	1	4.859534419404877
51	23.1677	23.6025	62	None	None	0	2	4.042606826449894
52	24.0373	24.2547	72	None	None	0	5	3.5112945749075917
53	24.2547	24.4720	71	None	None	0	3	2.2429420523763666
54	24.4720	24.6894	72	None	None	0	4	2.0802237520035414
55	24.6894	24.9068	69	None	None	0	2	1.7955368635495248
56	24.9068	25.1242	71	None	None	0	3	1.62956328233622
57	25.1242	25.3416	72	None	None	0	4	1.6295632823362163
58	25.3416	25.5590	74	None	None	0	5	1.6326577050368112
59	25.5590	25.7764	67	None	None	0	2	2.5801685637070375
60	25.7764	26.2112	69	None	None	0	3	3.212556039245194
61	26.6460	27.0807	67	None	None	0	2	3.3781688357490207
62	27.0807	27.2981	69	None	None	0	3	3.5408871361218455
63	27.2981	27.5155	67	None	None	0	2	3.612058858235349
64	27.5155	27.7329	74	None	None	0	5	3.8455471165523685
65	27.7329	27.9503	72	None	None	0	4	3.8139152400574825
66	27.9503	28.3851	67	None	None	0	2	3.691670169107097
67	28.3851	28.6025	60	None	None	0	1	2.9286994278536937
68	28.6025	28.8199	62	None	None	0	2	2.353824455033519
69	28.8199	29.0373	64	None	None	0	3	2.4508768033701087
70	29.0373	29.2547	65	None	None	0	4	2.6521705628830436
71	29.2547	29.4720	67	None	None	0	5	2.580998840769543
72	29.4720	29.6894	62	None	None	0	3	2.5134841636658303
73	29.6894	30.1242	60	None	None	0	1	2.7656378109769393
74	30.1242	30.3416	65	None	None	0	3	2.890878451837355
75	30.3416	30.5590	64	None	None	0	2	2.9539282457756024
76	30.5590	30.7764	65	None	None	0	4	4.078854380039363
77	30.7764	30.9938	67	None	None	0	5	4.29476244325646
78	30.9938	31.2112	64	None	None	0	3	3.7771499187946285
79	31.2112	31.4286	62	None	None	0	1	3.5273742672415382
80	31.4286	31.6460	64	None	None	0	2	3.1300023129283767
81	31.6460	31.8634	60	None	None	0	1	3.3074456131686243
82	31.8634	32.2981	62	None	None	0	2	2.7804133868268246
83	33.1677	66.7702	66	None	None	0	3	3.069583629319119
84	33.1677	66.7702	74	None	None	0	5	2.7188545489409996
85	34.0373	34.4720	69	None	None	0	4	2.370453417187849
86	34.9068	70.2484	69	None	None	0	3	2.2295091960368687
87	34.9068	70.2484	70	None	None	0	4	2.1393561450428704
88	35.3416	71.1180	69	None	None	0	4	2.2071327475537985
89	35.3416	71.5528	71	None	None	0	5	5.293835433932944
90	35.7764	36.2112	62	None	None	0	3	7.462225380965004
91	36.6460	73.7267	60	None	None	0	1	7.77389521815504
92	36.6460	73.7267	69	None	None	0	5	7.968534169108934
93	37.5155	75.4658	59	None	None	0	1	7.983938047741511
94	37.5155	75.4658	67	None	None	0	5	8.143478921524151
95	37.9503	76.3354	57	None	None	0	2	7.210523056251223
96	37.9503	76.3354	66	None	None	0	5	6.567485447463871
97	38.8199	39.2547	54	None	None	0	1	5.654449294093576
98	39.2547	39.6894	52	None	None	0	2	2.9485767621539907
99	39.6894	40.1242	50	None	None	0	1	2.6554744263687358
100	40.1242	40.9938	52	None	None	0	2	2.2314695698597973
101	40.9938	41.4286	54	None	None	0	3	3.135658024450925
102	41.4286	41.8634	55	None	None	0	4	3.469942270801552
103	41.8634	42.7329	50	None	None	0	1	2.70621644360093
104	42.7329	43.1677	61	None	None	0	3	2.0477646106987013
105	43.1677	43.6025	59	None	None	0	2	2.0891885041043023
106	43.6025	44.0373	57	None	None	0	1	2.163901773558416
107	44.0373	44.9068	59	None	None	0	2	1.741804462578898
108	44.9068	45.3416	61	None	None	0	3	3.093546929386724
109	45.3416	45.7764	62	None	None	0	4	2.633708597467435
110	45.7764	46.6460	64	None	None	0	5	2.4734133912709053
111	46.6460	47.0807	57	None	None	0	2	2.5325639501457644
112	47.0807	47.5155	59	None	None	0	3	2.400580026923071
113	47.5155	47.9503	61	None	None	0	0	-1
114	47.9503	48.8199	62	None	None	0	0	-1
115	48.8199	49.2547	57	None	None	0	0	-1
116	50.5590	102.4224	46	None	None	0	0	-1
117	50.5590	102.4224	52	None	None	0	0	-1
118	54.4720	110.2484	48	None	None	0	0	-1
119	54.4720	110.2484	58	None	None	0	0	-1
120	55.7764	56.6460	53	None	None	0	0	-1
121	57.0807	57.5155	81	None	None	0	0	-1
122	57.5155	57.9503	83	None	None	0	0	-1
123	57.9503	58.3851	85	None	None	0	0	-1
124	58.3851	58.8199	86	None	None	0	0	-1
125	58.8199	59.6894	81	None	None	0	5	2.152587798541685
126	60.9938	123.2919	64	None	None	0	1	2.1610913629317814
127	60.9938	123.2919	67	None	None	0	4	4.178270134135363
128	60.9938	123.2919	71	None	None	0	5	4.256183337261134
129	62.2981	62.7329	66	None	None	0	3	4.8696496115212575
130	62.7329	63.1677	64	None	None	0	2	4.956801179465506
131	63.1677	63.6025	62	None	None	0	1	4.800251160367449
132	63.6025	64.4720	64	None	None	0	2	4.866820021544774
133	64.4720	64.9068	66	None	None	0	3	4.917375732060362
134	64.9068	65.3416	67	None	None	0	1	2.2073789413030016
135	67.5155	67.9503	76	None	None	0	3	2.5773266838536033
136	67.9503	68.3851	78	None	None	0	4	2.9904440539911903
137	68.3851	68.8199	79	None	None	0	5	2.5684348377225024
138	68.8199	70.1242	74	None	None	0	4	2.8172377769923513
139	71.8036	72.1786	62	None	None	0	1	2.8172377769923513
140	72.1786	72.5536	64	None	None	0	2	2.8172377769923513
141	72.5536	72.9286	66	None	None	0	3	2.8172377769923513
142	72.9286	73.3036	64	None	None	0	2	2.8172377769923513
143	73.3036	73.6786	62	None	None	0	1	2.8172377769923513
144	73.6786	74.0536	64	None	None	0	2	2.8172377769923513
145	74.0536	74.4286	66	None	None	0	3	2.8172377769923513
146	74.4286	74.8036	67	None	None	0	4	2.8172377769923513
147	74.8036	75.5536	62	None	None	0	0	2.8172377769923513
