0	5.0000	6.6667	62	None	None	1	-3	3.0829460651753453
1	6.6667	7.2222	63	None	None	1	-2	3.2141673292191757
2	7.2222	7.5000	62	None	None	1	-3	3.1538307979767586
3	7.5000	7.7778	63	None	None	1	-2	2.692223651725444
4	7.7778	8.3333	62	None	None	1	-3	2.2792560411225002
5	8.3333	8.6111	63	None	None	1	-2	2.376718551445778
6	8.6111	8.8889	62	None	None	1	-3	2.3767185514457774
7	8.8889	9.1667	60	None	None	1	-4	2.3767185514457774
8	9.1667	9.4444	62	None	None	1	-3	2.376718551445778
9	9.4444	9.7222	60	None	None	1	-4	2.376718551445778
10	9.7222	10.0000	58	None	None	1	-5	3.476966156199585
11	10.0000	10.4167	60	None	None	1	-4	3.5835838040423593
12	10.4167	10.8333	62	None	None	1	-3	3.59948242155388
13	10.8333	11.1111	63	None	None	1	-1	2.883784284845913
14	11.1111	11.3889	62	None	None	1	-2	1.82062574382923
15	11.3889	11.6667	60	None	None	1	-3	1.886139452509027
16	11.6667	11.9444	62	None	None	1	-2	1.7349689825630739
17	11.9444	12.2222	60	None	None	1	-3	1.6143432306641528
18	12.2222	12.5000	55	None	None	1	-5	1.3551490528092711
19	12.5000	12.9167	60	None	None	1	-3	2.50840283289078
20	12.9167	13.3333	62	None	None	1	-1	2.6506360703399987
21	13.3333	15.0000	57	None	None	1	-3	2.778143521026556
22	15.8333	16.6667	58	None	None	1	-2	2.9041656622504357
23	16.6667	17.5000	57	None	None	1	-3	2.9384168646847186
24	17.5000	18.3333	59	None	None	1	-2	3.5175510084058015
25	18.3333	20.0000	60	None	None	1	-1	3.676914757101608
26	20.4167	20.8333	62	None	None	1	-3	3.066630520284495
27	20.8333	21.1111	63	None	None	1	-2	3.2166982905479364
28	21.1111	21.3889	62	None	None	1	-3	3.2166982905479355
29	21.3889	21.6667	60	None	None	1	-4	3.216698290547936
30	21.6667	21.9444	62	None	None	1	-2	3.0903852661295272
31	21.9444	22.2222	60	None	None	1	-3	3.1387045942159086
32	22.2222	22.5000	57	None	None	1	-5	3.2166982905479364
33	22.5000	22.9167	60	None	None	1	-4	3.0507319027729745
34	22.9167	23.3333	62	None	None	1	-3	3.066630520284495
35	23.3333	23.6111	63	None	None	1	-2	3.2166982905479364
36	23.6111	23.8889	62	None	None	1	-3	3.2166982905479355
37	23.8889	24.1667	60	None	None	1	-4	3.216698290547936
38	24.1667	24.4444	62	None	None	1	-2	3.0903852661295272
39	24.4444	24.7222	60	None	None	1	-3	3.138704594215906
40	24.7222	25.0000	57	None	None	1	-5	3.2166982905479466
41	25.0000	25.4167	60	None	None	1	-4	2.881614254470647
42	25.4167	25.8333	62	None	None	1	-3	2.9400650557441548
43	25.8333	26.1111	63	None	None	1	-2	2.7192226830210453
44	26.1111	26.3889	62	None	None	1	-3	5.597899174775991
45	26.3889	26.6667	60	None	None	1	-4	6.4708508677293
46	26.6667	26.9444	62	None	None	1	-2	5.6712447554685355
47	26.9444	27.2222	60	None	None	1	-3	5.6712447554685355
48	27.2222	27.5000	57	None	None	1	-4	10.497535764575478
49	27.5000	27.7778	59	None	None	1	0	-1
50	27.7778	28.0556	60	None	None	1	0	-1
51	28.0556	28.3333	62	None	None	1	0	-1
52	28.3333	28.6111	63	None	None	1	0	-1
53	28.6111	28.8889	62	None	None	1	0	-1
54	28.8889	29.1667	60	None	None	1	0	-1
55	29.1667	29.5833	62	None	None	1	0	-1
56	29.5833	30.0000	59	None	None	1	-1	11.426279524290418
57	30.0000	31.6667	58	None	None	1	-5	12.03279734961683
58	31.6667	31.9444	59	None	None	1	-1	12.108605974953758
59	31.9444	32.2222	58	None	None	1	-5	11.502088149627323
60	32.2222	32.5000	59	None	None	1	-1	10.535690830458487
61	32.5000	33.3333	58	None	None	1	-5	8.790581278118635
62	33.3333	33.6111	59	None	None	1	-1	8.546245199635797
63	33.6111	33.8889	58	None	None	1	-5	6.412634069681511
64	33.8889	34.1667	59	None	None	1	-1	5.285825029617059
65	34.1667	35.0000	58	None	None	1	-5	3.1925178745978915
66	35.4167	35.8333	59	None	None	1	-1	3.0993614863595353
67	35.8333	36.2500	58	None	None	1	-4	1.557807882990555
68	36.2500	36.6667	63	None	None	1	-2	1.4551921371021794
69	36.6667	38.4848	62	None	None	1	-3	1.293971108325284
70	39.3939	40.3030	57	None	None	1	-5	1.833329549906404
71	40.3030	42.1212	63	None	None	1	-3	1.784038961446471
72	42.5758	43.0303	60	None	None	1	-4	2.110713363712746
73	43.0303	43.4848	62	None	None	1	-3	2.2696357745016025
74	43.4848	43.9394	57	None	None	1	-5	2.028609148942883
75	43.9394	44.8485	63	None	None	1	-2	1.9683925213082187
76	45.1515	45.4545	57	None	None	1	-5	1.9683925213082187
77	45.4545	45.7576	62	None	None	1	-3	1.9683925213082187
78	45.7576	46.6667	63	None	None	1	-2	1.9683925213082187
79	46.9697	47.2727	62	None	None	1	-3	1.9683925213082187
80	47.2727	47.5758	57	None	None	1	-5	1.9683925213082187
81	47.5758	49.3939	63	None	None	1	-2	1.9683925213082187
82	50.7576	51.2121	60	None	None	1	-3	1.9683925213082187
83	51.2121	53.0303	62	None	None	1	-2	1.9683925213082187
84	53.0303	53.2576	57	None	None	1	0	1.9683925213082187
