0	0.0000	1.2500	57	None	None	1	-5	0.4141711591794101
1	0.0000	1.2500	61	None	None	1	-3	0.4463112779531928
2	1.2500	3.7500	59	None	None	1	-4	0.482240347050578
3	1.2500	3.7500	62	None	None	1	-2	0.577648336125349
4	2.5000	3.7500	61	None	None	1	-3	0.8874686243939125
5	3.7500	5.0000	59	None	None	1	-4	0.9120130100494074
6	5.0000	11.2500	57	None	None	1	-5	1.0247775603139577
7	5.0000	12.5000	64	None	None	1	-2	1.233918228075314
8	6.2500	7.5000	59	None	None	1	-4	1.3365784279577377
9	7.5000	8.7500	61	None	None	1	-3	1.3397712759781715
10	8.7500	9.3750	64	None	None	1	-2	1.3284948209517162
11	9.3750	10.0000	62	None	None	1	-3	1.2356368487833982
12	10.0000	20.6250	61	None	None	1	-4	0.8676155023137784
13	10.0000	20.6250	64	None	None	1	-1	1.006379107624325
14	10.6250	21.8750	59	None	None	1	-5	1.0238515076877173
15	10.6250	21.8750	62	None	None	1	-3	0.8758219510374717
16	11.2500	23.7500	57	None	None	1	-5	0.8539965542120733
17	11.2500	23.7500	61	None	None	1	-3	1.0651922550629445
18	12.5000	25.6250	57	None	None	1	-5	1.2091050073808738
19	12.5000	25.6250	61	None	None	1	-4	1.2485899636761706
20	13.1250	26.8750	59	None	None	1	-5	1.1684825710687758
21	13.1250	26.8750	62	None	None	1	-3	0.9637909265064434
22	13.7500	28.1250	61	None	None	1	-4	1.3133013657798107
23	13.7500	28.1250	64	None	None	1	-3	1.5697053066665105
24	14.3750	29.3750	59	None	None	1	-5	1.5478799098411136
25	14.3750	29.3750	62	None	None	1	-4	1.3485574650445333
26	15.0000	32.5000	61	None	None	1	-4	1.5973669888540563
27	15.0000	32.5000	64	None	None	1	-3	1.5896037671170364
28	17.5000	36.8750	61	None	None	1	-4	1.7149623046522986
29	17.5000	35.6250	64	None	None	1	-2	1.727273102092408
30	18.1250	18.7500	63	None	None	1	-3	1.8085538902697473
31	18.7500	20.0000	64	None	None	1	-1	1.5001050201283634
32	19.3750	20.0000	59	None	None	1	-3	1.4801542812121078
33	20.0000	41.2500	61	None	None	1	-2	1.4730114240692505
34	20.0000	41.2500	61	None	None	1	-1	1.334190084205148
35	25.6250	26.2500	59	None	None	1	-3	1.2840448823207513
36	26.2500	26.8750	57	None	None	1	-4	1.3201696770662372
37	26.8750	27.5000	59	None	None	1	-2	1.315106732348119
38	27.5000	30.0000	55	None	None	1	-5	1.1470717022441241
39	28.1250	28.7500	59	None	None	1	-3	1.0337712096332874
40	28.7500	29.3750	61	None	None	1	-2	0.9551997810618575
41	29.3750	30.0000	59	None	None	1	-3	0.9939244663382617
42	30.0000	60.6250	55	None	None	1	-5	0.8326445904032179
43	30.0000	62.5000	62	None	None	1	-2	0.8787037037037081
44	30.6250	31.2500	57	None	None	1	-4	0.7697089947090001
45	31.2500	31.8750	59	None	None	1	-3	0.8077312534209136
46	31.8750	32.5000	57	None	None	1	-5	0.7298270517619195
47	32.5000	33.1250	59	None	None	1	-4	0.624233739511519
48	33.7500	68.7500	59	None	None	1	-5	0.7021290951846507
49	33.7500	68.7500	62	None	None	1	-3	0.7142984073539628
50	35.0000	70.6250	61	None	None	1	-3	0.8107943603154328
51	35.0000	70.6250	64	None	None	1	-1	0.8698311338158122
52	36.2500	73.7500	59	None	None	1	-2	0.7770571063674568
53	36.2500	73.7500	62	None	None	1	-1	1.3085294654260229
54	37.5000	75.6250	57	None	None	1	-5	1.3311491580648733
55	37.5000	75.6250	64	None	None	1	-2	1.7038366238557907
56	38.7500	78.1250	59	None	None	1	-4	1.7555708978122864
57	38.7500	78.7500	62	None	None	1	-3	1.9458372725614181
58	39.3750	40.0000	57	None	None	1	-5	2.1040885040885122
59	40.0000	42.5000	59	None	None	1	-4	2.3141715688171693
60	40.6250	41.2500	61	None	None	1	-3	2.561758803138121
61	41.2500	41.8750	62	None	None	1	-2	2.312497719394278
62	41.8750	42.5000	64	None	None	1	-1	2.1324210910417856
63	42.5000	43.1250	62	None	None	1	-3	1.7302669322305317
64	43.7500	44.3750	61	None	None	1	-4	1.6821702244116044
65	44.3750	45.0000	62	None	None	1	-3	1.4166529830322931
66	45.0000	45.6250	64	None	None	1	-2	1.2920224411603705
67	45.6250	46.2500	62	None	None	1	-3	1.437981207808791
68	46.2500	93.1250	61	None	None	1	-4	1.2513237649252966
69	46.2500	93.1250	64	None	None	1	-3	1.2513237649252966
70	46.8750	94.3750	59	None	None	1	-5	1.2513237649252966
71	46.8750	94.3750	62	None	None	1	-3	1.2513237649252966
72	47.5000	96.2500	57	None	None	1	-5	1.2513237649252966
73	47.5000	96.2500	64	None	None	1	-2	1.2513237649252966
74	48.7500	98.7500	64	None	None	1	-2	1.2513237649252966
75	48.7500	98.7500	64	None	None	1	-1	1.2513237649252966
76	50.0000	102.5000	57	None	None	1	-4	1.2513237649252966
77	50.0000	102.5000	64	None	None	1	0	1.2513237649252966
