0	0.0000	1.2500	69	None	None	0	3	0.6341630464066819
1	0.0000	1.2500	73	None	None	0	5	0.6626138672068269
2	1.2500	3.7500	67	None	None	0	2	0.870434143282053
3	1.2500	3.7500	71	None	None	0	3	0.884558905511972
4	2.5000	6.2500	69	None	None	0	2	0.9309281811915908
5	2.5000	6.2500	69	None	None	0	3	0.7539173385403545
6	3.7500	8.7500	67	None	None	0	2	0.7742877089107268
7	3.7500	8.7500	71	None	None	0	3	0.8859826550884323
8	5.0000	11.8750	69	None	None	0	2	0.9323519307680512
9	5.0000	11.2500	73	None	None	0	4	0.8979971394688154
10	6.2500	7.5000	74	None	None	0	5	0.7008590427771478
11	6.8750	7.5000	67	None	None	0	2	0.6908334999929832
12	7.5000	9.3750	69	None	None	0	3	0.7739615788107184
13	8.1250	8.7500	73	None	None	0	5	0.724225477473633
14	8.7500	10.0000	71	None	None	0	2	0.9122953634807065
15	9.3750	10.0000	67	None	None	0	1	0.9760884669289854
16	10.0000	12.5000	69	None	None	0	2	0.6508757486128198
17	12.5000	26.2500	69	None	None	0	3	0.8486449004152247
18	12.5000	26.2500	73	None	None	0	5	0.9503407876560617
19	13.7500	15.0000	69	None	None	0	3	1.2326569708343122
20	14.3750	15.0000	74	None	None	0	5	1.083824553251894
21	15.0000	31.8750	67	None	None	0	2	1.1363053698490884
22	15.0000	30.6250	73	None	None	0	4	0.9011762095574378
23	15.6250	16.2500	71	None	None	0	3	0.9752502836315105
24	16.2500	17.5000	73	None	None	0	4	1.0617435229025252
25	16.8750	17.5000	69	None	None	0	2	1.1495468434644651
26	17.5000	37.5000	67	None	None	0	1	0.7948670405088001
27	17.5000	37.5000	73	None	None	0	3	0.7219220893447303
28	20.0000	41.2500	67	None	None	0	1	0.9128986740303955
29	20.0000	41.2500	73	None	None	0	3	1.0156760690491689
30	21.2500	22.5000	74	None	None	0	4	1.1248588013161913
31	22.5000	23.7500	73	None	None	0	2	1.5042564553476807
32	23.7500	25.0000	74	None	None	0	4	1.4838860849773092
33	25.0000	27.5000	71	None	None	0	2	1.4139946418100051
34	27.5000	30.0000	71	None	None	0	4	1.6354967208766211
35	29.3750	30.0000	67	None	None	0	2	1.5846362108061607
36	30.0000	30.6250	69	None	None	0	3	1.488796035655642
37	30.6250	62.5000	67	None	None	0	1	1.2197537775123999
38	30.6250	61.8750	73	None	None	0	4	1.068183921078011
39	31.2500	31.8750	74	None	None	0	5	0.9176525399431823
40	31.8750	64.3750	69	None	None	0	3	0.8417266140172557
41	31.8750	64.3750	73	None	None	0	5	0.8970443349753702
42	32.5000	65.6250	67	None	None	0	2	0.7932858967341749
43	32.5000	65.6250	74	None	None	0	5	0.7870002939447392
44	33.7500	68.7500	67	None	None	0	2	0.8761075417821453
45	33.7500	68.7500	71	None	None	0	3	0.7603668010414057
46	35.0000	70.6250	69	None	None	0	2	1.1487585178813966
47	35.0000	70.6250	69	None	None	0	3	0.9609278300507101
48	36.2500	73.7500	67	None	None	0	2	1.0186271549914163
49	36.2500	73.7500	71	None	None	0	4	0.9831916099773285
50	37.5000	75.6250	69	None	None	0	3	1.0469755910026894
51	37.5000	75.6250	73	None	None	0	5	1.0667761357416579
52	38.7500	78.7500	67	None	None	0	2	1.0465380405035645
53	38.7500	78.1250	74	None	None	0	5	1.3362889983579673
54	39.3750	40.0000	73	None	None	0	4	0.9576856413063354
55	40.0000	40.6250	71	None	None	0	3	0.9297890186300225
56	40.6250	41.2500	69	None	None	0	2	0.8435182651178889
57	41.2500	41.8750	71	None	None	0	3	0.8732431009866715
58	41.8750	84.3750	69	None	None	0	2	0.8094591199613089
59	41.8750	84.3750	73	None	None	0	3	0.768974060462839
60	42.5000	85.6250	71	None	None	0	2	0.7820692985580754
61	42.5000	85.6250	74	None	None	0	5	0.6358864533467709
62	43.7500	88.7500	69	None	None	0	2	0.6252183589485176
63	43.7500	88.7500	73	None	None	0	4	0.6252183589485176
64	45.0000	47.5000	71	None	None	0	3	0.6252183589485176
65	46.2500	47.5000	67	None	None	0	2	0.6252183589485176
66	47.5000	96.2500	69	None	None	0	3	0.6252183589485176
67	47.5000	96.2500	73	None	None	0	5	0.6252183589485176
68	48.7500	98.7500	67	None	None	0	2	0.6252183589485176
69	48.7500	98.7500	71	None	None	0	3	0.6252183589485176
70	50.0000	102.5000	69	None	None	0	2	0.6252183589485176
71	50.0000	102.5000	73	None	None	0	0	0.6252183589485176
