0	0.0000	0.9375	64	None	None	0	1	0.5574392809332567
1	0.9375	1.8750	64	None	None	0	1	0.5574392809332567
2	1.8750	2.8125	64	None	None	0	1	0.5574392809332567
3	2.8125	3.7500	65	None	None	0	2	0.46132778103518396
4	3.7500	4.6875	67	None	None	0	3	0.5265809443950593
5	4.6875	5.6250	67	None	None	0	3	0.6854506461219027
6	5.6250	6.5625	67	None	None	0	3	1.1375699553840692
7	6.5625	7.5000	69	None	None	0	4	1.076968296185491
8	7.5000	9.3750	71	None	None	0	5	0.9681042686467634
9	9.3750	11.2500	71	None	None	0	5	0.9681042686467634
10	11.2500	11.7188	71	None	None	0	5	1.0551954906777437
11	11.7188	12.1875	69	None	None	0	4	1.1265221368753
12	12.1875	12.6562	67	None	None	0	3	0.9820951353054426
13	12.6562	13.1250	65	None	None	0	2	0.8232254335785991
14	13.1250	13.5938	64	None	None	0	1	0.6749132757673227
15	15.0000	15.9375	69	None	None	0	5	0.5108816217249946
16	15.9375	16.8750	69	None	None	0	5	0.5108816217249946
17	16.8750	17.8125	69	None	None	0	5	0.6541004282349413
18	17.8125	18.7500	67	None	None	0	4	0.7017594053259318
19	18.7500	19.6875	65	None	None	0	3	0.7991074579235533
20	19.6875	20.6250	65	None	None	0	4	0.7594872890870588
21	20.6250	21.5625	65	None	None	0	4	0.7594872890870588
22	21.5625	22.5000	64	None	None	0	3	0.7594872890870588
23	22.5000	24.3750	62	None	None	0	2	0.7594872890870588
24	24.3750	26.2500	62	None	None	0	2	0.7594872890870588
25	26.2500	26.7188	64	None	None	0	3	0.7594872890870588
26	26.7188	27.1875	65	None	None	0	4	0.7594872890870588
27	27.1875	27.6562	67	None	None	0	5	0.7594872890870588
28	27.6562	28.1250	65	None	None	0	4	0.7594872890870588
29	28.1250	28.5938	64	None	None	0	0	0.7594872890870588
