0	0.0000	0.3409	53	None	None	1	-1	1.351914580265101
1	0.3409	0.6818	48	None	None	1	-3	1.728976435935202
2	0.6818	1.0227	51	None	None	1	-2	2.055361319785648
3	1.0227	1.3636	48	None	None	1	-5	1.9303819809710865
4	1.3636	1.7045	53	None	None	1	-3	2.6719349595508324
5	1.7045	2.0455	48	None	None	1	-5	2.7665586337627857
6	2.0455	2.3864	51	None	None	1	-4	2.822022142190211
7	2.3864	2.7273	55	None	None	1	-2	2.925726527724494
8	2.7273	3.0682	50	None	None	1	-4	3.7371357133918854
9	3.0682	3.2386	51	None	None	1	-2	3.8861010727315
10	3.2386	3.4091	53	None	None	1	0	-1
11	3.4091	3.5795	51	None	None	1	0	-1
12	3.5795	3.7500	50	None	None	1	0	-1
13	3.7500	4.0909	48	None	None	1	0	-1
14	4.0909	4.4318	53	None	None	1	0	-1
15	4.4318	4.6023	51	None	None	1	0	-1
16	4.6023	4.7727	50	None	None	1	0	-1
17	4.7727	5.4545	48	None	None	1	0	-1
18	5.4545	11.5909	66	None	None	1	-3	1.8029415836101825
19	5.4545	12.2727	67	None	None	1	-2	1.5591500553709812
20	6.1364	6.4773	64	None	None	1	-4	1.606328442229602
21	6.8182	14.3182	66	None	None	1	-3	1.802941583610182
22	6.8182	15.0000	67	None	None	1	0	-1
23	7.5000	7.8409	64	None	None	1	0	-1
24	8.1818	17.0455	66	None	None	1	0	-1
25	8.1818	17.7273	67	None	None	1	0	-1
26	8.8636	9.2045	64	None	None	1	0	-1
27	9.5455	19.7727	66	None	None	1	0	-1
28	9.5455	20.4545	67	None	None	1	0	-1
29	10.2273	10.5682	64	None	None	1	0	-1
30	10.9091	22.8409	49	None	None	1	-4	19.90454642960797
31	10.9091	23.1818	53	None	None	1	-3	27.20867426794587
32	11.9318	12.2727	47	None	None	1	-5	25.6953117826287
33	12.2727	25.5682	49	None	None	1	-2	20.895366191052602
34	12.2727	25.9091	53	None	None	1	-1	22.777030403129167
35	13.2955	13.6364	47	None	None	1	-5	20.84888508278363
36	13.6364	28.2955	49	None	None	1	-2	14.674575697106894
37	13.6364	28.6364	53	None	None	1	-1	14.767727390774049
38	14.6591	15.0000	47	None	None	1	-5	12.32720822012737
39	15.0000	31.0227	49	None	None	1	-2	6.152898834450634
40	15.0000	31.3636	53	None	None	1	-1	6.24605052811779
41	16.0227	16.3636	47	None	None	1	-4	4.489128584082451
42	16.3636	34.0909	55	None	None	1	-3	2.526416987485898
43	16.3636	33.7500	61	None	None	1	-1	2.56624271158998
44	17.3864	17.7273	59	None	None	1	-2	2.726192745278483
45	17.7273	36.8182	55	None	None	1	-5	2.005053722728713
46	17.7273	36.4773	61	None	None	1	-2	2.018407943265516
47	18.7500	19.0909	59	None	None	1	-3	2.1637596061978996
48	19.0909	39.5455	55	None	None	1	-5	1.9855189284835086
49	19.0909	39.2045	61	None	None	1	-2	2.8991161067151148
50	20.1136	20.4545	59	None	None	1	-3	8.75502661925286
51	20.4545	42.2727	55	None	None	1	-5	8.476719248194474
52	20.4545	41.9318	61	None	None	1	-2	8.49977063369713
53	21.4773	21.8182	59	None	None	1	-3	9.332457230603104
54	22.5000	22.6705	58	None	None	1	-4	9.494015139866672
55	22.6705	22.8409	60	None	None	1	-3	9.464541494738516
56	22.8409	23.0114	62	None	None	1	-2	9.259645206326246
57	23.0114	23.1818	63	None	None	1	-1	4.798598760256346
58	23.8636	24.0341	46	None	None	1	-5	2.566774819893603
59	24.0341	24.2045	48	None	None	1	-4	2.494750821290721
60	24.2045	24.3750	50	None	None	1	-3	2.525122970150265
61	24.3750	24.5455	51	None	None	1	-2	3.5009691161688004
62	24.5455	24.8864	53	None	None	1	-1	3.4042684083942856
63	24.8864	25.2273	48	None	None	1	-4	2.901757713394637
64	25.2273	25.5682	51	None	None	1	-3	3.1290766822192797
65	25.5682	25.9091	46	None	None	1	-5	4.041103915793118
66	25.9091	26.2500	53	None	None	1	-3	3.3994803591539657
67	26.2500	26.4205	48	None	None	1	-5	3.410580624002171
68	26.4205	26.5909	50	None	None	1	-4	3.343086959869856
69	26.5909	26.9318	51	None	None	1	-3	2.9093301238021034
70	26.9318	27.2727	46	None	None	1	-5	2.7063057181635606
71	27.2727	27.4432	48	None	None	1	-4	3.3616726759432276
72	27.4432	27.6136	50	None	None	1	-3	3.4291663400755477
73	27.6136	27.7841	51	None	None	1	-2	2.781064367327696
74	27.7841	27.9545	48	None	None	1	-3	3.1850404344987506
75	27.9545	28.1250	50	None	None	1	-2	8.035747461495607
76	28.1250	28.2955	48	None	None	1	-3	7.911038639013121
77	28.2955	28.6364	46	None	None	1	-4	7.750980041930874
78	28.6364	28.8068	51	None	None	1	-2	7.942315410290632
79	28.8068	28.9773	50	None	None	1	-3	7.816677611566492
80	28.9773	29.3182	48	None	None	1	-4	8.153518937244053
81	29.3182	30.0000	46	None	None	1	-5	8.146139027316362
82	30.0000	60.6818	55	None	None	1	-2	8.037951042820238
83	30.0000	60.6818	66	None	None	1	-1	3.145223675710591
84	30.6818	62.0455	57	None	None	1	-4	3.4732708102620826
85	30.6818	62.0455	62	None	None	1	-2	3.358256044665922
86	30.6818	62.0455	66	None	None	1	-1	2.8253103082318174
87	31.3636	63.4091	55	None	None	1	-5	2.825310308231817
88	31.3636	63.4091	66	None	None	1	-1	2.32738672019195
89	32.0455	64.7727	58	None	None	1	-4	2.2680013381321453
90	32.0455	64.7727	66	None	None	1	-1	1.8606785252860722
91	32.7273	66.1364	55	None	None	1	-5	1.8606785252860722
92	32.7273	66.1364	66	None	None	1	-1	1.8606785252860722
93	33.4091	67.5000	59	None	None	1	-4	1.8606785252860722
94	33.4091	67.5000	66	None	None	1	-1	1.8606785252860722
95	34.0909	68.8636	55	None	None	1	-5	1.8606785252860722
96	34.0909	68.8636	59	None	None	1	-4	1.8606785252860722
97	34.0909	68.8636	66	None	None	1	-1	1.8606785252860722
98	34.7727	69.8864	60	None	None	1	-3	1.8606785252860722
99	34.7727	69.8864	66	None	None	1	0	1.8606785252860722
