0	0.0000	0.6818	66	None	None	0	3	1.3023361804618971
1	0.0000	1.3636	67	None	None	0	4	1.3364048697228508
2	0.6818	1.0227	64	None	None	0	2	1.6562984496124005
3	1.3636	3.4091	66	None	None	0	3	1.8272286821705372
4	1.3636	4.0909	67	None	None	0	4	3.1386431801402703
5	2.0455	2.3864	64	None	None	0	1	3.001006845737574
6	2.7273	6.1364	66	None	None	0	2	3.007087973745396
7	2.7273	6.8182	67	None	None	0	3	2.84816967734508
8	3.4091	3.7500	64	None	None	0	1	2.7371929502840815
9	4.0909	8.8636	66	None	None	0	2	2.7987375867193327
10	4.0909	9.5455	67	None	None	0	3	2.8935823075534
11	4.7727	5.1136	64	None	None	0	1	3.9192684071350947
12	5.4545	5.7955	77	None	None	0	5	3.9083141761859346
13	5.7955	6.1364	72	None	None	0	1	3.0053850320196873
14	6.1364	6.4773	75	None	None	0	2	2.804759111548404
15	6.4773	6.8182	72	None	None	0	1	3.4041155551567726
16	6.8182	7.1591	77	None	None	0	3	4.192892921773523
17	7.1591	7.3295	72	None	None	0	1	5.076748319602759
18	7.3295	7.5000	74	None	None	0	2	4.757180492471914
19	7.5000	7.8409	75	None	None	0	3	4.569954777443631
20	7.8409	8.1818	79	None	None	0	5	5.201574822368827
21	8.1818	8.5227	77	None	None	0	4	5.207897626404538
22	8.5227	8.6932	75	None	None	0	3	5.359517655859617
23	8.6932	8.8636	74	None	None	0	2	6.207450317296283
24	8.8636	9.0341	72	None	None	0	1	5.348032131417279
25	9.0341	9.2045	74	None	None	0	2	4.431371137122654
26	9.2045	9.5455	75	None	None	0	3	4.79012807632445
27	9.5455	9.7159	74	None	None	0	2	4.61192483626554
28	9.7159	9.8864	75	None	None	0	4	3.753553475653836
29	9.8864	10.2273	77	None	None	0	5	3.777378383623893
30	10.2273	10.9091	72	None	None	0	4	3.2015743626628375
31	10.9091	22.1591	60	None	None	0	1	2.5808032635255054
32	10.9091	23.1818	65	None	None	0	5	1.612825353509105
33	11.2500	11.5909	63	None	None	0	4	1.5175361209775973
34	11.5909	11.9318	58	None	None	0	2	1.4454448102264905
35	11.9318	12.2727	62	None	None	0	4	1.684286652805452
36	12.2727	24.8864	60	None	None	0	3	2.337252306420845
37	12.2727	25.9091	65	None	None	0	5	3.5835652277602312
38	12.6136	12.7841	63	None	None	0	4	3.638151409311884
39	12.7841	12.9545	60	None	None	0	3	3.6207444465267753
40	12.9545	13.2955	58	None	None	0	1	3.3512960166884604
41	13.2955	13.6364	62	None	None	0	3	3.0090069361077716
42	13.6364	27.4432	60	None	None	0	2	2.995549800676284
43	13.6364	28.6364	65	None	None	0	5	3.1557735121540063
44	13.8068	13.9773	62	None	None	0	3	3.3875995759128386
45	13.9773	14.1477	63	None	None	0	4	3.736334307900875
46	14.1477	14.3182	60	None	None	0	3	3.7788846613755975
47	14.3182	14.6591	58	None	None	0	2	3.9858774584944383
48	14.6591	14.8295	62	None	None	0	4	4.272941081194377
49	14.8295	15.0000	58	None	None	0	1	4.0769474456449215
50	15.0000	30.1705	60	None	None	0	0	-1
51	15.0000	31.3636	65	None	None	0	0	-1
52	15.1705	15.3409	62	None	None	0	0	-1
53	15.3409	15.5114	63	None	None	0	0	-1
54	15.5114	15.6818	60	None	None	0	0	-1
55	15.6818	15.8523	62	None	None	0	0	-1
56	15.8523	16.0227	60	None	None	0	0	-1
57	16.0227	16.3636	59	None	None	0	0	-1
58	16.3636	33.0682	72	None	None	0	3	2.3372523064208544
59	16.3636	34.0909	77	None	None	0	5	3.583565227760232
60	16.7045	16.8750	75	None	None	0	4	3.6381514093118827
61	16.8750	17.0455	72	None	None	0	3	3.6207444465267766
62	17.0455	17.3864	70	None	None	0	1	3.3512960166884596
63	17.3864	17.7273	74	None	None	0	3	3.009006936107773
64	17.7273	35.6250	72	None	None	0	2	2.9955498006762844
65	17.7273	36.8182	77	None	None	0	5	3.1557735121540023
66	17.8977	18.0682	74	None	None	0	3	2.8408642151018446
67	18.0682	18.2386	75	None	None	0	4	2.41921222097087
68	18.2386	18.4091	72	None	None	0	3	2.5618292677895966
69	18.4091	18.7500	70	None	None	0	2	2.6549265066851495
70	18.7500	18.9205	74	None	None	0	4	3.870835000666939
71	18.9205	19.0909	70	None	None	0	2	3.9388422035480994
72	19.0909	38.3523	72	None	None	0	3	4.1185807656396
73	19.0909	39.5455	77	None	None	0	5	3.8957416299853365
74	19.2614	19.4318	75	None	None	0	4	4.129768574096309
75	19.4318	19.6023	74	None	None	0	3	4.170118047218873
76	19.6023	19.7727	72	None	None	0	2	5.405330703710067
77	19.7727	19.9432	74	None	None	0	4	4.159045522971095
78	19.9432	20.1136	70	None	None	0	1	3.9163565426170517
79	20.1136	20.2841	72	None	None	0	2	3.6066926770708387
80	20.2841	20.4545	74	None	None	0	3	3.6741863412031535
81	20.4545	41.0795	72	None	None	0	2	4.909398997694348
82	20.4545	42.2727	77	None	None	0	5	4.5961403609063
83	20.6250	20.7955	74	None	None	0	3	4.406314430534147
84	20.7955	20.9659	75	None	None	0	4	5.57726138074281
85	20.9659	21.1364	72	None	None	0	3	5.6198117342175316
86	21.1364	21.3068	70	None	None	0	1	5.074036053789645
87	21.3068	21.4773	72	None	None	0	2	5.618753940944505
88	21.4773	21.6477	74	None	None	0	3	6.041322968555564
89	21.6477	21.8182	75	None	None	0	4	5.0547783507084105
90	21.8182	21.9886	72	None	None	0	2	12.071109199447468
91	21.9886	22.1591	74	None	None	0	3	11.994288495032055
92	22.1591	22.3295	75	None	None	0	5	11.164743292686484
93	22.3295	22.5000	72	None	None	0	4	11.037491017205852
94	23.1818	23.3523	60	None	None	0	1	10.95387434177139
95	23.3523	23.5227	62	None	None	0	2	10.16418315601874
96	23.5227	23.6932	63	None	None	0	3	9.617333402371573
97	23.6932	23.8636	65	None	None	0	1	3.179052807469136
98	24.5455	49.4318	66	None	None	0	3	2.874971887913686
99	24.5455	49.4318	67	None	None	0	4	2.777089469808538
100	24.8864	25.2273	64	None	None	0	1	2.8465022091310646
101	25.2273	50.7955	66	None	None	0	2	2.7952687776141283
102	25.2273	50.7955	67	None	None	0	3	2.484650630011452
103	25.5682	25.9091	69	None	None	0	4	2.9307774914089335
104	25.9091	52.1591	66	None	None	0	3	3.1966095974472175
105	25.9091	52.1591	67	None	None	0	4	2.7770894698085367
106	26.2500	26.5909	64	None	None	0	1	2.8465022091310668
107	26.5909	53.5227	66	None	None	0	2	2.7952687776141305
108	26.5909	53.5227	67	None	None	0	3	2.4846506300114544
109	26.9318	27.2727	69	None	None	0	4	2.9307774914089357
110	27.2727	54.8864	66	None	None	0	3	3.19660959744722
111	27.2727	54.8864	67	None	None	0	4	2.777089469808539
112	27.6136	27.9545	64	None	None	0	1	2.846502209131073
113	27.9545	56.2500	66	None	None	0	2	2.7952687776141345
114	27.9545	56.2500	67	None	None	0	0	-1
115	28.2955	28.6364	69	None	None	0	0	-1
116	28.6364	57.6136	66	None	None	0	0	-1
117	28.6364	57.6136	67	None	None	0	0	-1
118	28.9773	29.3182	64	None	None	0	0	-1
119	29.3182	58.9773	66	None	None	0	0	-1
120	29.3182	58.9773	67	None	None	0	1	3.740085501554581
121	29.6591	30.0000	69	None	None	0	2	3.4697689900702677
122	30.0000	30.6818	79	None	None	0	5	2.4159057953078173
123	30.3409	30.6818	74	None	None	0	1	2.4351980998585026
124	30.6818	61.7045	77	None	None	0	4	2.137270182987291
125	30.6818	62.0455	79	None	None	0	5	2.067406412736922
126	31.0227	31.3636	72	None	None	0	2	2.3369388133260203
127	31.3636	32.0455	79	None	None	0	4	2.4285154783563025
128	31.7045	31.8750	74	None	None	0	2	2.587737827089606
129	31.8750	32.0455	76	None	None	0	3	2.655231491221915
130	32.0455	64.4318	77	None	None	0	4	3.2281940095625856
131	32.0455	64.7727	79	None	None	0	5	3.1935301440163655
132	32.3864	32.7273	72	None	None	0	2	3.4741628094536687
133	32.7273	65.7955	74	None	None	0	3	3.4741628094536714
134	32.7273	66.1364	79	None	None	0	5	3.4741628094536767
135	33.0682	33.2386	76	None	None	0	4	3.798622490233198
136	33.2386	33.4091	77	None	None	0	5	3.798622490233198
137	33.4091	66.9886	76	None	None	0	4	3.662311608492189
138	33.4091	67.5000	79	None	None	0	5	3.662311608492189
139	33.5795	33.7500	74	None	None	0	3	3.662311608492189
140	33.7500	34.0909	72	None	None	0	2	3.662311608492189
141	34.0909	68.3523	74	None	None	0	3	3.662311608492189
142	34.0909	68.8636	79	None	None	0	5	3.662311608492189
143	34.2614	34.4318	76	None	None	0	4	3.662311608492189
144	34.4318	34.7727	77	None	None	0	5	3.662311608492189
145	34.7727	69.8864	72	None	None	0	3	3.662311608492189
146	34.7727	69.8864	79	None	None	0	0	3.662311608492189
