0	0.0000	0.2174	40	None	None	1	-5	4.368724528710321
1	0.2174	0.4348	41	None	None	1	-4	4.18391872853637
2	0.4348	0.6522	46	None	None	1	-3	3.8226000548899792
3	0.6522	0.8696	47	None	None	1	-2	3.400070700682542
4	0.8696	1.0870	40	None	None	1	-5	4.3473078718067
5	1.0870	1.3043	41	None	None	1	-4	4.967051973785395
6	1.3043	1.5217	46	None	None	1	-2	5.658031182737046
7	1.7391	1.9565	47	None	None	1	-1	5.322157861919689
8	1.9565	2.1739	46	None	None	1	-2	4.647573713191704
9	2.1739	2.3913	41	None	None	1	-3	4.74487611588794
10	2.3913	2.6087	40	None	None	1	-4	4.545457764072328
11	2.6087	2.8261	45	None	None	1	-2	4.5454577640723315
12	2.8261	3.0435	44	None	None	1	-3	4.511700425520471
13	3.0435	3.2609	43	None	None	1	-4	4.391361764942079
14	3.4783	3.6957	42	None	None	1	-5	3.7494855601020003
15	3.6957	3.9130	44	None	None	1	-4	3.6387739923698845
16	3.9130	4.1304	45	None	None	1	-3	3.754949816165568
17	4.1304	4.3478	46	None	None	1	-1	6.632518556405543
18	4.3478	4.5652	41	None	None	1	-3	6.102403313961531
19	4.5652	4.7826	47	None	None	1	-1	6.136160652513388
20	4.7826	5.0000	43	None	None	1	-2	6.847877873648422
21	5.0000	5.2174	40	None	None	1	-4	6.619276348396382
22	5.2174	5.4348	42	None	None	1	-3	6.7556355371528305
23	5.4348	5.6522	44	None	None	1	-2	8.083613760591296
24	5.6522	5.8696	45	None	None	1	-1	6.948305978942051
25	5.8696	6.0870	46	None	None	1	-3	3.4138799781058826
26	6.0870	6.3043	41	None	None	1	-5	3.67057640667731
27	6.3043	6.5217	43	None	None	1	-4	3.607698408278935
28	6.5217	6.7391	44	None	None	1	-3	3.669586862290677
29	6.9565	7.1739	43	None	None	1	-5	3.576556013655083
30	7.1739	7.3913	45	None	None	1	-4	3.5865581880408164
31	7.3913	7.6087	46	None	None	1	-2	3.8611015650273925
32	7.8261	8.0435	43	None	None	1	-3	4.5963223712472
33	8.0435	8.2609	44	None	None	1	-2	4.203330688272634
34	8.2609	8.4783	47	None	None	1	-1	4.432398524246166
35	8.6957	8.9130	44	None	None	1	-2	5.115020624623233
36	8.9130	9.1304	43	None	None	1	-1	4.833939575941739
37	9.1304	9.3478	40	None	None	1	-3	4.976220506578835
38	9.3478	9.5652	45	None	None	1	-1	5.118477041668647
39	9.5652	9.7826	44	None	None	1	-2	4.5951757805249205
40	9.7826	10.0000	43	None	None	1	-3	4.252323808463123
41	10.0000	10.2174	41	None	None	1	-4	4.084332743211787
42	10.4348	10.6522	42	None	None	1	-2	4.29357945113875
43	10.6522	10.8696	41	None	None	1	-3	3.7180168288295543
44	11.0870	11.3043	42	None	None	1	-2	3.3904776368525082
45	11.3043	11.5217	41	None	None	1	-3	3.0655632532908665
46	11.7391	11.9565	42	None	None	1	-2	5.033839855739785
47	11.9565	12.1739	41	None	None	1	-4	8.430761243740358
48	12.3913	12.6087	45	None	None	1	-2	9.324983078815851
49	12.6087	12.8261	42	None	None	1	-3	9.7405563753823
50	12.8261	13.0435	41	None	None	1	-4	9.854677775291371
51	13.0435	13.2609	46	None	None	1	-2	10.034154291925422
52	13.2609	13.4783	41	None	None	1	-4	10.710588274609405
53	13.4783	13.6957	40	None	None	1	-5	10.613535926272808
54	14.3478	14.5652	54	None	None	1	-1	9.240889570855327
55	14.5652	14.7826	56	None	None	1	-3	4.566009656249387
56	14.7826	15.0000	57	None	None	1	-2	4.56600965624939
57	15.0000	15.2174	55	None	None	1	-3	4.566009656249388
58	15.2174	15.4348	54	None	None	1	-4	4.5660096562493955
59	15.4348	15.6522	56	None	None	1	-3	4.566009656249394
60	15.6522	15.8696	57	None	None	1	-2	4.566009656249397
61	15.8696	16.0870	55	None	None	1	-3	4.416410660740194
62	16.0870	16.3043	54	None	None	1	-4	4.416410660740195
63	16.3043	16.5217	56	None	None	1	-3	4.416410660740196
64	16.5217	16.7391	57	None	None	1	-2	4.416410660740195
65	16.7391	16.9565	55	None	None	1	-3	4.5564411021405
66	16.9565	17.1739	54	None	None	1	-4	3.8753242832668233
67	17.1739	17.3913	56	None	None	1	-3	3.749253129778616
68	17.3913	17.8261	57	None	None	1	-1	3.956802370960265
69	18.0435	18.2609	55	None	None	1	-2	3.780167873890661
70	18.2609	18.4783	54	None	None	1	-4	3.505438475581346
71	18.4783	18.6957	56	None	None	1	-3	3.27016005537142
72	18.6957	18.9130	57	None	None	1	-1	2.627113187967504
73	18.9130	19.1304	52	None	None	1	-4	2.671913479907069
74	19.1304	19.5652	57	None	None	1	-2	2.8328819990749765
75	19.7826	20.0000	55	None	None	1	-3	3.428990831251573
76	20.0000	20.2174	54	None	None	1	-4	2.8230792161040315
77	20.2174	20.4348	52	None	None	1	-5	2.685684290823834
78	20.4348	20.6522	58	None	None	1	-2	2.41591502394375
79	20.6522	21.3043	58	None	None	1	-2	2.5790754936110676
80	21.5217	21.7391	52	None	None	1	-5	2.858405737993134
81	21.7391	22.1739	58	None	None	1	-3	2.8589172128196876
82	22.3913	22.6087	59	None	None	1	-2	3.254645581766436
83	22.6087	23.0435	58	None	None	1	-3	2.962081980983662
84	23.2609	23.4783	52	None	None	1	-5	2.8228003475989247
85	23.4783	23.9130	56	None	None	1	-3	3.7759194792283313
86	24.1304	24.3478	58	None	None	1	-2	3.880137131627003
87	24.3478	24.7826	55	None	None	1	-3	3.9662496017292024
88	25.0000	25.2174	54	None	None	1	-4	4.20814919004131
89	25.2174	25.4348	55	None	None	1	-2	4.001977949751918
90	25.4348	25.6522	52	None	None	1	-3	3.5963272648204128
91	25.6522	25.8696	57	None	None	1	-2	4.065601155883695
92	25.8696	26.0870	55	None	None	1	-3	4.391922095218332
93	26.0870	26.3043	54	None	None	1	-4	3.6365391315305717
94	26.3043	26.5217	52	None	None	1	-5	4.182673481389237
95	26.5217	26.7391	54	None	None	1	-3	4.082120372017628
96	26.7391	26.9565	55	None	None	1	-2	3.4533980718694495
97	26.9565	27.1739	52	None	None	1	-5	3.634442372179419
98	27.1739	27.3913	54	None	None	1	-4	4.656661974612465
99	27.3913	27.6087	55	None	None	1	-3	6.676476064632017
100	27.6087	27.8261	52	None	None	1	-5	6.001891915904035
101	27.8261	28.0435	53	None	None	1	-4	6.904929137434416
102	28.0435	28.2609	54	None	None	1	-3	8.867429631613009
103	28.2609	28.9130	52	None	None	1	-5	7.731843276377682
104	28.9130	29.1304	53	None	None	1	-4	8.25865331396154
105	29.1304	29.3478	54	None	None	1	-1	7.816369665342306
106	29.3478	29.5652	56	None	None	1	-3	3.438145150131464
107	29.5652	29.7826	58	None	None	1	-2	3.4381451501314615
108	29.7826	30.0000	54	None	None	1	-4	3.14148975073634
109	30.0000	30.2174	56	None	None	1	-3	3.4381451501314615
110	30.2174	30.4348	58	None	None	1	-2	3.273586255071335
111	30.4348	30.6522	54	None	None	1	-4	3.0054906639097902
112	30.6522	30.8696	56	None	None	1	-3	4.00235510084274
113	30.8696	31.0870	58	None	None	1	-2	5.073025355245862
114	31.0870	31.3043	54	None	None	1	-5	4.1661237464125955
115	31.3043	31.5217	56	None	None	1	-4	4.389609830343881
116	31.5217	31.7391	58	None	None	1	-3	4.903181703676035
117	31.7391	32.3913	54	None	None	1	-5	4.505327356457695
118	32.3913	32.6087	56	None	None	1	-4	5.087333214730473
119	32.6087	32.8261	58	None	None	1	-3	5.470939334637956
120	32.8261	33.0435	59	None	None	1	-2	5.470939334637956
121	33.0435	33.2609	58	None	None	1	-3	5.470939334637956
122	33.2609	33.4783	59	None	None	1	-2	5.470939334637955
123	33.4783	33.6957	58	None	None	1	-3	5.470939334637956
124	33.6957	33.9130	59	None	None	1	-2	5.470939334637956
125	33.9130	34.1304	58	None	None	1	-3	5.470939334637956
126	34.1304	34.3478	59	None	None	1	-2	5.470939334637955
127	34.3478	34.5652	58	None	None	1	-3	5.470939334637956
128	34.5652	34.7826	59	None	None	1	-2	5.470939334637956
129	34.7826	35.0000	58	None	None	1	-3	5.470939334637956
130	35.0000	35.2174	59	None	None	1	-2	5.470939334637955
131	35.2174	35.4348	58	None	None	1	-3	5.470939334637956
132	35.4348	35.6522	59	None	None	1	-2	5.470939334637956
133	35.6522	35.8696	58	None	None	1	-3	5.470939334637956
134	35.8696	36.0870	59	None	None	1	-2	5.470939334637955
135	36.0870	36.3043	58	None	None	1	-3	5.47093933463797
136	36.3043	36.5217	59	None	None	1	-2	5.470939334637953
137	36.5217	36.7391	58	None	None	1	-3	5.4709393346379525
138	36.7391	36.9565	59	None	None	1	-2	5.4709393346379525
139	36.9565	37.1739	58	None	None	1	-3	5.470939334637967
140	37.1739	37.3913	59	None	None	1	-2	5.470939334637951
141	37.3913	37.6087	58	None	None	1	-3	5.470939334637949
142	37.6087	37.8261	59	None	None	1	-2	5.47093933463795
143	37.8261	38.0435	58	None	None	1	-3	5.47093933463795
144	38.0435	38.2609	59	None	None	1	-2	5.470939334637951
145	38.2609	38.4783	58	None	None	1	-3	5.470939334637949
146	38.4783	38.6957	59	None	None	1	-2	5.47093933463795
147	38.6957	38.9130	58	None	None	1	-3	5.47093933463795
148	38.9130	39.1304	59	None	None	1	-2	5.470939334637951
149	39.1304	39.3478	58	None	None	1	-3	5.470939334637949
150	39.3478	39.5652	59	None	None	1	-2	5.47093933463795
151	39.5652	39.7826	58	None	None	1	-3	5.47093933463795
152	39.7826	40.0000	59	None	None	1	-2	5.470939334637951
153	40.0000	40.2174	58	None	None	1	-3	5.470939334637949
154	40.2174	40.4348	59	None	None	1	-2	5.470939334637967
155	40.4348	40.6522	58	None	None	1	-3	5.4709393346379525
156	40.6522	40.8696	59	None	None	1	-2	5.470939334637953
157	40.8696	41.0870	58	None	None	1	-3	5.4709393346379525
158	41.0870	41.3043	59	None	None	1	-2	5.470939334637968
159	41.3043	41.5217	58	None	None	1	-3	5.470939334637956
160	41.5217	41.7391	59	None	None	1	-2	5.470939334637955
161	41.7391	41.9565	58	None	None	1	-3	5.470939334637956
162	41.9565	42.1739	59	None	None	1	-2	5.470939334637956
163	42.1739	42.3913	58	None	None	1	-3	5.470939334637956
164	42.3913	42.6087	59	None	None	1	-2	5.470939334637955
165	42.6087	42.8261	58	None	None	1	-3	5.470939334637956
166	42.8261	43.0435	59	None	None	1	-2	5.470939334637956
167	43.0435	43.2609	58	None	None	1	-3	5.470939334637956
168	43.2609	43.4783	59	None	None	1	-2	5.470939334637955
169	43.4783	43.6957	58	None	None	1	-3	5.470939334637956
170	43.6957	43.9130	59	None	None	1	-2	5.470939334637956
171	43.9130	44.1304	58	None	None	1	-3	5.470939334637956
172	44.1304	44.3478	59	None	None	1	-2	5.470939334637955
173	44.3478	44.5652	58	None	None	1	-3	5.470939334637956
174	44.5652	44.7826	59	None	None	1	-2	5.470939334637956
175	44.7826	45.0000	58	None	None	1	-3	5.470939334637956
176	45.0000	45.2174	59	None	None	1	-2	5.470939334637955
177	45.2174	45.4348	58	None	None	1	-3	5.21936025328942
178	45.4348	45.6522	59	None	None	1	-2	5.219360253289403
179	45.6522	45.8696	58	None	None	1	-3	10.162483436326182
180	45.8696	46.0870	59	None	None	1	0	-1
181	46.0870	46.3043	58	None	None	1	0	-1
182	46.3043	46.5217	59	None	None	1	0	-1
183	46.5217	46.7391	58	None	None	1	0	-1
184	46.7391	46.9565	59	None	None	1	0	-1
185	47.1739	47.3913	58	None	None	1	0	-1
186	47.3913	47.6087	59	None	None	1	0	-1
187	48.0435	48.2609	35	None	None	1	-2	4.722089041095881
188	48.2609	48.4783	34	None	None	1	-3	4.852054794520539
189	48.4783	48.6957	35	None	None	1	-2	4.722089041095893
190	48.6957	48.9130	34	None	None	1	-3	4.852054794520538
191	48.9130	49.1304	35	None	None	1	-2	4.1032045009784675
192	49.1304	49.3478	34	None	None	1	-3	4.1032045009784675
193	49.3478	49.5652	35	None	None	1	-2	4.1032045009784675
194	49.7826	50.0000	35	None	None	1	-2	4.470509959747343
195	50.0000	50.2174	34	None	None	1	-3	4.600475713172001
196	50.2174	50.4348	35	None	None	1	-2	5.646423107491204
197	50.4348	50.6522	34	None	None	1	-3	6.382895710230914
198	50.6522	50.8696	35	None	None	1	-2	5.750945829822132
199	51.0870	51.3043	35	None	None	1	-2	5.750945829822132
200	51.3043	51.5217	34	None	None	1	-3	5.750945829822132
201	51.5217	51.7391	35	None	None	1	-2	5.750945829822132
202	51.9565	52.1739	34	None	None	1	-3	5.750945829822132
203	52.1739	52.3913	35	None	None	1	-2	5.750945829822132
204	52.8261	53.0435	47	None	None	1	-1	5.750945829822132
205	53.0435	53.2609	46	None	None	1	-2	5.750945829822132
206	53.2609	53.4783	41	None	None	1	-4	5.750945829822132
207	53.4783	53.6957	40	None	None	1	0	5.750945829822132
