0	0.0000	0.2174	64	None	None	0	1	5.440689618368781
1	0.2174	0.4348	65	None	None	0	2	4.654706252419661
2	0.4348	0.6522	70	None	None	0	3	4.864236177403355
3	0.6522	0.8696	71	None	None	0	4	4.257229219368997
4	0.8696	1.0870	64	None	None	0	1	4.522224327001091
5	1.0870	1.3043	65	None	None	0	2	4.800097234154826
6	1.3043	1.5217	70	None	None	0	4	6.12025846353129
7	1.7391	1.9565	71	None	None	0	5	5.799987377353295
8	1.9565	2.1739	70	None	None	0	4	5.591973406924941
9	2.1739	2.3913	65	None	None	0	3	5.922112140500572
10	2.3913	2.6087	64	None	None	0	2	5.733071044610163
11	2.6087	2.8261	69	None	None	0	5	5.114186504492757
12	2.8261	3.0435	68	None	None	0	4	4.59172917681283
13	3.0435	3.2609	67	None	None	0	3	4.55459610440579
14	3.4783	3.6957	66	None	None	0	1	4.146245107632102
15	3.6957	3.9130	68	None	None	0	2	3.490329790072946
16	3.9130	4.1304	69	None	None	0	3	3.6416126776572035
17	4.1304	4.3478	70	None	None	0	4	3.938775492554856
18	4.3478	4.5652	65	None	None	0	1	3.8296892781604215
19	4.5652	4.7826	71	None	None	0	4	3.846692974616171
20	4.7826	5.0000	67	None	None	0	2	4.614551864747562
21	5.0000	5.2174	64	None	None	0	1	5.074616309651631
22	5.2174	5.4348	66	None	None	0	2	5.003444587538126
23	5.4348	5.6522	68	None	None	0	3	6.6305447546542915
24	5.6522	5.8696	69	None	None	0	1	5.161310286170383
25	5.8696	6.0870	70	None	None	0	2	4.846022995455001
26	6.0870	6.3043	65	None	None	0	1	4.6146445707974655
27	6.3043	6.5217	67	None	None	0	2	3.8713933094769573
28	6.5217	6.7391	68	None	None	0	3	3.933281763488699
29	6.9565	7.1739	67	None	None	0	1	3.305539271768805
30	7.1739	7.3913	69	None	None	0	2	2.639394457678782
31	7.3913	7.6087	70	None	None	0	3	2.769360211103435
32	7.8261	8.0435	67	None	None	0	2	3.8949844852033206
33	8.0435	8.2609	68	None	None	0	4	4.2734487006277435
34	8.2609	8.4783	71	None	None	0	5	4.8535020095390164
35	8.6957	8.9130	68	None	None	0	4	5.513674234589689
36	8.9130	9.1304	67	None	None	0	3	5.200206699229404
37	9.1304	9.3478	64	None	None	0	2	5.30541707104936
38	9.3478	9.5652	69	None	None	0	5	4.605146698115698
39	9.5652	9.7826	68	None	None	0	4	4.313927139516004
40	9.7826	10.0000	67	None	None	0	3	3.9804247609501466
41	10.0000	10.2174	65	None	None	0	2	3.8722627589274703
42	10.4348	10.6522	66	None	None	0	3	4.25380759370067
43	10.6522	10.8696	65	None	None	0	2	3.6510828165752103
44	11.0870	11.3043	66	None	None	0	3	3.3889877296262987
45	11.3043	11.5217	65	None	None	0	2	3.4503135613288443
46	11.7391	11.9565	66	None	None	0	4	2.6894604374062365
47	11.9565	12.1739	65	None	None	0	3	2.404085899463204
48	12.3913	12.6087	69	None	None	0	5	2.917747488806594
49	12.6087	12.8261	66	None	None	0	4	2.984793313985974
50	12.8261	13.0435	65	None	None	0	3	2.922904859974232
51	13.0435	13.2609	70	None	None	0	5	3.1304276521961403
52	13.2609	13.4783	65	None	None	0	3	3.9708447265601303
53	13.4783	13.6957	64	None	None	0	1	3.7547189594382995
54	13.9130	14.1304	66	None	None	0	2	3.900114896519008
55	14.1304	14.3478	68	None	None	0	3	3.7740437430307994
56	14.3478	14.5652	69	None	None	0	4	3.690838154859462
57	14.5652	14.7826	67	None	None	0	3	3.8202412859749213
58	14.7826	15.0000	66	None	None	0	2	3.2964399161119076
59	15.0000	15.2174	68	None	None	0	4	3.0417484064455054
60	15.2174	15.4348	69	None	None	0	5	2.364491801748831
61	15.4348	15.6522	64	None	None	0	3	2.787021155956264
62	15.6522	16.0870	69	None	None	0	5	2.5736082845810535
63	16.3043	16.5217	67	None	None	0	4	3.2721886180790407
64	16.5217	16.7391	66	None	None	0	3	2.9121103401925383
65	16.7391	16.9565	64	None	None	0	2	3.481484117100562
66	16.9565	17.3913	69	None	None	0	4	3.317925833679255
67	17.3913	17.6087	69	None	None	0	4	4.149981715392665
68	17.6087	17.8261	67	None	None	0	3	4.149981715392668
69	17.8261	18.0435	66	None	None	0	2	4.149981715392659
70	18.0435	18.2609	68	None	None	0	3	4.149981715392662
71	18.2609	18.4783	69	None	None	0	4	4.149981715392653
72	18.4783	18.6957	67	None	None	0	3	4.149981715392656
73	18.6957	18.9130	66	None	None	0	2	4.149981715392647
74	18.9130	19.1304	68	None	None	0	3	4.149981715392647
75	19.1304	19.3478	69	None	None	0	4	4.149981715392647
76	19.3478	19.5652	67	None	None	0	3	4.149981715392647
77	19.5652	19.7826	66	None	None	0	2	4.149981715392647
78	19.7826	20.0000	68	None	None	0	3	4.302912688529101
79	20.0000	20.2174	69	None	None	0	5	3.5296721495779573
80	20.2174	20.4348	67	None	None	0	4	4.0454092663424746
81	20.4348	20.6522	66	None	None	0	3	3.7823833367925728
82	20.6522	20.8696	68	None	None	0	4	3.703303645555348
83	20.8696	21.0870	69	None	None	0	5	3.386125318745174
84	21.0870	21.3043	67	None	None	0	4	3.2492830704303275
85	21.3043	21.5217	66	None	None	0	3	2.7787262300104802
86	21.5217	21.7391	64	None	None	0	2	3.431305595089844
87	21.7391	21.9565	66	None	None	0	3	3.8523516723003017
88	21.9565	22.1739	67	None	None	0	4	3.1686234902844475
89	22.1739	22.3913	69	None	None	0	5	3.6448207614303563
90	22.3913	22.6087	67	None	None	0	4	3.8978757733894707
91	22.6087	22.8261	66	None	None	0	3	3.537797495502978
92	22.8261	23.0435	64	None	None	0	2	4.398390831010685
93	23.0435	23.2609	66	None	None	0	3	4.413223600980443
94	23.2609	23.4783	67	None	None	0	4	4.453518183843101
95	23.4783	23.6957	64	None	None	0	1	4.93982137982299
96	23.6957	23.9130	66	None	None	0	2	5.408000018871168
97	23.9130	24.1304	67	None	None	0	3	4.81031951029114
98	24.1304	24.3478	64	None	None	0	1	4.242633600310723
99	24.3478	24.5652	65	None	None	0	2	3.450719195925018
100	24.5652	24.7826	66	None	None	0	3	3.0113111724416557
101	24.7826	25.0000	64	None	None	0	1	2.1976500798111283
102	25.2174	25.6522	70	None	None	0	3	2.7102892392929165
103	25.8696	26.0870	71	None	None	0	4	2.754588970825406
104	26.0870	26.5217	70	None	None	0	3	2.6440738743758683
105	26.7391	26.9565	64	None	None	0	1	3.0315382292465936
106	26.9565	27.3913	68	None	None	0	3	2.8387406349078974
107	27.6087	27.8261	70	None	None	0	4	3.180265643306492
108	27.8261	28.2609	67	None	None	0	3	3.4876620140590266
109	28.4783	28.6957	65	None	None	0	2	3.762932476851264
110	28.6957	28.9130	66	None	None	0	3	3.6524173804017335
111	28.9130	29.1304	68	None	None	0	4	3.7275757646354646
112	29.1304	29.3478	70	None	None	0	5	3.6146047771537053
113	29.3478	29.5652	66	None	None	0	2	3.0307781830042213
114	29.5652	29.7826	68	None	None	0	3	3.3274335823993453
115	29.7826	30.0000	70	None	None	0	4	3.204753503726111
116	30.0000	30.2174	66	None	None	0	2	3.0307781830042195
117	30.2174	30.4348	68	None	None	0	0	-1
118	30.4348	30.6522	70	None	None	0	0	-1
119	30.6522	30.8696	66	None	None	0	0	-1
120	30.8696	31.0870	68	None	None	0	0	-1
121	31.0870	31.3043	70	None	None	0	0	-1
122	31.3043	31.5217	66	None	None	0	0	-1
123	31.5217	31.7391	68	None	None	0	0	-1
124	31.7391	31.9565	70	None	None	0	0	-1
125	32.1739	32.3913	83	None	None	0	0	-1
126	32.3913	32.6087	82	None	None	0	0	-1
127	32.6087	32.8261	77	None	None	0	0	-1
128	32.8261	33.0435	76	None	None	0	0	-1
129	33.0435	33.2609	83	None	None	0	0	-1
130	33.2609	33.4783	82	None	None	0	0	-1
131	33.4783	33.6957	77	None	None	0	0	-1
132	33.9130	34.1304	40	None	None	0	0	-1
133	34.1304	34.3478	41	None	None	0	0	-1
134	34.3478	34.5652	46	None	None	0	0	-1
135	34.5652	34.7826	47	None	None	0	0	-1
136	34.7826	35.0000	42	None	None	0	0	-1
137	35.0000	35.2174	43	None	None	0	0	-1
138	35.2174	35.4348	44	None	None	0	1	12.51502667931529
139	35.6522	35.8696	69	None	None	0	5	6.837258464194249
140	35.8696	36.0870	67	None	None	0	4	7.269789992787437
141	36.0870	36.3043	66	None	None	0	3	7.8830483098128745
142	36.3043	36.5217	65	None	None	0	1	7.368660918285057
143	36.5217	36.7391	70	None	None	0	3	7.064282249009132
144	36.7391	36.9565	64	None	None	0	1	9.22748269290202
145	37.1739	37.3913	83	None	None	0	5	8.22889670655293
146	37.3913	37.6087	81	None	None	0	4	9.144720798746878
147	37.6087	37.8261	79	None	None	0	3	12.311440466065925
148	37.8261	38.0435	78	None	None	0	0	-1
149	38.0435	38.2609	77	None	None	0	0	-1
150	38.2609	38.4783	82	None	None	0	0	-1
151	38.4783	38.6957	76	None	None	0	0	-1
152	38.9130	39.1304	71	None	None	0	0	-1
153	39.1304	39.3478	68	None	None	0	0	-1
154	39.3478	39.5652	67	None	None	0	0	-1
155	39.5652	39.7826	66	None	None	0	0	-1
156	40.0000	40.2174	43	None	None	0	0	-1
157	40.2174	40.4348	45	None	None	0	0	-1
158	40.4348	40.6522	46	None	None	0	0	-1
159	40.8696	41.0870	79	None	None	0	2	6.693071616002207
160	41.0870	41.3043	80	None	None	0	0	-1
161	41.3043	41.5217	83	None	None	0	0	-1
162	41.5217	41.7391	78	None	None	0	0	-1
163	41.7391	41.9565	79	None	None	0	0	-1
164	41.9565	42.1739	80	None	None	0	0	-1
165	42.1739	42.3913	83	None	None	0	0	-1
166	42.8261	43.0435	71	None	None	0	0	-1
167	43.0435	43.2609	70	None	None	0	0	-1
168	43.4783	43.6957	47	None	None	0	2	29.615743517127722
169	43.6957	43.9130	46	None	None	0	1	28.934126589534685
170	44.1304	44.3478	71	None	None	0	5	23.678325106311956
171	44.3478	44.5652	70	None	None	0	1	8.768833912574284
172	44.7826	45.0000	83	None	None	0	4	7.715659631153378
173	45.0000	45.2174	82	None	None	0	3	7.77754808516512
174	45.4348	45.6522	83	None	None	0	5	10.221345586562505
175	45.6522	45.8696	82	None	None	0	4	10.221345586562505
176	46.3043	46.5217	71	None	None	0	1	10.45389704440644
177	46.5217	46.7391	70	None	None	0	2	7.647255654973979
178	46.7391	46.9565	71	None	None	0	3	7.798538542558236
179	46.9565	47.1739	65	None	None	0	1	8.192374158996582
180	47.1739	47.3913	70	None	None	0	2	8.52313356321489
181	47.3913	47.6087	71	None	None	0	1	5.409019081805903
182	48.0435	48.2609	83	None	None	0	4	4.97170580560989
183	48.2609	48.4783	82	None	None	0	2	4.969642857142835
184	48.4783	48.6957	83	None	None	0	4	4.971705805609903
185	48.6957	48.9130	82	None	None	0	2	4.969642857142835
186	48.9130	49.1304	83	None	None	0	3	4.288869863013682
187	49.1304	49.3478	82	None	None	0	2	4.288869863013682
188	49.3478	49.5652	83	None	None	0	3	4.288869863013682
189	49.7826	50.0000	83	None	None	0	4	4.720126724261354
190	50.0000	50.2174	82	None	None	0	2	4.665232168711105
191	50.2174	50.4348	83	None	None	0	4	4.9654040338549255
192	50.4348	50.6522	82	None	None	0	3	7.772045423287386
193	50.6522	50.8696	83	None	None	0	4	7.3957136120240685
194	51.0870	51.3043	83	None	None	0	4	7.3957136120240685
195	51.3043	51.5217	82	None	None	0	3	7.3957136120240685
196	51.5217	51.7391	83	None	None	0	4	7.3957136120240685
197	51.9565	52.1739	82	None	None	0	3	7.3957136120240685
198	52.1739	52.3913	83	None	None	0	4	7.3957136120240685
199	52.8261	53.0435	71	None	None	0	1	7.3957136120240685
200	53.0435	53.2609	70	None	None	0	2	7.3957136120240685
201	53.2609	53.4783	65	None	None	0	1	7.3957136120240685
202	53.4783	53.6957	64	None	None	0	0	7.3957136120240685
