0	0.0000	0.4545	55	None	None	1	-3	1.1438487439827947
1	0.0000	1.8182	59	None	None	1	-2	1.24906931108455
2	0.4545	0.9091	53	None	None	1	-4	1.415622143974016
3	0.9091	1.3636	52	None	None	1	-5	1.3373951318330684
4	1.3636	1.8182	53	None	None	1	-4	1.200346563944336
5	1.8182	3.6364	55	None	None	1	-3	1.2988372531112555
6	3.1818	3.6364	57	None	None	1	-1	1.3977666190780924
7	3.6364	8.1818	55	None	None	1	-2	1.0001810086265541
8	3.6364	8.1818	59	None	None	1	-1	1.4254507215060472
9	4.5455	10.0000	53	None	None	1	-2	1.293317461196557
10	4.5455	10.0000	57	None	None	1	-1	1.6723367029207161
11	5.4545	11.8182	52	None	None	1	-4	1.6208152835421537
12	5.4545	11.8182	59	None	None	1	-1	1.9323276155462885
13	6.3636	13.1818	50	None	None	1	-3	1.6582320914507651
14	6.3636	14.5455	53	None	None	1	-2	1.6079746911933646
15	6.8182	7.2727	49	None	None	1	-4	1.682014231318972
16	7.2727	7.7273	47	None	None	1	-5	1.63739491205826
17	7.7273	8.1818	49	None	None	1	-4	1.544724797564373
18	8.1818	10.0000	50	None	None	1	-3	1.165705555840214
19	9.5455	10.0000	52	None	None	1	-2	1.5893180944410465
20	10.0000	10.9091	53	None	None	1	-1	1.2737443239492439
21	10.9091	22.7273	47	None	None	1	-5	0.9813075223935888
22	10.9091	22.7273	53	None	None	1	-2	1.1862206322247315
23	11.8182	24.5455	49	None	None	1	-4	1.276724631540208
24	11.8182	24.5455	52	None	None	1	-3	1.453677638411249
25	12.7273	25.9091	48	None	None	1	-5	1.3779463157536953
26	12.7273	25.9091	52	None	None	1	-4	1.3340505464480878
27	13.1818	13.6364	53	None	None	1	-3	1.3895979703356758
28	13.6364	14.0909	52	None	None	1	-4	1.431710252406975
29	14.0909	14.5455	53	None	None	1	-3	1.6732207910486583
30	14.5455	29.5455	48	None	None	1	-5	1.7706300416341367
31	14.5455	30.0000	55	None	None	1	-2	2.032420960187352
32	15.0000	15.4545	50	None	None	1	-4	1.9670878870673922
33	15.4545	15.9091	52	None	None	1	-3	2.2826616575591947
34	15.9091	16.3636	50	None	None	1	-4	2.611688459536821
35	16.3636	17.2727	48	None	None	1	-5	2.5561410356492336
36	16.8182	17.2727	54	None	None	1	-4	1.7726426294561577
37	17.2727	35.0000	53	None	None	1	-5	1.465163934426236
38	17.2727	36.3636	60	None	None	1	-2	1.7485362997658105
39	17.7273	18.1818	55	None	None	1	-4	1.7637265632142698
40	18.1818	18.6364	57	None	None	1	-3	1.9233217555963478
41	18.6364	19.0909	59	None	None	1	-2	1.9085091092263227
42	19.0909	19.5455	57	None	None	1	-4	2.1517191664732676
43	19.5455	39.5455	55	None	None	1	-5	2.1536870301214592
44	19.5455	39.5455	59	None	None	1	-3	2.405826933490867
45	20.0000	41.8182	53	None	None	1	-5	2.3300641830354927
46	20.0000	40.9091	57	None	None	1	-3	2.359689475775543
47	20.9091	21.8182	58	None	None	1	-2	2.274296281058578
48	21.8182	22.2727	59	None	None	1	-1	2.1830009459107838
49	22.2727	24.0909	57	None	None	1	-2	1.8358697983697998
50	22.7273	23.1818	53	None	None	1	-3	1.7621643599102619
51	23.1818	23.6364	52	None	None	1	-4	1.8093930874668565
52	23.6364	24.0909	50	None	None	1	-5	1.9315974200195534
53	24.0909	49.0909	52	None	None	1	-4	1.8319567957887655
54	24.0909	49.0909	55	None	None	1	-3	1.6781056378392465
55	25.0000	26.8182	50	None	None	1	-5	1.7406517905493302
56	25.4545	25.9091	53	None	None	1	-4	1.5123796073591114
57	25.9091	26.3636	55	None	None	1	-3	1.6901313637993947
58	26.3636	26.8182	57	None	None	1	-2	1.6991477572420173
59	26.8182	54.5455	52	None	None	1	-4	1.5240078925529736
60	26.8182	54.5455	55	None	None	1	-2	1.3791731280460755
61	27.7273	30.4545	53	None	None	1	-3	1.5032152615144372
62	28.1818	28.6364	52	None	None	1	-4	1.4702982695810516
63	28.6364	29.0909	50	None	None	1	-5	1.673972157168873
64	29.0909	29.5455	52	None	None	1	-4	1.6985704527712688
65	29.5455	30.0000	55	None	None	1	-3	1.3952350002486755
66	30.0000	30.4545	57	None	None	1	-2	1.3952350002486755
67	30.4545	30.9091	50	None	None	1	-5	1.3952350002486755
68	30.9091	31.3636	52	None	None	1	-4	1.3952350002486755
69	31.3636	31.8182	57	None	None	1	-2	1.3952350002486755
70	31.8182	32.2727	55	None	None	1	-3	1.3952350002486755
71	32.2727	32.7273	52	None	None	1	-4	1.3952350002486755
72	32.7273	33.1818	50	None	None	1	-5	1.3952350002486755
73	35.9091	74.5455	55	None	None	1	-3	1.3952350002486755
74	35.9091	74.5455	55	None	None	1	0	1.3952350002486755
