0	0.0000	0.3125	60	None	None	1	-4	1.629664611482794
1	0.3125	0.6250	63	None	None	1	-3	1.7589225589225594
2	0.6250	0.9375	62	None	None	1	-4	1.5949013949013944
3	0.9375	1.2500	60	None	None	1	-5	1.4745310245310241
4	1.2500	2.1875	67	None	None	1	-2	1.6639868068439514
5	2.1875	2.5000	67	None	None	1	-2	1.8997010925582387
6	2.5000	2.8125	67	None	None	1	-2	2.5230777159348623
7	2.8125	3.1250	65	None	None	1	-3	2.452373133161316
8	3.1250	3.4375	60	None	None	1	-5	2.1071350379232205
9	3.4375	3.7500	62	None	None	1	-4	1.8637487945369786
10	3.7500	4.0625	63	None	None	1	-3	1.4498569219984871
11	4.0625	4.3750	60	None	None	1	-4	1.434896148417025
12	4.3750	5.0000	58	None	None	1	-5	1.5000830746505238
13	5.0000	5.3125	65	None	None	1	-3	0.865696967523254
14	5.3125	5.6250	67	None	None	1	-2	0.7599498410864753
15	5.6250	6.5625	60	None	None	1	-4	0.6381696962800103
16	6.5625	6.8750	60	None	None	1	-4	0.7298363629466765
17	8.1250	17.5000	60	None	None	1	-4	0.7947714278817406
18	8.1250	16.8750	65	None	None	1	-2	0.7571622760338661
19	8.7500	9.3750	64	None	None	1	-3	0.7205813601426062
20	10.6250	23.1250	58	None	None	1	-5	0.728895066153217
21	10.6250	21.8750	64	None	None	1	-2	0.841987447190647
22	11.2500	11.8750	62	None	None	1	-3	0.7511737270665806
23	12.5000	26.2500	58	None	None	1	-5	0.7739344980416392
24	12.5000	25.6250	64	None	None	1	-2	1.1191431988058964
25	13.1250	13.7500	61	None	None	1	-3	1.7520880574452036
26	14.3750	29.3750	57	None	None	1	-4	2.0030350271421753
27	14.3750	29.3750	62	None	None	1	-2	2.7189080430151895
28	15.6250	16.2500	61	None	None	1	-3	2.7406756529772447
29	16.8750	34.3750	56	None	None	1	-5	2.6524681337181346
30	16.8750	34.3750	60	None	None	1	-4	2.3690686628186595
31	18.1250	19.3750	62	None	None	1	-3	2.308222101972099
32	19.3750	20.0000	63	None	None	1	-1	1.7965758778258745
33	20.6250	20.9375	52	None	None	1	-5	1.9726671476671431
34	20.9375	21.2500	55	None	None	1	-3	1.7661976911976862
35	21.2500	21.5625	54	None	None	1	-4	1.1469642310551371
36	21.5625	21.8750	52	None	None	1	-5	1.0755356596265684
37	21.8750	22.8125	59	None	None	1	-2	1.269475053565963
38	22.8125	23.1250	59	None	None	1	-2	1.3941055954378856
39	23.1250	23.4375	59	None	None	1	-2	1.7487853983935506
40	23.4375	23.7500	57	None	None	1	-3	1.6802880323058222
41	23.7500	24.0625	52	None	None	1	-5	1.6337512357690276
42	24.0625	24.3750	54	None	None	1	-4	1.6794832916325226
43	24.3750	24.6875	56	None	None	1	-3	2.1133021562290386
44	24.6875	25.0000	52	None	None	1	-5	2.2554979234248034
45	25.0000	25.6250	57	None	None	1	-3	3.0333272369684026
46	25.6250	26.2500	59	None	None	1	-2	5.0348563683004866
47	26.2500	27.1875	60	None	None	1	-1	4.778221807538084
48	27.1875	27.5000	58	None	None	1	-2	4.801024127930766
49	27.5000	27.8125	60	None	None	1	-1	5.350807677714316
50	27.8125	28.1250	58	None	None	1	-2	6.0268916466554305
51	28.1250	28.4375	57	None	None	1	-1	5.105220857127496
52	28.4375	28.7500	55	None	None	1	-2	5.8967104281625256
53	28.7500	29.0625	54	None	None	1	-3	16.26099614244824
54	29.3750	30.3125	53	None	None	1	0	-1
55	30.3125	30.6250	51	None	None	1	0	-1
56	30.6250	62.5000	53	None	None	1	0	-1
57	30.6250	61.5625	53	None	None	1	0	-1
58	30.9375	31.2500	51	None	None	1	0	-1
59	31.2500	31.5625	50	None	None	1	0	-1
60	31.5625	31.8750	48	None	None	1	0	-1
61	31.8750	32.1875	47	None	None	1	-1	16.736345573379744
62	32.5000	33.4375	46	None	None	1	-4	17.26204852768771
63	33.4375	33.7500	44	None	None	1	-5	17.534306266124457
64	33.7500	68.7500	46	None	None	1	-2	19.54928740091078
65	33.7500	67.8125	46	None	None	1	-1	15.648159079977265
66	34.0625	34.3750	44	None	None	1	-3	14.553489439853077
67	34.3750	34.6875	42	None	None	1	-4	14.882589968953608
68	34.6875	35.0000	40	None	None	1	-1	8.96700555336919
69	35.0000	70.3125	39	None	None	1	-5	2.276644147098686
70	35.0000	70.3125	46	None	None	1	-4	1.7349927849927864
71	36.2500	36.5625	48	None	None	1	-3	2.0418710918710934
72	36.5625	36.8750	52	None	None	1	-2	1.7384319384319393
73	36.8750	37.1875	50	None	None	1	-4	1.7601972101972112
74	37.1875	37.5000	48	None	None	1	-5	1.6309455095169392
75	37.5000	38.4375	54	None	None	1	-1	2.15844046525865
76	38.4375	38.7500	54	None	None	1	-1	2.3806626874808723
77	38.7500	39.0625	54	None	None	1	-1	3.185342490436537
78	39.0625	39.3750	52	None	None	1	-2	3.076229189943923
79	39.3750	39.6875	47	None	None	1	-4	2.847673667875742
80	39.6875	40.0000	49	None	None	1	-3	2.74548027247176
81	40.0000	40.3125	50	None	None	1	-2	2.1911151931066812
82	40.3125	40.6250	46	None	None	1	-4	2.1911151931066812
83	40.6250	41.2500	45	None	None	1	-5	2.1911151931066812
84	41.8750	42.5000	57	None	None	1	-2	2.1911151931066812
85	42.5000	43.1250	59	None	None	1	-1	2.1911151931066812
86	43.1250	45.0000	54	None	None	1	-2	2.1911151931066812
87	45.0000	91.2500	48	None	None	1	-5	2.1911151931066812
88	45.0000	91.2500	55	None	None	1	-2	2.1911151931066812
89	46.2500	93.1250	48	None	None	1	-5	2.1911151931066812
90	46.2500	93.1250	55	None	None	1	0	2.1911151931066812
