0	0.0000	0.2500	69	None	None	0	4	1.53536702559812
1	0.2500	1.0000	69	None	None	0	4	1.6284459238240787
2	1.0000	1.7500	62	None	None	0	1	1.7973009658408847
3	1.7500	2.0000	64	None	None	0	2	2.2127828404088876
4	2.0000	2.2500	66	None	None	0	3	2.2410295936556417
5	2.2500	3.0000	67	None	None	0	4	1.7729149993330684
6	3.0000	4.0000	69	None	None	0	5	1.6668225623582804
7	4.0000	4.2500	69	None	None	0	4	1.5632122545988132
8	4.2500	5.0000	69	None	None	0	5	1.6945536547952562
9	5.0000	5.7500	66	None	None	0	4	1.6981134120314838
10	5.7500	6.0000	67	None	None	0	5	1.5746348539415855
11	6.0000	6.2500	66	None	None	0	4	1.4803179605175496
12	6.2500	7.0000	64	None	None	0	2	2.0085229546364034
13	7.0000	8.0000	62	None	None	0	1	1.7060019462330405
14	8.0000	8.2500	69	None	None	0	4	1.53536702559812
15	8.2500	9.0000	69	None	None	0	4	1.6284459238240787
16	9.0000	9.7500	62	None	None	0	1	1.7973009658408847
17	9.7500	10.0000	64	None	None	0	2	2.2127828404088876
18	10.0000	10.2500	66	None	None	0	3	2.2410295936556417
19	10.2500	11.0000	67	None	None	0	4	1.7729149993330684
20	11.0000	12.0000	69	None	None	0	5	1.6668225623582804
21	12.0000	12.2500	69	None	None	0	4	1.5632122545988132
22	12.2500	13.0000	69	None	None	0	5	1.6945536547952562
23	13.0000	13.7500	66	None	None	0	4	1.6981134120314838
24	13.7500	14.0000	67	None	None	0	5	1.5746348539415855
25	14.0000	14.2500	66	None	None	0	4	1.4803179605175496
26	14.2500	15.0000	64	None	None	0	2	2.0085229546364034
27	15.0000	16.0000	62	None	None	0	1	1.7060019462330405
28	16.0000	16.2500	69	None	None	0	4	1.53536702559812
29	16.2500	17.0000	69	None	None	0	4	1.6284459238240787
30	17.0000	17.7500	62	None	None	0	1	1.7973009658408847
31	17.7500	18.0000	64	None	None	0	2	2.2127828404088876
32	18.0000	18.2500	66	None	None	0	3	2.2410295936556417
33	18.2500	19.0000	67	None	None	0	4	1.7729149993330684
34	19.0000	20.0000	69	None	None	0	5	1.6668225623582804
35	20.0000	20.2500	69	None	None	0	4	1.5632122545988132
36	20.2500	21.0000	69	None	None	0	5	1.6945536547952562
37	21.0000	21.7500	66	None	None	0	4	1.6981134120314838
38	21.7500	22.0000	67	None	None	0	5	1.5746348539415855
39	22.0000	22.2500	66	None	None	0	4	1.4803179605175496
40	22.2500	23.0000	64	None	None	0	2	2.0085229546364034
41	23.0000	24.0000	62	None	None	0	1	1.7060019462330405
42	24.0000	24.2500	69	None	None	0	4	1.53536702559812
43	24.2500	25.0000	69	None	None	0	4	1.6284459238240787
44	25.0000	25.7500	62	None	None	0	1	1.7973009658408847
45	25.7500	26.0000	64	None	None	0	2	2.2127828404088876
46	26.0000	26.2500	66	None	None	0	3	2.2410295936556417
47	26.2500	27.0000	67	None	None	0	4	2.2410295936556417
48	27.0000	28.0000	69	None	None	0	5	2.2410295936556417
49	28.0000	28.2500	69	None	None	0	5	2.2410295936556417
50	28.2500	29.0000	69	None	None	0	5	2.2410295936556417
51	29.0000	29.7500	66	None	None	0	3	2.2410295936556417
52	29.7500	30.0000	67	None	None	0	4	2.2410295936556417
53	30.0000	30.2500	66	None	None	0	3	2.2410295936556417
54	30.2500	31.0000	64	None	None	0	2	2.2410295936556417
55	31.0000	31.5000	62	None	None	0	0	2.2410295936556417
