0	5.0000	6.2500	64	None	None	0	2	1.0364265875786658
1	6.2500	6.6667	66	None	None	0	3	1.0953224242522812
2	7.5000	8.7500	64	None	None	0	2	1.1139732179030737
3	8.7500	9.1667	66	None	None	0	3	1.849950103879956
4	10.0000	10.8333	64	None	None	0	2	2.029464737561255
5	10.8333	11.2500	66	None	None	0	3	1.9927361229026814
6	11.2500	12.0833	67	None	None	0	4	1.8364152735709856
7	12.0833	12.5000	66	None	None	0	0	-1
8	12.5000	13.7500	64	None	None	0	0	-1
9	13.7500	14.1667	69	None	None	0	0	-1
10	15.0000	15.2083	67	None	None	0	0	-1
11	15.2083	15.4167	66	None	None	0	0	-1
12	15.4167	16.2500	64	None	None	0	0	-1
13	18.7500	19.1667	66	None	None	0	1	1.4210893547211074
14	22.5000	23.7500	76	None	None	0	2	2.2477474922031444
15	23.7500	24.1667	78	None	None	0	3	2.408495180728611
16	25.0000	26.2500	76	None	None	0	1	2.1188126410460715
17	26.2500	26.6667	78	None	None	0	2	2.789265236498659
18	27.5000	28.3333	79	None	None	0	3	3.0288262260596452
19	28.3333	28.7500	78	None	None	0	2	2.7949750520949146
20	28.7500	29.5833	79	None	None	0	3	2.4028493846236243
21	29.5833	30.0000	81	None	None	0	4	2.4407840029153864
22	30.0000	31.2500	82	None	None	0	5	1.814934509394353
23	31.2500	32.5000	81	None	None	0	4	1.6440497357318007
24	32.5000	32.7083	79	None	None	0	3	1.7432560849381502
25	32.7083	32.9167	78	None	None	0	2	1.1484648651469374
26	32.9167	33.7500	76	None	None	0	1	0.9089038755859512
27	36.2500	36.6667	81	None	None	0	3	0.9410094902158384
28	40.0000	41.2500	83	None	None	0	4	1.12445620223398
29	41.2500	41.6667	82	None	None	0	3	1.385899319232653
30	42.5000	43.7500	83	None	None	0	5	2.0700762811873856
31	43.7500	44.1667	78	None	None	0	4	1.9427609999936974
32	45.0000	46.2500	79	None	None	0	5	2.106508901936048
33	46.2500	46.6667	78	None	None	0	4	2.6185104597709414
34	47.5000	48.7500	79	None	None	0	5	2.472805727260655
35	48.7500	49.1667	74	None	None	0	4	2.4970447751108247
36	50.0000	50.2083	76	None	None	0	5	3.0504463910124335
37	50.2083	50.4167	74	None	None	0	4	2.7570790007110797
38	50.4167	51.2500	73	None	None	0	3	2.2726985163306033
39	52.0833	52.2917	71	None	None	0	2	3.0969539375199977
40	52.2917	52.5000	73	None	None	0	3	2.988087466153525
41	52.5000	53.7500	74	None	None	0	4	2.192434670500718
42	53.7500	53.9583	76	None	None	0	5	2.161831873826492
43	53.9583	54.1667	74	None	None	0	4	2.0216601086547263
44	54.1667	55.0000	73	None	None	0	3	1.8984378285744141
45	55.8333	56.0417	71	None	None	0	2	2.6615272466655013
46	56.0417	56.2500	73	None	None	0	3	3.805884349439938
47	56.2500	57.5000	74	None	None	0	4	2.972196052848405
48	58.7500	59.1667	69	None	None	0	2	3.173385052021273
49	60.0000	62.5000	71	None	None	0	3	3.309419662998281
50	63.7500	64.1667	67	None	None	0	1	3.403530621164537
51	66.2500	66.6667	63	None	None	0	4	2.1289646797135093
52	66.6667	67.0833	60	None	None	0	3	2.2672135276397847
53	67.0833	67.5000	55	None	None	0	2	1.3243563847826516
54	67.5000	67.9167	52	None	None	0	1	1.5486267380852614
55	67.9167	68.3333	55	None	None	0	2	1.7226968500009958
56	68.3333	68.7500	60	None	None	0	4	1.720584714824347
57	68.7500	69.1667	63	None	None	0	5	2.3144869531390206
58	69.1667	69.5833	58	None	None	0	4	2.3251069782751843
59	69.5833	70.0000	54	None	None	0	2	1.9981484529295652
60	70.0000	70.4167	52	None	None	0	1	2.0046768707482983
61	70.4167	70.8333	55	None	None	0	2	2.178746982664032
62	70.8333	71.2500	60	None	None	0	4	2.11597641989347
63	71.2500	71.6667	63	None	None	0	5	2.3144869531390206
64	71.6667	72.0833	61	None	None	0	4	2.3100706704969367
65	72.0833	72.5000	54	None	None	0	2	1.5420983202665286
66	72.5000	72.9167	52	None	None	0	1	1.5486267380852614
67	72.9167	73.3333	55	None	None	0	2	1.7226968500009958
68	73.3333	73.7500	60	None	None	0	4	1.6599262872304332
69	73.7500	74.1667	63	None	None	0	5	1.858436820475984
70	74.1667	74.5833	58	None	None	0	4	1.8690568456121477
71	74.5833	75.0000	54	None	None	0	2	1.5420983202665286
72	75.0000	75.4167	52	None	None	0	1	1.5486267380852614
73	75.4167	75.8333	55	None	None	0	2	1.7226968500009958
74	75.8333	76.2500	60	None	None	0	4	1.6599262872304332
75	76.2500	76.6667	63	None	None	0	5	1.858436820475984
76	76.6667	77.0833	58	None	None	0	4	1.8690568456121477
77	77.0833	77.5000	54	None	None	0	2	1.5420983202665286
78	77.5000	77.9167	52	None	None	0	1	1.5486267380852614
79	77.9167	78.3333	55	None	None	0	2	1.7226968500009958
80	78.3333	78.7500	60	None	None	0	4	1.720584714824347
81	78.7500	79.1667	63	None	None	0	5	2.3144869531390206
82	79.1667	79.5833	58	None	None	0	4	2.3251069782751843
83	79.5833	80.0000	54	None	None	0	2	1.9981484529295652
84	80.0000	80.4167	52	None	None	0	1	2.0046768707482983
85	80.4167	80.8333	55	None	None	0	2	2.178746982664032
86	80.8333	81.2500	60	None	None	0	4	1.9924950625411462
87	81.2500	81.6667	63	None	None	0	5	2.4761438446346213
88	81.6667	82.0833	61	None	None	0	4	2.6514510642966855
89	82.0833	82.5000	54	None	None	0	2	2.0137974544656583
90	82.5000	82.9167	52	None	None	0	1	2.481374807987705
91	82.9167	83.3333	55	None	None	0	2	3.610701069284032
92	83.3333	83.7500	60	None	None	0	4	4.387234673928258
93	83.7500	84.1667	63	None	None	0	5	4.479419275041424
94	84.1667	84.5833	59	None	None	0	4	3.9796496897879803
95	84.5833	85.0000	54	None	None	0	2	3.9841427773455864
96	85.0000	85.4167	55	None	None	0	1	2.0939354040736604
97	85.4167	85.8333	58	None	None	0	2	1.9007326390967052
98	85.8333	86.2500	61	None	None	0	3	1.9007326390967052
99	86.2500	86.6667	63	None	None	0	4	1.9007326390967052
100	86.6667	87.0833	66	None	None	0	5	1.9007326390967052
101	87.0833	87.5000	63	None	None	0	3	1.9007326390967052
102	87.5000	87.9167	61	None	None	0	2	1.9007326390967052
103	87.9167	88.3333	58	None	None	0	1	1.9007326390967052
104	88.3333	88.7500	61	None	None	0	2	1.9007326390967052
105	88.7500	89.3750	58	None	None	0	1	1.9007326390967052
106	89.3750	90.0000	55	None	None	0	0	1.9007326390967052
