0	0.0000	0.6000	65	None	None	0	2	5.887538973922901
1	0.6000	1.5000	67	None	None	0	3	6.086660289115645
2	1.5000	1.8000	69	None	None	0	4	6.26862953514739
3	1.8000	2.7000	70	None	None	0	5	6.8388428287982
4	2.7000	3.0000	69	None	None	0	3	6.431005527210895
5	3.0000	3.3000	67	None	None	0	2	7.648710317460328
6	3.3000	3.6000	65	None	None	0	1	7.049220521541961
7	3.6000	3.9000	64	None	None	0	2	3.9077664399093015
8	3.9000	4.2000	62	None	None	0	1	3.5805980725623576
9	4.2000	4.5000	67	None	None	0	2	3.4416170634920666
10	4.5000	4.8000	69	None	None	0	1	2.9665532879818675
11	4.8000	5.1000	70	None	None	0	2	2.659374677901463
12	5.1000	5.4000	67	None	None	0	1	2.4517357890125697
13	5.4000	6.0000	73	None	None	0	4	2.0604556405895686
14	6.0000	6.6000	69	None	None	0	2	2.2386444160997705
15	6.6000	7.2000	67	None	None	0	1	2.514154620181405
16	7.2000	7.8000	73	None	None	0	2	5.136476048752826
17	7.8000	8.7000	74	None	None	0	3	5.144270833333326
18	8.7000	9.0000	76	None	None	0	4	5.326240079365075
19	9.0000	9.9000	77	None	None	0	5	5.926215277777796
20	9.9000	10.2000	76	None	None	0	3	5.904786706349228
21	10.2000	10.5000	74	None	None	0	2	6.782911706349217
22	10.5000	10.8000	72	None	None	0	1	6.183421910430848
23	10.8000	11.1000	71	None	None	0	2	3.0419678287981835
24	11.1000	11.4000	69	None	None	0	1	2.6338536215768293
25	11.4000	11.7000	74	None	None	0	2	2.131869494592708
26	11.7000	12.0000	76	None	None	0	3	2.1318694945927033
27	12.0000	12.3000	77	None	None	0	4	2.4750738596720683
28	12.3000	12.6000	74	None	None	0	2	2.331323859672065
29	12.6000	13.2000	80	None	None	0	5	5.049404216814947
30	13.2000	13.8000	76	None	None	0	3	5.558492227019027
31	13.8000	14.4000	74	None	None	0	2	5.806678168062108
32	15.0000	15.9000	82	None	None	0	5	5.777292375283457
33	15.9000	16.2000	81	None	None	0	4	5.73909793083901
34	16.2000	16.5000	79	None	None	0	3	6.176597930839015
35	16.5000	16.8000	78	None	None	0	2	8.852937216553302
36	16.8000	17.1000	76	None	None	0	1	8.86059027777779
37	17.1000	17.4000	74	None	None	0	2	5.967322137188201
38	17.4000	18.0000	80	None	None	0	5	5.532561585240154
39	18.0000	18.3000	79	None	None	0	4	5.749490440115442
40	18.3000	18.6000	77	None	None	0	3	6.1869904401154425
41	18.6000	18.9000	76	None	None	0	2	9.231633297258327
42	18.9000	19.2000	74	None	None	0	1	8.794133297258321
43	19.2000	19.8000	72	None	None	0	2	6.348870400432924
44	19.8000	20.4000	78	None	None	0	5	6.080885706555375
45	20.4000	20.7000	77	None	None	0	4	6.07096507163474
46	20.7000	21.0000	75	None	None	0	3	7.922566913670248
47	21.0000	21.3000	74	None	None	0	2	7.493425048590882
48	21.3000	21.6000	72	None	None	0	1	7.05592504859088
49	21.6000	21.9000	71	None	None	0	2	4.379585762876571
50	21.9000	22.2000	72	None	None	0	3	4.482264334305144
51	22.2000	22.8000	73	None	None	0	4	6.927527231130536
52	22.8000	23.4000	69	None	None	0	2	7.195511925008084
53	23.4000	24.0000	67	None	None	0	1	7.488383240200831
54	24.0000	24.6000	82	None	None	0	5	5.7244437358276565
55	25.5000	25.8000	81	None	None	0	4	5.785282029478447
56	25.8000	26.1000	79	None	None	0	3	6.222782029478452
57	26.1000	26.4000	78	None	None	0	2	8.899121315192762
58	26.4000	26.7000	76	None	None	0	1	8.906774376417252
59	26.7000	27.0000	74	None	None	0	2	6.296456916099795
60	27.3000	27.6000	80	None	None	0	5	6.098462945784401
61	27.6000	27.9000	79	None	None	0	4	6.032441120387579
62	27.9000	28.2000	77	None	None	0	3	6.46994112038758
63	28.2000	28.5000	76	None	None	0	2	9.514583977530439
64	28.5000	28.8000	74	None	None	0	1	10.481101834673286
65	28.8000	29.4000	72	None	None	0	2	9.3534232632447
66	29.4000	29.7000	78	None	None	0	5	9.200072150072161
67	29.7000	30.0000	77	None	None	0	4	8.833221243042686
68	30.0000	30.3000	75	None	None	0	3	8.833221243042686
69	30.3000	30.6000	74	None	None	0	2	8.833221243042686
70	30.6000	30.9000	72	None	None	0	1	8.833221243042686
71	30.9000	31.2000	71	None	None	0	3	8.833221243042686
72	31.2000	31.5000	70	None	None	0	2	8.833221243042686
73	31.5000	31.8000	68	None	None	0	1	8.833221243042686
74	31.8000	32.4000	73	None	None	0	3	8.833221243042686
75	32.4000	33.0000	69	None	None	0	1	8.833221243042686
76	33.0000	33.6000	67	None	None	0	0	8.833221243042686
