0	0.0000	0.4167	60	None	None	0	2	1.2938790749274622
1	0.4167	0.8333	62	None	None	0	3	1.3097776924389863
2	0.8333	2.0833	64	None	None	0	4	1.613157108721626
3	2.0833	2.5000	65	None	None	0	5	1.8325543120474017
4	2.5000	2.9167	64	None	None	0	4	1.6589752029844238
5	2.9167	3.3333	62	None	None	0	3	2.0474544656572338
6	3.3333	4.5833	60	None	None	0	2	2.3088677499535843
7	4.5833	5.0000	59	None	None	0	1	4.505263574964044
8	5.0000	5.4167	64	None	None	0	5	3.7900729360150804
9	5.4167	5.8333	62	None	None	0	4	3.963089939587636
10	5.8333	6.6667	60	None	None	0	3	3.9984202007243486
11	6.6667	7.0833	62	None	None	0	4	4.109458164296872
12	7.0833	7.5000	59	None	None	0	2	3.9601494085365077
13	7.5000	9.1667	60	None	None	0	1	1.7326741093766143
14	10.0000	11.2500	72	None	None	0	2	1.3801262540061816
15	11.2500	11.6667	74	None	None	0	3	1.513596129411543
16	11.6667	12.0833	76	None	None	0	4	1.813519324496026
17	12.0833	12.5000	77	None	None	0	5	1.7024813609235006
18	12.5000	12.9167	76	None	None	0	2	1.4555217248189645
19	12.9167	13.3333	77	None	None	0	4	1.5589291809913968
20	13.3333	14.5833	72	None	None	0	2	1.4139717190984504
21	14.5833	15.0000	74	None	None	0	3	1.740477428623028
22	15.0000	15.4167	76	None	None	0	4	1.622691604616004
23	15.4167	15.8333	74	None	None	0	3	1.5306366464320116
24	15.8333	16.6667	77	None	None	0	5	1.1141619920541275
25	16.6667	17.0833	76	None	None	0	4	1.0831245770881428
26	17.0833	17.5000	71	None	None	0	2	0.9594288891355416
27	17.5000	19.1667	72	None	None	0	5	1.0019847204010564
28	20.0000	21.6667	65	None	None	0	4	1.4553668889935216
29	21.6667	22.5000	60	None	None	0	2	1.484647389919725
30	22.5000	23.7500	65	None	None	0	5	1.2805914731981962
31	23.7500	24.1667	64	None	None	0	4	1.400539890637653
32	24.1667	25.0000	60	None	None	0	3	1.2615997984717562
33	25.0000	25.8333	65	None	None	0	5	1.4806991076000238
34	25.8333	26.2500	64	None	None	0	4	1.6181387608806932
35	26.2500	26.6667	62	None	None	0	3	1.8089221710189398
36	26.6667	27.5000	60	None	None	0	2	1.739158672192752
37	27.9167	28.3333	65	None	None	0	4	1.7127387473552949
38	28.3333	28.7500	64	None	None	0	3	1.9957168579543745
39	28.7500	29.1667	65	None	None	0	4	1.9957168579543758
40	29.1667	29.5833	60	None	None	0	2	1.9341961206271865
41	29.5833	30.0000	59	None	None	0	1	1.5034314850238415
42	30.0000	30.4167	64	None	None	0	2	1.0693301025353605
43	30.4167	32.0833	60	None	None	0	1	1.1229607941588855
44	32.0833	32.5000	64	None	None	0	2	1.3348956259126474
45	32.5000	34.1667	60	None	None	0	1	2.2662367724867734
46	35.0000	35.4167	76	None	None	0	5	2.024733316265577
47	35.4167	35.8333	74	None	None	0	3	1.7813726745178349
48	35.8333	37.0833	72	None	None	0	2	1.8250938726745212
49	37.0833	37.5000	71	None	None	0	1	1.7421857094092161
50	37.5000	38.7500	72	None	None	0	2	1.6889599029576017
51	38.7500	39.1667	74	None	None	0	3	1.8224297783629606
52	39.1667	39.5833	76	None	None	0	4	1.6553430185119873
53	39.5833	40.0000	77	None	None	0	5	1.6116218203553054
54	40.0000	40.4167	72	None	None	0	2	1.3629659063768105
55	40.4167	40.8333	74	None	None	0	3	1.5993714363307345
56	40.8333	41.6667	76	None	None	0	4	1.564041175194018
57	41.6667	42.0833	74	None	None	0	3	1.5815203891018028
58	42.0833	42.5000	77	None	None	0	5	1.9617687249952969
59	42.5000	45.0000	76	None	None	0	4	1.8078835555897388
60	45.4167	45.8333	74	None	None	0	3	1.9452416246643403
61	45.8333	46.6667	72	None	None	0	2	1.7703568320376126
62	46.6667	47.0833	74	None	None	0	4	2.3085845637876425
63	47.0833	47.5000	71	None	None	0	2	2.3085845637876425
64	47.5000	48.7500	72	None	None	0	3	2.3085845637876425
65	48.7500	49.5833	77	None	None	0	5	2.3085845637876425
66	50.0000	51.6667	60	None	None	0	1	2.3085845637876425
67	51.6667	52.0833	65	None	None	0	2	2.3085845637876425
68	52.5000	54.1667	72	None	None	0	5	2.3085845637876425
69	54.1667	54.5833	72	None	None	0	3	2.3085845637876425
70	54.5833	55.0000	77	None	None	0	5	2.3085845637876425
71	55.0000	57.5000	72	None	None	0	0	2.3085845637876425
