0	0.0000	1.2500	48	None	None	1	-5	0.797041800969004
1	1.2500	2.5000	50	None	None	1	-4	1.1128215654077722
2	2.5000	3.1250	50	None	None	1	-4	1.2261220580186099
3	3.1250	3.7500	48	None	None	1	-5	1.2088122605363973
4	3.7500	4.3750	50	None	None	1	-4	1.2261220580186085
5	4.3750	5.0000	52	None	None	1	-3	1.1871895842202353
6	5.0000	6.2500	53	None	None	1	-2	1.1758595349591505
7	6.2500	7.5000	55	None	None	1	-1	1.1100138863548814
8	7.5000	8.1250	55	None	None	1	-1	1.1708604472014423
9	8.1250	8.7500	53	None	None	1	-2	0.8550806827626735
10	8.7500	9.3750	52	None	None	1	-3	0.7733735967452422
11	9.3750	10.0000	50	None	None	1	-4	0.7595257587594746
12	10.0000	11.2500	48	None	None	1	-5	0.7170380740304104
13	11.2500	11.8750	50	None	None	1	-4	0.781148435075636
14	11.8750	12.5000	52	None	None	1	-3	0.781148435075636
15	12.5000	13.7500	53	None	None	1	-2	0.6565178932037147
16	13.7500	15.0000	52	None	None	1	-3	0.7341497122148427
17	15.0000	16.2500	50	None	None	1	-4	0.7730821860132167
18	17.5000	18.1250	52	None	None	1	-3	0.8661193212917317
19	18.1250	18.7500	53	None	None	1	-2	1.061806871289625
20	18.7500	19.3750	52	None	None	1	-4	0.8477999559280291
21	19.3750	20.0000	50	None	None	1	-5	0.8304901584458193
22	20.0000	22.5000	52	None	None	1	-4	0.805312271198968
23	22.5000	23.1250	52	None	None	1	-4	0.9437906510566585
24	23.1250	23.7500	50	None	None	1	-5	0.9437906510566584
25	23.7500	24.3750	52	None	None	1	-4	0.9437906510566584
26	24.3750	25.0000	53	None	None	1	-3	0.9437906510566584
27	25.0000	27.5000	55	None	None	1	-2	0.9437906510566584
28	28.7500	29.3750	53	None	None	1	-3	0.9437906510566584
29	29.3750	30.0000	52	None	None	1	-4	0.9437906510566584
30	30.0000	30.6250	53	None	None	1	-3	0.9437906510566584
31	30.6250	31.2500	52	None	None	1	-4	0.9437906510566584
32	31.2500	32.5000	50	None	None	1	-5	0.9437906510566584
33	32.5000	35.0000	48	None	None	1	0	0.9437906510566584
